data-raw/DATASET_PNE/a_DATA/PFGS/ENVSUIT_A1B/HS_f0_C1_ruderal.asc
NCOLS 619 
NROWS 782 
XLLCORNER 876826 
YLLCORNER 1947424 
CELLSIZE 100 
NODATA_value -9999 
[rows 29 to 57 of 782, columns 256 to 319 of 619]
0.244504455846611 0.244504455846611 0.217553335133675 0.217985417229274 0.135241695922225 0.217607345395625 0.0823116392114502 0 0.0808533621388064 0.272427761274642 0.272427761274642 0.245476640561707 0.291277342695112 0.311045098568728 0.513475560356468 0.967431812044288 0.835484742100999 0.37169862273832 0.350904671887659 0.291277342695112 0.818309478800972 0.754955441533891 0.587361598703754 0.272427761274642 0.272427761274642 0.272427761274642 0.272427761274642 0.245476640561707 0.245476640561707 0.245476640561707 0.245476640561707 0.245476640561707 0.272427761274642 0.272427761274642 0.272427761274642 0.272427761274642 0.272427761274642 0.272427761274642 0.272427761274642 0.272427761274642 0.0269511207129355 0.0269511207129355 0.0816635160680529 0.108830677828787 0.0269511207129355 0.0269511207129355 0.0269511207129355 0.0271131514987848 0 0 0.163921145017553 0.0827437213070483 0.054820415879017 0 0 0 0 0 0 0 0 0 0 0
0.272427761274642 0.244504455846611 0.272427761274642 0.190386173372941 0.190440183634891 0.217607345395625 0.217931406967324 0.05411828247367 0.190440183634891 0.272427761274642 0.272427761274642 0.217553335133675 0.311045098568728 0.432622198217661 0.549932487172563 0.983958952200918 0.731244936537942 0.472697812584391 0.311099108830678 0.272427761274642 0.499594923035377 0.499594923035377 0.499594923035377 0.272427761274642 0.272427761274642 0.272427761274642 0.272427761274642 0.272427761274642 0.272427761274642 0.272427761274642 0.272427761274642 0.272427761274642 0.272427761274642 0.272427761274642 0.272427761274642 0.272427761274642 0.244504455846611 0.244504455846611 0.244504455846611 0.300729138536322 0.300729138536322 0.108830677828787 0.0542263029975695 0.0542263029975695 0.0269511207129355 0.0269511207129355 0.0269511207129355 0.0269511207129355 0.0269511207129355 0 0.0824736699972995 0.0827437213070483 0.0819335673778018 0 0 0 0 0 0 0 0 0 0 0
0.245152578990008 0.272427761274642 0.244504455846611 0.245476640561707 0.136051849851472 0.217607345395625 0.163381042398056 0.0812314339724548 0.190764245206589 0.272427761274642 0.272427761274642 0.264002160410478 0.311045098568728 0.513475560356468 0.549932487172563 0.983958952200918 0.167485822306238 0.452335943829328 0.291277342695112 0.272427761274642 0.45887118552525 0.402484472049689 0.272427761274642 0.272427761274642 0.386011342155009 0.272427761274642 0.272427761274642 0.272427761274642 0.272427761274642 0.272427761274642 0.272427761274642 0.272427761274642 0.272427761274642 0.272427761274642 0.272427761274642 0.272427761274642 0.272427761274642 0.272427761274642 0.272427761274642 0.272427761274642 0.245152578990008 0.163327032136106 0.135943829327572 0.0269511207129355 0.0269511207129355 0.0269511207129355 0 0 0 0.137132055090467 0.054820415879017 0.054820415879017 0.0272751822846341 0 0 0 0 0 0 0 0 0 0 0
0.422630299756954 0.384769106130165 0.244504455846611 0.245476640561707 0.245260599513908 0.136051849851472 0.0812314339724548 0.244882527680259 0.272427761274642 0.272427761274642 0.272427761274642 0.291277342695112 0.432622198217661 0.531568998109641 0.567809883877937 0.85179584120983 0.18125843910343 0.452335943829328 0.291277342695112 0.272427761274642 0.45887118552525 0.272427761274642 0.272427761274642 0.366243586281393 0.366243586281393 0.272427761274642 0.272427761274642 0.272427761274642 0.272427761274642 0.272427761274642 0.272427761274642 0.272427761274642 0.272427761274642 0.272427761274642 0.245476640561707 0.272427761274642 0.272427761274642 0.272427761274642 0.272427761274642 0.162732919254658 0 0 0.0269511207129355 0.0269511207129355 0.0269511207129355 0 0 0 0 0.163921145017553 0.0819335673778018 0.054820415879017 0 0 0 0 0 0 0 0 0 0 0 -9999
0.440993788819876 0.366243586281393 0.366243586281393 0.272427761274642 0.245260599513908 0.136051849851472 0 0.190440183634891 0.272427761274642 0.272427761274642 0.127410207939508 0.291277342695112 0.513475560356468 0.549932487172563 0.549932487172563 0.056710775047259 0.351660815554955 0.493113691601404 0.291277342695112 0.499594923035377 0.422252227923305 0.272427761274642 0.272427761274642 0.366243586281393 0.366243586281393 0.245476640561707 0.272427761274642 0.272427761274642 0.272427761274642 0.272427761274642 0.347123953551175 0.272427761274642 0.13653794220902 0.0540642722117202 0.081177423710505 0.0815554955441534 0.135781798541723 0.272427761274642 0.272427761274642 0.0542803132595193 0 0 0.0269511207129355 0 0.0269511207129355 0 0 0 0.054820415879017 0 0 0 0.0269511207129355 0 0 0 0 0 0 0 0 0 0 -9999
0.440993788819876 0.45887118552525 0.384120982986768 0.13653794220902 0.163327032136106 0.108776667566838 0 0.217337294085876 0.272427761274642 0.272427761274642 0.291277342695112 0.311045098568728 0.549932487172563 0.549932487172563 0.408155549554415 0.324385633270321 0.493113691601404 0.331136916014043 0.291277342695112 0.45887118552525 0.218039427491223 0.272427761274642 0.272427761274642 0.300729138536322 0.217553335133675 0.245476640561707 0.245476640561707 0.272427761274642 0.272427761274642 0.347123953551175 0.217931406967324 0.081177423710505 0.0272751822846341 0.0543883337834189 0 0.081177423710505 0.135781798541723 0.272427761274642 0.272427761274642 0 0 0 0.0269511207129355 0 0 0 0 0.0819335673778018 0 0 0 0 0 0 0 0 0 0 0 0 0 0 0 -9999
0.60469889278963 0.384769106130165 0.366243586281393 0.190386173372941 0.0813394544963543 0.136051849851472 0.189684039967594 0.245476640561707 0.272427761274642 0.291277342695112 0.311045098568728 0.53183904941939 0.549932487172563 0.567809883877937 0.160464488252768 0.549932487172563 0.513475560356468 0.291277342695112 0.499594923035377 0.45887118552525 0.272427761274642 0.272427761274642 0.135457736970024 0.217553335133675 0.108830677828787 0.245476640561707 0.218039427491223 0.272427761274642 0.272427761274642 0.328274372130705 0.135781798541723 0.0272751822846341 0.109100729138536 0.0550364569268161 0 0 0.108992708614637 0.272427761274642 0.135781798541723 0 0 0 0 0 0 0 0 0.0271131514987848 0 0 0 0 0 0 0 0 0 0 0 0 0 0 0 -9999
0.60469889278963 0.384769106130165 0.366243586281393 0.190386173372941 0.0813394544963543 0.217607345395625 0.189684039967594 0.272427761274642 0.272427761274642 0.291277342695112 0.369700243046179 0.567809883877937 0.567809883877937 0.408155549554415 0.324385633270321 0.549932487172563 0.331136916014043 0.291277342695112 0.45887118552525 0.245476640561707 0.272427761274642 0.190008101539292 0.0269511207129355 0 0.0269511207129355 0 0.135781798541723 0.272427761274642 0.272427761274642 0.0815554955441534 0.0272751822846341 0 0 0 0 0 0 0 0 0 0 0 0 0 0 0 0 0 0 0 0 0 0 0 0 0 0 0 0 0 0 0 0 -9999
0.60469889278963 0.404536862003781 0.366243586281393 0.190386173372941 0.0813394544963543 0 0.0817175263300027 0.272427761274642 0.272427761274642 0.311045098568728 0.567809883877937 0.567809883877937 0.567809883877937 0.169970294355928 0.408155549554415 0.53183904941939 0.291277342695112 0.499594923035377 0.422252227923305 0.272427761274642 0.162570888468809 0.135295706184175 0.0269511207129355 0.0551984877126654 0 0.0272751822846341 0.135781798541723 0.272427761274642 0.244504455846611 0.0815554955441534 0 0 0 0 0 0 0 0 0 0 0.0545503645692682 0 0.13653794220902 0 0.0271671617607345 0.054820415879017 0 0 0 0 0 0 0 0 0 0 0 0 0 0 0 0 0 -9999
0.440993788819876 0.404536862003781 0.366243586281393 0.272427761274642 0.0537402106400216 0 0.272427761274642 0.272427761274642 0.291277342695112 0.311045098568728 0.567809883877937 0.567809883877937 0.547394004860924 0.056710775047259 0.509154739400486 0.513475560356468 0.291277342695112 0.499594923035377 0.366243586281393 0.10834458547124 0.135619767755874 0.244504455846611 0 0 0.0540642722117202 0.0272751822846341 0.10834458547124 0.245476640561707 0.244504455846611 0.0815554955441534 0 0.109586821496084 0 0.0551984877126654 0 0 0 0 0 0 0 0.0272751822846341 0 0 0.0271671617607345 0.0551984877126654 0 0 0 0 0 0 0 0 0 0 0 0 0 0 0 0 0 -9999
0.461031596003241 0.404536862003781 0.217553335133675 0.162732919254658 0.0271131514987848 0 0.272427761274642 0.272427761274642 0.311045098568728 0.513475560356468 0.567809883877937 0.567809883877937 0.353227113151499 0.056710775047259 0.53183904941939 0.311099108830678 0.291277342695112 0.45887118552525 0.366243586281393 0.10834458547124 0.162732919254658 0.0269511207129355 0 0 0.0269511207129355 0.0272751822846341 0.135781798541723 0.0812314339724548 0.244504455846611 0 0 0.0551984877126654 0.0551984877126654 0.164299216851202 0.109586821496084 0 0 0 0.0545503645692682 0 0.110018903591682 0.0272751822846341 0 0 0.0827437213070483 0 0 0 0 0 0 0 0 0 0 0 0 0 0 0 0 0 0 0
0.272427761274642 0.245476640561707 0.217553335133675 0.217229273561977 0.0271131514987848 0.189954091277343 0.272427761274642 0.236889008911693 0.209613826627059 0.549932487172563 0.567809883877937 0.567809883877937 0.271077504725898 0.271077504725898 0.53183904941939 0.291277342695112 0.552416959222252 0.45887118552525 0.272427761274642 0.190764245206589 0.217553335133675 0.0272751822846341 0 0 0 0.0272751822846341 0.135781798541723 0.10834458547124 0.217553335133675 0 0 0.109586821496084 0.109640831758034 0.0272751822846341 0.0823116392114502 0.0824736699972995 0.0824736699972995 0 0 0.0272751822846341 0.0272751822846341 0.0272751822846341 0 0 0.0275452335943829 0 0 0 0 0 0 0 0 0 0 0 0 0 0 0 0 0 0 0
0.244990548204159 0.272427761274642 0.0819335673778018 0.0269511207129355 0 0.272427761274642 0.244990548204159 0.311045098568728 0.471239535511747 0.549932487172563 0.567809883877937 1 0.917472319740751 0.549932487172563 0.391520388873886 0.291277342695112 0.517310288954901 0.386011342155009 0.272427761274642 0.272427761274642 0.217553335133675 0.0272751822846341 0 0 0.0540642722117202 0.0272751822846341 0.081177423710505 0.0815554955441534 0.190008101539292 0 0 0.0551984877126654 0.137186065352417 0.0272751822846341 0.0279233054280313 0.137186065352417 0.137132055090467 0.110018903591682 0.0551984877126654 0.0272751822846341 0 0.0272751822846341 0 0.0827437213070483 0 0 0 0 0 0 0 0 0 0 0 0 0 0 0 0 0 0 0 0
0.272427761274642 0.272427761274642 0.217553335133675 0.0542803132595193 0.244990548204159 0.244990548204159 0.272427761274642 0.220739940588712 0.549932487172563 0.567809883877937 0.638563327032136 1 0.250661625708885 0.549932487172563 0.391520388873886 0.291277342695112 0.499594923035377 0.366243586281393 0.0810694031866055 0.245476640561707 0.0269511207129355 0 0.109586821496084 0.0544423440453686 0 0.0272751822846341 0.0543883337834189 0.0543883337834189 0.081177423710505 0 0 0.137132055090467 0.0551984877126654 0.0551984877126654 0.0272751822846341 0.0272751822846341 0 0.0827437213070483 0.137186065352417 0 0.0272751822846341 0.0272751822846341 0 0 0 0 0 0 0 0 0 0 0 0 0 0 0 0 0 0 0 0 0 0
0.272427761274642 0.245476640561707 0.218687550634621 0 0.272427761274642 0.245476640561707 0.209721847150959 0.491601404266811 0.585741290845261 0.585741290845261 0.691493383742911 0.176181474480151 0.549932487172563 0.549932487172563 0.351714825816905 0.272427761274642 0.45887118552525 0.366243586281393 0.0539022414258709 0.245476640561707 0.0269511207129355 0 0 0 0 0 0.0272751822846341 0.0815014852822036 0 0 0 0.110018903591682 0.137186065352417 0.0272751822846341 0 0.0272751822846341 0.0272751822846341 0 0 0.0272751822846341 0.0272751822846341 0.0272751822846341 0.05411828247367 0 0 0 0 0 0 0 0 0 0 0 0 0 0 0 0 0 0 0 0 0
0.272427761274642 0.272427761274642 0.272427761274642 0.189522009181745 0.244990548204159 0.291277342695112 0.311045098568728 0.549932487172563 0.62128004320821 0.655576559546314 0.26351606805293 0.488792870645423 0.549932487172563 0.371482581690521 0.291277342695112 0.499594923035377 0.440777747772077 0.272427761274642 0.190764245206589 0.0269511207129355 0 0.0272751822846341 0 0.0821496084256009 0.0272751822846341 0 0.0543883337834189 0.0543883337834189 0.0815014852822036 0 0.0272751822846341 0.0827437213070483 0.137186065352417 0.0272751822846341 0 0.0272751822846341 0.0272751822846341 0.0272751822846341 0.0272751822846341 0.0272751822846341 0.0272751822846341 0 0.0819875776397515 0 0 0 0 0 0 0 0 0 0 0 0 0 0 0 0 0 0 0 0 0
0.272427761274642 0.272427761274642 0.244990548204159 0.272427761274642 0.272427761274642 0.264002160410478 0.48933297326492 0.585741290845261 0.74355927626249 0.620739940588712 0.2235484742101 0.549932487172563 0.513475560356468 0.311099108830678 0.272427761274642 0.45887118552525 0.366243586281393 0.272427761274642 0.218201458277073 0.0269511207129355 0 0 0.110018903591682 0.0551984877126654 0 0 0.0543883337834189 0 0.0540642722117202 0 0.0272751822846341 0.0827437213070483 0.0272751822846341 0.0543883337834189 0 0 0 0.0272751822846341 0.0272751822846341 0.0272751822846341 0 0 0 0 0 0 0 0 0 0 0 0 0 0 0 0 0 0 0 0 0 0 0 0
0.272427761274642 0.272427761274642 0.0271131514987848 0.245476640561707 0.291277342695112 0.372022684310019 0.567809883877937 0.672535781798542 0.815500945179584 0.296948420199838 0.549932487172563 0.549932487172563 0.391520388873886 0.291277342695112 0.481717526330003 0.404374831217931 0.245476640561707 0.135565757493924 0.0269511207129355 0 0 0.164299216851202 0.137186065352417 0.163705103969754 0 0 0 0 0 0 0.0272751822846341 0.0827437213070483 0.137024034566568 0.0272751822846341 0 0 0 0 0 0 0 0 0 0 0 0 0 0 0 0 0 0 0 0 0 0 0 0 0 0 0 0 0 0
0.244990548204159 0.272427761274642 0.108020523899541 0.162840939778558 0.311045098568728 0.509694842019984 0.62128004320821 0.672535781798542 0.52951660815555 0.549932487172563 0.549932487172563 0.53183904941939 0.311099108830678 0.272427761274642 0.440993788819876 0.366243586281393 0.218201458277073 0.190008101539292 0 0 0.110018903591682 0.164299216851202 0.136753983256819 0.0551984877126654 0.0827437213070483 0 0 0 0 0 0.0824736699972995 0.054820415879017 0.0272751822846341 0.0272751822846341 0 0 0 0 0 0 0 0 0 0 0 0 0 0 0 0 0 0 0 0 0 0 0 0 0 0 0 0 0 0
0.272427761274642 0.135079665136376 0.272427761274642 0.291277342695112 0.430947880097218 0.567809883877937 0.798595733189306 0.74355927626249 0.236402916554145 0.549932487172563 0.549932487172563 0.371482581690521 0.272427761274642 0.499594923035377 0.422252227923305 0.272427761274642 0.218201458277073 0 0 0.0272751822846341 0.110018903591682 0.164299216851202 0.0551984877126654 0.164299216851202 0 0 0.135079665136376 0 0 0 0.110018903591682 0.164299216851202 0.0272751822846341 0.0272751822846341 0 0 0 0 0 0 0 0 0 0 0 0 0 0 0 0 0 0 0 0 0 0 0 0 0 0 0 0 0 0
0.272427761274642 0.0810694031866055 0.163381042398056 0.284093977855793 0.549932487172563 0.62128004320821 0.834350526600054 0.603024574669187 0.549932487172563 0.549932487172563 0.409883877936808 0.291277342695112 0.272427761274642 0.45887118552525 0.384607075344315 0.272427761274642 0.245476640561707 0 0 0.137186065352417 0.164299216851202 0 0 0.0279233054280313 0 0 0 0 0 0.0272751822846341 0.110018903591682 0.0551984877126654 0 0.0272751822846341 0.0272751822846341 0 0 0 0 0 0 0 0 0 0 0 0 0 0 0 0 0 0 0 0 0 0 0 0 0 0 0 0 0
0.191088306778288 0.272427761274642 0.272427761274642 0.430947880097218 0.585741290845261 0.726384012962463 0.885336213880637 0.3176343505266 0.549932487172563 0.549932487172563 0.391520388873886 0.291277342695112 0.272427761274642 0.422252227923305 0.272427761274642 0.0539022414258709 0.0269511207129355 0 0 0.0279233054280313 0.0551984877126654 0.0551984877126654 0 0.0551984877126654 0 0 0 0 0 0.0272751822846341 0.137186065352417 0.137186065352417 0.0272751822846341 0.0272751822846341 0 0 0 0 0 0 0 0 0 0 0 0 0 0 0 0 0 0 0 0 0 0 0 0 0 0 0 0 0 0
0.244990548204159 0.218039427491223 0.291277342695112 0.509694842019984 0.708938698352687 0.798595733189306 0.822738320280853 0.333027275182285 0.549932487172563 0.549932487172563 0.311099108830678 0.272427761274642 0.45887118552525 0.347123953551175 0.272427761274642 0.245476640561707 0.217985417229274 0 0 0.0272751822846341 0.0551984877126654 0.0551984877126654 0 0.0551984877126654 0.0551984877126654 0.0272751822846341 0 0.0272751822846341 0 0.0272751822846341 0.0824736699972995 0.137186065352417 0.137024034566568 0.0272751822846341 0 0 0 0 0 0 0 0 0 0 0 0 0 0 0 0 0 0 0 0 0 0 0 0 0 0 0 0 0 0
0.163813124493654 0.182446664866325 0.430947880097218 0.549932487172563 0.78120442884148 0.798595733189306 0.372292735619768 0.52951660815555 0.549932487172563 0.409883877936808 0.311099108830678 0.272427761274642 0.422252227923305 0.217337294085876 0.244504455846611 0.272427761274642 0.135673778017823 0 0.0272751822846341 0 0.0551984877126654 0.0551984877126654 0.0551984877126654 0.0551984877126654 0 0.0551984877126654 0.137186065352417 0.0551984877126654 0.0824736699972995 0.0824736699972995 0.0272751822846341 0.0272751822846341 0.164299216851202 0.0272751822846341 0 0 0 0 0 0 0 0 0 0 0 0 0 0 0 0 0 0 0 0 0 0 0 0 0 0 0 0 0.0544963543073184 0
0.191250337564137 0.20237645152579 0.549932487172563 0.60469889278963 0.834350526600054 0.729138536321901 0.250175533351337 0.549932487172563 0.549932487172563 0.391520388873886 0.291277342695112 0.272427761274642 0.347123953551175 0.217337294085876 0.244504455846611 0.272427761274642 0.272427761274642 0.10834458547124 0 0 0.0823656494733999 0.109640831758034 0.0823116392114502 0.0823116392114502 0.164299216851202 0.164299216851202 0.164299216851202 0.164299216851202 0.218039427491223 0 0 0.0551984877126654 0.0827437213070483 0.109478800972185 0.0543883337834189 0.0543883337834189 0.0272751822846341 0.0272751822846341 0 0 0 0 0 0 0 0 0 0 0 0 0 0 0 0 0 0 0 0 0 0 0 0 0 0
0.272427761274642 0.511477180664326 0.603456656764785 0.80005401026195 0.950850661625709 0.26351606805293 0.549932487172563 0.549932487172563 0.549932487172563 0.37175263300027 0.291277342695112 0.481069403186605 0.237969214150689 0.190062111801242 0.217229273561977 0.244504455846611 0.108020523899541 0.10812854442344 0.0272751822846341 0 0.0551984877126654 0.109640831758034 0.0543883337834189 0.0271671617607345 0 0.0275452335943829 0.109910883067783 0.137024034566568 0.164299216851202 0 0 0.0272751822846341 0.137186065352417 0.164299216851202 0.109478800972185 0.0272751822846341 0.0272751822846341 0.0272751822846341 0 0.0272751822846341 0 0 0 0 0 0 0 0 0 0 0 0 0 0 0 0 0 0 0 0 0 0.0816635160680529 0.0271671617607345 0
0.182608695652174 0.567863894139886 0.78120442884148 0.834350526600054 0.965919524709695 0.399243856332703 0.549932487172563 0.549932487172563 0.391520388873886 0.291277342695112 0.499594923035377 0.203024574669187 0 0.244504455846611 0.217229273561977 0.244504455846611 0.272427761274642 0.0815554955441534 0 0.0824736699972995 0.110018903591682 0.0551984877126654 0.0823116392114502 0.0271671617607345 0.109910883067783 0 0.0272751822846341 0.109910883067783 0.164299216851202 0.137024034566568 0.137024034566568 0.0551984877126654 0.0272751822846341 0.0272751822846341 0 0 0 0.0272751822846341 0 0 0 0 0 0 0 0 -9999 0 0 0 0 0 0 0 0 0 0 0 0 0 0 0 0 0
0.509694842019984 0.674480151228733 0.93399945989738 1 0.947069943289225 0.897434512557386 0.549932487172563 0.549932487172563 0.37175263300027 0.272427761274642 0.481069403186605 0.237969214150689 0.190062111801242 0.217229273561977 0.217229273561977 0.272427761274642 0.10812854442344 0 0 0.0551984877126654 0.137186065352417 0.136753983256819 0 0.109910883067783 0.0551984877126654 0 0 0 0 0.109478800972185 0.137024034566568 0.164299216851202 0.0272751822846341 0.0272751822846341 0.0823116392114502 0.0823116392114502 0.0272751822846341 0 0 0 0 0 0 0 0 0 0 0 0 0 0 0 0 0 0 0 0.0816635160680529 0 0 0 0 0 0 0
0.549932487172563 0.852389954091277 1 1 0.879341074804213 0.862867944909533 0.549932487172563 0.549932487172563 0.291277342695112 0.291277342695112 0.519740750742641 0.211018093437753 0.217229273561977 0.244504455846611 0.244504455846611 0.272427761274642 0.218039427491223 0 0.0272751822846341 0 0 0.136753983256819 0 0 0 0 0 0 0 0.0272751822846341 0.0551984877126654 0.0823116392114502 0.0272751822846341 0.0272751822846341 0.0551984877126654 0.0272751822846341 0 0 0 0 0 0.0271671617607345 0.162678908992709 0 0 0 0 0 0 0 0 0 0 0 0 0 0 0 0 0 0 0 0 0
