data-raw/DATASET_PNE/a_DATA/PFGS/ENVSUIT_A1B/HS_f30_C4_shrubs.asc
NCOLS 619 
NROWS 782 
XLLCORNER 876826 
YLLCORNER 1947424 
CELLSIZE 100 
NODATA_value -9999 
[rows 348 to 376 of 782, columns 528 to 593 of 619]
0.659622822056537 0.928033172521032 0.96383716757705 1 1 0.891391890275507 0.618037558311072 0.712013077628484 0.819544675252183 0.96383716757705 1 1 0.872732347195088 0.693552888640804 0.639727283601132 0.639727283601132 0.639727283601132 0.0511143893784139 0 0.0511143893784139 0.292891033052909 0.30485227861728 0.582273434073602 0.639727283601132 0.711933335991388 0.945735815956302 0.693552888640804 0.620987998883617 0.729994816793589 0.639727283601132 0.639727283601132 0.639727283601132 0.639727283601132 0.441768669510785 0.441768669510785 0.255173238706591 -9999 -9999 -9999 -9999 -9999 -9999 -9999 -9999 -9999 -9999 -9999 -9999 -9999 -9999 -9999 -9999 -9999 -9999 -9999 -9999 -9999 -9999 -9999 -9999 -9999 -9999 -9999 -9999 -9999 -9999
0.549778716957059 0.96383716757705 1 0.96383716757705 1 1 0.928033172521032 0.854830349667079 0.96383716757705 1 1 0.783421713647781 0.639727283601132 0.711933335991388 0.639727283601132 0.639727283601132 0.367529205374586 0 0.0698935449144771 0.0702523822814082 0.290857621306965 0.385510944539691 0.620987998883617 0.639727283601132 0.873091184562019 0.945735815956302 0.9096128543519 0.801642677724174 0.765958295123799 0.657589410310594 0.711773852717196 0.910490012359954 0.639727283601132 0.639727283601132 0.461584466329094 0.441768669510785 -9999 -9999 -9999 -9999 -9999 -9999 -9999 -9999 -9999 -9999 -9999 -9999 -9999 -9999 -9999 -9999 -9999 -9999 -9999 -9999 -9999 -9999 -9999 -9999 -9999 -9999 -9999 -9999 -9999 -9999
0.536461863562059 1 1 0.928033172521032 0.928033172521032 0.891391890275507 0.928033172521032 1 1 1 0.891391890275507 0.729755591882301 0.909014792073681 0.639727283601132 0.639727283601132 0.60113233124676 0.0824129819385192 0.089191021091663 0.463019815796818 0.60113233124676 0.60113233124676 0.581396276065548 0.620987998883617 0.657948247677525 1 0.657589410310594 0.712013077628484 0.639727283601132 0.747737331047406 0.657589410310594 0.620987998883617 0.639727283601132 0.639727283601132 0.639727283601132 0.639727283601132 0.422909772337626 0.422909772337626 -9999 -9999 -9999 -9999 -9999 -9999 -9999 -9999 -9999 -9999 -9999 -9999 -9999 -9999 -9999 -9999 -9999 -9999 -9999 -9999 -9999 -9999 -9999 -9999 -9999 -9999 -9999 -9999 -9999
0.716159642757466 1 1 0.982018260834895 0.96383716757705 0.9096128543519 1 1 0.982018260834895 0.801642677724174 0.928033172521032 1 0.729835333519397 0.639727283601132 0.639727283601132 0.639727283601132 0.620987998883617 0.620987998883617 0.620987998883617 0.620987998883617 0.620987998883617 0.620987998883617 0.639727283601132 0.946134524141781 1 0.836928352139069 0.639727283601132 0.639727283601132 0.712013077628484 0.657589410310594 0.620987998883617 0.60113233124676 0.639727283601132 0.639727283601132 0.639727283601132 0.620868386427973 0.404928033172521 -9999 -9999 -9999 -9999 -9999 -9999 -9999 -9999 -9999 -9999 -9999 -9999 -9999 -9999 -9999 -9999 -9999 -9999 -9999 -9999 -9999 -9999 -9999 -9999 -9999 -9999 -9999 -9999 -9999
0.441768669510785 1 1 1 1 1 1 0.96383716757705 0.496232207647223 0.237191499541486 1 0.981818906742155 0.67573063274989 0.639727283601132 0.639727283601132 0.639727283601132 0.639727283601132 0.639727283601132 0.639727283601132 0.620987998883617 0.60113233124676 0.620987998883617 0.837446672780192 1 1 0.783421713647781 0.747737331047406 0.712013077628484 0.747737331047406 0.747737331047406 0.620987998883617 0.562537378892389 0.620987998883617 0.619951357601372 0.639727283601132 0.639727283601132 0.386188748455006 -9999 -9999 -9999 -9999 -9999 -9999 -9999 -9999 -9999 -9999 -9999 -9999 -9999 -9999 -9999 -9999 -9999 -9999 -9999 -9999 -9999 -9999 -9999 -9999 -9999 -9999 -9999 -9999 -9999
0.0928591363980702 0.364698377257685 1 1 1 1 0.570072963597943 0.288545113831187 0.873489892747498 0.89115266536422 0.981818906742155 0.782783780551015 0.639727283601132 0.639727283601132 0.639727283601132 0.639727283601132 0.639727283601132 0.639727283601132 0.639727283601132 0.639727283601132 0.639727283601132 0.639727283601132 0.963956780032694 1 1 0.819425062796539 0.657589410310594 0.639727283601132 0.854830349667079 0.854830349667079 0.657589410310594 0.602129101710458 0.60113233124676 0.580240022327658 0.639727283601132 0.639727283601132 0.561540608428691 -9999 -9999 -9999 -9999 -9999 -9999 -9999 -9999 -9999 -9999 -9999 -9999 -9999 -9999 -9999 -9999 -9999 -9999 -9999 -9999 -9999 -9999 -9999 -9999 -9999 -9999 -9999 -9999 -9999
0.339061440931382 0 0.41940114030541 0.855587895219489 0.811769865635341 0.785415254575176 0.811171803357123 0.67573063274989 0.981818906742155 0.819066225429608 0.639727283601132 0.639727283601132 0.639727283601132 0.639727283601132 0.639727283601132 0.639727283601132 0.639727283601132 0.639727283601132 0.639727283601132 0.639727283601132 0.639727283601132 0.639727283601132 1 1 0.836968222957617 1 0.836928352139069 0.9096128543519 0.928033172521032 0.639727283601132 0.945735815956302 0.620987998883617 0.620987998883617 0.639727283601132 0.657589410310594 0.639727283601132 0.639727283601132 0.639727283601132 -9999 -9999 -9999 -9999 -9999 -9999 -9999 -9999 -9999 -9999 -9999 -9999 -9999 -9999 -9999 -9999 -9999 -9999 -9999 -9999 -9999 -9999 -9999 -9999 -9999 -9999 -9999 -9999
0.89095331127148 0.938120489613652 0.211833658945018 0.552250707707029 0.364937602168973 0.441768669510785 0.501694509788286 1 1 0.873250667836211 0.67573063274989 0.639727283601132 0.639727283601132 0.639727283601132 0.657589410310594 0.657589410310594 0.657589410310594 0.639727283601132 0.639727283601132 0.639727283601132 0.657589410310594 0.693712371914995 0.981818906742155 1 0.981818906742155 1 0.96383716757705 0.96383716757705 0.96383716757705 0.945735815956302 0.96383716757705 0.712013077628484 0.639727283601132 0.639727283601132 0.639727283601132 0.619951357601372 0.639727283601132 0.639727283601132 0.639727283601132 0.639727283601132 -9999 -9999 -9999 -9999 -9999 -9999 -9999 -9999 -9999 -9999 -9999 -9999 -9999 -9999 -9999 -9999 -9999 -9999 -9999 -9999 -9999 -9999 -9999 -9999 -9999 -9999
0.521550177425143 0.858059885969459 0.211833658945018 0.603684063633826 0.441768669510785 0.416012120728839 0.694270563374666 0.981818906742155 1 0.981818906742155 0.909254016984969 0.657589410310594 0.639727283601132 0.693712371914995 0.819066225429608 0.819066225429608 0.945297236952275 0.945297236952275 0.85518918703401 0.819066225429608 0.945297236952275 0.981818906742155 1 1 1 1 1 1 1 0.836968222957617 0.67573063274989 0.96383716757705 0.747737331047406 0.639727283601132 0.639727283601132 0.423946413619872 0.639727283601132 0.730234041704876 0.945895299230493 0.639727283601132 1 -9999 -9999 -9999 -9999 -9999 -9999 -9999 -9999 -9999 -9999 -9999 -9999 -9999 -9999 -9999 -9999 -9999 -9999 -9999 -9999 -9999 -9999 -9999 -9999 -9999
0.729994816793589 1 0.461584466329094 0.237470595271321 0.496232207647223 0.364937602168973 0.496232207647223 1 0.946134524141781 0.946134524141781 0.873250667836211 0.819066225429608 1 1 1 1 1 1 1 1 1 1 1 0.981818906742155 1 0.729954945975041 1 1 1 1 1 0.909373629440612 0.873489892747498 0.639727283601132 0.639727283601132 0.60113233124676 0.620987998883617 0.657948247677525 0.711933335991388 0.639727283601132 0.639727283601132 -9999 -9999 -9999 -9999 -9999 -9999 -9999 -9999 -9999 -9999 -9999 -9999 -9999 -9999 -9999 -9999 -9999 -9999 -9999 -9999 -9999 -9999 -9999 -9999 -9999
1 1 0.981818906742155 0.211833658945018 0.211833658945018 0.41940114030541 0.498624456760097 1 1 1 1 1 1 1 1 1 1 1 1 1 1 1 0.981818906742155 0.873250667836211 0.946134524141781 0.67573063274989 1 1 1 1 1 1 1 0.657589410310594 0.693951596826283 0.657589410310594 0.982137873290539 1 0.982137873290539 0.873091184562019 0.639727283601132 -9999 -9999 -9999 -9999 -9999 -9999 -9999 -9999 -9999 -9999 -9999 -9999 -9999 -9999 -9999 -9999 -9999 -9999 -9999 -9999 -9999 -9999 -9999 -9999 -9999
1 0.901558949005223 1 1 0.33930066584267 0 0.0179817391651051 0.702244727084247 1 1 1 1 1 1 1 1 1 1 1 1 1 0.946134524141781 0.981818906742155 0.981818906742155 1 0.819066225429608 0.859415493800088 1 1 1 1 1 1 1 1 1 1 1 1 1 0.711933335991388 0.620987998883617 -9999 -9999 -9999 -9999 -9999 -9999 -9999 -9999 -9999 -9999 -9999 -9999 -9999 -9999 -9999 -9999 -9999 -9999 -9999 -9999 -9999 -9999 -9999 -9999
1 1 1 1 1 0.472947649615247 0 0 0.41637095809577 1 1 1 1 1 1 1 1 1 0.836928352139069 0.981818906742155 0.981818906742155 0.981818906742155 1 0.981818906742155 0.981818906742155 0.918304692795343 0.390614409313823 0.526095450739604 0.946134524141781 1 1 1 1 1 1 1 1 1 1 1 1 0.639727283601132 -9999 -9999 -9999 -9999 -9999 -9999 -9999 -9999 -9999 -9999 -9999 -9999 -9999 -9999 -9999 -9999 -9999 -9999 -9999 -9999 -9999 -9999 -9999 -9999
1 1 0.836210677405207 1 1 1 1 0.441768669510785 0.0928591363980702 0.111438937841394 0 0 0.0179817391651051 0.186595430804194 0.186595430804194 0.416091862365934 0.946134524141781 1 1 1 1 0.981818906742155 0.801562936087078 0.720146724612256 0.470475658865277 0.390614409313823 0.416012120728839 0.416012120728839 0.408476536023285 0.823611498744069 1 1 1 1 1 1 1 1 1 1 1 1 0.639727283601132 0.595311191738766 0.620987998883617 -9999 -9999 -9999 -9999 -9999 -9999 -9999 -9999 -9999 -9999 -9999 -9999 -9999 -9999 -9999 -9999 -9999 -9999 -9999 -9999 -9999
1 1 0.901558949005223 0.73473944420079 0.915194768948607 0.596547187113751 0.799011203700012 1 0.720146724612256 0.111438937841394 0.14919660300626 0.111438937841394 0.0179817391651051 0.0252382281408237 0 0.0252382281408237 0 0.41940114030541 0.808699812607153 0.546668793110323 0.546668793110323 0.543917706630517 0.390614409313823 0.390375184402536 0.390614409313823 0.390614409313823 0.390694150950919 0.416012120728839 0.390614409313823 0.416012120728839 0.390614409313823 0.441768669510785 0.622822056536821 1 1 1 1 1 1 1 1 1 1 0.639727283601132 0.639727283601132 -9999 -9999 -9999 -9999 -9999 -9999 -9999 -9999 -9999 -9999 -9999 -9999 -9999 -9999 -9999 -9999 -9999 -9999 -9999 -9999 -9999
1 1 1 0.750608029982856 0.770423826801164 0.364937602168973 0.339220924205574 0.483433674893346 1 0.883577209840118 0.393445237430724 0.441768669510785 0.0179817391651051 0.0179817391651051 0 0 0 0 0 0 0 0.39029544276544 0.364897731350425 0.262908177504884 0.416012120728839 0.390614409313823 0.514213946812328 0.364937602168973 0.211833658945018 0.211833658945018 0.262629081775049 0.339260795024122 0.416012120728839 0.741796579083769 0.981818906742155 1 1 1 1 1 1 1 1 0.873250667836211 0.693712371914995 -9999 -9999 -9999 -9999 -9999 -9999 -9999 -9999 -9999 -9999 -9999 -9999 -9999 -9999 -9999 -9999 -9999 -9999 -9999 -9999 -9999
1 0.96383716757705 1 1 1 0.934691599218532 0.752721183365895 0.752721183365895 0.90885530879949 1 1 1 0.390614409313823 0.364937602168973 1 1 1 1 1 0.930704517363741 0.826561939316614 0.532036202703241 0.441768669510785 0.5261751923767 0.364897731350425 0.364897731350425 0.732945257366134 1 0.546668793110323 0.41637095809577 0.39029544276544 0.390694150950919 0.416012120728839 0.416012120728839 0.619233682867509 0.806825884135401 1 1 1 1 1 1 1 1 0.729915075156493 0.67573063274989 -9999 -9999 -9999 -9999 -9999 -9999 -9999 -9999 -9999 -9999 -9999 -9999 -9999 -9999 -9999 -9999 -9999 -9999 -9999 -9999
0.408317052749093 1 1 1 1 1 1 1 1 1 1 1 1 1 1 1 1 1 1 0.662134683625055 0.667995693951597 1 1 0.390654280132371 0.186595430804194 0.211833658945018 0.401259917866114 0.543917706630517 0.806825884135401 1 0.826681551772258 0.681990351261911 0.437382879470516 0.441768669510785 0.472150233244289 0.63673697221004 0.974642159403533 1 1 1 1 1 1 0.909373629440612 0.588413540129979 0.371556158047925 -9999 -9999 -9999 -9999 -9999 -9999 -9999 -9999 -9999 -9999 -9999 -9999 -9999 -9999 -9999 -9999 -9999 -9999 -9999 -9999
0.390454926039632 0.928033172521032 1 1 1 1 1 1 1 1 1 1 1 1 1 0.88182289382401 1 1 1 0.982018260834895 0.516048004465532 0.923527770025119 1 1 1 0.671344842709621 0.401259917866114 0.441768669510785 0.0366811530640724 0.212272237949045 0.416012120728839 0.350185399306248 0.439216937123719 0.41617160400303 0.490291455683585 0.492763446433555 0.90714086360193 0.892069694190822 1 1 1 1 1 0.946134524141781 0.712172560902675 0.501654638969738 -9999 -9999 -9999 -9999 -9999 -9999 -9999 -9999 -9999 -9999 -9999 -9999 -9999 -9999 -9999 -9999 -9999 -9999 -9999 -9999
0.507834615844663 0.47992504286113 0.964116263306886 1 1 1 1 1 1 1 1 1 1 1 0.758661935329532 0.531637494517762 0.596467445476656 0.306128144810813 0.657589410310594 1 0.982018260834895 0.810493999441809 0.776284837127706 1 1 1 1 1 1 1 1 0.806825884135401 0.711215661257526 0 0.0252382281408237 0.130417447470197 0.41617160400303 0.4671663809258 0.819185837885252 1 1 1 1 0.981818906742155 0.836928352139069 0.920736812726765 0.397272836011323 -9999 -9999 -9999 -9999 -9999 -9999 -9999 -9999 -9999 -9999 -9999 -9999 -9999 -9999 -9999 -9999 -9999 -9999 -9999
1 0.711853594354292 0.441768669510785 0.408317052749093 0.42302938479327 0.40436984171285 0.33930066584267 0.639727283601132 0.78306287628085 1 1 1 0.842151429368845 0.29895139747219 0.465770902276624 0.758661935329532 0.671344842709621 0.531637494517762 0.437622104381803 0.819066225429608 1 1 1 1 1 1 1 1 1 1 1 1 1 1 0.313942825246202 0.0509549061042223 0.0509947769227702 0.138830190183804 0.176468242893027 0.616243371476416 1 1 1 1 0.819066225429608 0.981818906742155 0.693712371914995 -9999 -9999 -9999 -9999 -9999 -9999 -9999 -9999 -9999 -9999 -9999 -9999 -9999 -9999 -9999 -9999 -9999 -9999 -9999
0.82018260834895 1 0.765878553486703 0.390454926039632 0.34595909254017 0.174833539332562 0 0.40436984171285 1 1 1 1 0.702085243810056 0.244168892787369 0.237231370360033 0.704676847015669 0.881743152186914 1 1 0.901558949005223 1 1 1 1 1 1 1 1 1 1 1 1 1 1 1 0.903472748295522 0 0.0509947769227702 0.0763924883377856 0.130417447470197 1 1 1 1 0.854830349667079 0.95642119532714 0.95642119532714 0.111638291934133 -9999 -9999 -9999 -9999 -9999 -9999 -9999 -9999 -9999 -9999 -9999 -9999 -9999 -9999 -9999 -9999 -9999 -9999
0.397791156652446 1 1 0.82018260834895 0.687173557673139 0.416051991547386 0.320561381125154 0.42302938479327 1 1 1 1 1 0.77469000438579 0.280889916669989 0.186595430804194 0.441768669510785 0.639727283601132 1 1 1 1 1 1 1 1 0.927474981061361 1 1 1 1 1 1 1 1 1 0.974642159403533 0.169570591284239 0 0.0688170328136837 0.498464973485906 1 1 1 1 1 1 -9999 -9999 -9999 -9999 -9999 -9999 -9999 -9999 -9999 -9999 -9999 -9999 -9999 -9999 -9999 -9999 -9999 -9999 -9999
0.250986802759061 0.639727283601132 1 1 1 1 1 1 1 1 0.657589410310594 0.693712371914995 1 1 1 0.167856146086679 0.255213109525139 1 1 1 1 1 1 1 1 1 1 0.981818906742155 1 1 1 1 1 1 1 1 1 1 0.446912005103465 0.202105179219329 0.327578645189586 1 1 1 1 1 1 -9999 -9999 -9999 -9999 -9999 -9999 -9999 -9999 -9999 -9999 -9999 -9999 -9999 -9999 -9999 -9999 -9999 -9999 -9999
0.29077787966987 0.250747577847773 0.747418364499023 1 1 1 1 1 1 0.765001395478649 0.909812208444639 0.47992504286113 1 1 1 1 1 1 1 1 1 1 1 1 1 1 1 1 1 1 1 1 1 1 1 1 1 1 1 0.0928591363980702 0.0509947769227702 0.964116263306886 1 1 1 1 1 1 -9999 -9999 -9999 -9999 -9999 -9999 -9999 -9999 -9999 -9999 -9999 -9999 -9999 -9999 -9999 -9999 -9999 -9999
0.60113233124676 0.199952155017742 0.372074478689048 0.856345440771899 1 1 1 1 1 1 1 1 0.82018260834895 0.639727283601132 1 1 1 1 1 1 0.98229735656473 0.693951596826283 1 1 1 1 1 1 1 1 1 1 1 1 1 1 1 1 1 1 0.102308520393924 0.21199314221921 1 1 1 1 1 1 -9999 -9999 -9999 -9999 -9999 -9999 -9999 -9999 -9999 -9999 -9999 -9999 -9999 -9999 -9999 -9999 -9999 -9999
0.639727283601132 0.42302938479327 0.276942705633747 0.42302938479327 0.657589410310594 0.909931820900283 1 1 1 0.639727283601132 0.601172202065308 0.765878553486703 0.639727283601132 1 1 1 1 1 1 1 1 1 1 1 1 1 1 0.836968222957617 1 0.42302938479327 0.808859295881344 1 1 1 1 1 0.974602288584985 1 1 1 1 0.176348630437383 1 1 1 1 1 1 -9999 -9999 -9999 -9999 -9999 -9999 -9999 -9999 -9999 -9999 -9999 -9999 -9999 -9999 -9999 -9999 -9999 -9999
0.60113233124676 0.581396276065548 0.561580479247239 0.309158327020454 0.221522267852159 0.620987998883617 0.927634464335553 1 0.83768589769148 0.620987998883617 0.711773852717196 1 1 1 1 1 1 1 1 1 1 1 1 1 1 1 1 1 1 0.620987998883617 1 1 0.963717555121407 1 1 1 1 1 1 1 1 0.526015709102508 1 0.869383198437064 0.702643435269726 1 1 0.981818906742155 0.484390574538495 -9999 -9999 -9999 -9999 -9999 -9999 -9999 -9999 -9999 -9999 -9999 -9999 -9999 -9999 -9999 -9999 -9999
0.639727283601132 0.639727283601132 0.620987998883617 0.42302938479327 0.283122682508672 0.462660978429887 0.639727283601132 0.729516366971014 0.620987998883617 0.620987998883617 1 1 1 1 1 1 1 0.748335393325625 0.639727283601132 0.963956780032694 0.728679079781508 0.963956780032694 1 1 1 1 1 1 1 1 1 0.620987998883617 0.620987998883617 0.838323830788246 1 1 1 1 1 1 1 1 0.895060005581915 0.877158008053905 0.282604361867549 0.747577847773215 1 0.981818906742155 0.629799449782704 -9999 -9999 -9999 -9999 -9999 -9999 -9999 -9999 -9999 -9999 -9999 -9999 -9999 -9999 -9999 -9999 -9999
