data-raw/DATASET_PNE/a_DATA/PFGS/ENVSUIT_A1B/HS_f60_P7_acer.asc
NCOLS 619 
NROWS 782 
XLLCORNER 876826 
YLLCORNER 1947424 
CELLSIZE 100 
NODATA_value -9999 
[rows 135 to 161 of 782, columns 124 to 185 of 619]
0.465320262401415 1 1 1 1 1 1 1 1 1 1 1 1 1 1 1 1 0.247438637871305 0 0 0 0 0 0 0 0 0 0 0 0 0 0 0 0 0 0 0 0.345912876833493 1 -9999 -9999 -9999 -9999 -9999 -9999 -9999 -9999 -9999 -9999 -9999 -9999 -9999 -9999 -9999 -9999 -9999 -9999 -9999 -9999 -9999 -9999 -9999
0.666433257168129 0.814807989975676 1 1 1 1 1 1 1 1 1 1 1 1 1 1 1 0.981388663669197 0.0492371194810938 0 0 0 0 0 0 0 0 0 0 0 0 0 0 0 0 0 0 0.0245448514778507 0.247438637871305 1 -9999 -9999 -9999 -9999 -9999 -9999 -9999 -9999 -9999 -9999 -9999 -9999 -9999 -9999 -9999 -9999 -9999 -9999 -9999 -9999 -9999 -9999
0.950210068548684 0.975344586128105 1 1 1 1 0.975344586128105 1 1 1 1 1 1 1 1 1 1 1 0.815876759784772 0 0 0 0 0 0.0245448514778507 0 0 0 0 0 0 0 0 0 0 0 0.0245448514778507 0.0245448514778507 0 0.401673177563205 1 -9999 -9999 -9999 -9999 -9999 -9999 -9999 -9999 -9999 -9999 -9999 -9999 -9999 -9999 -9999 -9999 -9999 -9999 -9999 -9999 -9999
1 1 1 1 1 1 1 1 1 1 1 1 1 1 1 1 1 1 1 1 0.247438637871305 0 0 0 0 0 0 0 0 0 0 0 0 0 0 0.0245448514778507 0.0245448514778507 0.0245448514778507 0.0245448514778507 0.0245448514778507 1 -9999 -9999 -9999 -9999 -9999 -9999 -9999 -9999 -9999 -9999 -9999 -9999 -9999 -9999 -9999 -9999 -9999 -9999 -9999 -9999 -9999
1 1 1 1 1 1 1 1 1 1 1 1 1 1 1 1 1 1 1 1 1 0.0492371194810938 0 0 0 0 0 0 0 0 0 0 0 0 0.0245448514778507 0.0245448514778507 0.0245448514778507 0.0245448514778507 0 0.0245448514778507 0.247438637871305 -9999 -9999 -9999 -9999 -9999 -9999 -9999 -9999 -9999 -9999 -9999 -9999 -9999 -9999 -9999 -9999 -9999 -9999 -9999 -9999 -9999
1 1 1 1 1 1 1 1 1 1 1 1 1 1 1 1 1 1 1 1 1 0.247438637871305 0 0 0 0 0 0 0 0 0 0 0 0 0.0245448514778507 0.0245448514778507 0 0 0 0 0.0245448514778507 1 -9999 -9999 -9999 -9999 -9999 -9999 -9999 -9999 -9999 -9999 -9999 -9999 -9999 -9999 -9999 -9999 -9999 -9999 -9999 -9999
1 1 1 1 1 1 1 1 1 1 1 1 1 1 1 1 1 1 1 1 1 0.247438637871305 0 0 0 0 0 0 0 0 0 0.0244342890838063 0.0244342890838063 0.0244342890838063 0.0244342890838063 0.0245448514778507 0 0 0 0 0.0245448514778507 0.630574187366404 1 -9999 -9999 -9999 -9999 -9999 -9999 -9999 -9999 -9999 -9999 -9999 -9999 -9999 -9999 -9999 -9999 -9999 -9999 -9999
1 1 1 1 1 1 1 1 1 1 1 1 1 1 1 1 1 1 1 1 1 0.247438637871305 0 0 0 0 0 0 0 0 0 0.0244342890838063 0.0244342890838063 0.0244342890838063 0.0244342890838063 0.0244342890838063 0 0 0 0 0.048979140561657 0.0245448514778507 1 -9999 -9999 -9999 -9999 -9999 -9999 -9999 -9999 -9999 -9999 -9999 -9999 -9999 -9999 -9999 -9999 -9999 -9999 -9999
1 1 1 1 1 1 1 1 1 1 1 1 1 1 1 1 1 1 1 1 1 1 0.0245448514778507 0 0 0 0 0 0 0 0 0 0.0244342890838063 0.0244342890838063 0.0244342890838063 0.0244342890838063 0.0244342890838063 0.0244342890838063 0.0245448514778507 0.0245448514778507 0.048979140561657 0.048979140561657 0.0496793690572713 1 -9999 -9999 -9999 -9999 -9999 -9999 -9999 -9999 -9999 -9999 -9999 -9999 -9999 -9999 -9999 -9999 -9999 -9999
1 1 1 1 0.113326453895482 1 1 1 0.975307731996757 0.975344586128105 1 1 1 1 1 1 1 1 1 1 1 1 1 0.435800103191568 0 0 0 0 0 0 0 0.0244342890838063 0 0.0244342890838063 0.0244342890838063 0.0244342890838063 0.0244342890838063 0.0244342890838063 0.0244342890838063 0.048979140561657 0.048979140561657 0.048979140561657 0.048979140561657 0.247438637871305 1 -9999 -9999 -9999 -9999 -9999 -9999 -9999 -9999 -9999 -9999 -9999 -9999 -9999 -9999 -9999 -9999 -9999
1 1 1 1 0.0748875948993882 -9999 0.650622834819783 1 0.975307731996757 0.975307731996757 1 1 1 1 1 1 1 1 1 1 1 1 1 1 1 0 0 0 0 0 0 0 0 0.0244342890838063 0.0244342890838063 0.0244342890838063 0.0244342890838063 0.0244342890838063 0.0244342890838063 0 0.0245448514778507 0.048979140561657 0.048979140561657 0.0245448514778507 0.247438637871305 1 -9999 -9999 -9999 -9999 -9999 -9999 -9999 -9999 -9999 -9999 -9999 -9999 -9999 -9999 -9999 -9999
1 1 1 1 0.72337289010098 0.632048352620329 0.632048352620329 0.632048352620329 1 0.975307731996757 1 1 1 1 1 1 1 1 1 1 1 1 1 1 1 1 0 0 0 0 0.0244342890838063 0.0244342890838063 0.0244342890838063 0.0244342890838063 0.0244342890838063 0.0244342890838063 0.049568806663227 0.049568806663227 0 0.0251345175794207 0.074224220535122 0.0245448514778507 0.048979140561657 0.048979140561657 0.0244342890838063 1 -9999 -9999 -9999 -9999 -9999 -9999 -9999 -9999 -9999 -9999 -9999 -9999 -9999 -9999 -9999 -9999
1 1 1 1 1 0.963514409965357 0.778838357779907 0.632048352620329 0.612921058450652 1 1 1 1 1 1 1 1 1 1 1 1 1 1 1 1 1 1 0 0.0244342890838063 0 0.0244342890838063 0.0244342890838063 0.0244342890838063 0.0244342890838063 0.0244342890838063 0.0244342890838063 0.049568806663227 0.0244342890838063 0 0 0 0.0245448514778507 0.048979140561657 0.0244342890838063 0.0741136581410776 0.345912876833493 1 -9999 -9999 -9999 -9999 -9999 -9999 -9999 -9999 -9999 -9999 -9999 -9999 -9999 -9999 -9999
1 1 1 1 1 0.92651286209184 0.760742979287978 0.632048352620329 0.612921058450652 0.612921058450652 1 1 1 1 1 1 1 1 1 1 1 1 1 1 1 1 1 1 0.0245448514778507 0.0244342890838063 0.0244342890838063 0.0244342890838063 0.0244342890838063 0.0244342890838063 0.0244342890838063 0.0244342890838063 0.049568806663227 0.0244342890838063 0.0251345175794207 0.074224220535122 0 0.074224220535122 0 0.049568806663227 0.0741136581410776 0.0496793690572713 1 1 -9999 -9999 -9999 -9999 -9999 -9999 -9999 -9999 -9999 -9999 -9999 -9999 -9999 -9999
1 1 1 1 1 1 1 0.816282155229601 0.612921058450652 0.294759342522297 0.778838357779907 1 1 1 1 1 1 1 1 1 1 1 1 1 1 1 1 1 1 0.378307658288494 0 0.0244342890838063 0.0244342890838063 0.0244342890838063 0.0244342890838063 0 0 0.0244342890838063 0 0.247438637871305 0.074224220535122 0.247438637871305 0.074224220535122 0.049568806663227 0.049568806663227 0.0245448514778507 0.197390727500553 1 -9999 -9999 -9999 -9999 -9999 -9999 -9999 -9999 -9999 -9999 -9999 -9999 -9999 -9999
1 1 1 1 1 1 1 1 0.687071570723078 0.650622834819783 0.852288641556719 1 1 1 1 1 1 1 1 1 1 1 1 1 1 1 1 1 1 1 0.32004127662711 0 0.0244342890838063 0.0244342890838063 0.0244342890838063 0 0 0.0244342890838063 0 0.247438637871305 0.247438637871305 0.247438637871305 0.261000958207415 0 0.049568806663227 0 0.356563720793101 1 1 -9999 -9999 -9999 -9999 -9999 -9999 -9999 -9999 -9999 -9999 -9999 -9999 -9999
1 1 1 1 1 1 1 1 0.814807989975676 0.705609198791185 1 0.974902336551927 1 1 1 1 1 1 1 1 1 1 1 1 1 1 1 1 1 1 1 0.0245448514778507 0.0244342890838063 0.0244342890838063 0 0 0 0.0244342890838063 0.0244342890838063 0 0.261000958207415 0.247438637871305 0.432483231370237 0.247438637871305 0.0496793690572713 0 0.527382619591656 0.981388663669197 1 -9999 -9999 -9999 -9999 -9999 -9999 -9999 -9999 -9999 -9999 -9999 -9999 1
1 1 1 1 1 1 1 1 1 0.833419326306479 1 1 1 1 1 1 1 1 1 1 1 1 1 1 1 1 1 1 1 1 1 1 0.0490897029557013 0.0244342890838063 0 0.074224220535122 0 0.0244342890838063 0.0244342890838063 0.0244342890838063 0.247438637871305 0.279428023881477 0.247438637871305 0.962408786024913 0.247438637871305 0.074224220535122 0.223004348787499 0.944055428613548 0.981388663669197 1 -9999 -9999 -9999 1 1 1 -9999 -9999 -9999 -9999 1 0.975344586128105
1 1 1 1 1 1 1 1 0.889290189430235 1 1 1 1 1 1 1 1 1 1 1 1 1 1 1 1 1 1 1 1 1 1 1 1 0 0 0.0490897029557013 0 0.0244342890838063 0.0244342890838063 0.0244342890838063 0 0.376538659983784 0.338542050563868 0.395002579789194 0.944055428613548 0.247438637871305 0.074224220535122 0.702329181101201 0.223004348787499 1 -9999 -9999 -9999 1 1 1 -9999 -9999 -9999 -9999 1 1
1 1 1 1 1 1 1 1 0.98153608019459 1 1 1 1 1 1 1 1 1 1 1 1 1 1 1 1 1 1 1 1 1 1 1 1 1 0.247438637871305 0.0989164885383652 0 0.049568806663227 0.049568806663227 0.049568806663227 0.049568806663227 0.223004348787499 0.318567111373185 0.247438637871305 0.241615685118302 0.658878160241763 0.223004348787499 0.247438637871305 0.300140045699123 0.358627552148596 0.286209184049532 1 -9999 1 1 1 -9999 -9999 -9999 1 1 1
1 1 1 1 1 1 1 1 1 1 1 1 1 1 0.97504975307732 1 1 1 1 1 1 1 1 1 1 1 1 1 1 1 1 1 1 1 0.888737377460013 0.148301024544851 0 0.0244342890838063 0.0244342890838063 0.049568806663227 0.049568806663227 0.074224220535122 0.247438637871305 0.247438637871305 0.247438637871305 0.247438637871305 0.261000958207415 0.247438637871305 0.223004348787499 0.28152870936832 0.324500626520233 1 0.975344586128105 1 1 0.975344586128105 1 1 1 1 1 1
1 1 1 1 1 1 1 1 1 1 1 1 1 1 0.80806368393897 1 1 1 1 1 1 1 1 1 1 1 1 1 1 1 1 1 1 1 1 0.241615685118302 0 0 0 0 0 0.074224220535122 0.247438637871305 0.247438637871305 0.247438637871305 0.223004348787499 0.0496793690572713 0.247438637871305 0.247438637871305 0.223004348787499 0.28152870936832 1 1 1 1 0.975344586128105 0.975344586128105 1 1 1 1 1
1 1 1 1 1 1 1 1 1 1 1 1 1 0.607392938748434 0.932004127662711 0.975307731996757 1 1 1 1 1 1 1 1 1 1 1 1 1 1 1 1 1 1 1 1 0.241615685118302 0.451020859438343 0.432483231370237 0.241615685118302 0.247438637871305 0.0986585096189283 0.0989164885383652 0.247438637871305 0.241615685118302 0.247438637871305 0 0.074224220535122 0.247438637871305 0.247438637871305 0.247438637871305 1 1 1 1 1 1 1 1 1 1 1
1 1 1 1 1 1 1 1 1 0.908159504680475 0.705609198791185 0.92651286209184 0.964030367804231 0.902078573008034 1 1 1 1 1 1 1 1 1 1 1 1 1 1 1 1 1 1 1 1 1 1 -9999 0.241615685118302 0.241615685118302 0.247438637871305 0.247438637871305 0.247438637871305 0.247438637871305 0.247438637871305 0.247438637871305 0.223004348787499 0.074224220535122 0.074224220535122 0.247438637871305 0.247438637871305 0.247438637871305 1 1 1 1 1 1 1 1 1 1 1
1 1 1 1 1 0.92651286209184 0.798186776737672 1 1 1 0.870863123756173 1 0.964030367804231 1 1 1 1 1 1 1 1 1 1 1 1 1 1 1 1 1 1 1 1 1 1 1 -9999 -9999 0.247438637871305 0.241615685118302 0.247438637871305 0.247438637871305 0.266049974202108 0.247438637871305 0.247438637871305 0.247438637871305 0.074224220535122 0.223004348787499 0.247438637871305 0.247438637871305 0.888553106803273 1 1 1 1 1 1 1 1 1 1 1
1 1 1 1 1 1 0.816282155229601 1 1 1 0.981978329770767 1 0.700228495614358 1 0.826859290926513 0.851588413061104 1 1 1 1 1 1 1 1 1 1 1 1 1 1 1 1 1 1 1 1 0.981388663669197 -9999 0.247438637871305 0.247438637871305 0.247438637871305 0.222488390948625 0.247438637871305 0.247438637871305 0.247438637871305 0.247438637871305 0.247438637871305 0.247438637871305 0.247438637871305 0.247438637871305 1 1 1 1 1 1 1 1 1 1 1 1
1 1 1 1 1 1 0.889732439006413 1 1 1 1 0.946008697574998 0.625967420947888 1 1 0.876133264538955 1 1 1 0.950357485074077 1 1 1 1 1 1 1 1 1 0.975307731996757 1 1 1 1 1 1 1 0.247438637871305 0.247438637871305 0.247438637871305 0.247438637871305 0.247438637871305 0.247438637871305 0.222488390948625 0.247438637871305 0.247438637871305 0.247438637871305 0.247438637871305 0.247438637871305 0.286209184049532 1 1 1 0.975270877865409 1 1 1 1 1 1 1 1
