data-raw/DATASET_PNE/a_DATA/PFGS/ENVSUIT_A1B/HS_f30_P5_alpext.asc
NCOLS 619 
NROWS 782 
XLLCORNER 876826 
YLLCORNER 1947424 
CELLSIZE 100 
NODATA_value -9999 
[rows 217 to 247 of 782, columns 140 to 209 of 619]
0 0 0 0 0 0 0 0 0 0 0 0 0 0.0191906044737718 0.037442867088416 0.228017071768018 0.438901837333898 0.496231498017374 0.9162454217998 0.885007718618519 1 1 1 1 1 1 1 1 1 1 1 1 -9999 -9999 -9999 -9999 0.842086145836486 0.981505584647516 1 1 0.981505584647516 0.958440536368314 0.958047038169325 0.934981989890123 0.509126131307322 0.182764778884281 0.0368677543360475 0 0.0234282773859612 0 0 0 0 0 0 0 0 0 0 0.0182522626146442 0.0833913490934407 0.710930169204226 0.892786875321609 0.934981989890123 0.981505584647516 0.981505584647516 0.943608681175652 1 0.981505584647516 0.981505584647516
0 0.0184944153524836 0.0184944153524836 0 0 0 0 0 0 0 0 0 0 0 0.0191906044737718 0.037442867088416 0.0945303750340527 0.381330023912583 0.496231498017374 0.580349305324333 0.976692798982959 1 0.981505584647516 1 1 1 1 1 1 1 -9999 -9999 -9999 -9999 -9999 -9999 1 1 1 1 0.958440536368314 0.981505584647516 0.864969579562309 0.604837000938342 0.290280594484971 0.0560583588098193 0 0.0234282773859612 0 0 0 0 0 0 0 0 0 0 0.0182522626146442 0.189878015558313 0.351000393498199 0.416532978175985 0.958289190907165 0.981505584647516 0.981505584647516 0.981505584647516 0.981505584647516 1 0.981505584647516 0.981505584647516
0 0.0184944153524836 0 0 0 0 0 -9999 0 0 0 0 0 0 0 0 0.0191906044737718 0.037442867088416 0.0747041196234525 0.112782637648697 0.656657686835972 0.883645609468172 0.911735327057542 0.915307079940673 1 1 1 1 1 1 -9999 -9999 -9999 -9999 -9999 0.981505584647516 1 1 1 0.935193873535733 0.958047038169325 0.958289190907165 0.915882192693041 0.422980294820958 0.0747041196234525 0.0182522626146442 0.0234282773859612 0 0 0 0 0 0 0 0 0 0.0468565547719224 0 0.0182522626146442 0.0368677543360475 0.392923086236644 0.439628295547417 0.912098556164301 0.981505584647516 0.981505584647516 0.981505584647516 0.981505584647516 0.981505584647516 0.981505584647516 0.981505584647516
0.0184944153524836 0.0184944153524836 0 0 0 0 0 0 0 0 0 0 0 0 0 0 0.0191906044737718 0.0191906044737718 0.037442867088416 0.0937433786360747 0.112782637648697 0.837485243817538 0.981505584647516 0.958198383630475 0.976571722614039 0.953355328873687 1 1 1 1 -9999 -9999 -9999 -9999 -9999 1 1 1 0.935193873535733 0.958047038169325 0.88839785694827 0.799497533068983 0.503707963798166 0.0937433786360747 0.0842994218603384 0.0468565547719224 0 0 0 0 0 0 0 0 0 0 0.0234282773859612 0.0182522626146442 0.0182522626146442 0.0788207161667222 0.369858037957442 0.670551200169507 0.981505584647516 0.981505584647516 1 0.981505584647516 0.981505584647516 0.981505584647516 0.981505584647516 0.981505584647516
0 0 0 0 0 0 0 0 0 0 0 0 0 0 0 0 0 0 0 0.037442867088416 0.112782637648697 0.53379544147471 0.981505584647516 0.911735327057542 0.976753337167418 0.953355328873687 1 1 0.976934951720798 1 -9999 -9999 -9999 -9999 0.934981989890123 1 1 1 0.841965069467567 0.981505584647516 0.911614250688622 0.252383691013107 0.0564821261010382 0.11148106668281 0.139752398825559 0 0 0 0 0 0 0 0 0 0 0.0234282773859612 0.046614402034083 0.0182522626146442 0.0368677543360475 0.654084813996428 0.776553561158701 0.9203922874353 0.981505584647516 0.981505584647516 0.981505584647516 0.981505584647516 0.981505584647516 0.976874413536338 0.976874413536338 0.981505584647516
0 0 0 0 0 0 0 0 0 0 0.0184944153524836 0 0 0 0 0 0 0.0184944153524836 0.0564215879165784 0.037442867088416 0.112782637648697 0.226897115355511 0.729878620940158 0.934951720797893 1 0.976571722614039 1 1 1 1 -9999 -9999 -9999 -9999 0.981505584647516 1 1 0.935193873535733 0.88827678057935 0.877864212852257 0.439476950086267 0.037442867088416 0.0182522626146442 0 0 0 0 0 0 0 0 0 0 0 0 0.0468565547719224 0.116687350546357 0.0182522626146442 0.0834821563701305 0.729878620940158 0.865332808669068 0.935224142627963 0.981505584647516 0.981505584647516 0.981505584647516 0.981505584647516 0.981505584647516 0.886218482307716 0.943608681175652 0.981505584647516
0 0 0 0 0 0 0 0 0 0.0184944153524836 0.0184944153524836 0.0184944153524836 0.0184944153524836 0.0184944153524836 0.0184944153524836 0.0184944153524836 0 0.0184944153524836 0.401973544813391 0.0560583588098193 0.265974513424342 0.515089142476617 0.346429760571481 0.858885492024094 1 1 1 1 1 1 -9999 -9999 -9999 -9999 -9999 1 1 0.981505584647516 0.981505584647516 0.958289190907165 0.416411901807065 0.037442867088416 0.0182522626146442 0 0 0 0 0 0 0 0 0 0 0 0 0.0466446711263129 0.116687350546357 0.0182522626146442 0.237551835820444 0.75312528377274 0.958289190907165 0.92417592396404 0.981505584647516 0.981505584647516 0.958077307261555 0.981505584647516 0.905439355873717 0.981505584647516 0.981505584647516 0.981505584647516
0 0 0 0 0 0 0 0 0 0.0184944153524836 0.0184944153524836 0.0184944153524836 0.0184944153524836 0.0184944153524836 0.0184944153524836 0 0 0.0376850198262554 0.037442867088416 0.0747041196234525 0.208463238187487 0.383176438538608 0.462451191088779 0.745769894360868 1 1 1 1 1 1 1 -9999 -9999 -9999 1 1 1 0.981505584647516 0.981505584647516 0.865211732300148 0.757362956684929 0.0564821261010382 0.0416805400006054 0 0 0 0 0 0 0 0 0 0 0 0 0 0.0182522626146442 0.0836032327390502 0.374247056330781 0.823077155916094 0.935224142627963 0.958047038169325 0.981505584647516 0.981505584647516 0.958047038169325 0.886218482307716 0.935224142627963 0.958077307261555 0.981505584647516 0.981505584647516
0 0 0 0 0 0 0 0 0 0 0.0184944153524836 0.0184944153524836 0.0184944153524836 0.0184944153524836 0 0 0.0755516542058904 0.037442867088416 0.037442867088416 0.265974513424342 0.362078881254351 0.729878620940158 0.777612979386748 0.976783606259648 1 1 1 1 1 1 1 1 0.385446620455853 0.240851166873505 1 1 1 0.958047038169325 0.981505584647516 0.865211732300148 0.77679571389654 0.037442867088416 0.0416805400006054 0 0 0 0 0 0 0 0 0 0 0 0 0.140145897024548 0.0415594636316857 0.176801767714986 0.462693343826619 0.846384356933136 0.934830644428974 0.981505584647516 0.981505584647516 0.934618760783364 0.958289190907165 0.555891878802555 0.958289190907165 0.88827678057935 0.958289190907165 0.981505584647516
0.0184944153524836 0 0 0 0 0 0 0 0 0 0 0.0184944153524836 0.0184944153524836 0 0 0 0.0191906044737718 0.037442867088416 0.227714380845718 0.131791627569089 0.248297363562067 0.911735327057542 0.958198383630475 1 0.930017858764416 1 1 1 1 1 1 1 1 1 1 1 0.858159033810576 0.981505584647516 0.818627599358295 0.934981989890123 0.823228501377244 0.170929563822381 0.0182522626146442 0 0 0 0 0 0 0 0 0 0 0 0.0468565547719224 0.0182522626146442 0.106698550110482 0.260798498653025 0.846142204195296 0.935163604443503 0.958289190907165 0.958289190907165 0.88830704967158 0.958289190907165 0.509126131307322 0.439598026455187 0.818809213911675 0.958289190907165 0.864969579562309 0.934830644428974
0 0 0.0184944153524836 0.0184944153524836 0.0184944153524836 0.0184944153524836 0.0184944153524836 0 0 0 0 0 0.0184944153524836 0.0184944153524836 0 0 0.037442867088416 0.037442867088416 0.284922965160275 0.112782637648697 0.729878620940158 0.981505584647516 1 0.790749765414535 0.696733964948391 1 1 1 0.976934951720798 1 1 1 1 1 1 1 0.708629718194751 0.858915761116324 0.863274510397433 0.911523443411932 0.734297908405727 0.208826467294246 0.0182522626146442 0.0234282773859612 0 0 0 0 0 0 0 0 0 0 0.0232163937403517 0.0182522626146442 0.130338711142053 0.757241880316009 0.823077155916094 0.981505584647516 0.958289190907165 0.841874262190877 0.958289190907165 0.462693343826619 0.439265066440657 0.822592850440415 0.892907951690529 0.772255350062052 0.772255350062052 0.958289190907165
0.0191906044737718 0.0191906044737718 0 0 0 0 0.0184944153524836 0 0 0 0 0.0184944153524836 0.0184944153524836 0 0 0 0.037442867088416 0.037442867088416 0.112782637648697 0.65350970124406 0.958289190907165 0.981505584647516 0.981505584647516 0.767321488028574 0.790628689045616 1 0.981505584647516 0.914943850833913 1 1 1 1 1 1 1 0.976934951720798 0.608862790204922 0.509126131307322 0.509126131307322 0.77679571389654 0.438901837333898 0.0759148833126495 0.0182522626146442 0 0 0 0 0 0 0 0 0 0 0 0 0.0182522626146442 0.237703181281593 0.776190332051942 0.91627569089203 0.911765596149771 0.864999848654539 0.772255350062052 0.485818930290281 0.846021127826377 0.355177528225929 0.246693101673881 0.347368102430608 0.404485879468475 0.56954323939825 0.647758573720374
0.037442867088416 0.037442867088416 0.0191906044737718 0.0191906044737718 0.0191906044737718 0 0 0 0 0 0 0.0184944153524836 0.0184944153524836 0 0 0.0191906044737718 0.037442867088416 0.112782637648697 0.131791627569089 0.841783454914187 0.981505584647516 1 0.767321488028574 0.767321488028574 0.930471895147865 0.981505584647516 0.981505584647516 0.627205860096256 1 1 1 1 1 1 1 0.981505584647516 0.551169900414687 0.579108272542907 0.350970124405969 0.438901837333898 0.0368677543360475 0.0182522626146442 0.0182522626146442 0 0 0 0 0 0 0 0 0 0 0 0.0182522626146442 0.0182522626146442 0.29887701667827 0.939340739171232 0.840209462118231 0.958289190907165 0.795502012894633 0.911523443411932 0.532584677785513 0.827314828828283 0.0559978206253594 0.0368677543360475 0.0368677543360475 0.0368677543360475 0.223325362472379 0.429397342373702
0.0560583588098193 0.0560583588098193 0.0750673487302116 0.037442867088416 0.439386142809577 0.0191906044737718 0 0 0 0 0.0184944153524836 0.0184944153524836 0 0 0 0.0191906044737718 0.037442867088416 0.112782637648697 0.34261585495051 0.846081666010836 0.953446136150377 0.906892272300754 0.883736416744862 0.790749765414535 1 0.462572267457699 -9999 0.68135726609559 1 1 0.938765626418864 1 1 1 1 0.981505584647516 0.532342525047674 0.579108272542907 0.112782637648697 0.114023670430124 0.0182522626146442 0.0182522626146442 0.0182522626146442 0 0 0 0 0 0 0 0 0 0 0 0.0182522626146442 0.106728819202712 0.770287859067107 0.939340739171232 0.958289190907165 0.911523443411932 0.772255350062052 0.958289190907165 0.916033538154191 0.486938886702788 0.0368677543360475 0.0368677543360475 0.0182522626146442 0.0182522626146442 0.0182522626146442 0.22299240245785
0.476980355359143 0.13127705300118 0.476980355359143 0.285013772436965 0.45800163453098 0.439386142809577 0 0 0.0184944153524836 0.0184944153524836 0.0184944153524836 0.0184944153524836 0.0184944153524836 0 0 0.0191906044737718 0.037442867088416 0.0560583588098193 0.457850289069831 0.869388867027878 0.981051548264068 0.860338408451131 0.906892272300754 0.729878620940158 0.392620395314345 0.911553712504162 -9999 -9999 0.976571722614039 1 0.976934951720798 1 1 1 1 0.981505584647516 0.509126131307322 0.159154886944941 0.037442867088416 0.0182522626146442 0 0 0 0 0 0 0 0 0 0 0 0 0 0.0182522626146442 0.0182522626146442 0.190059630111693 0.67748282229016 0.916033538154191 0.939340739171232 0.958289190907165 -9999 0.839301389351333 0.535823470654115 0.246693101673881 0.0368677543360475 0.0368677543360475 0.0182522626146442 0.0182522626146442 0.0182522626146442 0.0182522626146442
0.496231498017374 0.22695765353997 0.496231498017374 0.457850289069831 0.323092290462209 0.037442867088416 0.0191906044737718 0 0.0184944153524836 0.0184944153524836 0.0184944153524836 0.0184944153524836 0.0184944153524836 0 0 0.037442867088416 0.037442867088416 0.170929563822381 0.303962224172897 0.442594666585949 0.112782637648697 0.70118352150619 0.561219239035021 0.13164028210794 0.346429760571481 -9999 -9999 0.765475073402549 1 1 1 1 1 1 1 0.674304567606018 0.462572267457699 0.0755213851136605 0.0182522626146442 0 0 0 0 0 0 0 0 0 0 0 0 0 0.0182522626146442 0.0182522626146442 0.0182522626146442 0.0794260980113206 0.0787601779822623 0.635045554983806 -9999 -9999 -9999 -9999 0.241971123286013 -9999 0.0754608469292006 0.0368677543360475 0.0182522626146442 0.0182522626146442 0.0182522626146442 0.0414989254472258
0.669976087417138 0.746254199836547 0.892211762569241 0.495837999818385 0.284922965160275 0.13127705300118 0.037442867088416 0.0191906044737718 0 0.0184944153524836 0.0184944153524836 0.0184944153524836 0.0184944153524836 0 0.037442867088416 0.037442867088416 0.439386142809577 0.170899294730151 0.0563913188243485 0.439386142809577 0.420195538335805 0.0559372824408996 0.0941368768350637 0.112782637648697 -9999 -9999 -9999 0.722886460635046 1 1 1 1 1 1 1 0.795562551079093 0.462723612918849 0.0755213851136605 0.0182522626146442 0 0 0 0 0 0 0 0 0 0 0 0 0.0233072010170415 0.0182522626146442 0.0182522626146442 0.0182522626146442 0.0555135151496807 0.132275933044768 0.227774919030178 0.22296213336562 0.199866815994188 0.246087719829282 0.199866815994188 0.0368677543360475 0.0368677543360475 0.0368677543360475 0.0182522626146442 0.0182522626146442 0.0182522626146442 0.0414989254472258 0.0232466628325817
0.799860762175742 0.938947240972243 0.934951720797893 0.958410267276084 0.515089142476617 0.457850289069831 0.037442867088416 0.0191906044737718 0 0.0184944153524836 0.0184944153524836 0 0 0.0191906044737718 0.037442867088416 0.439386142809577 0.0935012258982353 -9999 -9999 0.228864606350456 0.0191906044737718 0.0191906044737718 -9999 -9999 -9999 -9999 -9999 0.938402397312105 1 1 1 1 1 1 1 0.865302539576838 0.462723612918849 0.037442867088416 0 0 0 0 0 0 0 0 0 0 0 0 0 0.0233072010170415 0.0182522626146442 0.0182522626146442 0.0368677543360475 0.0744619668856131 0.0558162060719799 0.0558162060719799 0.0368677543360475 0.0878711747434694 0.0182522626146442 0.0182522626146442 0.037442867088416 0.0182522626146442 0.0182522626146442 0.0182522626146442 0.0182522626146442 0.0182522626146442 0.0414989254472258 0
0.911644519780852 0.8884281260405 0.976692798982959 0.841753185821957 0.935163604443503 0.515089142476617 0.112782637648697 0.037442867088416 0.0191906044737718 0.0184944153524836 0.0184944153524836 0 0 0.0191906044737718 0.037442867088416 -9999 -9999 -9999 0.0376850198262554 0.0191906044737718 0 -9999 -9999 -9999 -9999 -9999 -9999 1 0.942882222962133 1 1 1 1 1 1 0.958289190907165 0.4859400066592 0.037442867088416 0 0 0 0 0 0 0 0 0 0 0 0 0 0.0415594636316857 0.0182522626146442 0.0368677543360475 0.170899294730151 0.0744619668856131 0.0372007143505766 0.0372007143505766 0.0182522626146442 0.0182522626146442 0.0372007143505766 0.0182522626146442 0.0182522626146442 0.0182522626146442 0.0372007143505766 0.0189484517359324 0.0372007143505766 0.0182522626146442 0.0233072010170415 0
0.953355328873687 1 0.7730120773678 0.907316039591973 0.981505584647516 0.906892272300754 0.112782637648697 0.037442867088416 0.037442867088416 0.0191906044737718 0 0 0.0184944153524836 0 0.0191906044737718 0.2471168689651 0.0376850198262554 0.0191906044737718 0 0.0184944153524836 -9999 -9999 -9999 -9999 -9999 -9999 -9999 -9999 0.804098435087932 1 1 1 1 1 0.976783606259648 0.934981989890123 0.182219935224143 0.037442867088416 0 0 0 0 0 0 0 0 0 0 0 0 0.0233072010170415 0.0415594636316857 0.0182522626146442 0.0368677543360475 0.0558162060719799 0.0558162060719799 0.0558162060719799 0.037442867088416 0.0182522626146442 0.0182522626146442 0.0182522626146442 0 0.0233072010170415 0.0233072010170415 0.0232466628325817 0 0 0 0.0232466628325817 0
0.976571722614039 0.699125223234555 0.536882888882163 0.86466688864001 0.976692798982959 1 0.246511487120501 0.112782637648697 0.037442867088416 0.0191906044737718 0 0 0 0 0.0184944153524836 0.0184944153524836 0 0 0.0184944153524836 0 0 0.0191906044737718 0.037442867088416 -9999 -9999 -9999 -9999 0.929896782395496 1 1 1 1 1 1 0.762448164179556 0.532584677785513 0.182219935224143 0.037442867088416 0.0234282773859612 0 0 0 0 0 0 0 0 0 0 0 0 0 0.0182522626146442 0.0182522626146442 0.0182522626146442 0.0558162060719799 0.0372007143505766 0.0182522626146442 0.0372007143505766 0.0182522626146442 0 0 0 0 0 0 0 0.0465538638496232 0 0
0.976692798982959 1 0.767321488028574 0.883645609468172 1 0.976692798982959 0.636165511396313 0.150649272028332 0.112782637648697 0.037442867088416 0.0191906044737718 0.0191906044737718 0 0 0 0 0 0 0 0 0 0.037442867088416 -9999 -9999 -9999 -9999 0.691467142900384 0.929896782395496 1 1 1 1 1 1 0.877864212852257 0.509277476768472 0.0755213851136605 0.0416805400006054 0 0 0 0 0 0 0 0 0 0 0 0 0 0 0.0182522626146442 0.0182522626146442 0.0182522626146442 0.0372007143505766 0.0372007143505766 0.0182522626146442 0.0372007143505766 0.0182522626146442 0 0 0 0 0 0 0 0 0 0
1 1 1 0.953658019795986 1 1 0.976692798982959 0.59760268789539 0.284832157883585 0.112782637648697 0.037442867088416 0.0191906044737718 0 0 0 0 0 0 0 0 -9999 -9999 -9999 -9999 -9999 -9999 -9999 0.929896782395496 1 1 1 1 1 0.911523443411932 0.634924478614886 0.136029300481279 0.037442867088416 0 0 0 0 0 0 0 0 0 0 0 0 0 0 0.0234282773859612 0.0701637557889639 0.0182522626146442 0.0182522626146442 0.0372007143505766 0.0372007143505766 0.0372007143505766 -9999 -9999 -9999 0 0 0 0 0 0 0 0 0
1 1 1 1 1 0.74882707267609 0.981505584647516 0.865151194115689 0.818627599358295 0.150134697460423 0.112782637648697 0.037442867088416 0.0191906044737718 0 0.0184944153524836 0.0184944153524836 0 0 0 0 0 -9999 -9999 -9999 -9999 -9999 -9999 -9999 1 0.907194963223053 1 0.976692798982959 0.616551139631322 0.728062475406363 0.392620395314345 0.037442867088416 0.0182522626146442 0 0 0 0 0 0 0 0 0 0 0 0 0 0 0 0 0 0.0182522626146442 0.0182522626146442 0.0372007143505766 0 -9999 -9999 -9999 0.0182522626146442 0 0 0 0 0 0 0 0
1 1 1 1 0.906952810485214 0.556921027938372 0.365378212307413 0.733934679298968 0.857644459242667 0.150134697460423 0.112782637648697 0.0191906044737718 0 0 0 0 0 0 0 0 -9999 -9999 -9999 -9999 -9999 -9999 0.976753337167418 1 1 1 1 0.976692798982959 0.481339104640252 0.532584677785513 0.159094348760481 0.0606895299209977 0 0 0 0 0 0 0 0 0 0 0 0 0 0 0 0 0 0 0.0182522626146442 0.0182522626146442 0.0182522626146442 0.0372007143505766 -9999 -9999 -9999 0.0182522626146442 0 0 0 0 0 0 0 0
1 1 1 1 0.953446136150377 0.888761086055029 0.772255350062052 0.537579078003451 0.730181311862457 0.13127705300118 0.037442867088416 0.0191906044737718 0 0 0 0 0 0 0 0 0 -9999 0.0560583588098193 0.13164028210794 0.518781971728668 0.835366407361443 -9999 1 1 0.953627750703756 0.976934951720798 1 0.485607046644671 0.509035324030632 0.112782637648697 0.037442867088416 0 0 0 0 0 0 0 0 0 0 0 0 0 0 0 -9999 0 0 0 0.0182522626146442 0.0182522626146442 0.0189484517359324 0 0 -9999 0.0182522626146442 0 0 0 0 0 0 0 0
1 1 1 1 0.953355328873687 0.981505584647516 0.518388473529679 0.369525077942913 0.649968217453159 0.13127705300118 0.037442867088416 0.0191906044737718 0 0 0 0 0 0 0 0 0 0.037442867088416 0.0560583588098193 0.112782637648697 -9999 -9999 -9999 1 1 0.981505584647516 1 0.911372097950783 0.632442413052033 0.462723612918849 0.112782637648697 0.0182522626146442 0 0 0 0 0 0 0 0 0 0 0 0 0 0 -9999 0 0 0 0.0465235947573932 0.0182522626146442 0.0372007143505766 0 0.0189484517359324 0.0372007143505766 0.0182522626146442 0 0 0 0 0 0 0 0 0
1 1 1 1 0.88830704967158 0.935103066259043 0.327208887005479 0.327208887005479 0.742712716045646 0.13127705300118 0.037442867088416 0.0191906044737718 0 0 0 0 0 0 0 0 0.0191906044737718 0.037442867088416 0.0560583588098193 0.112782637648697 0.64927202833187 -9999 -9999 0.981505584647516 0.981505584647516 0.981505584647516 0.981505584647516 0.981505584647516 0.981505584647516 0.430608106062899 0.112782637648697 0.0182522626146442 0 0 0 0 0 0 0 0 0 0 -9999 0 0 0 0 0 0 0 0.0467354784030027 0.0182522626146442 0.0372007143505766 0 0.0372007143505766 0.0182522626146442 0 0 0 0 0 0 0 0 0 0
1 1 0.883524533099252 0.74882707267609 0.864878772285619 0.981505584647516 0.546236038381209 0.546236038381209 0.360262735720556 0.112782637648697 0.037442867088416 0.0191906044737718 0 0 0 0 0 0 0 0 0.0191906044737718 0.037442867088416 0.0560583588098193 0.476980355359143 -9999 -9999 -9999 -9999 1 1 0.976541453521809 0.958047038169325 -9999 -9999 -9999 0.037442867088416 0 0 0 0 0 0 0 0 0 0 0 0 0 0 0 0 0 0.0234282773859612 0.0467354784030027 0.0182522626146442 0.0182522626146442 0.0182522626146442 0 0 0 0 0 0 0 0 0 0 0 -9999
1 0.883645609468172 0.976783606259648 0.695553470351424 0.369222387020613 0.818657868450525 0.846656778763205 0.360958924841844 0.22695765353997 0.0751278869146714 0.0191906044737718 0 0 0 0 0 0 0 0 0 0 -9999 -9999 -9999 -9999 -9999 -9999 -9999 0.953476405242607 0.976783606259648 0.86055029209674 0.860187062989981 -9999 -9999 -9999 0.037442867088416 0.0699821412355844 0 0 0 0 0 0 0 0 0 0 0 0 0 0 0 0 0 0.0234282773859612 0 0.0182522626146442 0 0 0 0 0 0 0 0 0 0 0 0 -9999
1 0.906771195931834 0.860035717528831 0.672458152979992 0.981505584647516 0.91645730544541 0.360262735720556 0.322910675908829 0.13127705300118 0.037442867088416 0.0191906044737718 0 0 0 0 0 0 0 0 0 0 0.037442867088416 -9999 -9999 -9999 -9999 -9999 -9999 1 1 0.953688288888216 1 0.827768865211732 0.700880830583891 -9999 -9999 0 0 0 0 0 0 0 0 0 0 0 0 0 0 0 0 0 0 0 0 0 0 0 0 0 0 0 0 0 0 0 0 0 0
