data-raw/DATASET_PNE/a_DATA/PFGS/ENVSUIT_A1B/HS_f0_P2_river.asc
NCOLS 619 
NROWS 782 
XLLCORNER 876826 
YLLCORNER 1947424 
CELLSIZE 100 
NODATA_value -9999 
[rows 112 to 139 of 782, columns 252 to 314 of 619]
0.200184612914877 0.128386242324517 0.0922663241963318 0.0371633824296665 0.0188224906690211 0.0368021832483846 0.0368021832483846 0.0738050327085925 0.0738050327085925 0.0738050327085925 0.0368021832483846 0.0188224906690211 0.0188224906690211 0.0188224906690211 0.0188224906690211 0.0188224906690211 0.0188224906690211 0 0 0 0 0 0 0 0 0 0 0 0.0179796925793635 0.0362804510976442 0 0 0 0 0 0 0 0 0 0 0 0.0179796925793635 0 0 0 0 0 0 0 0 0 0 0 0.0179796925793635 0.0179796925793635 0 0 0 0 0 0 0 0
0.128386242324517 0.0739655656780511 0.0371633824296665 0.0371633824296665 0.0368021832483846 0.0921459244692379 0.0921459244692379 0.05514307500903 0.0368021832483846 0.0368021832483846 0.0188224906690211 0.0368021832483846 0.0738050327085925 0.0188224906690211 0.0188224906690211 0 0 0 0 0 0 0 0 0 0 0 0 0.0362804510976442 0.0362804510976442 0.0362804510976442 0.0362804510976442 0 0 0 0 0 0 0 0 0 0 0 0 0 0 0 0 0 0 0 0 0 0.0362804510976442 0.0362804510976442 0.0179796925793635 0 0 0 0 0 0 0 0
0.0371633824296665 0.0371633824296665 0.0368021832483846 0.0738050327085925 0.05514307500903 0.05514307500903 0.05514307500903 0.05514307500903 0.05514307500903 0.0368021832483846 0.0188224906690211 0.0368021832483846 0.0738050327085925 0.0188224906690211 0 0 0 0 0 0 0 0 0 0 0 0 0.0362804510976442 0.0179796925793635 0 0 0 0 0 0 0 0 0 0 0 0 0 0 0 0 0.0179796925793635 0.0179796925793635 0 0 0.0179796925793635 0.0179796925793635 0 0 0 0.0179796925793635 0.0179796925793635 0 0 0 0 0 0 0 0
0.05514307500903 0.146927800296986 0.146927800296986 0.05514307500903 0.05514307500903 0.0919452582574146 0.109403218686038 0.109403218686038 0.05514307500903 0.0368021832483846 0.0188224906690211 0.0738050327085925 0.0368021832483846 0 0 0 0 0 0 0 0 0 0 0 0 0 0.0179796925793635 0 0 0 0 0 0 0 0 0 0 0 0 0 0 0 0 0 -9999 0 0 0 0.0179796925793635 0.0179796925793635 0 0 0 0 0 0 0 0 0 0 0 0 0
0.109844684352049 0.109242685716579 0.14584420275314 0.14584420275314 0.182405586547337 0.218445238190793 0.0906609945017458 0.363486776096641 0.072601035437653 0.0368021832483846 0.0188224906690211 0.0368021832483846 0.0188224906690211 0 0 0 0 0 0 0 0 0 0 0 0 0.0362804510976442 0 0 0.0179796925793635 0 0 0 0 0 0 0 0 0 0 0 0 0.0179796925793635 0 0 0 0 0 0 0 0.0362804510976442 0 0 0 0 0 0 0 0 0 0 0 0 0
0.109403218686038 0.14584420275314 0.254003290925874 0.27278564835253 0.363005177188265 0.164024561544327 0.183168118152266 0.363486776096641 0.072601035437653 0.05514307500903 0.0368021832483846 0.0368021832483846 0.0188224906690211 0 0 0 0 0 0 0 0 0 0 0 0 0.0179796925793635 0 0 0 0 0 0 0 0 0 0 0 0 0 0 0 0 0 0 0 0 0 0 0 0 0 0 0 0 0 0 0 0 0 0 0 0 0
0.27278564835253 0.308664767026528 0.453264839266364 0.381386202191275 0.490588754665489 0.201107677489264 0.0549022755548421 0.0369225829754786 0.0188224906690211 0.05514307500903 0.0368021832483846 0.0368021832483846 0.0188224906690211 0.0188224906690211 0 0 0 0 0 0.0362804510976442 0.0362804510976442 0.0362804510976442 0.0362804510976442 0.0362804510976442 0.0179796925793635 0 0 0 0 0 0 0 0 0 0 0 0 0 0 0 -9999 0 0 0 0 0 0 0 0 0 0 0 0 0 0 0 0 0 0 0 0 0 0
0.381386202191275 0.472328129389573 0.490588754665489 0.362403178552795 0.127142111811213 0.0906609945017458 0.109403218686038 0.05514307500903 0.05514307500903 0.0368021832483846 0.0368021832483846 0.0368021832483846 0.0188224906690211 0 0 0 0 0 0 0.0549825420395714 0.0549825420395714 0.0362804510976442 0.0179796925793635 0.0179796925793635 0 0 0 0 0 0 0 0 0 0 0 0 0 0 0 0 0 0 0 0 0 0 0 0 0 0 0 0 0 0 0 0 0 0 0 0 0 0 0
0.471043865633905 0.490588754665489 0.416904121683991 0.289721876630413 0.109202552474214 0.182405586547337 0.127944776658506 0.05514307500903 0.0368021832483846 0.0188224906690211 0.0188224906690211 0.0188224906690211 0.0188224906690211 0 0 0 0 0 0 0.0362804510976442 0.0362804510976442 0.0179796925793635 0 0.0179796925793635 0.0179796925793635 0.0179796925793635 0.0179796925793635 0 0 0 0 0 0.0549825420395714 0 0 0 0 0 0 0 0 0 0 0 0 0 0 0 0 0 0 0 0 0 0 0 0 0 0 0 0 0 0
0.528153469518802 0.528153469518802 0.416904121683991 0.163502829393587 0.381386202191275 0.23722759561745 0.128185576112694 0.05514307500903 0.0368021832483846 0.0368021832483846 0.0188224906690211 0.0188224906690211 0.0188224906690211 0 0 0 0 0 0 0.0362804510976442 0.0179796925793635 0.0179796925793635 0.0179796925793635 0.0362804510976442 0.0179796925793635 0.0179796925793635 0.0179796925793635 0 0 0 0 0 0.0549825420395714 0 0 0 0 0 0 0 0 0.0362804510976442 0.0362804510976442 -9999 0 0 0 0 0 0 0 0 0 0 0 0 0 0 0 0 0 0.0179796925793635 0
0.528153469518802 0.528153469518802 0.380703937071076 0.163502829393587 0.345547216759642 0.291688405506281 0.109403218686038 0.05514307500903 0.0368021832483846 0.0368021832483846 0.0368021832483846 0.0368021832483846 0.0368021832483846 0.0188224906690211 0 0 0 0 0 0.0362804510976442 0.0179796925793635 0.0362804510976442 0.0362804510976442 0.0362804510976442 0.0179796925793635 0.0362804510976442 0.0362804510976442 0.0179796925793635 0.0179796925793635 0 0 0.0549825420395714 0.0179796925793635 0 0 0 0 0 0 0 0 0.0362804510976442 0.0362804510976442 0 0 0 0.0179796925793635 0.0179796925793635 0 0 0 0 0 0 0 0 0 0 0 0 0 0 0
0.549343821487338 0.528153469518802 0.528153469518802 0.490107155757114 0.398964562346992 0.291287073082634 0.0919452582574146 0.05514307500903 0.0368021832483846 0.0368021832483846 0.0368021832483846 0.0738050327085925 0.0368021832483846 0.0188224906690211 0 0 0 0 0 0 0.0362804510976442 0.0362804510976442 0 0 0.0179796925793635 0.0362804510976442 0.0362804510976442 0 0 0 0.0549825420395714 0.0549825420395714 0 0.0188224906690211 0.0188224906690211 0.0188224906690211 0 0 0 0 0 0.0362804510976442 0.0179796925793635 -9999 0 0.0362804510976442 0.0362804510976442 0 0 0 0 0 0 0 0 0 0 0 0 0 0 0 0
0.656700244812778 0.549343821487338 0.528153469518802 0.509892844242886 0.453104306296906 0.291287073082634 0.14584420275314 0.05514307500903 0.0368021832483846 0.0368021832483846 0.0368021832483846 0.0368021832483846 0.0188224906690211 0.0188224906690211 0 0 0 0 0 0 0 0 0 0 0 0.0179796925793635 0 0 0 0 0.0362804510976442 0.0549825420395714 0.0188224906690211 0.0188224906690211 0.0188224906690211 0.0188224906690211 0 0 0 0 0 0.0362804510976442 0.0179796925793635 -9999 0 0 0.0362804510976442 0 0 0 0 0 0 0.0362804510976442 0.0179796925793635 0 0 0 0 0 0 0.0179796925793635 0
0.67664646626801 0.651683589517197 0.549343821487338 0.472849861540314 0.347232812938957 0.291287073082634 0.182405586547337 0.0738451659509572 0.05514307500903 0.05514307500903 0.05514307500903 0.05514307500903 0.0371633824296665 0.05514307500903 0.0188224906690211 0 0 0 0 0 0 0 0 0 0 0 0 0 0 0 0.0179796925793635 0.0549825420395714 0.0188224906690211 0.0188224906690211 0.0188224906690211 0.0188224906690211 0.0188224906690211 0 0 0 0 0 0.0179796925793635 0.0179796925793635 0 0 0 0 0 0 0 0 0 0.0179796925793635 0 0 0 0 0 0 0 0.0549825420395714 0
0.801380583537344 0.71108078821688 0.651683589517197 0.528153469518802 0.383473130794237 0.219288036280451 0.128386242324517 0.0919452582574146 0.05514307500903 0.05514307500903 0.0738451659509572 0.0919452582574146 0.110085483806237 0.110085483806237 0.0188224906690211 0.0188224906690211 0 0 0 0 0 0 0 0 0 0 0 0 0.0188224906690211 0.0188224906690211 0.0188224906690211 0.0188224906690211 0.0188224906690211 0.0371633824296665 0.0188224906690211 0.0188224906690211 0.0188224906690211 0 0 0 0 0 0 0.0179796925793635 -9999 -9999 0.0362804510976442 0 0 0 0.0179796925793635 0 0 0 0 0 0 0 0 0 0 0.0549825420395714 0
0.776979572179636 0.752016695428824 0.67664646626801 0.549343821487338 0.491913151663523 0.291527872536822 0.14584420275314 0.14584420275314 0.128386242324517 0.128386242324517 0.128386242324517 0.128386242324517 0.128386242324517 0.0369225829754786 0.0188224906690211 0.0188224906690211 0.0188224906690211 0 0 0 0 0 0 0 0 0.0179796925793635 0.0179796925793635 0.0188224906690211 0.0188224906690211 0.0188224906690211 0.0188224906690211 0.0188224906690211 0.0371633824296665 0.0558654733715937 0.0371633824296665 0.0188224906690211 0.0188224906690211 0 0 0 0 0 0 0 0 0 0 0 0 0.0179796925793635 -9999 0 0 0 0 0 0 0 0 0 0.0179796925793635 0.0179796925793635 0
0.752016695428824 0.752016695428824 0.695188024240478 0.675241802785247 0.528153469518802 0.528153469518802 0.347232812938957 0.146165268692058 0.146165268692058 0.218525504675523 0.273146847533812 0.273146847533812 0.255448087651001 0.0543805434041016 0.0369225829754786 0.0369225829754786 0.05514307500903 0.0188224906690211 0 0 0 -9999 0.0549825420395714 0.0549825420395714 0.0549825420395714 0.0549825420395714 0.0549825420395714 0.0188224906690211 0.0558654733715937 0.0739655656780511 0.0921057912268732 0.110406549745154 0.128185576112694 0.128185576112694 0.0739655656780511 0.0371633824296665 0.0188224906690211 0 0 0 0 0 0 0 0 0 0 0 0 -9999 0 0 0 0 0 0 0 0 0 0 0 0 0
0.876710679455793 0.752016695428824 0.776979572179636 0.650278926034434 0.567885379459807 0.276116707468796 0.472849861540314 0 0 0 0.0177790263675402 0.509892844242886 0.528153469518802 0 0.146165268692058 0.14584420275314 0.128386242324517 0.0558654733715937 0.05514307500903 0.0188224906690211 -9999 0.0368021832483846 0.0555042741903118 0.0555042741903118 0.0555042741903118 0.0738050327085925 0.0188224906690211 0.0371633824296665 0.128185576112694 0.146165268692058 0.146165268692058 0.146165268692058 0.128185576112694 0.146165268692058 0.146165268692058 0.0371633824296665 0.0188224906690211 0 0 0 0 0 0 0 0 0 0 0 0 0 0 0.0188224906690211 0.0188224906690211 0.0188224906690211 0 0.0188224906690211 0.0188224906690211 0 0 0 0 0 0
0.974916723522093 0.826664526227074 0.752016695428824 0.695188024240478 0.0724003692258297 0.158446040855641 0.0177790263675402 0.494602078901954 0.0177790263675402 0.0177790263675402 0.0177790263675402 0.549343821487338 0.549343821487338 0.383473130794237 0.16595095717783 0.146165268692058 0.146165268692058 0.128386242324517 0.128386242324517 0.0739655656780511 0.0558654733715937 0.0371633824296665 0.0371633824296665 0.0188224906690211 0.0188224906690211 0.0188224906690211 0.0188224906690211 0.0739655656780511 0.146165268692058 0.146165268692058 0.256371152225388 0.16595095717783 0.16595095717783 0.146165268692058 0.146165268692058 0.0371633824296665 0.0188224906690211 0.0188224906690211 0 0 0 0 0 0.0188224906690211 0.0188224906690211 0.0188224906690211 0 0 0 0 0.0188224906690211 0.0188224906690211 0.0188224906690211 0.0188224906690211 0.0371633824296665 0.0188224906690211 0.0188224906690211 0.0188224906690211 0.0188224906690211 0.0368021832483846 0.0188224906690211 0 0
0.826704659469438 0.802263514869366 0.288397479632379 0.129550106353092 0.109764417867319 0.591965324878597 0.68122165589758 0.67664646626801 0.656700244812778 0.656700244812778 0.68122165589758 0.0544206766464663 0.567885379459807 0.494200746478308 0.16595095717783 0.184733314604487 0.16595095717783 0.16595095717783 0.147971264598467 0.128185576112694 0.128185576112694 0.128185576112694 0.110406549745154 0.0371633824296665 0.0188224906690211 0.0188224906690211 0.0371633824296665 0.128185576112694 0.146165268692058 0.16595095717783 0.246578641088414 0.573504033390858 0.329253120359594 0.146165268692058 0.146165268692058 0.0371633824296665 0.0188224906690211 0.0188224906690211 0.0188224906690211 0 0 0 0.0188224906690211 0.0188224906690211 0.0371633824296665 0.0188224906690211 0.0188224906690211 0.0188224906690211 0.0188224906690211 0.0188224906690211 0.0371633824296665 0.0371633824296665 0.0917445920455914 0.128185576112694 0.128185576112694 0.0917445920455914 0.0371633824296665 0.0371633824296665 0.0371633824296665 0.0188224906690211 0.0188224906690211 0 0.0371633824296665
0.802263514869366 0.470803066179717 0.371714090781394 0.826704659469438 0.25155516314163 0.752016695428824 0.670225147489666 0.651683589517197 0.651683589517197 0.651683589517197 0.690412168399085 0.690412168399085 0.690412168399085 0.699763213870048 0.699763213870048 0.546052895613437 0.255167154954449 0.230645743869647 0.255167154954449 0.184492515150299 0.16595095717783 0.16595095717783 0.16595095717783 0.128185576112694 0.0921057912268732 0.109884817594413 0.128185576112694 0.16595095717783 0.0360797848858209 0.215435245013445 0.419071316771682 0.628807641369346 0.561865393105109 0.16595095717783 0.146165268692058 0.0921057912268732 0.0188224906690211 0.0188224906690211 0.0188224906690211 0.0188224906690211 0.0188224906690211 0.0188224906690211 0.0188224906690211 0.0371633824296665 0.109884817594413 0.109884817594413 0.128185576112694 0.128185576112694 0.0917445920455914 0.0917445920455914 0.128185576112694 0.146165268692058 0.128185576112694 0.146165268692058 0.146165268692058 0.128185576112694 0.128185576112694 0.128185576112694 0.128185576112694 0.0917445920455914 0.0917445920455914 0.110045350563872 0.146165268692058
0.826704659469438 0.683950716378376 0.776979572179636 0.826704659469438 0.661034634988161 0.487378095276317 0.752016695428824 0.752016695428824 0.752016695428824 0.499939800136453 0.752016695428824 0.752016695428824 0.752016695428824 0.752016695428824 0.752016695428824 0.752016695428824 0.633222298029458 0.687642974675924 0.779909298872256 0.690331901914356 0.678171529477866 0.70365613837942 0.411646666934222 0.258177148131798 0.221655897579965 0.18433198218084 0.16595095717783 0.0360797848858209 0.0544206766464663 0.102901633422964 0.493197415419192 0.752016695428824 0.555444074326765 0.190913833928643 0.146165268692058 0.146165268692058 0.0371633824296665 0.0188224906690211 0.0188224906690211 0.0188224906690211 0.0188224906690211 0.0188224906690211 0.0371633824296665 0.128185576112694 0.128185576112694 0.128185576112694 0.146165268692058 0.128185576112694 0.128185576112694 0.146165268692058 0.146165268692058 0.146165268692058 0.16595095717783 0.16595095717783 0.274671910743669 0.16595095717783 0.146165268692058 0.146165268692058 0.128185576112694 0.146165268692058 0.146165268692058 0.146165268692058 0.146165268692058
0.981899907693543 0.932857085523939 0.776979572179636 0.950395312437292 0.765140265682065 0.697074286631617 0.72203716338243 0.85174780270498 0.950274912710198 0.975558855399928 0.659710237990127 0.80238391459646 0.777300638118554 0.776979572179636 0.776979572179636 0.752016695428824 0.536581450415379 0.752016695428824 0.752016695428824 0.752016695428824 0.752016695428824 0.801380583537344 0.609142352610667 0.444355259461412 0.444355259461412 0.425813701488943 0.108961753020026 0.0600393305775174 0.121884657061444 0.109644018140226 0.406429345426817 0.752016695428824 0.718465304811976 0.423646506401252 0.16595095717783 0.146165268692058 0.146165268692058 0.146165268692058 0.128185576112694 0.0736444997391339 0.109884817594413 0.109884817594413 0.128185576112694 0.146165268692058 0.146165268692058 0.16595095717783 0.0549022755548421 0.47160573102701 0.190913833928643 0.215435245013445 0.190913833928643 0.19123489986756 0.16595095717783 0.19123489986756 0.109724284624955 0.289762009872778 0.240719187703175 0.16595095717783 0.16595095717783 0.16595095717783 0.16595095717783 0.16595095717783 0.16595095717783
1 0.981899907693543 0.536581450415379 0.776979572179636 0.783601557169804 0.783601557169804 0.975478588915198 0.92587390135249 0.92587390135249 0.801741782718626 0.752016695428824 0.752016695428824 0.752016695428824 0.752016695428824 0.752016695428824 0.626319380342738 0.752016695428824 0.752016695428824 0.752016695428824 0.752016695428824 0.752016695428824 0.731829674519404 0.540273708712927 0.369546895693703 0.389814183087852 0.0724003692258297 0.0724003692258297 0.0724003692258297 0.0909419271982983 0.146606734358069 0.752016695428824 0.752016695428824 0.752016695428824 0.297507725649155 0.310831962114219 0.383473130794237 0.40153308985833 0.16595095717783 0.146165268692058 0.146165268692058 0.146165268692058 0.146165268692058 0.146165268692058 0.16595095717783 0.240719187703175 0.240719187703175 0.14584420275314 0.537504514989766 0.286792149937793 0.268411124934783 0.248063571055906 0.245414777059839 0.245414777059839 0.297387325922061 0.514548300357186 0.25500662198499 0.146165268692058 0.184492515150299 0.16595095717783 0.16595095717783 0.16595095717783 0.16595095717783 0.16595095717783
1 1 0.925673235140667 0.554440743267649 0.776979572179636 1 0.752016695428824 0.70590359995184 0.752016695428824 0.660633302564514 0.752016695428824 0.802263514869366 0.802263514869366 0.752016695428824 0.752016695428824 0.752016695428824 0.752016695428824 0.802263514869366 0.752016695428824 0.752016695428824 0.752016695428824 0.776979572179636 0.467030541397439 0.166392422843842 0.166392422843842 0.166392422843842 0.146606734358069 0.146606734358069 0.146606734358069 0.733756070152908 0.752016695428824 0.752016695428824 0.656178512662038 0.369546895693703 0.320544206766465 0.296584661074768 0.303527712003853 0.285869085363406 0.215435245013445 0.293935867078701 0.311313561022595 0.190913833928643 0.190913833928643 0.264678733394871 0.184492515150299 0.286952682907252 0.578681221655898 0.610266083396878 0.574025765541598 0.691094433519284 0.752016695428824 0.752016695428824 0.755708953726372 0.711562387125256 0.650840791427539 0.632580166151623 0.517718826503993 0.337119235863065 0.711562387125256 0.361279447766585 0.287073082634346 0.245414777059839 0.245414777059839
-9999 1 1 0.636834289842276 0.733956736364731 0.777300638118554 0.926235100533772 0.926235100533772 0.777300638118554 0.777300638118554 0.801701649476261 0.826142794076333 0.949191315166352 0.777300638118554 0.752016695428824 0.752016695428824 0.752016695428824 0.752016695428824 0.752016695428824 0.876389613516876 0.851426736766063 0.876389613516876 0.851105670827146 0.479672512742304 0.350523738812859 0.350523738812859 0.366817835212907 0.330738050327086 0.330738050327086 0.330738050327086 0.926435766745595 0.825821728137416 0.659068106112293 0.327607657422643 0.349078942087731 0.39800136453024 0.393506441385399 0.364490107155757 0.327607657422643 0.530481197575952 0.33146044868965 0.184492515150299 0.260464742946583 0.324236465064013 0.325922061243328 0.443713127583578 0.718264638600153 0.711562387125256 0.711401854155797 0.711401854155797 0.752016695428824 0.804992575350162 0.735361399847494 0.711401854155797 0.691214833246378 0.691214833246378 0.650680258458081 0.691616165670024 0.811253361159048 0.8161897499699 0.757274150178593 0.616165670024481 0.591082393546575
-9999 -9999 -9999 1 0.674238471726131 0.784564754986555 1 0.97471605731027 0.97471605731027 0.949191315166352 1 1 1 1 0.949391981378175 0.851426736766063 0.752016695428824 0.752016695428824 0.752016695428824 0.876389613516876 0.851105670827146 0.851426736766063 0.876389613516876 0.846771280651764 0.79263153670185 0.559296865593771 0.574708030661797 0.630412971063932 0.727816350282939 0.88281093229522 0.926435766745595 0.926435766745595 0.926435766745595 0.825821728137416 0.731749408034675 0.587791467672673 0.419753581891881 0.689810169763615 0.419753581891881 0.327607657422643 0.307420636513224 0.56118312798491 0.630894569972308 0.752016695428824 0.691214833246378 0.731829674519404 0.711401854155797 0.711401854155797 0.731669141549946 0.735802865513505 0.930609623951519 0.975478588915198 0.901232090540595 0.831039049644821 0.856563791788739 0.836537303848778 0.836537303848778 0.951077577557491 0.901673556206606 0.8161897499699 0.796002729060481 0.616165670024481 0.591082393546575
-9999 -9999 -9999 -9999 -9999 -9999 1 1 1 1 1 1 1 1 -9999 -9999 0.926074567564313 0.851185937311875 0.907332343380022 0.826142794076333 0.826142794076333 0.851105670827146 0.900911024601677 0.900911024601677 0.905646747200706 0.826744792711803 0.826744792711803 0.770357587189469 0.900911024601677 0.925994301079584 0.900911024601677 0.900911024601677 0.900911024601677 0.900911024601677 0.926435766745595 0.926435766745595 0.752016695428824 0.711562387125256 0.711562387125256 0.63470722799695 0.382429666492756 0.327607657422643 0.510414576393627 0.670746879640406 0.711562387125256 0.752016695428824 0.760765742264317 0.760765742264317 0.860617249267568 0.975478588915198 0.975478588915198 0.975478588915198 0.95521130152105 0.856563791788739 0.811253361159048 0.765942930529357 0.851868202432074 0.831600915037926 0.782116627202312 0.79090580728017 0.732873138820885 0.616165670024481 0.597624112052013
