data-raw/DATASET_PNE/a_DATA/PFGS/ENVSUIT_A1B/HS_f30_P3_ubac2.asc
NCOLS 619 
NROWS 782 
XLLCORNER 876826 
YLLCORNER 1947424 
CELLSIZE 100 
NODATA_value -9999 
[rows 390 to 419 of 782, columns 207 to 275 of 619]
0.604227794078421 0.642304614563884 0.717457988797013 0.755101360362763 0.943951720458789 0.83085489463857 1 1 1 1 1 1 1 1 0.661976527073886 0.567151240330755 0.561916511069619 0.850060016004268 1 1 1 0.962656708455588 0.850060016004268 0.86889837289944 0.717691384369165 0.623299546545746 0.623232862096559 0.604227794078421 0.604227794078421 0.604227794078421 0.604227794078421 0.622866097626034 0.604227794078421 0.604227794078421 0.604227794078421 0.906208322219259 0.906208322219259 0.849593224859963 0.774039743931715 0.604227794078421 0.604227794078421 0.604227794078421 0.849826620432115 0.906208322219259 0.943484929314484 0.962089890637503 0.980928247532675 0.980928247532675 0.980928247532675 0.980928247532675 0.980928247532675 0.980928247532675 0.980928247532675 0.980928247532675 0.980928247532675 0.980928247532675 0.980928247532675 0.77470658842358 0.736796479061083 0.66097626033609 0.641971192317951 0.604227794078421 0.604227794078421 0.604227794078421 0.604227794078421 0.641971192317951 0.623232862096559 0.718024806615097 0.736796479061083
0.623299546545746 0.661076287009869 0.679814617231262 0.661076287009869 0.962656708455588 0.792844758602294 1 1 0.943785009335823 1 1 1 1 0.887936783142171 0.467024539877301 0.585689517204588 0.77037209922646 1 1 1 0.981395038676981 0.906308348893038 0.83105494798613 0.642304614563884 0.623299546545746 0.604227794078421 0.585456121632435 0.532275273406242 0.490164043744999 0.604227794078421 0.371198986396372 0.547746065617498 0.39650573486263 0.528774339823953 0.471425713523606 0.53267538010136 0.680048012803414 0.58498933048813 0.58498933048813 0.58498933048813 0.566351026940518 0.566351026940518 0.604227794078421 0.604227794078421 0.906208322219259 0.849693251533742 0.812049879967992 0.980928247532675 0.980928247532675 0.980928247532675 0.980928247532675 0.980928247532675 0.980928247532675 0.980928247532675 0.980928247532675 0.980928247532675 0.980928247532675 0.641971192317951 0.623232862096559 0.604227794078421 0.604227794078421 0.604227794078421 0.604227794078421 0.604227794078421 0.604227794078421 0.604227794078421 0.623232862096559 0.623232862096559 0.623232862096559
0.623299546545746 0.679814617231262 0.717457988797013 0.887469991997866 0.887469991997866 0.736463056815151 1 1 0.981261669778608 1 0.962523339557215 1 0.62386636436383 0.680748199519872 0.561182982128568 0.632735396105628 0.981561749799947 1 1 1 0.981395038676981 0.83105494798613 0.6988196852494 0.623299546545746 0.604227794078421 0.604227794078421 0.604227794078421 0.352627367297946 0.505334755934916 0.277107228594292 0.382468658308882 0.319751933849026 0.0237730061349693 0.248466257668712 0.453087489997333 0.491364363830355 0.528574286476394 0.566351026940518 0.547512670045345 0.528574286476394 0.509469191784476 0.49089757268605 0.509469191784476 0.660842891437717 0.79321152307282 0.849693251533742 0.642504667911443 0.793178180848226 0.774339823953054 0.90570818885036 0.980928247532675 0.604227794078421 0.943484929314484 0.962089890637503 0.980928247532675 0.962089890637503 0.980928247532675 0.604227794078421 0.604227794078421 0.604227794078421 0.585656174979995 0.793511603094158 0.566817818084823 0.585389437183249 0.906208322219259 0.604227794078421 0.604227794078421 0.604227794078421 0.604227794078421
0.679814617231262 0.755101360362763 0.6988196852494 0.83085489463857 0.642304614563884 0.887469991997866 1 1 1 0.887469991997866 1 0.944118431581755 0.737329954654575 0.699686583088824 0.561182982128568 0.915077353961056 1 1 1 1 1 0.83105494798613 0.642304614563884 0.623232862096559 0.604227794078421 0.604227794078421 0.490164043744999 0.253334222459323 0.448486263003468 0.0237730061349693 0.0237730061349693 0 0 0 0.343558282208589 0.453821018938384 0.490830888236863 0.509935982928781 0.509469191784476 0.509469191784476 0.509469191784476 0.196285676180315 0.490830888236863 0.490830888236863 0.547612696719125 0.642071218991731 0.623332888770339 0.604561216324353 0.566551080288077 0.566551080288077 0.943484929314484 0.943484929314484 0.924713256868498 0.980928247532675 0.924713256868498 0.943484929314484 0.943484929314484 0.604227794078421 0.604227794078421 0.447385969591891 0.510302747399306 0.491364363830355 0.486096292344625 0.604094425180048 0.755334755934916 0.868598292878101 0.906208322219259 0.906208322219259 0.943484929314484
0.755101360362763 0.86889837289944 0.736463056815151 0.962523339557215 0.811716457722059 1 1 1 1 1 0.981561749799947 0.623933048813017 0.751367031208322 0.656575086689784 0.715390770872233 0.962723392904775 1 1 1 1 0.981395038676981 0.83105494798613 0.679814617231262 0.604227794078421 0.604227794078421 0.585789543878368 0.490164043744999 0.310882902107229 0.0237730061349693 0 0 0 0 0 0 0.319751933849026 0.424046412376634 0.453087489997333 0.453087489997333 0.453087489997333 0.471659109095759 0.471659109095759 0.471659109095759 0.453087489997333 0.490830888236863 0.490830888236863 0.509469191784476 0.566551080288077 0.566551080288077 0.69871965857562 0.755234729261136 0.887369965324086 0.943484929314484 0.980928247532675 0.830821552413977 0.585456121632435 -9999 0.604227794078421 0.529074419845292 0.281341691117631 0.453087489997333 0.453087489997333 0.428881034942651 0.453087489997333 0.472259269138437 0.736863163510269 0.717624699919979 0.793378234195786 0.887469991997866
0.86889837289944 0.981395038676981 0.849893304881302 1 0.924946652440651 0.981395038676981 1 1 1 1 0.812850093358229 0.699686583088824 0.548012803414244 0.713623632968792 0.789010402774073 1 1 1 1 1 1 0.812016537743398 0.642304614563884 0.623299546545746 0.604227794078421 0.604227794078421 0.347425980261403 0.434115764203788 0.0237730061349693 0 0 0 0 0 0 0 0 0.453087489997333 0.453087489997333 0.453087489997333 0.453087489997333 0.453087489997333 0.453087489997333 0.453087489997333 0.453087489997333 0.453087489997333 0.467257935449453 0.490830888236863 0.490830888236863 0.472259269138437 0.566751133635636 0.698486263003468 0.868598292878101 0.604227794078421 0.585456121632435 0.585456121632435 0.642071218991731 0.491364363830355 0.334355828220859 0.0237730061349693 0.047445985596159 0.0237730061349693 0.0422112563350227 0.428881034942651 0.453087489997333 0.453087489997333 0.491364363830355 0.510302747399306 0.755601493731662
0.962656708455588 0.924946652440651 1 1 0.887469991997866 1 1 1 1 0.812850093358229 0.613563616964524 0.5615164043745 0.443018138170179 0.623933048813017 0.826620432115231 1 1 1 1 1 0.981395038676981 0.736463056815151 0.623299546545746 0.604227794078421 0.604227794078421 0.604227794078421 0.547846092291278 0.429981328354228 0 0 0 0 0 0 0 0 0 0 0.0900573486263004 0.0184382502000534 0.0184382502000534 0.0422112563350227 0.0422112563350227 0.0184382502000534 0.429247799413177 0.453087489997333 0.453087489997333 0.453087489997333 0.453087489997333 0.453087489997333 0.453087489997333 0.491364363830355 0.528941050946919 0.566817818084823 0.566817818084823 0.566817818084823 0.491364363830355 -9999 0.0237730061349693 0 0 0 0 0 0.0184382502000534 0.333755668178181 0.453087489997333 0.472259269138437 0.528974393171512
1 0.943785009335823 1 1 1 1 1 1 0.957722059215791 0.613563616964524 0.589757268604961 0.419178447586023 0.462123232862097 0.50526807148573 0.981561749799947 1 1 1 1 0.906308348893038 0.86889837289944 0.679814617231262 0.623299546545746 0.604227794078421 0.604227794078421 0.585122699386503 0.528574286476394 0.453821018938384 0 0 0 0 0 0 0 0 0 0 0 0 0 0 0 0 0 0.0184382502000534 0.0184382502000534 0.137703387570019 0.13823686316351 0.429247799413177 0.381268338223526 0.453087489997333 0.453087489997333 0.472259269138437 0.453087489997333 0.453087489997333 0.429247799413177 0 -9999 -9999 0 0 0 0 0 0 0.429314483862363 0.453087489997333 0.490830888236863
1 0.924946652440651 1 1 1 1 1 0.699686583088824 0.618531608428914 0.63740330754868 -9999 0.419178447586023 0.419178447586023 0.5103360896239 0.981561749799947 1 1 1 1 0.86889837289944 0.83105494798613 0.623299546545746 0.604227794078421 0.604227794078421 0.604227794078421 0.585122699386503 0.528574286476394 0.453821018938384 0 0 0 0 0 0 0 0 0 0 0 0 0 0 0 0 0 0 0 0 0 0 0.0184382502000534 0.0898906375033342 0.0422112563350227 0.453087489997333 0.333822352627367 0.113863696985863 0.0237730061349693 0 0 0 -9999 0 0 0 0 0 0 0.357495332088557 0.453087489997333
0.86889837289944 1 1 1 1 1 0.656575086689784 0.651907175246732 0.528941050946919 0.63740330754868 0.518905041344359 0.419178447586023 0.419178447586023 0.457622032542011 1 1 1 1 1 1 0.6988196852494 0.623299546545746 0.604227794078421 0.604227794078421 0.86869831955188 0.641937850093358 0.528574286476394 0.453821018938384 0 0 0 0 0 0 0 0 0 0 0 0 0 0 0 0 0 0 0 0 0 0 0 0 0 0 0 0 0 0 0 0 0 0 0 0 0 0 0 0.453087489997333 0.453087489997333
1 1 0.943785009335823 1 1 0.679447852760736 0.84512536676447 0.637636703120832 0.352427313950387 0.63740330754868 0.641837823419579 0.443018138170179 0.371599093091491 0.600093358228861 1 1 1 1 1 1 1 0.604227794078421 0.604227794078421 0.887469991997866 0.887469991997866 0.755001333688984 0.528574286476394 0.490830888236863 0.409609229127767 0 0 0 0 0 0 0 0 0 0 0 0 0 0 0 0 0 0 0 0 0 0 0 0 0 0 0 0 0 0 0 0 0 0 0 0 0 0 0.453087489997333 0.405341424379835
0.83105494798613 0.756335022672713 1 0.981561749799947 0.675680181381702 0.674346492397973 0.756501733795679 0.480728194185116 0.41904507868765 0.419111763136837 -9999 0.628034142437984 0.419111763136836 0.793778340890904 1 1 1 1 1 1 1 0.623232862096559 0.604227794078421 0.943484929314484 0.943484929314484 0.868464923979728 0.660909575886903 0.528574286476394 0.453087489997333 0.0422112563350227 0 0 0 0 0 0 0 0 0 0 0 0 0 0 0 0 0 0 0 0 0 0 0 0 0 0 0 0 0 0 0 0 0 0 0 0 0 0 0.453087489997333
0.944118431581755 1 0.957722059215791 0.63740330754868 0.623199519871966 0.481161643104828 0.770538810349427 0.524106428380902 0.400006668444919 0.41904507868765 -9999 -9999 0.522606028274206 0.887936783142171 1 1 1 1 1 1 1 0.980928247532675 0.980928247532675 0.962323286209656 0.943484929314484 0.906208322219259 0.849593224859963 0.604227794078421 0.510302747399306 0.357928781008269 0.0237730061349693 0 0 0 0 0 0 0 0 0 0 0 0 0 0 0 0 0 0 0 0 0 0 0 0 0 -9999 -9999 0 0 0 0 0 0 0 0 0 0 0.0184382502000534
0.981561749799947 0.981561749799947 0.618765004001067 0.590024006401707 0.486129634569218 0.419178447586023 0.794211789810616 0.718624966657775 0.442884769271806 0.718624966657775 0.741531074953321 0.661176313683649 0.599526540410776 0.981561749799947 1 1 1 1 1 1 1 1 0.623232862096559 -9999 0.980928247532675 0.962323286209656 0.604227794078421 0.604227794078421 0.604227794078421 0.529074419845292 0.472259269138437 0.339523873032809 0 0 0 0 0 0 0 0 0 0 0 0 0 0 0 0 0 0 0 0 0 0 0 0 0 0 0 0 0 0 0 0 0 0 0 0 0
0.962723392904775 0.613596959189117 0.656508402240597 0.480728194185116 0.352427313950387 0.371599093091491 0.623933048813017 0.794211789810616 0.423846359029074 1 1 0.850060016004268 1 1 1 1 1 1 1 1 1 0.812183248866364 -9999 -9999 -9999 -9999 0.604227794078421 0.604227794078421 0.604227794078421 0.604227794078421 0.547712723392905 0.491364363830355 0.176580421445719 0 0 0 0 0 0 0 0 0 0 0 0 0 0 0 0 0 0 0 0 0 0 0 -9999 -9999 0 0 0 0 0 0 0 0 0 0 0
0.934149106428381 0.656508402240597 0.590024006401707 0.452520672179248 0.395405441451054 0.400006668444919 0.567151240330755 0.794211789810616 0.962723392904775 0.962389970658842 1 1 1 1 1 1 0.850060016004268 1 1 1 1 0.86889837289944 -9999 -9999 -9999 -9999 -9999 0.604227794078421 0.604227794078421 0.604227794078421 0.585122699386503 0.528574286476394 0.409609229127767 0.0237730061349693 0 0 0 0 0 0 0 0 0 0 0 0 0 0 0 0 0 0 0 0 0 0 0 0 0 0 0 0 0 0 0 0 0 0 0
0.680514803947719 0.613596959189117 0.352427313950387 0.433482261936516 0.5103360896239 0.58622299279808 0.944118431581755 0.81265004001067 1 1 1 1 0.924979994665244 0.86889837289944 0.793611629767938 0.850060016004268 0.86889837289944 0.924946652440651 1 1 1 0.86889837289944 -9999 -9999 -9999 -9999 -9999 -9999 0.604227794078421 0.604227794078421 0.604227794078421 0.56668444918645 0.453821018938384 0 0 0 0 0 0 0 0 0 0 0 0 0 0 0 0 0 0 0 0 0 0 0 0 0 0 0 0 0 0 0 0 0 0 0 0
0.661409709255802 0.613596959189117 0.604927980794879 0.681048279541211 0.869231795145372 0.642604694585223 0.831188316884503 1 1 1 1 1 0.81265004001067 0.831421712456655 0.717691384369165 0.642304614563884 0.717691384369165 0.86889837289944 0.962656708455588 0.850060016004268 1 1 1 0.943951720458789 -9999 0.830988263536943 -9999 -9999 -9999 0.604227794078421 0.604227794078421 0.585789543878368 0.42007868765004 0.315950920245399 0 0 0 0 0 0 0 0 0 0 0 0 0 0 0 0 0 0 0 0 0 0 0 0 0 0 0 0 0 0 0 0 0 0 0
0.680581488396906 0.756335022672713 0.944118431581755 1 0.850060016004268 0.906174979994665 1 1 1 0.887469991997866 0.86889837289944 0.850060016004268 0.850060016004268 0.850060016004268 0.850060016004268 0.793378234195786 0.661042944785276 0.86889837289944 0.850060016004268 0.850060016004268 0.925080021339024 0.830988263536943 1 0.980928247532675 0.980928247532675 0.849826620432115 -9999 -9999 -9999 0.604227794078421 0.604227794078421 0.604227794078421 0.528574286476394 0.453087489997333 0.357962123232862 0.0477794078420912 0 0 0 0 0 0 0 0 0 0 0 0 0 0 0 0 0 0 0 0 0 0 0 0 0 0 0 0 0 0 0 0 0
1 0.831455054681248 0.86889837289944 1 1 0.86889837289944 0.849893304881302 0.86889837289944 0.812016537743398 0.793144838623633 0.850060016004268 0.661042944785276 0.717691384369165 0.680048012803414 0.850060016004268 0.812416644438517 0.755368098159509 0.850060016004268 0.831421712456655 0.86889837289944 0.86889837289944 0.887736729794612 0.980928247532675 0.980928247532675 0.980928247532675 0.830988263536943 0.830988263536943 0.830988263536943 0.66097626033609 0.604227794078421 0.604227794078421 0.604227794078421 0.604227794078421 0.510002667377968 0.472259269138437 0.453087489997333 0.333755668178181 0.0477794078420912 0 0 0 0 0 0 0 0 0 0 0 0 0 0 0 0 0 0 0 0 0 0 0 0 0 0 0 0 0 0 0
0.604861296345692 0.604861296345692 0.604861296345692 0.604861296345692 0.623299546545746 0.623299546545746 0.6988196852494 0.623299546545746 0.604861296345692 0.642304614563884 0.623299546545746 0.623299546545746 0.661042944785276 0.661042944785276 0.623232862096559 0.774473192851427 0.81234995998933 0.830988263536943 0.850060016004268 0.850060016004268 0.86889837289944 0.86889837289944 0.86889837289944 0.641971192317951 0.793578287543345 0.830988263536943 -9999 -9999 0.81234995998933 0.641971192317951 0.604227794078421 0.604227794078421 0.604227794078421 0.604227794078421 0.547712723392905 0.51013603627634 0.252600693518272 0.429514537209923 0.453087489997333 0.0661843158175514 0 0 0 0 0 0 0 0 0 0 0 0 0 0 0 0 0 0 0 0 0 0 0 0 0 0 0 0 0
0.604861296345692 0.604861296345692 0.604861296345692 0.604861296345692 0.623299546545746 0.661042944785276 0.736463056815151 0.623299546545746 0.623299546545746 0.623299546545746 0.604861296345692 0.604861296345692 0.623299546545746 0.623232862096559 0.623232862096559 0.66097626033609 0.755701520405441 0.81234995998933 0.81234995998933 0.831421712456655 0.850060016004268 0.86889837289944 0.830988263536943 0.830988263536943 0.736696452387303 0.793578287543345 0.830988263536943 0.830988263536943 0.830988263536943 0.81234995998933 0.641971192317951 0.604227794078421 0.604227794078421 0.604227794078421 0.604227794078421 0.604227794078421 0.547712723392905 0.51013603627634 0.453087489997333 0.453087489997333 0.405041344358496 0 0 0 0 0 0 0 0 0 0 0 0 0 0 0 0 0 0 0 -9999 0 0 0 0 0 0 0 0
0.604861296345692 0.642304614563884 0.679814617231262 0.736463056815151 0.680048012803414 0.661042944785276 0.623299546545746 0.623299546545746 0.623299546545746 0.623299546545746 0.623299546545746 0.604227794078421 0.604227794078421 0.604227794078421 0.623232862096559 0.623232862096559 0.623232862096559 0.604227794078421 0.604227794078421 0.641971192317951 0.812416644438517 0.850060016004268 0.850060016004268 0.830988263536943 0.830988263536943 0.562216591090958 0.793578287543345 0.980928247532675 0.980928247532675 0.980928247532675 0.755701520405441 0.623232862096559 0.604227794078421 0.604227794078421 0.604227794078421 0.604227794078421 0.604227794078421 0.585122699386503 0.547512670045345 0.491364363830355 0.453087489997333 0.333755668178181 0.0477794078420912 0 0 0 0 0 0 0 0 0 0 0 0 0 0 0 0 -9999 0 0 0 0 0 0 0 0 0
0.62386636436383 0.642304614563884 0.812183248866364 0.774473192851427 0.680048012803414 0.623299546545746 0.623299546545746 0.623299546545746 0.623299546545746 0.604227794078421 0.604227794078421 0.604227794078421 0.604227794078421 0.604227794078421 0.580454787943452 0.604227794078421 0.604227794078421 0.604227794078421 0.604227794078421 0.623232862096559 0.793578287543345 0.661042944785276 0.831421712456655 0.830988263536943 0.830988263536943 0.830988263536943 0.580654841291011 0.980928247532675 0.980928247532675 0.980928247532675 0.980928247532675 0.623232862096559 0.604227794078421 0.623232862096559 0.604227794078421 0.604227794078421 0.604227794078421 0.604227794078421 0.604227794078421 0.604227794078421 0.547712723392905 0.491364363830355 0.453087489997333 0.429314483862363 0 0 0 0 0 0 0 0 0 0 0 0 0 0 0 0 0 0 0 0 0 0 0 0 0
0.604861296345692 0.623299546545746 0.623299546545746 0.77470658842358 0.604227794078421 0.604227794078421 0.604227794078421 0.604227794078421 0.580221392371299 0.604227794078421 0.604227794078421 0.604227794078421 0.604227794078421 0.604227794078421 0.604227794078421 0.604227794078421 0.604227794078421 0.604227794078421 0.604227794078421 0.604227794078421 0.641971192317951 0.641971192317951 0.661042944785276 0.81234995998933 0.830988263536943 0.830988263536943 0.736696452387303 0.896238997065884 0.980928247532675 0.980928247532675 0.793578287543345 0.755701520405441 0.604227794078421 0.604227794078421 0.641971192317951 0.604227794078421 0.604227794078421 0.604227794078421 0.604227794078421 0.604227794078421 0.604227794078421 0.604227794078421 0.510002667377968 0.472259269138437 0.333755668178181 0.0237730061349693 0 0 0 0 0 0 0 0 0 0 0 0 0 0 0 0 0 0 0 0 0 0 0
0.604861296345692 0.642304614563884 0.623299546545746 0.623299546545746 0.604227794078421 0.604227794078421 0.604227794078421 0.604227794078421 0.604227794078421 0.547512670045345 0.528574286476394 0.505001333688984 0.509469191784476 0.566351026940518 0.566351026940518 0.604227794078421 0.604227794078421 0.604227794078421 0.604227794078421 0.604227794078421 0.604227794078421 0.604227794078421 0.604227794078421 0.717758068818352 0.81234995998933 0.830988263536943 0.830988263536943 0.580654841291011 0.770205388103494 0.943484929314484 0.699019738596959 0.81234995998933 0.793578287543345 0.81234995998933 0.793578287543345 0.641971192317951 0.604227794078421 0.604227794078421 0.604227794078421 0.604227794078421 0.604227794078421 0.58002133902374 0.604227794078421 0.547512670045345 0.472259269138437 0.339523873032809 0 0 0 0 0 0 0 0 0 0 0 0 0 0 0 0 0 0 0 0 0 0 0
0.642604694585223 0.793144838623633 0.623299546545746 0.623299546545746 0.604227794078421 0.604227794078421 0.604227794078421 0.585122699386503 0.346759135769539 0.443218191517738 0.490830888236863 0.467257935449453 0.485896238997066 0.505001333688984 0.542778074153108 0.566351026940518 0.566351026940518 0.585456121632435 0.566351026940518 0.585122699386503 0.604227794078421 0.604227794078421 0.604227794078421 0.604227794078421 0.717758068818352 0.717691384369165 0.81234995998933 0.793578287543345 0.562216591090958 0.562216591090958 0.580654841291011 0.641971192317951 0.717791411042945 0.717791411042945 0.81234995998933 0.830988263536943 0.81234995998933 0.755701520405441 0.980928247532675 0.641971192317951 0.604227794078421 0.604227794078421 0.604227794078421 0.604227794078421 0.585656174979995 0.51013603627634 0.453087489997333 0.339523873032809 0.0475793544945319 0 0 0 0 0 0 0 0 0 0 0 0 0 0 0 0 0 0 0 0
0.83105494798613 0.83105494798613 0.623299546545746 0.623299546545746 0.604227794078421 0.604227794078421 0.604227794078421 0.485896238997066 0.443951720458789 0.338256868498266 0.290244065084022 0.381368364897306 0.453087489997333 0.424846625766871 0.528574286476394 0.505001333688984 0.566351026940518 0.566351026940518 0.566351026940518 0.585122699386503 0.585122699386503 0.604227794078421 0.604227794078421 0.604227794078421 0.623232862096559 0.679847959455855 0.661042944785276 0.830988263536943 0.580654841291011 0.604227794078421 0.623232862096559 0.580654841291011 0.580654841291011 0.580654841291011 0.751000266737797 0.580654841291011 0.604227794078421 0.980928247532675 0.943484929314484 0.604227794078421 0.604227794078421 0.623232862096559 0.604227794078421 0.604227794078421 0.604227794078421 0.604227794078421 0.523739663910376 0.51013603627634 0.453087489997333 0.309782608695652 0 0 0 0 0 0 0 0 0 0 0 0 0 0 0 0 0 0 0
0.850060016004268 0.83105494798613 0.623299546545746 0.623299546545746 0.623299546545746 0.604227794078421 0.585122699386503 0.509469191784476 0.453087489997333 0.433382235262737 0.066284342491331 0 0 0.362029874633235 0.358162176580421 0.472259269138437 0.485896238997066 0.523839690584156 0.547412643371566 0.528574286476394 0.566284342491331 0.604227794078421 0.604227794078421 0.604227794078421 0.641971192317951 0.66097626033609 0.66097626033609 0.81234995998933 0.623232862096559 0.641971192317951 0.81234995998933 0.793578287543345 0.755701520405441 0.755701520405441 0.641971192317951 0.943484929314484 0.618831688450253 0.604227794078421 0.713123499599893 0.562216591090958 0.604227794078421 0.604227794078421 0.623232862096559 0.604227794078421 0.604227794078421 0.604227794078421 0.604227794078421 0.585122699386503 0.529074419845292 0.453087489997333 0.333755668178181 0 0 0 0 0 0 0 0 0 0 0 0 0 0 0 0 0 0
0.86889837289944 0.77450653507602 0.623299546545746 0.623299546545746 0.623299546545746 0.604227794078421 0.585122699386503 0.49089757268605 0.453087489997333 0.26240330754868 0 0 0 0 0.405508135502801 0.472259269138437 0.490830888236863 0.509469191784476 0.509469191784476 0.490830888236863 0.49089757268605 0.566351026940518 0.604227794078421 0.604227794078421 0.604227794078421 0.66097626033609 0.66097626033609 0.793578287543345 0.604227794078421 0.77470658842358 0.717758068818352 0.641971192317951 0.641971192317951 0.66097626033609 0.66097626033609 0.641971192317951 0.604227794078421 0.604227794078421 0.623266204321152 0.562216591090958 0.495065350760203 0.562216591090958 0.604227794078421 0.604227794078421 0.604227794078421 0.604227794078421 0.604227794078421 0.604227794078421 0.604227794078421 0.547712723392905 0.472259269138437 0.262536676447053 0 0 0 0 0 0 0 0 0 0 0 0 0 0 0 0 0
