data-raw/DATASET_PNE/a_DATA/PFGS/ENVSUIT_A1B/HS_f75_C2_VaccUli.asc
NCOLS 619 
NROWS 782 
XLLCORNER 876826 
YLLCORNER 1947424 
CELLSIZE 100 
NODATA_value -9999 
[rows 24 to 47 of 782, columns 270 to 323 of 619]
0.713784709572792 0.584241688251495 0.34074691683054 0.514771535992622 0.542265057563782 0.644162744283676 0.765067547559738 0.840428113937378 0.742796421051025 0.737695455551147 0.838788509368896 0.858676195144653 0.979247003793716 0.989175647497177 1 1 0.946272969245911 0.86110520362854 0.904023081064224 0.89341127872467 0.81817215681076 0.914786696434021 0.936055868864059 1 0.990071356296539 0.949187785387039 0.930028855800629 0.89341127872467 0.990071356296539 0.915591299533844 0.872673451900482 0.946834653615952 0.946272969245911 0.935494154691696 1 1 1 1 1 1 1 1 1 1 1 1 1 1 1 1 1 1 -9999 -9999
0.654152125120163 0.595035672187805 0.351404272019863 0.34074691683054 0.403279192745686 0.574464857578278 0.623440116643906 0.850326389074326 0.71753454208374 0.644496753811836 0.734537720680237 0.869424611330032 0.93022620677948 1 1 1 0.946272969245911 0.914953708648682 0.893471986055374 0.861332923173904 0.989221185445786 0.980051606893539 0.958615452051163 0.947639286518097 0.937786549329758 0.874798834323883 0.990071356296539 0.780324876308441 0.874874740839005 0.915591299533844 0.893942594528198 0.979247003793716 0.957613468170166 0.946272969245911 1 1 1 1 1 1 1 1 1 1 1 1 1 1 1 1 1 1 -9999 -9999
0.595172315835953 0.563853055238724 0.503112182021141 0.253818120807409 0.351358734071255 0.360467590391636 0.595172315835953 0.743722468614578 0.860103219747543 0.431729175150394 0.744527071714401 0.7947016954422 0.910262644290924 1 1 1 0.893517524003983 0.904129356145859 0.967542141675949 0.969227254390717 0.958448439836502 0.980051606893539 0.958478808403015 0.884803384542465 0.813283741474152 0.929133147001266 0.886093825101852 0.731106728315353 0.761348098516464 0.781827837228775 0.979247003793716 0.990071356296539 0.968407481908798 0.989175647497177 0.978366494178772 0.978351294994354 1 1 1 1 1 1 1 1 1 1 1 1 1 1 1 1 -9999 -9999
0.553013503551483 0.542234718799591 0.381023235619068 0.117504172027111 0.15576134622097 0.224897529929876 0.34074691683054 0.477744050323963 0.783998787403107 0.664111122488976 0.683968424797058 0.848565369844437 0.899438291788101 0.967526942491531 1 1 0.980051606893539 1 1 0.978518307209015 0.956884801387787 0.967542141675949 0.979247003793716 0.874677389860153 0.92020645737648 0.890420526266098 0.7857446372509 0.773827224969864 0.828541070222855 0.763534218072891 0.92854106426239 0.990071356296539 1 1 0.97836646437645 0.946014851331711 1 1 1 1 1 1 1 1 1 1 1 1 1 1 1 1 -9999 -9999
0.553013503551483 0.412251390516758 0.382769085466862 0.116669193841517 0.392439641058445 0.585258841514587 0.703840881586075 0.624593883752823 0.755366623401642 0.712312117218971 0.82129955291748 0.785000771284103 0.815196603536606 0.936086237430573 0.978366494178772 1 0.956702589988708 0.935251235961914 0.872825264930725 0.914589315652847 0.925398498773575 0.915378779172897 0.887945950031281 0.909397304058075 0.878882646560669 0.88076514005661 0.727569460868835 0.752375900745392 0.753317147493362 0.650630041956902 0.721178084611893 0.831865787506104 0.980051606893539 0.990071356296539 1 0.989175647497177 0.989160478115082 0.989160478115082 1 1 1 1 1 1 1 1 1 1 1 1 1 1 -9999 -9999
0.563625335693359 0.430742368102074 0.177971758879721 0.146075599826872 0.585258841514587 0.664080768823624 0.80631548166275 0.929042041301727 0.817959606647491 0.382070742547512 0.734507367014885 0.81657811999321 0.827235460281372 0.907939881086349 0.936890840530396 0.905328691005707 0.905328691005707 0.895278573036194 0.844982534646988 0.878032475709915 0.926901459693909 0.907226353883743 0.888826489448547 0.929588586091995 0.87961134314537 0.732548952102661 0.809716105461121 0.830332487821579 0.829436779022217 0.850204944610596 0.851055115461349 0.851055115461349 0.900349169969559 0.857886761426926 0.990071356296539 1 1 0.967526942491531 1 1 1 1 1 1 1 1 1 1 1 1 1 1 -9999 -9999
0.478457562625408 0.415044791996479 0.137771363370121 0.194823134690523 0.585258841514587 0.763519048690796 0.848656445741653 0.819675117731094 0.879899799823761 0.752816170454025 0.442371346056461 0.724654614925385 0.826491564512253 0.848550170660019 0.8699711561203 0.826020956039429 0.83676940202713 0.83676940202713 0.83676940202713 0.849628061056137 0.733915284276009 0.734674364328384 0.799058765172958 0.810672551393509 0.799028396606445 0.774221956729889 0.795582205057144 0.816972821950912 0.849263697862625 0.880552589893341 0.860998928546906 0.910247445106506 0.930211007595062 0.980203419923782 0.990071356296539 0.93634432554245 0.989175647497177 0.967526942491531 1 1 1 1 1 1 1 1 1 1 1 1 1 -9999 -9999 -9999
0.481600120663643 0.362016089260578 0.0681645646691322 0.382662810385227 0.615044772624969 0.795749217271805 0.848550170660019 0.78742977976799 0.773386985063553 0.774267494678497 0.776119619607925 0.644678920507431 0.704114153981209 0.763519048690796 0.774358570575714 0.763519048690796 0.763519048690796 0.76436921954155 0.684180960059166 0.723834842443466 0.88076514005661 0.878746002912521 0.890693783760071 0.722954303026199 0.900349169969559 0.889691829681396 0.939198434352875 0.939198434352875 0.896887809038162 0.890299081802368 0.890299081802368 0.930211007595062 0.990071356296539 1 1 0.967633217573166 1 1 1 1 1 1 1 1 1 1 1 1 1 1 1 -9999 -9999 -9999
0.501093059778214 0.233383938670158 0.058311827480793 0.382662810385227 0.624442085623741 0.795005321502686 0.84703204035759 0.721162915229797 0.763519048690796 0.763519048690796 0.838788509368896 0.773386985063553 0.784226506948471 0.674404129385948 0.664354041218758 0.644451186060905 0.674859583377838 0.785683929920197 0.869424611330032 0.900349169969559 0.946971297264099 0.968574464321136 0.899635642766953 0.732776701450348 0.889691829681396 0.844952166080475 0.990071356296539 0.908577501773834 0.910247445106506 0.910247445106506 0.980203419923782 0.990071356296539 0.990071356296539 0.978472739458084 1 1 1 1 1 1 1 1 1 1 1 1 1 1 1 -9999 -9999 -9999 -9999 -9999
0.391407325863838 0.117504172027111 0.362016089260578 0.575345367193222 0.733900099992752 0.878487944602966 0.898163050413132 0.742082893848419 0.805328667163849 0.889676630496979 0.959283441305161 0.812873840332031 0.856854408979416 0.806543201208115 0.797358423471451 0.848701983690262 0.857567936182022 0.802049517631531 0.908744484186172 0.946136325597763 0.96757248044014 0.957780480384827 0.884606033563614 0.797130703926086 0.939365416765213 0.939365416765213 0.959268271923065 0.864278107881546 0.960194319486618 0.980203419923782 0.980203419923782 0.990071356296539 1 1 1 1 1 1 1 1 1 1 1 1 1 1 1 1 1 -9999 -9999 -9999 -9999 -9999
0.341612257063389 0.186685889959335 0.536313965916634 0.644709289073944 0.773386985063553 0.878487944602966 0.804660707712173 0.869925618171692 0.804372251033783 1 0.946212232112885 1 0.948489457368851 0.859359353780746 0.870153337717056 0.899453461170197 0.850857734680176 0.9677394926548 0.978518307209015 0.989175647497177 0.967709124088287 0.978518307209015 0.96925762295723 0.857400953769684 0.939365416765213 0.938530445098877 0.947639286518097 0.895855486392975 0.980203419923782 0.980203419923782 0.990071356296539 1 1 1 1 1 1 1 1 1 1 1 1 1 1 1 1 1 1 -9999 -9999 -9999 -9999 -9999
0.128115981817245 0.383664786815643 0.585258841514587 0.733900099992752 0.869287997484207 0.878487944602966 0.826947003602982 0.878897845745087 0.917929261922836 1 1 1 0.94766965508461 0.88076514005661 0.870897233486176 0.804357081651688 0.913754373788834 1 1 1 1 1 0.970031887292862 0.836526483297348 0.78377103805542 1 0.990071356296539 0.884211331605911 0.862092018127441 0.990071356296539 1 1 1 1 1 1 1 1 1 1 1 1 1 1 1 1 1 1 1 -9999 -9999 -9999 -9999 -9999
0.186685889959335 0.4913010597229 0.595172315835953 0.753742218017578 0.899802654981613 0.816411107778549 0.826734483242035 0.826036125421524 0.907089740037918 1 0.936313956975937 1 0.989342629909515 0.878746002912521 0.78742977976799 0.959981769323349 1 1 0.978336125612259 0.968468189239502 1 1 0.980051606893539 0.847229391336441 0.949415504932404 0.916380763053894 0.967587649822235 0.990071356296539 0.893472015857697 0.990071356296539 1 1 1 1 1 1 1 1 1 1 1 1 1 1 1 1 1 1 1 -9999 -9999 -9999 -9999 -9999
0.330924540758133 0.553772568702698 0.644709289073944 0.848656445741653 0.859268248081207 0.731288909912109 0.848307281732559 0.897707581520081 1 0.989160478115082 0.915545761585236 0.967526942491531 0.989342629909515 0.909397304058075 0.798891752958298 0.980021268129349 1 1 1 1 1 1 0.929284960031509 0.898664027452469 1 1 1 1 0.936177313327789 0.946272969245911 1 1 1 1 1 1 1 1 1 1 1 1 1 1 1 1 1 1 1 -9999 -9999 -9999 -9999 -9999
0.351404272019863 0.585258841514587 0.683953240513802 0.889889180660248 0.870897233486176 0.742796421051025 0.837528467178345 0.919371485710144 1 0.989160478115082 0.926157563924789 0.978351294994354 0.989190816879272 0.899453461170197 0.809685736894608 0.990071356296539 1 1 1 0.946272969245911 0.979292541742325 1 0.928677678108215 0.990071356296539 1 0.990071356296539 1 0.978518307209015 0.978518307209015 1 1 1 1 1 1 1 1 1 1 1 1 1 1 1 1 1 1 1 1 -9999 -9999 -9999 -9999 -9999
0.404235608875751 0.585258841514587 0.724062547087669 0.899802654981613 0.838651895523071 0.710551083087921 0.858099281787872 0.989949911832809 1 0.989160478115082 1 1 1 0.979960530996323 0.796356469392776 0.990071356296539 0.967526942491531 1 0.989190816879272 1 0.989175647497177 1 1 1 1 0.989190816879272 0.989190816879272 0.989175647497177 0.924821615219116 0.98920601606369 1 1 1 1 1 1 1 1 1 1 1 1 1 1 1 1 1 1 1 1 1 1 -9999 -9999
0.509898275136948 0.585258841514587 0.775132834911346 0.899802654981613 0.763519048690796 0.763427972793579 0.878503113985062 1 1 1 0.978336125612259 1 1 0.979960530996323 0.817792624235153 0.980081975460052 0.978351294994354 1 1 0.924684971570969 0.989388197660446 0.956717759370804 0.978336125612259 0.989175647497177 0.956884771585464 0.935448616743088 0.9677394926548 0.935448586940765 1 1 1 1 1 1 1 1 1 1 1 1 1 1 1 1 1 1 1 1 1 1 1 1 1 -9999
0.542265057563782 0.644709289073944 0.827022910118103 0.8699711561203 0.710551083087921 0.816122651100159 0.919189304113388 1 1 0.967648386955261 0.968468189239502 1 0.989342629909515 0.970031887292862 0.817792624235153 0.980051606893539 1 1 0.956824034452438 0.914073169231415 0.924684971570969 0.989175647497177 1 0.989160478115082 0.946272969245911 0.903446167707443 0.957112491130829 0.946090787649155 1 1 1 1 1 1 1 1 1 1 1 1 1 1 1 1 1 1 1 1 1 1 1 1 1 0.98920601606369
0.595202684402466 0.684196129441261 0.889190822839737 0.88076514005661 0.712463945150375 0.85696068406105 0.980051606893539 1 1 0.989388197660446 1 0.989190816879272 1 0.960012137889862 0.784773051738739 0.980051606893539 0.989190816879272 1 0.946014851331711 0.914073169231415 0.892591446638107 0.924684971570969 1 0.989190816879272 1 0.946272969245911 0.924715340137482 0.946318507194519 1 1 1 1 1 1 1 1 1 1 1 1 1 1 1 1 1 1 1 1 1 1 1 1 1 1
0.585258841514587 0.743843927979469 0.919872462749481 0.848656445741653 0.731865793466568 0.877637773752213 1 1 1 0.957112491130829 1 1 1 0.813314110040665 0.814042836427689 0.990071356296539 0.978351294994354 0.989190816879272 0.989190816879272 1 0.935752242803574 0.978427201509476 0.967648386955261 0.967648386955261 1 0.935721874237061 0.860163956880569 0.957006216049194 1 1 1 1 1 1 1 1 1 1 1 1 1 1 1 1 1 1 1 1 1 1 1 1 1 1
0.644709289073944 0.879064828157425 0.949506610631943 0.827114015817642 0.805328667163849 0.919204503297806 1 1 1 0.95715805888176 1 1 1 0.875573098659515 0.813314110040665 1 1 0.989190816879272 1 1 0.828252613544464 0.935403078794479 0.935585230588913 0.978472739458084 0.956960678100586 0.903279185295105 0.903097003698349 1 1 1 1 1 1 1 1 1 1 1 1 1 1 1 1 1 1 1 1 1 1 1 1 1 1 1
0.733900099992752 0.939851224422455 0.900409907102585 0.794777601957321 0.85696068406105 0.980051606893539 1 0.978351294994354 1 0.967936843633652 0.978351294994354 1 1 0.938742995262146 0.824092894792557 1 0.978351294994354 1 1 1 0.87112495303154 0.892667382955551 0.871049046516418 0.978427201509476 1 0.98920601606369 1 1 1 1 1 1 1 1 1 1 1 1 1 1 1 1 1 1 1 1 1 1 1 1 1 1 0.978548645973206 0.98920601606369
0.847821474075317 0.950250506401062 0.879854261875153 0.888522833585739 0.939410984516144 1 0.978351294994354 0.978351294994354 0.967542111873627 0.9355548620224 0.989190816879272 1 1 1 0.898664027452469 1 1 1 1 0.989221185445786 0.892485201358795 0.9032943546772 0.903279185295105 0.881873399019241 0.957158029079437 1 1 1 1 1 1 1 1 1 1 1 1 1 1 1 1 1 1 1 1 1 1 1 1 1 0.967936843633652 0.95706695318222 0.946227431297302 0.989221185445786
0.899802654981613 0.950250506401062 0.85421285033226 0.939410984516144 1 0.956869602203369 0.967542111873627 0.989190816879272 1 0.957112491130829 0.989190816879272 1 1 0.990071356296539 0.898694396018982 1 1 1 1 0.978381663560867 1 1 0.978609383106232 0.849567323923111 0.817306816577911 1 1 1 1 1 1 1 1 1 1 1 1 1 1 1 1 1 1 1 1 1 1 1 1 1 0.925064533948898 0.967845767736435 0.924867153167725 0.96786093711853
