data-raw/DATASET_PNE/a_DATA/PFGS/ENVSUIT_A1B/HS_f15_C4_shrubs.asc
NCOLS 619 
NROWS 782 
XLLCORNER 876826 
YLLCORNER 1947424 
CELLSIZE 100 
NODATA_value -9999 
[rows 270 to 296 of 782, columns 122 to 182 of 619]
0.598879620432854 0.66311152279377 0.708185479044914 0.817152440547943 0.447450265288353 0.743909731507301 0.661237597465515 0.447450265288353 0.310972452163696 0.188150387257338 0.140464892610908 0.127586618065834 0.127586618065834 0.127586618065834 0.191280253231525 0.0510745197534561 0.0128583386540413 0.127586618065834 0.127586618065834 0 0 0.0763924866914749 0.0637135654687881 0.0255771297961473 0.0893305689096451 0.216996930539608 0.242294959723949 0.152984328567982 0.127586618065834 0 0.127586618065834 0.140265538357198 0.127586618065834 0.11474821716547 0 0.102188907563686 0.229596108198166 0.229596108198166 0.191120766103268 0.292292967438698 0.264503002166748 0.330349668860435 0.401399478316307 0.447450265288353 0.447450265288353 0.465272501111031 0.483094766736031 0.407599374651909 0.311889469623566 0.508392795920372 0.204058848321438 0.178581394255161 0.127586618065834 0.102129101753235 0.0128583386540413 0 0 0 0 0 0
0.478449806571007 0.457617327570915 0.449005231261253 0.407599374651909 0.320362031459808 0.382540568709373 0.330269917845726 0.358378857374191 0.349088951945305 0.282544560730457 0.114788085222244 0.127586618065834 0.127586618065834 0.127586618065834 0.15310394205153 0.0637135673314333 0 0.0126988552510738 0.127586618065834 0 0 0.0763924866914749 0.101969622075558 0.127586618065834 0.0507156811654568 0.127606553025544 0.242294959723949 0.0766317099332809 0.0639328584074974 0 0.127586618065834 0.153123877942562 0.127586618065834 0.0891710892319679 0.038256049156189 0.0765519738197327 0.216737769544125 0.229596108198166 0.255173236131668 0.292292967438698 0.320441767573357 0.255173236131668 0.397731348872185 0.5107451826334 0.620031103491783 0.564471110701561 0.510226860642433 0.447450265288353 0.379091754555702 0.592460423707962 0.242474384605885 0.140265538357198 0.0892707630991936 0.127586618065834 0.0763725563883781 0 0 0 0 0 0
0.428671106696129 0.140464892610908 0.448506847023964 0.292791351675987 0.242334835231304 0.127586618065834 0.200689755380154 0.340277493000031 0.199513573199511 0.114788085222244 0.127586618065834 0.127586618065834 0.127586618065834 0.127586618065834 0.140405085869133 0.127586618065834 0 0.0765719041228294 0.0128583386540413 0.038256049156189 0.0892707630991936 0.0255571939051151 0.127586618065834 0.10194968432188 0.140405085869133 0.127586618065834 0.15310394205153 0.15328336134553 0.127586618065834 0 0.0639527961611748 0.153243489563465 0.140265538357198 0.114708341658115 0.0640325322747231 0.127586618065834 0.204278141260147 0.187751684337854 0.282205648720264 0.282863527536392 0.350344881415367 0.310972452163696 0.339739248156548 0.447450265288353 0.501236006617546 0.510226860642433 0.510226860642433 0.339121252298355 0.465272501111031 0.527889624238014 0.229596108198166 0.178401976823807 0.0254973880946636 0.0765719041228294 0.0636936351656914 0 0 0 0 0 0
0.530062600970268 0.127586618065834 0.320900283753872 0.15328336134553 0.127586618065834 0.140464892610908 0.140464892610908 0.184063635766506 0.19110082834959 0.165802799165249 0.127586618065834 0.127586618065834 0.127586618065834 0.127586618065834 0.0891710855066776 0.0893903747200966 0 0 0.0128583386540413 0.127586618065834 0.127586618065834 0.0893305689096451 0.0893305689096451 0.127447070553899 0.127586618065834 0.127586618065834 0.140405086800456 0.216677963733673 0.153323231264949 0 0.114967502653599 0.127586618065834 0.191419795155525 0.127586618065834 0.127586618065834 0.229596108198166 0.229596108198166 0.238586977124214 0.33080817759037 0.330349668860435 0.264503002166748 0.397731348872185 0.492324873805046 0.510226860642433 0.729336947202682 0.729336947202682 0.443582788109779 0.510226860642433 0.465272501111031 0.477074280381203 0.229596108198166 0.20389936119318 0 0.0512340031564236 0.0891710892319679 0 0 0 0 0 0
0.530062600970268 0.162493513897061 0.149794658645988 0.127586618065834 0 0.127586618065834 0.127586618065834 0.216817513108253 0.264164105057716 0.165802799165249 0.15310394205153 0.127586618065834 0.191280253231525 0.191160634160042 0.102188907563686 0.0510545819997787 0.0128583386540413 0 0.114788085222244 0.0512340031564236 0.0766317099332809 0.10194968432188 0.140405085869133 0.127586618065834 0.127586618065834 0.140444956719875 0.15328336134553 0.355308800935745 0.204218327999115 0.127586618065834 0.166022088378668 0.0893106311559677 0.229436621069908 0.140285473316908 0.127586618065834 0.242474384605885 0.216897249221802 0.271300993859768 0.247916743159294 0.330349668860435 0.255173236131668 0.447450265288353 0.656293600797653 0.692755475640297 0.672959625720978 0.727363348007202 0.564889773726463 0.628623262047768 0.417507275938988 0.41962043941021 0.192855149507523 0.153123877942562 0 0.0511143878102303 0.0126191144809127 0.0126988552510738 0 0 0 0 0
0.550137564539909 0.222479164600372 0.140464892610908 0.127586618065834 0.0892109572887421 0.127586618065834 0.127586618065834 0.140325345098972 0.229536302387714 0.165882539004087 0.229456558823586 0.229456558823586 0.0255173239856958 0.166141699999571 0.127586618065834 0.127586618065834 0 0.0128583386540413 0 0.0126789202913642 0.0382361151278019 0.127586618065834 0.127586618065834 0.127586618065834 0.127586618065834 0.216757707297802 0.318468168377876 0.234480287879705 0.166081894189119 0.229715719819069 0.229715719819069 0.203959174454212 0.216976992785931 0.127586618065834 0.127586618065834 0.242294959723949 0.242294959723949 0.22963597625494 0.235696353018284 0.320880353450775 0.310972452163696 0.510226860642433 0.647402420639992 0.92745503783226 0.73699215054512 0.367389671504498 0.837327063083649 0.801303774118423 0.417507275938988 0.491447702050209 0.241637088358402 0.183525383472443 0.178581394255161 0.0765519738197327 0.11474821716547 0.0637534409761429 0 0 0 0 0
0.568517997860909 0.306307561695576 0.127586618065834 0.127586618065834 0.127586618065834 0.127586618065834 0.127586618065834 0.127586618065834 0.127586618065834 0.10194968432188 0.0254973880946636 0 0.0382161792367697 0.127586618065834 0.0508552305400372 0 0 0 0 0.0255372598767281 0.127586618065834 0.127586618065834 0.127586618065834 0.127586618065834 0.153143811970949 0.264104306697845 0.378453806042671 0.264503002166748 0.229715719819069 0.165782861411572 0.226246953010559 0.22963597625494 0.242294959723949 0.127586618065834 0.127586618065834 0.153024200350046 0.255173236131668 0.255173236131668 0.320880353450775 0.339739248156548 0.447450265288353 0.647402420639992 0.8464375436306 0.909473299980164 0.755791246891022 0.525975853204727 0.837267249822617 0.85576730966568 0.447450265288353 0.465272501111031 0.314879797399044 0.136577486991882 0.178641200065613 0.0765120983123779 0.127586618065834 0.0892508253455162 0 0 0 0 0
0.636577486991882 0.457617327570915 0.127586618065834 0.127586618065834 0.0890315398573875 0.127586618065834 0.127586618065834 0.127586618065834 0.127586618065834 0.0639328584074974 0.0639328584074974 0.0126988552510738 0.0255372598767281 0.114708341658115 0 0 0 0.0128583386540413 0.0126789202913642 0.0253777764737606 0.127586618065834 0.127586618065834 0.127586618065834 0.127586618065834 0.166022088378668 0.213568031787872 0.358378857374191 0.264503002166748 0.140325345098972 0.0765320332720876 0.232506677508354 0.292253091931343 0.242294959723949 0.127666359767318 0.114967502653599 0.178581394255161 0.264503002166748 0.273872658610344 0.340277493000031 0.438100561499596 0.465451940894127 0.647402420639992 0.882640242576599 0.92745503783226 0.891352027654648 0.529185459017754 0.936306357383728 0.77439096570015 0.501315727829933 0.379091754555702 0.320441767573357 0.178342171013355 0.153084006160498 0.127566686831415 0.127586618065834 0.102049358189106 0 0 0 0 0
0.717176347970963 0.542960807681084 0.16558350995183 0.114887766540051 0.127586618065834 0.127586618065834 0.127586618065834 0.203979104757309 0.127427134662867 0.0126988552510738 0.114768147468567 0.114708341658115 0.0763924866914749 0 0 0.0128583386540413 0.0509349703788757 0 0.0512340031564236 0.0253777764737606 0.0253777764737606 0.127586618065834 0.140285473316908 0.140405085869133 0.247856944799423 0.429767563939095 0.320880353450775 0.255173236131668 0.255173236131668 0.255173236131668 0.320880353450775 0.550137564539909 0.300765514373779 0.255173236131668 0.153323231264949 0.22963597625494 0.310972452163696 0.33080817759037 0.320441767573357 0.407619312405586 0.447450265288353 0.772377490997314 1 1 0.972748309373856 0.45652087032795 1 0.756030470132828 0.510226860642433 0.398249670863152 0.273932456970215 0.22574857622385 0.1913201212883 0.165802799165249 0.127586618065834 0.114887766540051 0.0383756645023823 0 0 0 0
0.798871666193008 0.621346831321716 0.314022570848465 0.127586618065834 0.127586618065834 0.140205732546747 0.127586618065834 0.178581394255161 0.114708341658115 0.127586618065834 0.127586618065834 0.101889878511429 0 0.0255571939051151 0.0763924866914749 0.0893106311559677 0.140265538357198 0.178920295089483 0.15310394205153 0.152984328567982 0.140285473316908 0.127586618065834 0.127586618065834 0.153323231264949 0.432000324130058 0.511682137846947 0.301981583237648 0.301981583237648 0.50147520005703 0.329831346869469 0.447450265288353 0.780391544103622 0.588333800435066 0.392528221011162 0.277760051190853 0.242334835231304 0.255173236131668 0.350185394287109 0.368306681513786 0.447450265288353 0.519556626677513 0.954746633768082 1 1 0.529185459017754 0.771739572286606 0.936306357383728 0.710617586970329 0.536940321326256 0.465272501111031 0.330349668860435 0.325026921927929 0.203979104757309 0.178501654416323 0.0893704369664192 0.127586618065834 0.127586618065834 0.114788085222244 0.0128583386540413 0.0255571939051151 0.038256049156189
0.882341206073761 0.756688326597214 0.262748692184687 0.255173236131668 0.127586618065834 0.114967502653599 0.140285473316908 0.0126988552510738 0.114788085222244 0.114887766540051 0.0763924866914749 0 0 0.114708341658115 0.216917186975479 0.229855269193649 0.264164105057716 0.216976992785931 0.204158522188663 0.264164105057716 0.273095175623894 0.264164105057716 0.165822733193636 0.127586618065834 0.388880029320717 0.483015015721321 0.398249670863152 0.669211760163307 0.447450265288353 0.465451940894127 0.510226860642433 0.817152440547943 0.807722985744476 0.717176347970963 0.473107144236565 0.25728639960289 0.165782861411572 0.340277493000031 0.378214582800865 0.483094766736031 0.665045246481895 0.973047316074371 1 0.936744958162308 0.297655589878559 0.800905078649521 0.782165795564651 0.665045246481895 0.510226860642433 0.483094766736031 0.365754954516888 0.286611385643482 0.216757707297802 0.153123877942562 0.127586618065834 0.127586618065834 0.127586618065834 0.127586618065834 0.127586618065834 0.127586618065834 0.127586618065834
0.844962328672409 0.825066775083542 0.259180258959532 0.251465253531933 0.251465253531933 0.140325345098972 0.114708341658115 0.114708341658115 0.127586618065834 0.0253777764737606 0 0 0.127586618065834 0.165623378008604 0.229855269193649 0.23543718457222 0.255173236131668 0.264164105057716 0.273095175623894 0.432000324130058 0.534109488129616 0.384394563734531 0.3680674508214 0.229536302387714 0.311690121889114 0.501694515347481 0.743909731507301 0.771360784769058 0.447450265288353 0.826482206583023 0.519556626677513 0.629261195659637 0.882261484861374 0.844902515411377 0.798512816429138 0.358378857374191 0.388401582837105 0.340277493000031 0.378214582800865 0.483094766736031 0.710617586970329 0.954746633768082 1 1 0.4981659501791 1 1 0.953610301017761 0.807722985744476 0.807722985744476 0.501315727829933 0.378453806042671 0.443782158195972 0.149256407283247 0.153123877942562 0.136577486991882 0.136577486991882 0.127586618065834 0.127586618065834 0.127586618065834 0.127586618065834
0.74398946762085 0.717176347970963 0.382660187780857 0.241537421941757 0.255173236131668 0.127566680312157 0.0891910195350647 0.0506957471370697 0 0 0 0.0510545819997787 0 0.216877311468124 0.229855269193649 0.229675851762295 0.191280253231525 0.312826439738274 0.457258477807045 0.669012397527695 0.780391544103622 0.466368958353996 0.514293685555458 0.542960807681084 0.217016860842705 0.474064037203789 0.77106174826622 0.789422273635864 0.510226860642433 0.817052751779556 0.465451940894127 0.555699542164803 0.665045246481895 0.882261484861374 0.817152440547943 0.789442211389542 0.437522426247597 0.492324873805046 0.807722985744476 0.510226860642433 0.801164239645004 0.945695966482162 1 1 0.857362151145935 1 1 1 0.901558935642242 0.692456424236298 0.600633949041367 0.600673824548721 0.692775398492813 0.433754645287991 0.370878361165524 0.241457669995725 0.244846701622009 0.191260315477848 0.178401976823807 0.136577486991882 0.155436381697655
0.807722985744476 0.516207486391068 0.269506797194481 0.276384510099888 0.255173236131668 0.127586618065834 0.127586618065834 0 0 0.127586618065834 0.127586618065834 0.127586618065834 0 0.114887766540051 0.251465253531933 0.264164105057716 0.357322283089161 0.588333800435066 0.798512816429138 0.807722985744476 0.807722985744476 0.681252747774124 0.627586618065834 0.678880423307419 0.400462493300438 0.400462493300438 0.66311152279377 0.771300971508026 0.52898608148098 0.826482206583023 0.510226860642433 0.447450265288353 0.623499870300293 0.799130827188492 0.882261484861374 0.872911751270294 0.807722985744476 0.483094766736031 0.510226860642433 0.683266222476959 0.583130672574043 0.954746633768082 1 1 1 1 1 1 1 0.910948514938354 0.910948514938354 0.719967290759087 0.800805389881134 0.673318430781364 0.550576135516167 0.437582239508629 0.391710847616196 0.33158566057682 0.269646354019642 0.266915187239647 0.27050357311964
0.789442211389542 0.395498596131802 0.254296079277992 0.251465253531933 0.242334835231304 0.114887766540051 0.0892907008528709 0 0.0764323621988297 0.114768147468567 0.0890514701604843 0.0763526186347008 0.178461782634258 0.0255372598767281 0.229855269193649 0.253259435296059 0.571687735617161 0.82614329457283 0.817152440547943 0.826482206583023 0.854631006717682 0.807722985744476 0.798512816429138 0.789442211389542 0.618535950779915 0.35449144244194 0.400462493300438 0.726067543029785 0.807722985744476 0.711175784468651 0.652884662151337 0.528069064021111 0.546270087361336 0.907559484243393 0.954746633768082 0.910948514938354 0.901558935642242 0.901558935642242 0.910948514938354 1 0.954746633768082 1 1 1 1 1 1 1 1 1 1 1 0.901020705699921 0.901020705699921 0.883118689060211 0.70078943669796 0.782903403043747 0.837227374315262 0.735915631055832 0.491447702050209 0.444200798869133
0.494218721985817 0.279434636235237 0.251006737351418 0.242474384605885 0.127586618065834 0.114887766540051 0 0.0255571939051151 0.038256049156189 0.102129101753235 0.0382361151278019 0.0255372598767281 0.0636338293552399 0.153163749724627 0.242294959723949 0.244368240237236 0.611299395561218 0.863741487264633 0.872911751270294 0.826482206583023 0.901020705699921 0.891631126403809 0.826482206583023 0.807722985744476 0.699074998497963 0.627586618065834 0.318946614861488 0.40985207259655 0.734918862581253 0.711175784468651 0.85576730966568 0.85365417599678 0.991048991680145 1 1 1 1 1 1 1 1 1 1 1 1 1 1 1 1 1 1 1 1 1 1 1 0.901020705699921 0.901020705699921 0.883118689060211 0.76498144865036 0.691798567771912
0.256827875971794 0.228838562965393 0.248195849359035 0.242554120719433 0.127586618065834 0.0255571939051151 0 0 0.0126789202913642 0.127606553025544 0.114788085222244 0.127586618065834 0.101969622075558 0.255173236131668 0.15310394205153 0.255173236131668 0.508572228252888 0.872931689023972 0.901020705699921 0.891631126403809 0.962900191545486 0.901020705699921 0.920876353979111 0.863621860742569 0.807722985744476 0.743909731507301 0.798512816429138 0.735138148069382 0.762369930744171 0.817052751779556 1 1 1 1 1 1 1 1 1 1 1 1 1 1 1 1 1 1 1 1 1 1 1 1 1 1 1 1 1 1 1
0.191300183534622 0.152944460511208 0.238766394555569 0.166141699999571 0.127586618065834 0 0.0128583386540413 0 0 0.255173236131668 0.127586618065834 0.127586618065834 0.127586618065834 0.264164105057716 0.242294959723949 0.203959174454212 0.411925360560417 0.807722985744476 0.901020705699921 0.920876353979111 1 0.893664538860321 1 0.920876353979111 0.901558935642242 0.863621860742569 0.863621860742569 0.882261484861374 0.882261484861374 0.872911751270294 0.926438331604004 1 1 1 1 1 1 1 1 1 1 1 1 1 0.96393683552742 0.901020705699921 1 0.974582344293594 1 1 1 1 1 1 1 1 1 0.981958448886871 1 0.954746633768082 0.944878607988358
0.255173236131668 0.255173236131668 0.166141699999571 0.140444956719875 0 0 0 0 0 0.255173236131668 0.140285473316908 0.127586618065834 0.127586618065834 0.247518047690392 0.432000324130058 0.307164780795574 0.401439324021339 0.681252747774124 0.901020705699921 0.920876353979111 1 1 1 1 1 0.990610420703888 0.854631006717682 0.826482206583023 0.800426602363586 0.991048991680145 1 1 1 1 1 1 1 1 1 1 1 1 1 0.909951746463776 0.43517005443573 0.230513140559196 0.692257076501846 0.888162344694138 1 1 1 0.909353703260422 0.918683469295502 0.954945951700211 1 1 1 0.991048991680145 0.898787915706635 0.826103419065475 0.711534649133682
0.242474384605885 0.255173236131668 0.191539414227009 0.114708341658115 0 0.0637534409761429 0 0 0 0.255173236131668 0.273593559861183 0.153323231264949 0.191519476473331 0.373430088162422 0.579283133149147 0.579283133149147 0.807722985744476 0.734918862581253 0.891631126403809 0.920876353979111 1 1 0.923487901687622 0.972628682851791 1 1 0.909134417772293 0.874905318021774 0.900482445955276 0.991048991680145 1 1 1 1 1 1 1 1 1 1 0.974343121051788 0.987201482057571 0.485845848917961 0.120031099766493 0.256807938218117 0.326442323625088 0.265519723296165 0.329990833997726 0.396375745534897 0.50205335021019 0.425062790513039 0.329990833997726 0.336091071367264 0.252820864319801 0.256309561431408 0.423248678445816 0.855687588453293 0.809576958417892 0.63284957408905 0.470734812319279 0.483573213219643
0.255173236131668 0.127586618065834 0.101909808814526 0 0 0.0509349703788757 0 0 0.114967502653599 0.255173236131668 0.2608947083354 0.316833458840847 0.318468168377876 0.459172293543816 0.681252747774124 0.82614329457283 0.835612624883652 0.807722985744476 0.798512816429138 0.920876353979111 1 1 1 1 1 1 0.819305449724197 1 1 1 1 1 1 1 1 1 1 1 0.96393683552742 0.805908858776093 0.549818590283394 0.274430848658085 0.102308515459299 0.140425022691488 0.335871770977974 0.348710179328918 0.339280724525452 0.127606555819511 0.072963597252965 0.332801729440689 0.401957646012306 0.345580324530602 0.409174293279648 0.51746341586113 0.326661616563797 0.301024675369263 0.250249192118645 0.323013432323933 0.322933696210384 0.284817196428776 0.173816833645105
0.15292452275753 0.127586618065834 0.127586618065834 0 0.114708341658115 0 0 0 0.0637335032224655 0.140285473316908 0.260715283453465 0.392528221011162 0.428431883454323 0.474283322691917 0.789422273635864 0.882261484861374 0.891631126403809 0.882261484861374 0.872911751270294 0.920876353979111 1 1 1 1 1 1 1 1 1 1 1 1 1 1 1 1 1 1 0.901020705699921 0.265260562300682 0.140464894473553 0.231370355933905 0.099138792604208 0.326442323625088 0.719987243413925 0.792691707611084 0.856345444917679 0.882102012634277 0.818707406520844 0.854870229959488 0.873151004314423 0.864199995994568 0.837028026580811 0.809836149215698 0.800905078649521 0.818707406520844 0.64642558991909 0.322953633964062 0.199194613844156 0.151728395372629 0.17738526687026
0.152984328567982 0 0.0382361151278019 0 0 0 0 0 0.15310394205153 0.238846138119698 0.28846537321806 0.410908654332161 0.609206184744835 0.716199517250061 0.807722985744476 0.826482206583023 0.84516167640686 0.920876353979111 0.920876353979111 1 1 1 1 1 1 1 1 1 1 1 1 1 1 1 1 1 0.874127835035324 0.348710179328918 0.132710017263889 0.0769108086824417 0.284039713442326 0.910928577184677 1 1 1 1 1 1 1 1 1 1 0.991048991680145 0.909353703260422 0.882600367069244 0.814740240573883 0.691997945308685 0.691997945308685 0.720226466655731 0.633228346705437 0.461843617260456
0.127586618065834 0 0.101969622075558 0.0126988552510738 0.0126988552510738 0.0255372598767281 0 0 0.216578282415867 0.226007729768753 0.260974444448948 0.419301472604275 0.530062600970268 0.717116549611092 0.807722985744476 0.817052751779556 0.826482206583023 0.856225818395615 0.972269833087921 1 1 1 1 1 1 1 1 1 1 1 1 1 1 1 1 0.874127835035324 0.856026470661163 0.920836478471756 0.847175151109695 0.49003230035305 1 1 1 1 1 1 1 1 1 0.982098013162613 1 1 1 0.890614420175552 0.827638447284698 0.881683349609375 0.890594482421875 0.741557359695435 0.695885330438614 0.768609702587128 0.722758263349533
0.127586618065834 0.114887766540051 0.127586618065834 0 0 0.0255372598767281 0 0 0.0382361151278019 0.255173236131668 0.229675851762295 0.289860859513283 0.696363791823387 0.483094766736031 0.5196563154459 0.826482206583023 0.901020705699921 0.972269833087921 0.940632343292236 1 1 1 1 1 1 1 1 1 1 1 1 1 1 1 0.56921574473381 0.901020705699921 1 0.930983603000641 1 1 1 1 1 1 1 1 1 1 0.954746633768082 0.827638447284698 1 0.901020705699921 0.901020705699921 0.901020705699921 0.874068021774292 0.883118689060211 0.901020705699921 0.901020705699921 0.883118689060211 0.901020705699921 0.901020705699921
0.0892308950424194 0 0 0 0.0255372598767281 0.101929746568203 0.114768147468567 0.063793309032917 0.0255571939051151 0.127586618065834 0.140285473316908 0.273095175623894 0.476117387413979 0.780391544103622 0.807722985744476 0.638690635561943 0.828256458044052 0.879111677408218 1 1 1 1 1 1 1 1 1 1 1 1 1 1 0.940911442041397 0.784278929233551 0.950839281082153 1 1 1 1 1 1 1 1 1 1 1 0.901020705699921 0.901020705699921 0.555699542164803 0.501236006617546 0.555699542164803 0.483094766736031 0.75559189915657 0.861030250787735 0.861030250787735 0.861030250787735 0.782903403043747 0.692316889762878 0.819205760955811 0.665045246481895 0.801144301891327
0.0636338293552399 0 0.0255372598767281 0.0890913456678391 0.114708341658115 0.153243489563465 0.255173236131668 0.165842667222023 0.127586618065834 0.114788085222244 0.140405085869133 0.310234844684601 0.588333800435066 0.789442211389542 0.52898608148098 0.52898608148098 0.644571602344513 0.901020705699921 0.901020705699921 0.787767618894577 1 1 1 1 1 1 1 1 1 1 1 0.623599529266357 0.960707306861877 1 1 1 1 1 1 1 1 1 1 0.901020705699921 0.791934132575989 0.782983124256134 0.692456424236298 0.892069697380066 0.536940321326256 0.358638018369675 0.447450265288353 0.443243876099586 0.378214582800865 0.359475299715996 0.387345001101494 0.396276071667671 0.447450265288353 0.387843385338783 0.491447702050209 0.501315727829933 0.447450265288353
