data-raw/DATASET_PNE/a_DATA/PFGS/ENVSUIT_A1B/HS_f75_H9_NardStri.asc
NCOLS 619 
NROWS 782 
XLLCORNER 876826 
YLLCORNER 1947424 
CELLSIZE 100 
NODATA_value -9999 
[rows 420 to 447 of 782, columns 260 to 324 of 619]
0 0 0 0.18172287940979 0.353225022554398 0.339042365550995 -9999 0.492754504084587 0.559890851378441 0.686948895454407 0.76802122592926 0.74836590886116 0.359190970659256 0.349155217409134 0.588502809405327 0.541962131857872 0.328806191682816 0.628383800387383 0.599741026759148 0.376518480479717 0.366451881825924 0.248689651489258 0.171841278672218 0.0568385012447834 0.0568385012447834 0.0950699895620346 0 0 0 0 0 0 0 0 0 0 0 0 0 0 0.00941912829875946 0 0.00941912829875946 0.00955787114799023 0 0 0 0 0.0568385012447834 0.257923781871796 0.257923781871796 0.406425347551703 0.617068514227867 0.320034543052316 0.501788236200809 0.492477037012577 0.499075032770634 0.636292174458504 0.646004199981689 0.711968898773193 0.646004199981689 0.646004199981689 0.826308816671371 -9999 0.780847251415253
0 0 0 0 0.200838625431061 0.268946170806885 0.318724185228348 0.4446876719594 0.598137751221657 0.70919406414032 0.756875514984131 0.697693794965744 0.340414375066757 0.444687686860561 0.636323004961014 0.607834383845329 0.572393164038658 0.636323004961014 0.622356176376343 0.392535597085953 0.525405444204807 0.495082333683968 0.123820684850216 0 0 0 0 0 0 0 0 0 0 0 0 0 0 0 0 0 0 0 0 0.0663963705301285 0.00941912829875946 0 0 0 0 0.0472960472106934 0.182000368833542 0.248766720294952 0.288323968648911 0.214867115020752 0.35908304899931 0.425494849681854 0.36848677136004 0.636292174458504 0.809736698865891 0.812789052724838 -9999 0.822285234928131 -9999 -9999 0.799932152032852
0 0 0 0 0.0378460884094238 0.201254859566689 0.279012769460678 0.427128929644823 0.492754504084587 0.617900982499123 0.696630090475082 0.73672690987587 0.416029471904039 0.473392106592655 0.636323004961014 0.617068514227867 0.559443801641464 0.598214849829674 0.570589512586594 0.308626741170883 0.249552935361862 0.0472960472106934 0.0378460884094238 0.00941912829875946 0 0 0 0 0 0 0 0 0 0 0 0 0 0 0 0 0 0.00941912829875946 0.00941912829875946 0 0.104519948363304 0.00941912829875946 0 0 0 0.0568385012447834 0.0568385012447834 0.0187149289995432 0.239363014698029 0.14782327413559 0.205355495214462 0.262533137574792 0.511870265007019 0.310060422867537 0.514275148510933 -9999 0.706665843725204 0.74727138876915 0.809690445661545 -9999 -9999
0 0 0 0.00941912829875946 0.0378460884094238 0.220000609755516 0.249136701226234 0.36862551420927 0.531124740839005 0.569510385394096 0.686948895454407 0.686948895454407 0.676866888999939 0.359190970659256 0.39703705906868 0.257923781871796 0.257923781871796 0.250107914209366 0.250107914209366 0.201547756791115 0.144000127911568 0.239424675703049 0 0 0 0 0 0 0 0 0 0 0 0 0 0 0 0 0 0 0 0 0 0 0 0.104519948363304 0 0 0 0.17136338353157 0.259342044591904 0.257923781871796 -9999 0.324350990355015 0.401831395924091 0.482780404388905 0.597613617777824 0.444579768925905 0.690849095582962 -9999 0.535271629691124 0.74727138876915 0.816273033618927 0.75866374373436 -9999
0 0 0 0 0 0.18150706589222 0.239008441567421 0.311463266611099 0.408136516809464 0.569510385394096 0.638157486915588 0.617900982499123 0.492754504084587 0.359190970659256 0.349648505449295 0.300024658441544 0.280184388160706 0.260174512863159 0.260174512863159 0.239424675703049 0.318708747625351 0.00941912829875946 0 0 0 0 0 0 0 0 0 0 0 0 0 0 0 0 0 0 0 0 0 0 0 -9999 0 0.104519948363304 0 0.142443120479584 0.24824258685112 -9999 -9999 0.359190970659256 0.415936984121799 0.463356345891953 0.709856957197189 0.531093925237656 0.454291798174381 0.794829487800598 0.593204662203789 0.899210691452026 0.910156011581421 0.854334980249405 0.857865214347839
0.00941912829875946 0 0 0 0.00941912829875946 0.018853671848774 0.18150706589222 0.248689651489258 0.359190970659256 0.502204470336437 0.588872775435448 0.473638787865639 0.36862551420927 0.626610979437828 0.35908304899931 0.39703705906868 0.588518217206001 0.549747169017792 0.260174512863159 0.182308688759804 0.0094345435500145 0 0 0.00941912829875946 0.00941912829875946 0 0 0 0 0 0 0 0 0 0 0 0 0 0 0 0 0 0 0 -9999 -9999 0 0 0.0285811182111502 0.0378460884094238 0.171347960829735 -9999 -9999 0.318708747625351 0.434975635260344 0.365819819271564 0.696599245071411 0.689569592475891 0.700776964426041 0.74727138876915 0.74727138876915 0.82094407081604 0.798544734716415 0.779305666685104 0.865681082010269
0.00941912829875946 0.00941912829875946 0 0 0.00941912829875946 0.0283344630151987 0.162514641880989 0.229712650179863 0.409724349156022 0.473453775048256 0.598214849829674 0.37810630723834 0.36862551420927 0.578883275389671 0.74727138876915 0.511376947164536 0.280184388160706 0.219753965735435 0.210843563079834 0.0474193729460239 0 0.00941912829875946 0.00941912829875946 0.00941912829875946 0 0 0 0 0 0 0 0 0 0 0 0 0 0 0 0 0 0.00941912829875946 0 0 -9999 -9999 0 0.00941912829875946 0 0.0378460884094238 0.190802857279778 -9999 -9999 0.349078118801117 0.406425347551703 0.415859889239073 0.686501830816269 0.425356116145849 0.752913594245911 0.716886609792709 0.766464203596115 0.820897817611694 0.809798359870911 0.747425556182861 1
0.00941912829875946 0.0378769189119339 0.00941912829875946 0 0 0.00941912829875946 0.17218042910099 0.248689651489258 0.339042365550995 0.435222286731005 0.559412956237793 0.502050310373306 0.38761793076992 0.416029471904039 0.707606226205826 0.318801254034042 0.250107914209366 0.153450086712837 0.0378769189119339 0.0094345435500145 0.00941912829875946 0.0283344630151987 0.00941912829875946 0 0 0 0 0 0 0 0 0 0 0 0 0 0 0 0 0 0 0.104396618902683 0.00941912829875946 0 0 0 0 0 0.0094345435500145 0.0852962955832481 0.238530561327934 0.472914218902588 0.54052846133709 0.425356116145849 0.52059568464756 0.425356116145849 0.465391263365746 -9999 -9999 0.713294684886932 0.454291798174381 0.74727138876915 0.764352232217789 0.846565335988998 1
0.0283344630151987 0.0950699895620346 0.0950699895620346 0.00941912829875946 0 0 0.220000609755516 0.299392610788345 0.279043585062027 0.339073181152344 0.511114865541458 0.598214849829674 0.416029471904039 0.578806176781654 0.444425597786903 0.300363808870316 0.221357211470604 0.0958099514245987 0 0 0.00941912829875946 0 0 0 0 0 0 0 0 0 0 0 0 0 0 0 0 0 0 0 0.018853671848774 0.0568385012447834 0.0948849990963936 0.037907749414444 0.0569309964776039 0 0.0568385012447834 0.0568385012447834 0.113769501447678 0.209656536579132 0.257923781871796 0.367808463051915 0.588456571102142 0.502158239483833 0.338456567376852 0.511870265007019 0.502189069986343 0.648871555924416 -9999 0.496839746832848 0.708824068307877 0.854550778865814 0.84314301609993 0.820836156606674 0.910464316606522
0.00941912829875946 0.0950699895620346 0.104519948363304 0.00941912829875946 0 0 0.219753965735435 0.22058641910553 0.230683848261833 0.358574345707893 0.549747169017792 0.617068514227867 0.559412956237793 0.637263372540474 0.229435160756111 0.221773445606232 0.124668560922146 0.0094345435500145 0.00941912829875946 0.00941912829875946 0.00941912829875946 0.00941912829875946 0.00941912829875946 0 0 0 0 0 -9999 0 0 0 0 0 0 0 0 0 0 0 0.0283344630151987 0.190802857279778 0.24824258685112 0.190802857279778 0.124128997325897 0.0665196999907494 0.133085653185844 0.24824258685112 0.298467665910721 0.257923781871796 0.279120689257979 0.406425347551703 0.405747067183256 0.387432938441634 0.539665162563324 0.618425115942955 0.425356116145849 0.626580134034157 -9999 0.706665843725204 0.758525013923645 0.865465253591537 0.855599045753479 0.93275573849678 0.820836156606674
0.00941912829875946 -9999 0 0 0 0 0.279043585062027 0.230128884315491 0.231485471129417 0.39703705906868 0.617900982499123 0.656934082508087 0.657442808151245 0.212338909506798 0.0585034228861332 0.104905344545841 0.00941912829875946 0.00941912829875946 0.0378460884094238 0.018853671848774 0.00941912829875946 0.0205185916274786 0 0 0 0 0 0 0 0 -9999 -9999 0 0 0 0 0 0 0 0.018853671848774 0.0568385012447834 0.190802857279778 0.257923781871796 0.269023245200515 0.201809823513031 0.191712394356728 0.152509719133377 0.257923781871796 0.268052041530609 0.387648768723011 0.463356345891953 0.452303148806095 0.415659483522177 0.425356116145849 -9999 0.46437381207943 0.766464203596115 0.7197385430336 -9999 -9999 0.523725107312202 0.74727138876915 0.771366447210312 0.876795947551727 0.84314301609993
0 -9999 -9999 -9999 0 0.0094345435500145 0 0.339936494827271 0.231485471129417 0.588518217206001 0.607834383845329 0.686948895454407 0.310985386371613 0.318724185228348 0.279891461133957 0.0482980832457542 0.00941912829875946 0.00941912829875946 0.018853671848774 0.142720595002174 0.0759079977869987 0.0205185916274786 0 0 0 0 0 0 0 0 0 0 0 0 -9999 -9999 -9999 -9999 0 0 0 0.210041925311089 0.26802122592926 0.297527292743325 0.359190970659256 0.201809823513031 0.191712394356728 0.163239195942879 0.104674108326435 0.367978045716882 0.463356345891953 0.492153286933899 0.610871315002441 0.629462912678719 -9999 -9999 0.608713090419769 0.705632984638214 0.766464203596115 -9999 -9999 0.602947533130646 0.761777758598328 0.87659552693367 0.801704972982407
0.0094345435500145 0.143321827054024 -9999 -9999 0.0474193729460239 0.0664272084832191 0.0761392340064049 0.416029471904039 0.359190970659256 0.38761793076992 0.686948895454407 0.359190970659256 0.339705258607864 0.530538946390152 0.369951292872429 0.0280415620654821 0.00941912829875946 0.00941912829875946 0.0187457613646984 0.276947036385536 0.0950699895620346 0.0110994633287191 0 0 0 0 0 0 0 0 0 0 0 0 0 0 0 0 0.00941912829875946 0.0663501247763634 0.0568385012447834 0.210041925311089 0.26802122592926 0.36848677136004 0.501387424767017 0.377921314910054 0.258525002747774 0.452303148806095 0.354704942554235 0.300548797473311 0.377921314910054 0.415659483522177 0.677391022443771 0.657134503126144 0.626672640442848 0.695597231388092 -9999 0.800040066242218 0.78983473777771 -9999 -9999 0.788832694292068 0.729712635278702 0.84314301609993 0.771366447210312
0.153511747717857 0.10559906065464 0.144000127911568 0.259234130382538 0.279012769460678 0.268915325403214 0.328960359096527 0.465391270816326 0.503946468234062 0.406487017869949 0.666646122932434 0.0662113800644875 0.377720907330513 0.48261085152626 0.379940807819366 0.00941912829875946 0.00941912829875946 0.0380002483725548 0.276947036385536 0.257538393139839 0.104519948363304 0 0.0110994633287191 0.00941912829875946 0 0 0 0 0 0 0 0 0 0 0 0 0 0 0 0 0.0474193729460239 0.191419497132301 0.248766720294952 0.36848677136004 0.387432938441634 0.766464203596115 0.349648505449295 0.339689843356609 0.503776893019676 0.425356116145849 0.558965891599655 0.668357282876968 0.646004199981689 0.687426775693893 -9999 -9999 -9999 0.679549247026443 0.676296472549438 0.665197014808655 0.700622797012329 0.823950171470642 1 0.876795947551727 0.748982548713684
0.268915325403214 0.239979654550552 0.28911018371582 0.339073181152344 0.318724185228348 0.288277745246887 0.359190970659256 0.473638787865639 0.648378252983093 0.569186642765999 0.617068514227867 0.104782022535801 0.397098714485765 0.378383785486221 0.32882159948349 0.00941912829875946 0.00941912829875946 0.258386254310608 0.372371591627598 0.362536229193211 0.267265841364861 0 0 0.0110994633287191 0 0 0 0 0 0 0 0 0 0 0 0 0 0 0 0 0.0378769189119339 0.238530561327934 0.26802122592926 0.444302268326283 0.415659490972757 0.737112283706665 0.666152805089951 0.396913729608059 0.45407596975565 0.434898570179939 0.626610979437828 0.607356488704681 0.636292174458504 0.647484138607979 -9999 -9999 -9999 -9999 0.677421852946281 0.712369740009308 0.796879827976227 0.747425556182861 0.876765131950378 0.801704972982407 0.782465904951096
0.312079906463623 0.340414375066757 0.502050310373306 0.36862551420927 0.302398711442947 0.359190970659256 0.501865319907665 0.38761793076992 0.38761793076992 0.415782820433378 0.512856870889664 0.106631927192211 0.349155217409134 0.278272807598114 0.00941912829875946 0.142751440405846 0.257923781871796 0.268144547939301 0.381883218884468 0.362536229193211 0.413162119686604 0.239008441567421 0.00941912829875946 0 0 0 0 0 0 0 0 0 0 0 0 0 0 0 0.0284732077270746 0 0 0.0187149289995432 0.0662113800644875 0.26802122592926 0.359190970659256 0.359190970659256 0.646004199981689 0.636292174458504 0.531170979142189 0.626610979437828 0.569047912955284 0.550656706094742 0.540975511074066 0.591524332761765 -9999 -9999 -9999 -9999 0.591524332761765 0.689014613628387 0.680181294679642 0.753252744674683 0.812850683927536 0.813020259141922 0.776160836219788
0.387926243245602 0.36862551420927 0.569433316588402 0.387741256505251 0.435885183513165 0.416199047118425 0.626610979437828 0.397067878395319 0.406579501926899 0.530215203762054 0.359190970659256 0.328852444887161 0.0482672490179539 0.0280415620654821 0.00941912829875946 0.455417148768902 0.414349131286144 0.24824258685112 0.375100210309029 0.413809590041637 0.432832822203636 0.362536229193211 0.24824258685112 0.210458159446716 0.00941912829875946 0 0 0 0 0 0 0 0 0 0 0 0 0 0 0.00941912829875946 0.00941912829875946 0.00941912829875946 0.0572701469063759 0.0763088092207909 0.36848677136004 0.377921314910054 0.521551445126534 0.646004199981689 0.617068514227867 0.5977523624897 0.646004199981689 0.597875669598579 0.583138078451157 0.604072898626328 0.766464203596115 0.776160836219788 0.801704972982407 -9999 -9999 0.75866374373436 0.679919242858887 0.770056128501892 0.708824068307877 0.787414461374283 0.718011975288391
0.494111105799675 0.454661771655083 0.473777502775192 0.503437742590904 0.531648874282837 0.588996097445488 0.607356488704681 0.531679704785347 0.406363692134619 0.35908304899931 0.359190970659256 0.328852444887161 0.104889929294586 0.0381698235869408 0.328806191682816 0.396713327616453 0.463001802563667 0.318184614181519 0.346519077196717 0.334433007985353 0.421702548861504 0.463618412613869 0.337732002139091 0.18093666434288 0.00941912829875946 0 0 0 0 0 0 0 0 0 0 0 0 0 0 0.114324472844601 0.297943502664566 0.239070117473602 0.239070117473602 0.278241962194443 0.186208913102746 0.406363692134619 0.521967694163322 -9999 0.789742261171341 0.888172924518585 0.534177102148533 0.646004199981689 0.843220084905624 0.69610595703125 0.643059760332108 0.758525013923645 0.761839419603348 0.801704972982407 0.876811355352402 0.854381203651428 0.812850683927536 0.737728923559189 0.68972373008728 0.77777948975563 0.887957096099854
0.726922363042831 0.521967679262161 0.531648874282837 0.531679704785347 0.581149399280548 0.550672143697739 0.542825415730476 0.607464388012886 0.463957570493221 0.35908304899931 0.501664906740189 0.154421284794807 0.0195473879575729 0.0570234954357147 0.397499546408653 0.406826179474592 0.472451761364937 0.452765628695488 0.452765628695488 0.432940736413002 0.326678797602654 0.268144547939301 0.180165871977806 0.00941912829875946 0.0853579565882683 0 0 0 0 0 0 0 0 0 0 0 0 0 0 0.0759079977869987 0.288709372282028 0.248689651489258 0.316812613978982 0.0763088092207909 0.349371038377285 0.521967694163322 0.358697654679418 0.809798359870911 0.798390597105026 0.776160836219788 0.78729110956192 0.646004199981689 0.657103657722473 0.702210634946823 0.657242387533188 0.533236742019653 0.758525013923645 0.782465904951096 0.805081069469452 0.832043528556824 0.664796203374863 0.728016912937164 0.70677375793457 0.717611163854599 0.854519963264465
0.599078118801117 0.696630090475082 0.636292174458504 0.646004199981689 0.820974916219711 0.758525013923645 0.58845654129982 0.636292174458504 0.502528190612793 0.35908304899931 0.339535683393478 0.0591354742646217 0.0673829913139343 0.00941912829875946 0.416121980175376 0.511222802102566 0.397499546408653 0.387802913784981 0.377690091729164 0.308549672365189 0.0280415620654821 0.00941912829875946 0 0.00941912829875946 0 0 0 0 0 0 0 0 0 0 0 0 0 0 0 0.00941912829875946 0.171733364462852 0.288339406251907 0.0468181520700455 0.220540173351765 0.483196660876274 0.521967694163322 0.758170455694199 0.787306547164917 0.716932862997055 0.74727138876915 0.766464203596115 0.444579768925905 0.492214947938919 0.617068514227867 0.679610908031464 0.542208805680275 0.706665843725204 0.756860107183456 0.776160836219788 0.776160836219788 0.680181294679642 0.601498439908028 0.646004199981689 0.778596550226212 0.809582531452179
0.406656593084335 0.435006469488144 0.473515443503857 0.569510370492935 0.597875669598579 0.646004199981689 0.757337957620621 0.689677476882935 0.5977523624897 0.368563842028379 0.339797742664814 0.068462111055851 0.0195473879575729 0.349155217409134 0.416121980175376 0.43845965526998 0.35811185836792 0.298467665910721 0.278658211231232 0.00941912829875946 0.00941912829875946 0.0094345435500145 0.0378460884094238 0.018853671848774 0 0 0 0 0 0 0 0 0 0 0 0 0 0 0 0 0 0.0468181520700455 0.219753965735435 0.339936494827271 0.330162793397903 0.435006469488144 0.766464203596115 0.444579768925905 0.607279404997826 0.637710437178612 0.74727138876915 0.717749893665314 0.425356116145849 0.377150516957045 0.749198377132416 0.444579757750034 0.607556864619255 0.766464203596115 0.776160836219788 0.888080418109894 0.748982548713684 0.706665843725204 0.621030405163765 0.776160836219788 0.854566186666489
0.320589512586594 0.359190970659256 0.35908304899931 0.397067878395319 0.483073309063911 0.540944680571556 0.560353338718414 0.700776964426041 0.646004199981689 0.397067878395319 0.359468467533588 0.191712394356728 0.0772337689995766 0.40846024826169 0.49212247133255 0.378383785486221 0.318724185228348 0.257923781871796 0 0 0.142720595002174 0.200422391295433 0.21013443171978 0 0 0 0 0 0 0 0 0 0 0 0 0 0 0 0 0.0951008200645447 0.0855891928076744 0.0187149289995432 0.278103232383728 0.339936494827271 0.45407596975565 0.43496023491025 0.640839859843254 0.690587043762207 0.788848102092743 0.74727138876915 0.636692985892296 0.626610979437828 0.482780404388905 0.49397236853838 0.474440410733223 0.425356116145849 0.58845654129982 0.607556864619255 0.728756874799728 0.726475298404694 0.698664993047714 0.688089668750763 0.787352800369263 0.854581594467163 0.843435883522034
0.182000368833542 0.260174512863159 0.33070233464241 0.349648505449295 0.38761793076992 0.492970332503319 0.531679704785347 0.540975511074066 0.636292174458504 0.416168205440044 0.396959967911243 0.368317201733589 0.0377227589488029 0.368270963430405 0.318724185228348 0.288339406251907 0.0662113800644875 0.0665967836976051 0.0094345435500145 0.210041925311089 0.257923781871796 0.492230363190174 0.161682188510895 0 0 0 0 0 0 0 0 0 0 0 0 0 0 0 0.0855891928076744 0.00941912829875946 0.00941912829875946 0.210041925311089 0.268560767173767 0.349371038377285 0.387432938441634 0.776160836219788 0.658737733960152 0.766464203596115 0.776160836219788 0.541592165827751 0.63667756319046 0.597736954689026 0.387402122840285 0.426758948713541 0.425356116145849 0.425356116145849 0.463726341724396 0.646004199981689 0.716886609792709 0.865619421005249 0.788878947496414 0.821036547422409 0.811077862977982 0.656070798635483 0.876950114965439
0.0759388282895088 0.182000368833542 0.221357211470604 0.302398711442947 0.396913729608059 0.63727879524231 0.646004199981689 0.636292174458504 0.521227717399597 0.626610979437828 0.406363692134619 0.378183402121067 0.0575168021023273 0.153588831424713 0.26802122592926 0.287537762895226 0.26802122592926 0.157365724444389 0.310908317565918 0.26802122592926 0.257923781871796 0.257923781871796 0.0472960472106934 0 0 0 0 0 0 0 0 0 0 0 0 0 0 0 0 0 0.0280415620654821 0.123512364923954 0.339936494827271 0.35908304899931 0.434898570179939 0.666291564702988 0.657103657722473 0.668681025505066 0.725827842950821 0.617068514227867 0.617068514227867 0.597736954689026 0.511191964149475 0.617068514227867 0.559351310133934 0.425356116145849 0.626610979437828 0.636292174458504 0.656086206436157 0.933048665523529 0.865619421005249 0.821884423494339 0.787352800369263 0.560199171304703 0.854566186666489
0 0 0.105028674006462 0.211938083171844 0.257923781871796 0.435206882655621 0.756875514984131 0.676373571157455 0.597736954689026 0.766464203596115 0.454045139253139 0.377921314910054 0.387633360922337 0.339936494827271 0.167478576302528 0.24905963242054 0.33057901263237 0.214867115020752 0.349648505449295 0.26802122592926 0.238977611064911 0.0663501247763634 0 0 0 0 0 0 0 0 0 0 0 0 0 0 0 0.0951008200645447 0 0 0.0189615841954947 0.0280415620654821 0.339936494827271 0.35908304899931 0.716747879981995 0.657103657722473 0.695566385984421 0.561817854642868 0.626610979437828 0.549346357584 0.607448980212212 0.665582418441772 0.63658507168293 0.588256165385246 0.444286853075027 0.386908810585737 0.463279269635677 0.646004199981689 0.657319486141205 0.696660906076431 0.933326154947281 0.944379359483719 0.798483073711395 0.550656706094742 0.636292174458504
0.0283344630151987 0.00941912829875946 0.0189153365790844 0.144000127911568 0.257923781871796 0.229851394891739 0.377921314910054 0.626610979437828 0.425109453499317 0.716840356588364 0.766464203596115 0.766464203596115 0.502481982111931 0.463926762342453 0.44453352689743 0.35908304899931 0.36862551420927 0.377921314910054 0.716747879981995 0.239532589912415 0.17218042910099 0.0378769189119339 0 0 0 0 0 0 0 0 0 0 0 0 0 0 0 0 0.0951008200645447 0.104396618902683 0.133070230484009 0.0372756980359554 0.330255299806595 0.387432938441634 0.776160836219788 0.522538080811501 0.696599245071411 0.626610979437828 0.587963253259659 0.396512931212783 0.511114865541458 0.492076210677624 0.597736954689026 0.425356116145849 0.406240355223417 0.176774377003312 0.349371038377285 0.387047540396452 0.396482083946466 0.521489784121513 0.58845654129982 0.676990211009979 0.8883116543293 0.58845654129982 0.530461862683296
0.181460812687874 0.0950699895620346 0.018853671848774 0.0570080764591694 0.0280415620654821 0.123142383992672 0.26802122592926 0.359190970659256 0.349371038377285 0.491891212761402 0.727014869451523 0.78886353969574 0.776160836219788 0.597736954689026 0.435006469488144 0.396821226924658 0.626610979437828 0.626610979437828 0.588040322065353 0.258201263844967 0.00941912829875946 0 0 0 0 0 0 0 0 0 0 0 0 0 0 0 0 0.0951008200645447 0.0187149289995432 0.0372756980359554 0.248689651489258 0.162237152457237 0.0768946185708046 0.617068514227867 0.66669237613678 0.425356116145849 0.617068514227867 0.597736954689026 0.463356345891953 0.268144547939301 0.257923781871796 0.209656536579132 0.132731080055237 0.387679586187005 0.397006219252944 0.328019985929132 0.148224085569382 0.36848677136004 0.530554354190826 0.636292174458504 0.415412832051516 0.549685508012772 0.756366789340973 0.636292174458504 0.531170979142189
0.229712650179863 0.239008441567421 0.279644817113876 0.133609786629677 0.0381698235869408 0.257923781871796 0.415736582130194 0.406425347551703 0.359190970659256 0.472590483725071 0.766464203596115 0.766464203596115 0.766464203596115 0.766464203596115 0.776160836219788 0.588040322065353 0.36848677136004 0.329931566491723 0.21110562980175 0.123928591609001 0.0187149289995432 0.0760775730013847 0 0 0 0 0 0 0 0 0 0 0 0 0 0 0.00941912829875946 0.288339406251907 0.257923781871796 0.257923781871796 0.229311838746071 0.0473731271922588 0.249167546629906 0.617068514227867 0.578266620635986 0.200715303421021 0.463356345891953 0.463356345891953 0.387679586187005 0.209656536579132 0.181029170751572 0.378383785486221 0.378383785486221 0.387679586187005 0.549963012337685 0.453767642378807 0.328019985929132 0.646805822849274 0.788755625486374 0.766464203596115 0.69538140296936 0.646004199981689 0.636569663882256 0.540975511074066 0.502481982111931
