data-raw/DATASET_PNE/a_DATA/PFGS/ENVSUIT_A1B/HS_f75_C2_VaccUli.asc
NCOLS 619 
NROWS 782 
XLLCORNER 876826 
YLLCORNER 1947424 
CELLSIZE 100 
NODATA_value -9999 
[rows 120 to 143 of 782, columns 378 to 431 of 619]
0.647563397884369 0.666069537401199 0.676681369543076 0.646303325891495 0.616927266120911 0.527114018797874 0.616927266120911 0.616927266120911 0.647123128175735 0.616927266120911 0.616927266120911 0.626673758029938 0.616729930043221 0.636329144239426 0.616729930043221 0.558266296982765 0.597267359495163 0.626385316252708 0.665796279907227 0.79773798584938 0.861408829689026 0.74552908539772 0.715697586536407 0.74552908539772 0.79694852232933 0.881964474916458 0.892439633607864 0.892743289470673 0.839319854974747 0.84977987408638 0.849749505519867 0.871018677949905 0.892515569925308 0.946455150842667 0.924882352352142 0.946242600679398 0.946227431297302 1 1 1 0.892621845006943 0.946242600679398 0.94651585817337 0.892621845006943 0.903370261192322 0.946485489606857 0.946546226739883 1 0.989221185445786 0.978609383106232 1 0.978381633758545 0.935721874237061 0.882268100976944
0.537073016166687 0.537073016166687 0.608865946531296 0.67989981174469 0.566965237259865 0.547123104333878 0.616927266120911 0.616927266120911 0.616927266120911 0.528859868645668 0.519007131457329 0.606983438134193 0.616729930043221 0.62752391397953 0.616729930043221 0.616729930043221 0.626385316252708 0.636329144239426 0.696386843919754 0.685592859983444 0.84144526720047 0.726157575845718 0.665796279907227 0.685957193374634 0.725565522909164 0.79851222038269 0.8391073346138 0.881964474916458 0.881994813680649 0.946424782276154 0.892834365367889 0.892606645822525 0.839137703180313 0.967693954706192 0.957127690315247 0.924791246652603 0.967785030603409 0.967678755521774 1 1 0.967678755521774 0.892621845006943 0.946379244327545 1 0.989388197660446 1 0.957127690315247 0.967952013015747 0.989388197660446 1 1 0.967967212200165 0.946546226739883 0.903704255819321
0.517079100012779 0.517079100012779 0.517079100012779 0.527022927999496 0.537073016166687 0.537073016166687 0.547123104333878 0.606983453035355 0.5470320135355 0.587126150727272 0.597115531563759 0.587126150727272 0.616729930043221 0.616729930043221 0.616729930043221 0.626673758029938 0.646105974912643 0.685592859983444 0.749977231025696 0.727903455495834 0.727903455495834 0.685592859983444 0.646105974912643 0.636162146925926 0.636162146925926 0.726385295391083 0.788689851760864 0.850584477186203 0.871155321598053 0.881767123937607 0.88191893696785 0.989221185445786 0.86060419678688 0.817731887102127 0.94651585817337 1 1 0.978548645973206 0.95706695318222 0.967678755521774 1 0.967678755521774 0.978472739458084 0.967678755521774 1 0.914088368415833 0.946288138628006 0.946470320224762 0.914088368415833 0.967997580766678 0.957173228263855 0.967997580766678 0.978776395320892 0.924927890300751
0.370775781571865 0.40974648296833 0.517079100012779 0.517079100012779 0.517079100012779 0.517079100012779 0.507211163640022 0.527022927999496 0.556975841522217 0.556975841522217 0.597115531563759 0.597115531563759 0.616729930043221 0.616729930043221 0.606983438134193 0.606983438134193 0.636329144239426 0.646197080612183 0.739365428686142 0.707241535186768 0.727281004190445 0.738742977380753 0.685592859983444 0.646105974912643 0.626385316252708 0.665872186422348 0.726294189691544 0.715545773506165 0.79851222038269 0.838940352201462 0.903309553861618 0.957249134778976 0.828541040420532 0.828541040420532 0.828541040420532 0.967906475067139 0.935585230588913 0.989388197660446 0.957021415233612 0.967678755521774 1 1 1 1 1 0.914088368415833 0.914088368415833 0.924927890300751 0.946470320224762 0.935721874237061 0.957294672727585 0.903476566076279 0.936116576194763 0.989388197660446
0.243874290026724 0.243874290026724 0.243874290026724 0.243874290026724 0.233930462040007 0.302170939743519 0.302170939743519 0.497388795018196 0.536936372518539 0.556975841522217 0.567147418856621 0.567147418856621 0.616927266120911 0.626673758029938 0.597115531563759 0.597115531563759 0.616927266120911 0.626673758029938 0.666707158088684 0.749916523694992 0.707241535186768 0.707150459289551 0.750098705291748 0.739107340574265 0.665872186422348 0.665872186422348 0.665872186422348 0.695825129747391 0.830757528543472 0.861454367637634 0.892621845006943 0.881827831268311 0.828510701656342 0.860634595155716 0.881964474916458 0.86060419678688 0.957082122564316 0.946333676576614 0.967602849006653 0.914088368415833 0.903430998325348 0.903430998325348 0.892621845006943 0.967633217573166 1 1 1 0.967997580766678 0.924867153167725 0.903279185295105 0.914088368415833 0.946546226739883 0.925003796815872 0.967997580766678
0.136405035853386 0.224108085036278 0.233930462040007 0.243874290026724 0.233930462040007 0.253529676236212 0.253529676236212 0.351039923727512 0.527022927999496 0.497388795018196 0.517291650176048 0.556975841522217 0.606937915086746 0.626795202493668 0.616927266120911 0.586943969130516 0.577015325427055 0.606937915086746 0.616927266120911 0.65609535574913 0.707013815641403 0.717989981174469 0.685592859983444 0.749886155128479 0.676666170358658 0.646197080612183 0.665872186422348 0.675664186477661 0.882875353097916 0.872263550758362 0.903430998325348 0.946242600679398 0.935721904039383 0.882131457328796 0.88208594918251 0.914027631282806 0.892667353153229 0.924927890300751 0.967936843633652 0.935585230588913 0.95689994096756 0.903279185295105 0.903279185295105 0.892621845006943 0.892621845006943 0.903430998325348 0.914088368415833 0.946364045143127 0.978609383106232 0.957158029079437 0.914088368415833 0.957385778427124 0.925368130207062 0.935995161533356
0.0488538034260273 0.233930462040007 0.233930462040007 0.233930462040007 0.233930462040007 0.253529676236212 0.311947770416737 0.399924084544182 0.527022927999496 0.507211163640022 0.526992544531822 0.536936372518539 0.5470320135355 0.616927266120911 0.616927266120911 0.606937915086746 0.577015325427055 0.597009241580963 0.567648380994797 0.616927266120911 0.696402013301849 0.728601813316345 0.685592859983444 0.707818418741226 0.771504491567612 0.687277972698212 0.697069972753525 0.832184582948685 0.717747092247009 0.829057216644287 0.850827366113663 0.892621845006943 0.881964474916458 0.882161825895309 0.935858517885208 0.860634595155716 0.892667382955551 0.849946856498718 0.967997580766678 0.946591764688492 0.946546226739883 0.957082122564316 0.914270520210266 0.892621845006943 0.914088368415833 0.914088368415833 0.903279185295105 0.892621845006943 0.892621845006943 0.914088368415833 0.924927890300751 0.860649764537811 0.88191893696785 0.903598010540009
0.224108085036278 0.224108085036278 0.224108085036278 0.224108085036278 0.224108085036278 0.224108085036278 0.253529676236212 0.380203418433666 0.507211163640022 0.507211163640022 0.4195536673069 0.282951261848211 0.321846045553684 0.419477745890617 0.526992544531822 0.577045679092407 0.517079100012779 0.429421573877335 0.282981615513563 0.547684833407402 0.636450588703156 0.696402013301849 0.646197080612183 0.677455604076385 0.717747092247009 0.739350259304047 0.739365428686142 0.760892689228058 0.718642771244049 0.852102607488632 0.882875353097916 0.871200859546661 0.861439198255539 0.828237444162369 0.946394413709641 0.946379244327545 0.881903737783432 0.88191893696785 0.956960678100586 0.978563815355301 0.978563815355301 0.957385778427124 0.860649764537811 0.849810242652893 0.89274325966835 0.946500688791275 0.957173228263855 0.957173228263855 0.957249134778976 0.957173228263855 0.914452731609344 0.914422363042831 0.946379244327545 0.946394413709641
0.224108085036278 0.0975557938218117 0.175497189164162 0.224108085036278 0.224108085036278 0.175375744700432 0.224108085036278 0.253529676236212 0.253529676236212 0.282951261848211 0.311947770416737 0.282951261848211 0.311947770416737 0.370305143296719 0.4776681214571 0.526992544531822 0.507150426506996 0.419629573822021 0.282981615513563 0.390116885304451 0.646348863840103 0.65609535574913 0.646197080612183 0.646197080612183 0.65609535574913 0.666707158088684 0.718597233295441 0.707727313041687 0.822134494781494 0.852922409772873 0.839851200580597 0.787733405828476 0.818490952253342 0.839061796665192 0.817625641822815 0.946394413709641 0.903537273406982 0.957082152366638 0.967830568552017 0.978776395320892 1 0.957294642925262 0.967952013015747 0.957173198461533 0.892758458852768 0.89271292090416 0.93569153547287 0.925231516361237 0.946591764688492 0.967815399169922 0.935995161533356 0.935995161533356 0.968164563179016 0.925125241279602
0.233930462040007 0.0488538034260273 0.214285716414452 0.224108085036278 0.136526495218277 0.214558973908424 0.224108085036278 0.233930462040007 0.233930462040007 0.243585848249495 0.253529676236212 0.302216481417418 0.263306509703398 0.341050550341606 0.321663878858089 0.438894793391228 0.517063900828362 0.497312873601913 0.399665996432304 0.429011687636375 0.636450588703156 0.636450588703156 0.626673758029938 0.636329144239426 0.646940946578979 0.636329144239426 0.636329144239426 0.707818418741226 0.792971014976501 0.842993766069412 0.831516623497009 0.872263550758362 0.799286484718323 0.839061796665192 0.860406875610352 0.903218448162079 0.892910271883011 0.967906504869461 0.935676336288452 0.968073457479477 1 1 0.989190816879272 0.989190816879272 0.978730827569962 0.925201147794724 1 0.978730827569962 0.935995161533356 0.978609383106232 0.94660696387291 0.946181863546371 0.957173228263855 0.978609383106232
0.399848192930222 0.243874290026724 0.233930462040007 0.224108085036278 0.126871109008789 0.224108085036278 0.224108085036278 0.233930462040007 0.233930462040007 0.233930462040007 0.253529676236212 0.253529676236212 0.253529676236212 0.243585848249495 0.2924396507442 0.302170939743519 0.322088964283466 0.302641551941633 0.380006074905396 0.263473510742188 0.577182322740555 0.616927266120911 0.606983438134193 0.636329144239426 0.636329144239426 0.626385316252708 0.509458035230637 0.697904944419861 0.740261107683182 0.782161831855774 0.718521326780319 0.779398828744888 0.882875353097916 0.75697585940361 0.860406875610352 0.892773628234863 0.88194927573204 0.881827831268311 0.957416117191315 0.989388197660446 0.892545938491821 0.935949593782425 0.957264304161072 0.892697721719742 0.957309871912003 0.978730827569962 0.978730827569962 0.989388197660446 0.978730827569962 0.978563845157623 0.989388197660446 0.978730827569962 0.936071038246155 0.893957793712616
0.390101730823517 0.517079100012779 0.517079100012779 0.507241547107697 0.253529676236212 0.224108085036278 0.224108085036278 0.224108085036278 0.253529676236212 0.243874290026724 0.243874290026724 0.253529676236212 0.253529676236212 0.243585848249495 0.253529676236212 0.28304236754775 0.273174446076155 0.25357523560524 0.243707299232483 0.263473510742188 0.273250341415405 0.332047984004021 0.450068309903145 0.597161069512367 0.586898431181908 0.548443913459778 0.636329144239426 0.636329144239426 0.688249588012695 0.751070261001587 0.783042341470718 0.772233158349991 0.782161831855774 0.820844084024429 0.715667247772217 0.872263550758362 0.882010042667389 0.871337503194809 0.946470320224762 0.957218766212463 0.882146656513214 0.903597980737686 0.925064533948898 0.92526188492775 0.892986178398132 0.925094902515411 0.935904026031494 0.925125241279602 0.957294672727585 0.925170809030533 0.871307134628296 0.861454367637634 0.803112179040909 0.792302995920181
0.517079100012779 0.517079100012779 0.527022927999496 0.527022927999496 0.527022927999496 0.537073016166687 0.517079100012779 0.36028540879488 0.272673439234495 0.331273719668388 0.340822830796242 0.263397612608969 0.263397612608969 0.253529676236212 0.253529676236212 0.25357523560524 0.272840440273285 0.253317137248814 0.233763471245766 0.282738715410233 0.263473510742188 0.331698801368475 0.409397289156914 0.489297106862068 0.38129648193717 0.45932899415493 0.626385316252708 0.626385316252708 0.626385316252708 0.666813433170319 0.750872910022736 0.772233158349991 0.792971014976501 0.792971014976501 0.759374529123306 0.705617129802704 0.715667247772217 0.860543519258499 0.892621845006943 0.892621845006943 0.935904055833817 0.892758458852768 0.881964474916458 0.881964474916458 0.829406410455704 0.829406410455704 0.849764704704285 0.882222533226013 0.893031716346741 0.893912255764008 0.893957793712616 0.820252031087875 0.781691193580627 0.79248520731926
0.557036578655243 0.56702595949173 0.547123104333878 0.547123104333878 0.597662061452866 0.698360413312912 0.719933182001114 0.794489145278931 0.740731745958328 0.556991040706635 0.400015190243721 0.311795957386494 0.204372242093086 0.204372242093086 0.0972369834780693 0.175375744700432 0.156505241990089 0.029436768963933 0.0974950641393661 0.233763471245766 0.243707299232483 0.243707299232483 0.273250341415405 0.409397289156914 0.409685745835304 0.32272657379508 0.567177772521973 0.587384238839149 0.596811920404434 0.626385316252708 0.647123128175735 0.636329144239426 0.729573398828506 0.792971014976501 0.792971014976501 0.802262008190155 0.759374529123306 0.790147244930267 0.892621845006943 0.903430998325348 0.882875353097916 0.882010042667389 0.871398210525513 0.871185690164566 0.840063750743866 0.757993012666702 0.79029905796051 0.749673575162888 0.761014133691788 0.781691193580627 0.852466970682144 0.904766976833344 0.947396397590637 0.835615605115891
0.656201601028442 0.656201601028442 0.646303325891495 0.687141329050064 0.675816029310226 0.675816029310226 0.706998646259308 0.737801730632782 0.8009412586689 0.88531956076622 0.771944731473923 0.698451519012451 0.557962656021118 0.233763471245766 0.029436768963933 0.029436768963933 0.0196143928915262 0.0196143928915262 0.0196143928915262 0.0390921495854855 0.136572033166885 0.0974950641393661 0.31181114166975 0.321921970695257 0.253605574369431 0.389798074960709 0.420358285307884 0.478897824883461 0.538697421550751 0.577470764517784 0.637179300189018 0.626385316252708 0.637179300189018 0.761575818061829 0.761818706989288 0.792971014976501 0.772233158349991 0.697236955165863 0.686458170413971 0.739972651004791 0.850630015134811 0.819477766752243 0.883178979158401 0.925823599100113 0.915211796760559 0.760983765125275 0.677516311407089 0.666676759719849 0.655852437019348 0.774024605751038 0.742143630981445 0.783968418836594 0.86684376001358 0.83479580283165
0.750007599592209 0.749916523694992 0.750007599592209 0.750007599592209 0.788416564464569 0.797555804252625 0.776924252510071 0.789251565933228 0.81997874379158 0.927372097969055 0.927372097969055 0.927296191453934 0.927508741617203 0.656080186367035 0.439243972301483 0.243707299232483 0.0391680598258972 0.0097768334671855 0.0097768334671855 0.0390921495854855 0.0390921495854855 0.048944890499115 0.136572033166885 0.165644451975822 0.19495977461338 0.389798074960709 0.331774692982435 0.390374973416328 0.448914512991905 0.50886595249176 0.596978887915611 0.626385316252708 0.626385316252708 0.626385316252708 0.626385316252708 0.772233158349991 0.783042341470718 0.772233158349991 0.675664186477661 0.636283606290817 0.655852437019348 0.665796279907227 0.676575064659119 0.729558199644089 0.884712308645248 0.863488703966141 0.741764068603516 0.666676759719849 0.647107928991318 0.657947480678558 0.669363901019096 0.743661761283875 0.680157884955406 0.733763471245766
0.810626983642578 0.82142099738121 0.818460583686829 0.861499935388565 0.829193860292435 0.850888103246689 0.882936090230942 0.883027166128159 0.819174110889435 0.808425694704056 0.776924252510071 0.789251565933228 0.739137709140778 0.927281022071838 0.824609071016312 0.598102331161499 0.360497951507568 0.107089720666409 0.0097768334671855 0.0097768334671855 0.0390921495854855 0.048944890499115 0.0973736122250557 0.136572033166885 0.19495977461338 0.370229244232178 0.409397289156914 0.380385592579842 0.527341723442078 0.537270367145538 0.557492032647133 0.596872627735138 0.626385316252708 0.626385316252708 0.626385316252708 0.647032022476196 0.740352183580399 0.761575818061829 0.761575818061829 0.626385316252708 0.626385316252708 0.626385316252708 0.626385316252708 0.708683758974075 0.750964045524597 0.761591017246246 0.750888109207153 0.688219219446182 0.7302565574646 0.637088194489479 0.637088194489479 0.626385316252708 0.626385316252708 0.661682099103928
0.828374087810516 0.849764674901962 0.91393655538559 0.871033847332001 0.924760907888412 0.913951724767685 0.935554891824722 0.91408833861351 0.904281169176102 0.748944878578186 0.707241535186768 0.70645210146904 0.770957946777344 0.727751642465591 0.737133771181107 0.688386201858521 0.518081068992615 0.243707299232483 0.185577645897865 0.0097768334671855 0.029436768963933 0.0390921495854855 0.048944890499115 0.116957642138004 0.0877637788653374 0.165644451975822 0.360361307859421 0.487490490078926 0.380385592579842 0.661135584115982 0.567557290196419 0.691619843244553 0.627448007464409 0.616638824343681 0.637179300189018 0.626385316252708 0.700941234827042 0.719568848609924 0.783027172088623 0.761575818061829 0.626385316252708 0.626385316252708 0.626385316252708 0.626385316252708 0.626385316252708 0.719690293073654 0.762623339891434 0.741809606552124 0.712175503373146 0.637088194489479 0.626385316252708 0.626385316252708 0.626385316252708 0.588249579071999
0.838940352201462 0.817337185144424 0.838940352201462 0.903476536273956 0.914103537797928 0.924730539321899 0.806695014238358 0.807863980531693 0.861423999071121 0.797054797410965 0.727341711521149 0.822984665632248 0.748732328414917 0.696402013301849 0.726203143596649 0.676681369543076 0.606619089841843 0.448671638965607 0.263473510742188 0.233763471245766 0.0097768334671855 0.0390921495854855 0.0877637788653374 0.116957642138004 0.22394110262394 0.048944890499115 0.233763471245766 0.253605574369431 0.253605574369431 0.498284488916397 0.65166237950325 0.627432808279991 0.681008040904999 0.681008070707321 0.626385316252708 0.626385316252708 0.64792774617672 0.658721730113029 0.669333532452583 0.762365251779556 0.751707911491394 0.626385316252708 0.626385316252708 0.626385316252708 0.626385316252708 0.637179300189018 0.732032775878906 0.741809606552124 0.646834671497345 0.626385316252708 0.626385316252708 0.626385316252708 0.504463337361813 0.5348110049963
0.860376507043839 0.860604226589203 0.881903767585754 0.849764704704285 0.871519654989243 0.849764674901962 0.795855492353439 0.785243690013885 0.872217983007431 0.850994378328323 0.850994378328323 0.797145873308182 0.818642765283585 0.788416564464569 0.798527389764786 0.696204662322998 0.646348863840103 0.616638839244843 0.331774692982435 0.273250341415405 0.233763471245766 0.0097768334671855 0.0586002729833126 0.0682556554675102 0.165583729743958 0.126476392149925 0.0194322150200605 0.0194322150200605 0.165462270379066 0.233763471245766 0.330954916775227 0.589691817760468 0.638135716319084 0.681235760450363 0.699028372764587 0.577394858002663 0.64792774617672 0.637224838137627 0.680081978440285 0.690086543560028 0.762365251779556 0.762365251779556 0.74264457821846 0.626385316252708 0.626385316252708 0.636997118592262 0.626385316252708 0.626385316252708 0.637088194489479 0.690754517912865 0.66918171942234 0.658524349331856 0.690936699509621 0.699969619512558
0.806740552186966 0.817549705505371 0.860528320074081 0.913997262716293 0.946242600679398 0.892652213573456 0.92463943362236 0.892879903316498 0.903097003698349 0.903749823570251 0.892955839633942 0.861606180667877 0.850827366113663 0.791802018880844 0.808547139167786 0.717792630195618 0.665887355804443 0.626582652330399 0.557765290141106 0.390116885304451 0.263185057789087 0.233763471245766 0.214285716414452 0.0194322150200605 0.0390921495854855 0.0292545929551125 0.0194322150200605 0.0390921495854855 0.273174434900284 0.459313780069351 0.578897833824158 0.549111902713776 0.579398825764656 0.681235760450363 0.626385316252708 0.617321997880936 0.606619089841843 0.616547763347626 0.606619089841843 0.626385316252708 0.626385316252708 0.626385316252708 0.64792774617672 0.680112347006798 0.64783664047718 0.637042656540871 0.669272795319557 0.72040382027626 0.73119780421257 0.773159235715866 0.741126477718353 0.73119780421257 0.772339463233948 0.83479580283165
0.892621845006943 0.892621845006943 0.892606645822525 0.839046597480774 0.903552442789078 0.914194613695145 0.946303337812424 0.881827861070633 0.806740552186966 0.82831335067749 0.839152902364731 0.882101088762283 0.8401700258255 0.850690752267838 0.802429050207138 0.717762261629105 0.719508111476898 0.646348863840103 0.626582652330399 0.507241547107697 0.253605574369431 0.243707299232483 0.253605574369431 0.0390921495854855 0.0194322150200605 0.0194322150200605 0.0194322150200605 0.146181866526604 0.42936085164547 0.497312873601913 0.312494292855263 0.331759512424469 0.627432808279991 0.667785048484802 0.669667541980743 0.785152554512024 0.712479129433632 0.680294528603554 0.658721730113029 0.626385316252708 0.690936699509621 0.721208423376083 0.772233158349991 0.762547433376312 0.740944266319275 0.667481392621994 0.730347663164139 0.803157716989517 0.834082275629044 0.844694077968597 0.781584918498993 0.863093972206116 0.894686490297318 0.894686490297318
0.903279185295105 0.914088368415833 0.914118707180023 0.924927890300751 0.924958229064941 0.946303308010101 0.914361625909805 0.882177025079727 0.817595243453979 0.914270550012589 0.806695014238358 0.849931687116623 0.871291935443878 0.849734336137772 0.861606180667877 0.770760595798492 0.75017461180687 0.717792630195618 0.696402013301849 0.646348863840103 0.429998472332954 0.292864718474448 0.292864718474448 0.233763471245766 0.048944890499115 0.0194322150200605 0.0194322150200605 0.107226356863976 0.497312873601913 0.590936690568924 0.438909962773323 0.322939130477607 0.617458626627922 0.626385316252708 0.626385316252708 0.64792774617672 0.690906330943108 0.680248960852623 0.680279329419136 0.668468207120895 0.699969619512558 0.783027172088623 0.783027172088623 0.866145431995392 0.823956280946732 0.771307110786438 0.926795214414597 0.936602383852005 0.957507222890854 0.92620313167572 0.958175212144852 0.967921674251556 0.957309871912003 0.935919255018234
0.903461366891861 0.903279185295105 0.924927890300751 0.892621845006943 0.957340210676193 0.957340210676193 0.946713238954544 0.935433447360992 0.935737073421478 0.946455150842667 0.892895102500916 0.882192194461823 0.914270550012589 0.828328549861908 0.892409294843674 0.829284936189651 0.775497198104858 0.767147392034531 0.725641429424286 0.696402013301849 0.636480927467346 0.666798233985901 0.794094443321228 0.752770602703094 0.302717458456755 0.048944890499115 0.0194322150200605 0.0194322150200605 0.273174434900284 0.600516155362129 0.587900415062904 0.370639137923717 0.627387270331383 0.658645808696747 0.626385316252708 0.741931080818176 0.7204949259758 0.762623339891434 0.708683758974075 0.698739916086197 0.730347663164139 0.80371943116188 0.94959768652916 0.917519330978394 0.783103078603745 0.803005903959274 0.957340210676193 0.935919255018234 0.978776395320892 0.989388197660446 0.967906475067139 0.978563845157623 0.978609383106232 0.978730827569962
