data-raw/DATASET_PNE/a_DATA/PFGS/ENVSUIT_A1B/HS_f15_H8_notgraz.asc
NCOLS 619 
NROWS 782 
XLLCORNER 876826 
YLLCORNER 1947424 
CELLSIZE 100 
NODATA_value -9999 
[rows 416 to 441 of 782, columns 480 to 539 of 619]
0 0.00967030599713326 0 0 0 0 0 0.00967030599713326 0.0290507692843676 0.0483780987560749 0.234372094273567 0.32370289042592 0.352952886372805 0.383292157202959 0.423062624409795 0.403682161122561 0.352952886372805 0.403682161122561 0.432467263191938 0.608618259429932 0.666772931814194 0.737347573041916 0.830331295728683 0.883903205394745 0.822162002325058 0.727199077606201 0.727199077606201 0.778619050979614 0.841011136770248 0.830304741859436 0.809091150760651 0.894011855125427 0.957758814096451 0.925812274217606 0.862211436033249 0.830318003892899 0.904585421085358 0.894011855125427 0.894011855125427 0.740083932876587 0.607927531003952 0.403682161122561 0.363141257315874 0.292433768510818 0.233774349093437 0.2140883654356 0.194668054580688 0.135689809918404 0.11604367941618 0.0969952940940857 0.0969952940940857 0.0969952940940857 0.0872452929615974 0.0675593093037605 0.03873435780406 0.0291039030998945 0.0097500067204237 0 0 0
0 0 0 0 0.00967030599713326 0.00967030599713326 0.0290507692843676 0.0483780987560749 0.165245339274406 0.273332256823778 0.332682449370623 0.474456030875444 0.588799446821213 0.656983077526093 0.656983077526093 0.627640083432198 0.539518088102341 0.568648561835289 0.647126823663712 0.676429957151413 0.747921139001846 0.851505011320114 0.894011855125427 0.819638162851334 0.862198144197464 0.830304741859436 0.830304741859436 0.830304741859436 0.819638162851334 0.840891569852829 0.915212124586105 0.894011855125427 0.978839576244354 0.947132110595703 0.978879421949387 0.978839576244354 0.915092587471008 0.894011855125427 0.883770346641541 0.687003523111343 0.598084539175034 0.413432167842984 0.363141257315874 0.292433768510818 0.273159593343735 0.274009734392166 0.263316601514816 0.24344465136528 0.223639115691185 0.233482107520103 0.24344465136528 0.24344465136528 0.243431359529495 0.213915675878525 0.194216415286064 0.0872452929615974 0.0193538963794708 0.0097500067204237 0 0
0 0.00967030599713326 0.00967030599713326 0.0193007625639439 0.0290507692843676 0.0977391675114632 0.2440424002707 0.302104074507952 0.302104074507952 0.332682449370623 0.423062624409795 0.707513064146042 0.697019189596176 0.778313547372818 0.788488626480103 0.706755936145782 0.666772931814194 0.698108434677124 0.843335717916489 0.737772643566132 0.830304741859436 0.957705706357956 0.978839576244354 0.894011855125427 0.894011855125427 0.894011855125427 0.894011855125427 0.894011855125427 0.894011855125427 0.894011855125427 0.894011855125427 0.894011855125427 1 1 0.978998959064484 0.978959113359451 0.925759136676788 0.894011855125427 0.778619050979614 0.687003523111343 0.588201701641083 0.432467263191938 0.383345294743776 0.363141257315874 0.333745121955872 0.333745121955872 0.363141257315874 0.403682161122561 0.403682161122561 0.394011855125427 0.302608847618103 0.302608847618103 0.29259318113327 0.292951822280884 0.273159593343735 0.184373423457146 0.0775749832391739 0.0291039030998945 0.0290507692843676 0
0.00967030599713326 0.0193007625639439 0.0290507692843676 0.135995328426361 0.302104074507952 0.292699445039034 0.342857528477907 0.383292157202959 0.393042163923383 0.471414156258106 0.656916677951813 0.767859518527985 0.798597276210785 0.788023710250854 0.798597276210785 0.798597276210785 0.873276501893997 0.883903205394745 0.894011855125427 0.798597276210785 0.915265262126923 0.989506125450134 0.894011855125427 1 0.894011855125427 0.894011855125427 0.904691696166992 0.894011855125427 0.894011855125427 1 1 1 0.904691696166992 0.92589196562767 0.904585421085358 0.840878307819366 0.883504688739777 0.894011855125427 0.810512453317642 0.729576796293259 0.657992601394653 0.471321173012257 0.413086799904704 0.403682161122561 0.403682161122561 0.423062624409795 0.452166527509689 0.549321219325066 0.563627436757088 0.432812631130219 0.423062624409795 0.403682161122561 0.404704988002777 0.333745121955872 0.302608847618103 0.357987314462662 0.2140883654356 0.0289843529462814 0.0290507692843676 0
0.0290507692843676 0.0483780987560749 0.174649983644485 0.302104074507952 0.412621878087521 0.432905614376068 0.432812631130219 0.539518088102341 0.647126823663712 0.676429957151413 0.809091150760651 0.90455886721611 0.946893036365509 0.894011855125427 0.894011855125427 0.90455886721611 0.894011855125427 0.894011855125427 0.894011855125427 0.915238708257675 1 1 0.989492833614349 0.894011855125427 0.925798982381821 0.90455886721611 1 1 1 1 0.957785397768021 1 0.989506125450134 0.978998959064484 0.978879421949387 0.894011855125427 0.894011855125427 0.894011855125427 0.883770346641541 0.823118418455124 0.782776772975922 0.628490209579468 0.451967276632786 0.510294631123543 0.568475872278214 0.607834547758102 0.666772931814194 0.718192905187607 0.656916677951813 0.617624402046204 0.548882871866226 0.432467263191938 0.403682161122561 0.404704988002777 0.394011855125427 0.313301980495453 0.204072684049606 0.0289843529462814 0.0682633295655251 0.0482054129242897
0.0779336392879486 0.223519567400217 0.302104074507952 0.383292157202959 0.657594114542007 0.666772931814194 0.666772931814194 0.686498761177063 0.758016526699066 0.851571440696716 0.883398413658142 0.925812274217606 0.894011855125427 0.91525200009346 0.894011855125427 0.894011855125427 0.989506125450134 0.925759136676788 0.957639276981354 0.989506125450134 1 1 1 0.90455886721611 1 1 1 1 1 1 1 0.978998959064484 1 0.989373296499252 0.904704988002777 0.894011855125427 0.894011855125427 0.894011855125427 0.883770346641541 0.873621851205826 0.823118418455124 0.782776772975922 0.667782485485077 0.679073363542557 0.678116947412491 0.687003523111343 0.707566201686859 0.750139474868774 0.792433768510818 0.729869037866592 0.617624402046204 0.51044075191021 0.413432167842984 0.404704988002777 0.394011855125427 0.364164084196091 0.174410879611969 0.0483780987560749 0.107303209602833 0.0680242255330086
0.272575128823519 0.312372136861086 0.352952886372805 0.60892379283905 0.809263855218887 0.788023710250854 0.788023710250854 0.788023710250854 0.894011855125427 0.894011855125427 0.894011855125427 0.925745874643326 0.904585421085358 0.894011855125427 0.925905257463455 0.904678404331207 0.925732582807541 1 1 1 1 1 0.925626307725906 0.894011855125427 1 1 1 1 1 1 1 1 1 1 0.989373296499252 0.978799700737 0.894011855125427 0.894011855125427 0.894011855125427 0.894011855125427 0.894011855125427 0.853338122367859 0.80225020647049 0.770409911870956 0.802210360765457 0.748319655656815 0.904678404331207 0.894011855125427 0.88386332988739 0.812876909971237 0.771313190460205 0.618580803275108 0.432467263191938 0.403682161122561 0.457758814096451 0.363712430000305 0.194575071334839 0.224741637706757 0.146183684468269 0.0486570484936237
0.302104074507952 0.372466204687953 0.461810268461704 0.811920493841171 0.819850713014603 0.894011855125427 0.904638558626175 0.915212124586105 0.894011855125427 0.968172997236252 0.957625985145569 1 0.957745552062988 1 1 0.894011855125427 0.894011855125427 1 1 1 1 1 1 1 1 1 1 1 1 1 1 1 1 1 0.968332409858704 0.989506125450134 0.947065711021423 0.894011855125427 0.894011855125427 0.894011855125427 0.894011855125427 0.894011855125427 0.809144288301468 0.809144288301468 0.894011855125427 0.894011855125427 0.894011855125427 0.802701830863953 0.792433768510818 0.709173500537872 0.657912909984589 0.549400925636292 0.442217268049717 0.413086799904704 0.414109626784921 0.302608847618103 0.203979700803757 0.263290017843246 0.0481389984488487 0.0195000134408474
0.34271140769124 0.432467263191938 0.656983077526093 0.798570722341537 0.894011855125427 0.936425715684891 0.957625985145569 0.936425715684891 0.978866130113602 0.978866130113602 0.91525200009346 0.936624944210052 1 1 1 0.989373296499252 0.989373296499252 1 1 0.978879421949387 1 1 1 1 1 1 1 1 1 1 1 1 0.978826284408569 1 0.989506125450134 0.989506125450134 0.957705706357956 0.947012573480606 0.947012573480606 0.936438977718353 0.862184852361679 0.830304741859436 0.840957999229431 0.894011855125427 0.894011855125427 0.863619446754456 0.812876909971237 0.812876909971237 0.772282898426056 0.667928576469421 0.52016419172287 0.599944204092026 0.442217268049717 0.507757510989904 0.404704988002777 0.302608847618103 0.27296032384038 0.263290017843246 0.0581015385687351 0.0195000134408474
0.413086799904704 0.656983077526093 0.798690259456635 0.851690977811813 0.894011855125427 0.904585421085358 0.925759136676788 0.904585421085358 1 1 0.957745552062988 0.989373296499252 1 1 1 1 1 1 1 1 1 1 1 1 1 1 1 1 1 1 1 1 0.957599431276321 0.936306148767471 0.98933345079422 0.98933345079422 1 1 0.894011855125427 0.894011855125427 0.894011855125427 0.936438977718353 0.915092587471008 0.894011855125427 0.894011855125427 0.853470951318741 0.812876909971237 0.772282898426056 0.667928576469421 0.637894853949547 0.589317500591278 0.443279944360256 0.444037092849612 0.394011855125427 0.323051989078522 0.272761076688766 0.263290017843246 0.116535164415836 0.03873435780406 0.0195000134408474
0.442217268049717 0.739114254713058 0.8305703997612 0.894011855125427 0.90455886721611 0.91525200009346 1 1 1 1 1 1 1 1 1 1 1 1 1 1 1 1 1 1 1 1 1 1 1 1 1 1 1 1 1 0.978866130113602 1 1 0.978919267654419 0.90455886721611 1 0.989506125450134 0.968292564153671 0.894011855125427 0.894011855125427 0.894011855125427 0.822945713996887 0.792433768510818 0.689301550388336 0.637894853949547 0.551021486520767 0.433529939502478 0.404704988002777 0.302608847618103 0.302104074507952 0.253300935029984 0.263290017843246 0.106785155832767 0.0291039030998945 0.0195000134408474
0.627294704318047 0.788023710250854 0.841197103261948 0.936425715684891 0.894011855125427 0.978799700737 0.989373296499252 1 1 1 1 1 1 1 1 1 1 1 1 1 1 1 1 1 1 1 1 1 1 1 1 1 1 1 1 1 1 1 1 1 1 0.989506125450134 0.947012573480606 0.915212124586105 0.894011855125427 0.894011855125427 0.863619446754456 0.792433768510818 0.667928576469421 0.618527680635452 0.413086799904704 0.433410389348865 0.365585386753082 0.312279153615236 0.263316601514816 0.263290017843246 0.224741637706757 0.0481389984488487 0.0195000134408474 0
0.760487228631973 0.862237989902496 0.968106597661972 0.925931841135025 1 1 1 1 1 1 1 1 1 1 1 1 1 1 1 1 1 1 1 1 1 1 1 1 1 1 1 1 1 1 1 1 1 1 1 0.957705706357956 0.91531839966774 0.978839576244354 1 0.978959113359451 0.894011855125427 0.894011855125427 0.852992743253708 0.792433768510818 0.699662625789642 0.627879187464714 0.413086799904704 0.433410389348865 0.342352751642466 0.282829899340868 0.263290017843246 0.234146282076836 0.14599771797657 0.0290507692843676 0 0
0.872877985239029 0.883504688739777 0.904598712921143 0.915358245372772 1 1 1 1 1 1 1 1 1 1 1 1 1 1 1 1 1 1 1 1 1 1 1 1 1 1 1 1 1 1 1 1 1 1 0.989506125450134 0.978839576244354 0.904638558626175 0.904585421085358 0.894011855125427 0.904519021511078 0.894011855125427 0.894011855125427 0.894011855125427 0.792433768510818 0.719189196825027 0.539438381791115 0.413432167842984 0.422717256471515 0.332722295075655 0.274009734392166 0.263290017843246 0.204909533262253 0.0195000134408474 0.0193007625639439 0 0
0.894011855125427 0.915278553962708 0.936425715684891 0.989373296499252 1 1 1 1 1 1 1 1 1 1 1 1 1 1 1 1 1 1 1 1 1 1 1 1 1 0.989492833614349 0.978866130113602 1 1 1 1 1 1 1 0.978959113359451 0.947132110595703 0.925865411758423 0.894011855125427 0.894011855125427 0.894011855125427 0.894011855125427 0.894011855125427 0.823118418455124 0.792433768510818 0.657912909984589 0.491126701235771 0.413086799904704 0.364164084196091 0.332722295075655 0.282829899340868 0.263290017843246 0.195066556334496 0.0290507692843676 0.0193007625639439 0 0
0.936399132013321 0.936425715684891 0.989373296499252 1 1 1 1 1 1 1 1 1 1 1 1 1 1 1 1 1 1 1 1 1 1 1 1 1 1 1 0.894011855125427 0.894011855125427 0.947105556726456 1 1 1 1 0.978839576244354 0.915092587471008 0.957625985145569 0.894011855125427 0.894011855125427 0.894011855125427 0.883770346641541 0.863619446754456 0.792075127363205 0.68777397274971 0.597991555929184 0.461571164429188 0.422836806625128 0.394011855125427 0.333745121955872 0.32254721596837 0.282829899340868 0.263290017843246 0.195066556334496 0.0290507692843676 0.0193007625639439 0 0
0.968319118022919 0.989373296499252 1 1 1 1 1 1 1 1 1 1 1 1 1 1 1 1 1 1 1 1 1 1 1 1 1 1 1 1 1 0.894011855125427 0.894011855125427 0.894011855125427 0.904585421085358 1 1 0.968332409858704 0.894011855125427 0.894011855125427 0.894011855125427 0.883770346641541 0.873714834451675 0.853457659482956 0.792433768510818 0.751109182834625 0.657301872968674 0.442217268049717 0.403682161122561 0.394011855125427 0.323051989078522 0.302608847618103 0.273159593343735 0.224781483411789 0.243962705135345 0.146170392632484 0.0290507692843676 0.0193007625639439 0 0
1 1 1 1 1 1 1 1 1 1 1 1 1 1 1 1 1 1 1 1 1 1 1 1 1 1 1 1 1 1 0.989506125450134 0.989506125450134 0.957705706357956 0.894011855125427 0.904704958200455 0.915212124586105 0.989506125450134 0.989506125450134 0.925719290971756 0.894011855125427 0.894011855125427 0.863566309213638 0.833187222480774 0.782776772975922 0.720238566398621 0.608764380216599 0.598549455404282 0.481164164841175 0.413312617689371 0.312783926725388 0.282736897468567 0.24344465136528 0.204072684049606 0.12620547413826 0.0481389984488487 0.0195000134408474 0.0193007625639439 0 0 0
1 1 1 1 1 1 1 1 1 1 1 1 1 1 1 1 1 1 1 1 1 1 1 1 1 1 1 1 1 0.91525200009346 0.925812274217606 0.894011855125427 0.894011855125427 0.894011855125427 0.894011855125427 0.851611286401749 0.851611286401749 0.862237989902496 0.894011855125427 0.894011855125427 0.822560518980026 0.81285035610199 0.782776772975922 0.782776772975922 0.678595125675201 0.637894853949547 0.559549435973167 0.413312617689371 0.342286322265863 0.282829899340868 0.204072684049606 0.125727266073227 0.0481389984488487 0.0481389984488487 0.028904652222991 0.0097500067204237 0 0 0 0
1 1 1 1 1 1 1 1 1 1 1 1 1 1 1 1 1 1 1 1 1 1 1 1 1 1 1 1 1 0.915265262126923 0.936438977718353 0.894011855125427 0.894011855125427 0.894011855125427 0.843335717916489 0.873661696910858 0.788794130086899 0.768523693084717 0.768523693084717 0.771539032459259 0.792433768510818 0.741425573825836 0.731555998325348 0.763290017843246 0.667928576469421 0.589091688394547 0.45188757404685 0.383013192564249 0.302104074507952 0.263290017843246 0.136035174131393 0.0481389984488487 0.0097500067204237 0.0097500067204237 0 0 0 0 0 0
1 1 1 1 1 1 1 1 1 1 1 1 1 1 1 1 1 1 1 1 1 1 1 1 1 1 1 1 1 1 0.915132433176041 0.894011855125427 0.843335717916489 0.792433768510818 0.741784244775772 0.722496747970581 0.670797795057297 0.638120666146278 0.658457532525063 0.638120666146278 0.568475872278214 0.461717285215855 0.589755848050117 0.442217268049717 0.422836806625128 0.422717256471515 0.393068734556437 0.333745121955872 0.24344465136528 0.174410879611969 0.214699402451515 0.0195000134408474 0 0 0 0 0 0 0 0
1 1 1 1 1 1 1 1 1 1 1 1 1 1 1 1 1 1 1 1 1 1 1 1 1 1 1 1 1 0.978879421949387 0.894011855125427 0.894011855125427 0.792207986116409 0.723134353756905 0.581081792712212 0.451967276632786 0.442217268049717 0.442217268049717 0.423062624409795 0.423062624409795 0.403682161122561 0.383345294743776 0.392975751310587 0.353470951318741 0.353470951318741 0.312783926725388 0.272561848163605 0.223639115691185 0.174410879611969 0.106639035046101 0.106546051800251 0 0 0 0 0 0 0 0 0
1 1 1 1 1 1 1 1 1 1 1 1 1 1 1 1 0.989373296499252 1 1 1 1 1 1 1 1 1 1 1 0.978879421949387 0.894011855125427 0.830304741859436 0.791875898838043 0.741133332252502 0.52979464828968 0.432586811482906 0.413086799904704 0.403682161122561 0.323118418455124 0.312876909971237 0.292433768510818 0.272561848163605 0.272561848163605 0.2635158598423 0.244055688381195 0.18482506275177 0.155256241559982 0.10657262057066 0.0289843529462814 0.0289843529462814 0.0097500067204237 0 0 0 0 0 0 0 0 0 0
1 1 1 1 1 1 1 1 1 1 1 1 1 1 1 1 0.989373296499252 1 0.989373296499252 0.989373296499252 1 1 0.978866130113602 1 1 1 1 0.978879421949387 0.894011855125427 0.883903205394745 0.758654147386551 0.751640498638153 0.704085975885391 0.442217268049717 0.413086799904704 0.342193363234401 0.332523057237267 0.292433768510818 0.273159593343735 0.233654797077179 0.174410879611969 0.0872452929615974 0.0386546589434147 0.0289843529462814 0.0289843529462814 0.0097500067204237 0.0097500067204237 0 0 0 0 0 0 0 0 0 0 0 0 0
1 1 1 1 1 1 1 1 1 1 1 1 1 1 1 1 0.957599431276321 0.989373296499252 1 0.968199580907822 0.968199580907822 1 0.936372578144073 0.925798982381821 0.925798982381821 0.915132433176041 0.947105556726456 0.925759136676788 0.894011855125427 0.883903205394745 0.782418102025986 0.753354042768478 0.491126701235771 0.422836806625128 0.392670212313533 0.332523057237267 0.282776772975922 0.233601659536362 0.11604367941618 0.057809304445982 0.0193804632872343 0.0097500067204237 0 0 0 0 0 0 0 0 0 0 0 0 0 0 0 0 0 0
1 1 1 1 1 1 1 1 1 1 1 0.978866130113602 0.978866130113602 1 1 1 0.957599431276321 0.989373296499252 0.968199580907822 0.957625985145569 0.957572847604752 0.894011855125427 0.894011855125427 0.883504688739777 0.851611286401749 0.851611286401749 0.851611286401749 0.894011855125427 0.883903205394745 0.748080551624298 0.751627206802368 0.704125821590424 0.452060259878635 0.413086799904704 0.323118418455124 0.292433768510818 0.223785236477852 0.0968890339136124 0.057809304445982 0.0195000134408474 0 0 0 0 0 0 0 0 0 0 0 0 0 0 0 0 0 0 0 0
