data-raw/DATASET_PNE/a_DATA/PFGS/ENVSUIT_A1B/HS_f0_C3_cushion.asc
NCOLS 619 
NROWS 782 
XLLCORNER 876826 
YLLCORNER 1947424 
CELLSIZE 100 
NODATA_value -9999 
[rows 224 to 255 of 782, columns 0 to 72 of 619]
-9999 -9999 -9999 1 1 1 1 1 1 1 1 1 0.976217859196583 1 0.832046332046332 0.505996878337304 0.662572907253758 0.759673046907089 0.682945863796928 0.702743777211862 0.421835209069252 0.385155672389715 0.0586133245707714 0.0586133245707714 0.0956625318327446 0.144007229113612 0.1196089706728 0 0 0.216544812289493 0.275034913332786 0.240326953092911 0.240326953092911 0.143596484022016 0.0202497330156905 0.0388975601741559 0.0388975601741559 0.0202497330156905 0 0 0 0 0.435348722582765 0.817136285221391 0.666803581697199 0.923272816889838 0.943070730304773 1 1 1 1 1 1 1 1 1 1 1 1 1 1 1 1 1 1 1 1 1 1 1 1 1 1
-9999 -9999 1 1 1 1 1 1 1 1 1 1 0.927914236424875 0.832046332046332 0.563829787234043 0.486979380596402 0.17625071880391 0.472767600427175 0.174032695309291 0.270188121251951 0.0778772693666311 0.298817054136203 0.111845888441633 0.0202497330156905 0.240326953092911 0.21576439661546 0.0483857717900271 0 0.0242339604041732 0.236794545305184 0.260576686108601 0.279224513267066 0.240326953092911 0.168159040499466 0.17846874229853 0.0584901010432925 0.0388975601741559 0 0 0 0 0 0.0662942577836195 0.12067690791095 0.768504066376407 0.923272816889838 0.961800706481558 1 1 1 0.88034995481804 1 1 1 1 1 1 1 1 1 1 1 1 1 1 1 1 1 1 1 1 1 1
-9999 1 1 1 1 1 0.943070730304773 1 1 1 0.746323831430214 0.574221638051425 0.206810153618664 0.39316520167584 0.115706892302637 0.243325392261562 0.337714614310359 0.239875133492155 0.221761274952764 0.186519346093814 0.233179988499137 0.20935677318656 0.207631643801857 0.0202497330156905 0.240326953092911 0.0961143514335004 0 0 0.260576686108601 0.260576686108601 0.240326953092911 0.298817054136203 0.163846217037706 0.0388975601741559 0.0584901010432925 0.0202497330156905 0 0 0 0 0 0 0 0 0.396533311426928 0.88458062926148 0.943070730304773 1 1 0.88034995481804 0.831758810482215 1 1 1 1 0.88034995481804 1 1 1 1 1 1 1 1 1 1 1 1 1 1 1 1 1
-9999 0.976012486650785 1 1 0.943070730304773 0.943070730304773 0.866918590322846 1 1 0.884991374353076 0.722336318080999 0.408034173991621 0.448615789041321 0.448615789041321 0.0974287357266081 0.0778772693666311 0.367329335414442 0.309455352008544 0.318204222459542 0.233179988499137 0.279224513267066 0.349092253347572 0.0241518113858539 0.120184013801035 0.191941181302883 0 0 0.240326953092911 0.260576686108601 0.240326953092911 0.240326953092911 0.407459130863386 0.298817054136203 0.102029080752485 0.0584901010432925 0 0 0 0.0202497330156905 0.0388975601741559 0.453709028177113 0.58551712807032 0.304855006982667 0.240326953092911 0.436005914729319 0.924094307073031 0.943070730304773 1 0.951449930173334 0.97543744352255 1 1 1 1 1 1 1 1 1 1 1 1 1 1 1 1 1 1 1 1 1 1 1
0.842438182863715 0.78316766614639 1 1 0.943070730304773 0.943070730304773 0.943070730304773 0.943070730304773 1 0.83221063008297 0.525876940770558 0.524726854514089 0.335085845724144 0.284605273966976 0.0584901010432925 0.0388975601741559 0.279224513267066 0.279224513267066 0.318204222459542 0.279224513267066 0.260576686108601 0.240326953092911 0.167460773843753 0.240326953092911 0.21576439661546 0 0 0.240326953092911 0.260576686108601 0.240326953092911 0.240326953092911 0.298817054136203 0.463443686847942 0.0778772693666311 0.0388975601741559 0 0 0 0.184219173580876 0.130534790109258 0.665160601330814 0.745502341247022 0.855910621868069 0.846668857307155 0.504107450915962 0.542963936580958 0.962170377063994 1 1 1 1 1 1 1 1 1 1 1 1 1 1 1 1 1 1 1 1 1 1 1 1 1 1
0.769777376160355 0.807319477532244 1 1 1 0.943070730304773 0.943070730304773 0.943070730304773 1 0.698554177277582 0.297502669843095 0.588926312330568 0.505996878337304 0.505996878337304 0.492154768750513 0.309455352008544 0.28526246611353 0.348927955310934 0.260576686108601 0.240326953092911 0.260576686108601 0.240326953092911 0.240326953092911 0.167994742462828 0.167625071880391 0 0.191941181302883 0.260576686108601 0.240326953092911 0.260576686108601 0.260576686108601 0.279224513267066 0.246036309866097 0.0444015444015444 0.0202497330156905 0 0.0202497330156905 0.0388975601741559 0.0202497330156905 0.0388975601741559 0.592171198554177 0.655179495605028 0.414770393493798 0.927092746241682 1 1 1 0.951449930173334 0.927667789369917 0.855458802267313 1 1 1 1 1 1 1 1 1 1 1 1 1 1 1 1 1 1 1 1 1 1 1
-9999 0.807319477532244 0.962170377063994 1 1 1 1 1 0.980900353240779 0.212807031955968 0.302883430543005 0.167296475807114 0 0 0.28526246611353 0.368520496180071 0.304649634436868 0.348927955310934 0.415838330731948 0.260576686108601 0.240326953092911 0.240326953092911 0.167994742462828 0.167625071880391 0.191817957775405 0 0.240326953092911 0.260576686108601 0.260576686108601 0.260576686108601 0.240326953092911 0.279224513267066 0.207097675182782 0 0.186519346093814 0.28526246611353 0.0388975601741559 0.0388975601741559 0.0202497330156905 0.0780415674032695 0.636285221391604 0.850365563131521 0.880103507763082 0.943070730304773 1 1 1 0.904132095621457 0.807976669678797 1 1 1 1 0.951819600755771 1 1 1 1 1 1 1 1 1 1 1 1 1 1 1 1 1 1 1
-9999 1 1 1 1 1 1 1 0.722541690626797 0.169309126755935 0.381828637147786 0.353980119937567 0.248459705906514 0.327692434075413 0.720775486732934 0.327528136038774 0.318491744023659 0.746734576521811 0.69226977737616 0.402612338782552 0.260576686108601 0.240326953092911 0.191817957775405 0.167625071880391 0.144130452641091 0.0721679125934445 0.260576686108601 0.260576686108601 0.240326953092911 0.260576686108601 0.240326953092911 0.279224513267066 0 0.0388975601741559 0.487020455105561 0.408034173991621 0.261110654727676 0.261110654727676 0.339850488786659 0.0974287357266081 0.659369095539308 0.899901421178017 0.918877844409759 1 0.962170377063994 1 1 1 0.90384457405734 0.927708863879077 1 1 1 1 0.879857060708125 1 1 1 1 1 1 1 1 1 1 1 1 1 1 1 1 1 1
-9999 -9999 1 1 1 1 1 1 0.746323831430214 0.393617021276596 0.242750349133328 0.0778361948574715 0.261110654727676 0.30875708535283 0.583956296722254 0.309249979462745 0.464922369177688 0.729195761110655 0.619485747145322 0.338043210383636 0.240326953092911 0.240326953092911 0.191817957775405 0.144130452641091 0 0.240326953092911 0.37718721761275 0.240326953092911 0.0479339521892713 0.240326953092911 0.260576686108601 0.255072701881213 0 0.356937484597059 0.524726854514089 0.492236917768833 0.569333771461431 0.242750349133328 0.0780415674032695 0.363345108025959 0.435677318656042 0.672964758071141 0.842725704427832 0.698841698841699 0.962170377063994 1 1 1 1 0.927955310934034 1 1 1 1 1 1 1 1 0.951983898792409 1 1 1 1 1 1 1 1 1 1 1 1 1 1
-9999 -9999 -9999 1 1 1 1 0.880637476382157 0.588474492729812 0.583381253594019 0.271954325145814 0 0.0388975601741559 0.303540622689559 0.28526246611353 0.298611681590405 0.562268955885977 0.298611681590405 0.260576686108601 0.260576686108601 0.240326953092911 0.143801856567814 0.144130452641091 0 0 0.240326953092911 0.357430378706974 0.240326953092911 0.120430460855993 0.240326953092911 0.260576686108601 0.164215887620143 0.0630493715600099 0.28526246611353 0.505996878337304 0.261110654727676 0.0388975601741559 0.261110654727676 0.261110654727676 0.132218844984802 0.0780415674032695 0.693173416577672 0.943070730304773 1 0.975807114104987 0.975848188614146 1 1 0.951449930173334 0.904132095621457 1 1 1 1 1 1 1 1 1 1 1 1 1 1 1 1 1 1 1 1 1 1 1
-9999 -9999 -9999 -9999 -9999 0.943070730304773 0.746323831430214 0.650907746652427 0.54382650127331 0.505996878337304 0.505996878337304 0.27240614474657 0.0921711985541773 0.231290561077795 0.28526246611353 0.260124866507845 0.454776965415263 0.260576686108601 0.240326953092911 0.240326953092911 0.240326953092911 0.191817957775405 0.0963607984884581 0 0.240326953092911 0.280292450505216 0.240326953092911 0.240326953092911 0.279224513267066 0.255442372463649 0.255442372463649 0.0241518113858539 0.0872011829458638 0.100098578821983 0.248459705906514 0.303951367781155 0.602029080752485 0.70081327528136 0.783496262219666 0.80768914811468 0.83221063008297 0.856403515977984 0.980900353240779 1 1 1 0.952353569374846 0.975848188614146 1 1 1 1 1 1 1 1 1 1 1 1 1 1 1 1 1 1 1 1 0.879980284235603 1 1 1 1
-9999 -9999 -9999 -9999 -9999 -9999 -9999 -9999 -9999 0.266902160519182 0.28526246611353 0.381089295982913 0.28526246611353 0.28526246611353 0.768955885977163 0.305183603055943 0.240326953092911 0.455803828144254 0.31939538322517 0.240326953092911 0.240326953092911 0.240326953092911 0 0.191817957775405 0.240326953092911 0.260576686108601 0.240326953092911 0.279224513267066 0.300583258030067 0.585599277088639 0.300049289410992 0.0241518113858539 0.0239875133492155 0 0.46800295736466 0.739875133492155 0.525384046660642 0.544114022837427 0.759673046907089 0.759673046907089 0.563706563706564 0.660765628850735 0.627289903885649 0.799761767846874 0.783496262219666 1 1 1 0.880021358744763 0.927667789369917 1 1 1 1 1 1 1 1 1 1 0.952066047810729 0.951983898792409 1 1 1 1 1 1 1 1 1 1 1
-9999 -9999 -9999 -9999 -9999 -9999 -9999 -9999 -9999 -9999 -9999 -9999 0.16774829540787 0.290807524850078 0.499178509816808 0.649757660395958 0.735192639447959 0.495153207919165 0.260576686108601 0.240326953092911 0.240326953092911 0.0479750266984309 0 0.167994742462828 0.240326953092911 0.260576686108601 0.512692023330321 0.298611681590405 0.5341739916208 0.759673046907089 0.16877515813686 0.0482214737533886 0.236342725704428 0.397519099646759 0.663640844491908 0.721473753388647 0.526082313316356 0.720775486732934 0.720775486732934 0.739875133492155 0.429803663846217 0.505996878337304 0.46800295736466 0.511172266491415 0.759673046907089 0.808428489279553 0.856403515977984 1 1 0.943070730304773 0.943070730304773 1 1 1 1 1 1 1 1 1 0.951778526246611 0.951983898792409 1 1 1 1 1 1 1 1 1 1 1
-9999 -9999 -9999 -9999 -9999 -9999 -9999 -9999 -9999 -9999 -9999 -9999 -9999 -9999 -9999 -9999 -9999 0.240326953092911 0.240326953092911 0.240326953092911 0.240326953092911 0.0483857717900271 0 0.191817957775405 0.240326953092911 0.260576686108601 0.729811878748049 0.318204222459542 0.855294504230674 0.260576686108601 0.807606999096361 0.68372627947096 0.415797256222788 0.645362687915879 0.472685451408856 0.396985131027684 0.759673046907089 0.644623346751006 0.303540622689559 0.46800295736466 0.505996878337304 0.662572907253758 0.505996878337304 0.68167255401298 0.569785591062187 0.51601905857225 0.611845888441633 0.904296393658096 0.880103507763082 0.943070730304773 0.943070730304773 0.962170377063994 1 1 1 1 1 1 1 1 1 1 1 1 1 1 1 1 1 1 1 1 1
-9999 -9999 -9999 -9999 -9999 -9999 -9999 -9999 -9999 -9999 -9999 -9999 -9999 -9999 -9999 -9999 -9999 -9999 0.240326953092911 0.240326953092911 0.0479750266984309 0.096689394561735 0 0.21576439661546 0.240326953092911 0.27996385443194 0.735192639447959 0.468044031873819 0.375297790191407 0.372299351022755 0.513636737040992 0.354431939538322 0.735521235521235 0.378255154850899 0.240326953092911 0.216544812289493 0.240326953092911 0.240326953092911 0.318204222459542 0.303540622689559 0.583956296722254 0.807771297132999 0.783619485747145 0.340425531914894 0.448492565513842 0.467592212273063 0.614063911936252 0.904666064240532 0.943070730304773 1 1 1 1 1 1 1 1 1 1 1 1 1 1 1 1 1 1 1 1 1 1 1 1
-9999 -9999 -9999 -9999 -9999 -9999 -9999 -9999 -9999 -9999 -9999 -9999 -9999 -9999 -9999 -9999 -9999 -9999 -9999 0.21576439661546 0.0479750266984309 0.0479750266984309 0.0245625564774501 0.240326953092911 0.240326953092911 0.240326953092911 0.716462663271174 0.329335414441797 0.383348393986692 0.62823461759632 0.298611681590405 0.240326953092911 0.240326953092911 0.216544812289493 0.240326953092911 0 0.0483857717900271 0.216544812289493 0.144007229113612 0.240326953092911 0.298611681590405 0.348969029820094 0.545099811057258 0.453955475232071 0.505996878337304 0.486979380596402 0.550110901174731 0.943070730304773 1 1 1 1 1 1 1 1 1 1 1 1 1 1 1 1 1 1 1 1 1 1 1 1 1
-9999 -9999 -9999 -9999 -9999 -9999 -9999 -9999 -9999 -9999 -9999 -9999 -9999 -9999 -9999 -9999 -9999 -9999 -9999 0.21576439661546 0.0479750266984309 0.0245625564774501 0.0479750266984309 0.240326953092911 0.240326953092911 0.240326953092911 0.475108847449273 0.698184506695145 1 0.502669843095375 0.240326953092911 0 0 0 0.14421260165941 0 0.216544812289493 0.216544812289493 0.216544812289493 -9999 0.216544812289493 -9999 0 0.207385196746899 0.783619485747145 0.759673046907089 0.807483775568882 1 1 1 1 1 1 1 1 1 1 1 1 1 1 1 1 1 1 1 1 1 1 1 1 1 -9999
-9999 -9999 -9999 -9999 -9999 -9999 -9999 -9999 -9999 -9999 -9999 -9999 -9999 -9999 -9999 -9999 -9999 -9999 -9999 -9999 0 0.144089378131931 0.240326953092911 0.191817957775405 0.21576439661546 0.240326953092911 0.260576686108601 0.357430378706974 0.260576686108601 0.240326953092911 0.240326953092911 0.240326953092911 0 0 0 0.0720857635751253 0.236794545305184 0.18808017744188 0.216175141707057 0.19235192639448 -9999 -9999 -9999 0.0974287357266081 0.759673046907089 0.808182042224595 0.856239217941346 1 1 1 1 1 1 1 1 1 1 1 1 1 1 1 1 1 1 1 1 1 1 1 1 1 1
-9999 -9999 -9999 -9999 -9999 -9999 -9999 -9999 -9999 -9999 -9999 -9999 -9999 -9999 -9999 -9999 -9999 -9999 -9999 -9999 0.0483857717900271 0.240326953092911 0.240326953092911 0.240326953092911 0.240326953092911 0.240326953092911 0.240326953092911 0.240326953092911 0.240326953092911 0.240326953092911 0.240326953092911 0.240326953092911 0.274829540786988 0.312453791177195 0.664667707220899 0.304362112872751 0.169760946356691 0.28526246611353 0.711410498644541 0.323256387086174 0.144623346751006 -9999 -9999 0.0388975601741559 0.720734412223774 0.783619485747145 0.855869547358909 0.808469563788713 1 1 1 1 1 1 1 1 1 1 1 1 1 1 1 1 1 1 1 1 1 1 1 1 1
-9999 -9999 -9999 -9999 -9999 -9999 -9999 -9999 -9999 -9999 -9999 -9999 -9999 -9999 -9999 -9999 -9999 -9999 -9999 -9999 0.0483857717900271 0.240326953092911 0.240326953092911 0.240326953092911 0.27996385443194 1 1 1 0.961800706481558 0.488416988416988 0.548221473753389 0.855294504230674 0.807114104986445 0.855951696377228 0.928160683479832 0.831758810482215 0.563829787234043 0.525384046660642 0.628152468578 0.687628357841124 0.711410498644541 0.168569785591062 -9999 -9999 0.0974287357266081 0.739875133492155 0.759673046907089 0.759673046907089 1 1 1 1 1 1 1 1 1 1 1 1 1 1 1 1 1 1 1 1 1 1 1 1 1
-9999 -9999 -9999 -9999 -9999 -9999 -9999 -9999 -9999 -9999 -9999 -9999 -9999 -9999 -9999 -9999 -9999 -9999 -9999 -9999 0.0483857717900271 0.240326953092911 0.240326953092911 0.260576686108601 0.601043292532654 0.923724636490594 1 0.879446315616528 0.764560913497084 0.807606999096361 0.903639201511542 0.855910621868069 0.526123387825515 0.563829787234043 0.582929433993264 0.807606999096361 0.952024973301569 0.832169555573811 0.739875133492155 0.807606999096361 0.976217859196583 0.284892795531093 0.144376899696049 -9999 0 0.171773597305512 0.661628193543087 0.739875133492155 0.80773022262384 1 1 1 1 1 1 1 1 1 1 1 1 1 1 1 1 1 1 1 1 1 1 1 1
-9999 -9999 -9999 -9999 -9999 -9999 -9999 -9999 -9999 -9999 -9999 -9999 -9999 -9999 -9999 -9999 -9999 -9999 -9999 -9999 0 0.240326953092911 0.240326953092911 0.260576686108601 0.377022919576111 0.980900353240779 0.339234371149265 0.381500041074509 0.545264109093896 0.783660560256305 0.903967797584819 0.808223116733755 0.446356691037542 0.655631315205783 0.832046332046332 0.759673046907089 0.928201757988992 0.78423560338454 0.928201757988992 0.903967797584819 0.976217859196583 0.72545798077713 0.181960075577097 0.0184424546126674 0.199375667460774 -9999 0.116815904049947 0.54382650127331 0.927873161915715 1 1 1 1 1 1 1 1 1 1 1 1 1 1 1 1 1 1 1 1 1 1 1 1
-9999 -9999 -9999 -9999 -9999 -9999 -9999 -9999 -9999 -9999 -9999 -9999 -9999 -9999 -9999 -9999 -9999 -9999 -9999 -9999 0.240326953092911 0.240326953092911 0.240326953092911 0.240326953092911 0.27996385443194 0.730674443440401 0.831799884991374 0.298611681590405 0.322927791012897 0.76386264684137 0.832046332046332 0.675347079602399 0.530888030888031 0.487020455105561 0.808387414770394 0.808058818697116 0.856773186560421 0.831964183028013 0.952271420356527 0.78423560338454 0.879815986198965 0.668487636572743 0.181960075577097 0.163024726854514 0.126755935266574 0.023823215312577 0 0.0584490265341329 0.739875133492155 1 1 1 1 1 1 1 1 1 1 1 1 1 1 1 1 1 1 1 1 1 1 1 1
-9999 -9999 -9999 -9999 -9999 -9999 -9999 -9999 -9999 -9999 -9999 -9999 -9999 -9999 -9999 -9999 -9999 -9999 -9999 0.0483857717900271 0.240326953092911 0.240326953092911 0.240326953092911 0.240326953092911 0.240326953092911 0.240326953092911 0.788055532736384 0.879405241107369 0.0683479832416003 0.808223116733755 0.759673046907089 0.602809496426518 0.719830773022262 0.806539061858211 0.908937813193132 1 1 1 1 0.952271420356527 0.976217859196583 0.807606999096361 0.222582765135957 0.302678057997207 0.126755935266574 0.0723732851392426 0.144993017333443 0.350324488622361 0.739875133492155 1 1 1 1 1 1 1 1 1 1 1 1 1 1 1 1 1 1 1 1 1 1 1 1
-9999 -9999 -9999 -9999 -9999 -9999 -9999 -9999 -9999 -9999 -9999 -9999 -9999 -9999 -9999 -9999 -9999 -9999 -9999 0.240326953092911 0.240326953092911 0.240326953092911 0.240326953092911 0.240326953092911 0.240326953092911 0.144007229113612 0.298611681590405 0.832005257537172 0.832169555573811 0.592376571099975 0.662572907253758 0.743982584408116 0.83221063008297 0.880719625400476 1 1 1 1 1 1 0.9038856485665 0.951983898792409 0.355951696377228 0.116610531504149 0.326172677236507 0.331964183028013 0.271173909471782 0.235973055121991 0.603425614063912 1 1 1 1 1 1 1 1 1 1 1 1 1 1 1 1 1 1 1 1 1 1 1 1
-9999 -9999 -9999 -9999 -9999 -9999 -9999 -9999 -9999 -9999 -9999 -9999 -9999 -9999 -9999 -9999 -9999 -9999 -9999 0.240326953092911 0.240326953092911 0.240326953092911 0.240326953092911 0.240326953092911 0.16778936991703 0.240326953092911 0.240326953092911 0.525096525096525 0.831717735973055 0.928201757988992 0.759673046907089 0.980202086585065 0.904583915222213 1 1 1 1 1 1 1 1 0.928037459952354 0.759673046907089 0.242750349133328 0.297461595333936 0.250759878419453 0.278485172102193 0.278485172102193 0.568224759714121 1 1 1 1 1 1 1 1 1 1 1 1 1 1 1 1 1 1 1 1 1 1 1 1
-9999 -9999 -9999 -9999 -9999 -9999 -9999 -9999 -9999 -9999 -9999 -9999 -9999 -9999 -9999 -9999 -9999 -9999 0.023823215312577 0.240326953092911 0.240326953092911 0.240326953092911 0.240326953092911 0.240326953092911 0.240326953092911 0.216175141707057 0.240326953092911 0.462745420192229 0.831717735973055 0.928201757988992 0.78423560338454 0.928776801117227 0.962745420192229 1 1 1 1 1 1 1 1 1 0.928037459952354 0.759673046907089 0.721843423971084 0.531627372052904 0.492277992277992 0.311796599030642 0.387620142939292 0.976217859196583 1 1 1 1 1 1 1 1 1 1 1 1 1 1 1 1 1 1 1 1 1 1 1
-9999 -9999 -9999 -9999 -9999 -9999 -9999 -9999 -9999 -9999 -9999 -9999 -9999 -9999 -9999 -9999 -9999 -9999 0.0721268380842849 0.240326953092911 0.240326953092911 0.240326953092911 0.240326953092911 0.240326953092911 0.16778936991703 0.240326953092911 0.337755688819519 0.390495358580465 0.855540951285632 0.880103507763082 0.808058818697116 1 1 0.981023576768258 1 1 1 1 1 1 1 1 1 0.856403515977984 0.928776801117227 0.770639940852707 0.617760617760618 0.27462416824119 0.330773022262384 0.828144253676169 0.943070730304773 1 1 1 1 1 1 1 1 1 1 1 1 1 1 1 1 1 1 1 1 1 1
-9999 -9999 -9999 -9999 -9999 -9999 -9999 -9999 -9999 -9999 -9999 -9999 -9999 -9999 -9999 -9999 -9999 -9999 0.240326953092911 0.240326953092911 0.240326953092911 0.240326953092911 0.240326953092911 0.191612585229607 0.240326953092911 0.318163147950382 0.855869547358909 0.879815986198965 0.928201757988992 0.831882034009694 0.78423560338454 1 1 1 1 1 1 1 1 1 1 1 1 1 1 0.952558941920644 0.774254497658753 0.371642158876201 0.598496672964758 0.694775322434897 0.923971083545552 0.943070730304773 0.943070730304773 0.943070730304773 0.962170377063994 1 1 1 1 1 1 1 1 1 1 1 1 1 1 1 1 1 1
-9999 -9999 -9999 -9999 -9999 -9999 -9999 -9999 -9999 -9999 -9999 -9999 -9999 -9999 -9999 -9999 -9999 -9999 0.240326953092911 0.240326953092911 0.240326953092911 0.240326953092911 0.240326953092911 0.240326953092911 0.653166844656206 0.769079109504641 0.928201757988992 0.903967797584819 0.808223116733755 0.759673046907089 0.807812371642159 0.962745420192229 1 1 1 1 1 1 1 1 1 1 1 1 1 1 1 0.627988170541362 0.923971083545552 0.923971083545552 0.923971083545552 0.943070730304773 0.943070730304773 1 1 1 1 1 1 1 1 1 1 1 1 1 1 1 1 1 1 1 1
-9999 -9999 -9999 -9999 -9999 -9999 -9999 -9999 -9999 -9999 -9999 -9999 -9999 -9999 -9999 -9999 -9999 0.0963607984884581 0.240326953092911 0.240326953092911 0.240326953092911 0.27996385443194 0.358539390454284 1 0.871026041238807 0.807606999096361 0.928201757988992 0.90384457405734 0.808058818697116 0.807812371642159 0.499753552945042 0.681467181467182 0.92520331882034 1 1 1 1 1 1 1 1 1 1 1 1 1 1 1 1 1 1 1 1 1 1 1 1 1 1 1 1 1 1 1 1 1 1 1 1 1 1 1 1
-9999 -9999 -9999 -9999 -9999 -9999 -9999 -9999 -9999 -9999 -9999 -9999 -9999 -9999 -9999 -9999 -9999 0.240326953092911 0.240326953092911 0.240326953092911 0.299679618828555 0.659040499466031 0.658342232810318 0.27996385443194 0.27996385443194 0.420644048303623 0.768380842848928 0.90384457405734 0.744393329499712 0.535406226895589 0.135833401790849 0.572907253758318 0.548344697280867 0.943645773433007 1 1 1 1 1 1 1 1 1 1 1 1 1 1 1 1 1 1 1 1 1 1 1 1 1 1 1 1 1 1 1 1 1 1 1 1 1 1 1
