data-raw/DATASET_PNE/a_DATA/PFGS/ENVSUIT_A1B/HS_f30_C4_shrubs.asc
NCOLS 619 
NROWS 782 
XLLCORNER 876826 
YLLCORNER 1947424 
CELLSIZE 100 
NODATA_value -9999 
[rows 232 to 260 of 782, columns 132 to 197 of 619]
0.329412702842789 0.255173238706591 0.22949643156174 0.255173238706591 0.178701008731709 0.178701008731709 0.153223555679598 0.255173238706591 0.255173238706591 0.229576173198836 0.255173238706591 0.255173238706591 0.255173238706591 0.204337945058012 0.0764722299748814 0.0511143893784139 0 0 0 0 0 0 0.102468003668115 0.203899366053985 0.229576173198836 0.255173238706591 0.255173238706591 0.178940233642997 0.178661137913161 0.255173238706591 0.273154977871696 0.367050755552011 0.273154977871696 -9999 -9999 0.765439974482676 1 1 1 0.47821059766357 0.795662054941988 0.744826761293409 0.795781667397632 0.846776444320402 0.2997089430246 0.510306606594633 0.255173238706591 0.102109166301184 0.0767114548861688 0 0 0 0 0 0 0 0 0 0.127785973446035 0 0.0507954228300307 0.101790199752801 0.0257565487819465 0.127586619353295 0.152984330768311 0.153422909772338
0.311430963677684 0.297077469000439 0.234121446513297 0.255173238706591 0.178661137913161 0.204337945058012 0.255173238706591 0.255173238706591 0.255173238706591 0.255173238706591 0.229775527291575 0.255173238706591 0.255173238706591 0.255173238706591 0.204337945058012 0.0764323591563335 0.22949643156174 0 0 0 0 0 0.102468003668115 0.255173238706591 0.051074518559866 0.22949643156174 0 0.229576173198836 0.229536302380288 0.255173238706591 0.273154977871696 0.178142817272039 -9999 -9999 -9999 0.938559068617679 1 1 0.821857182727961 0.550257166779634 0.821338862086839 0.770423826801164 1 0.390215701128344 0.333838363701607 0.290937362944061 0.255173238706591 0.255173238706591 0 0 0 0 0 0 0 0 0 0 0.178541525457518 0.0257166779633986 0.0253977114150154 0.178541525457518 0.15318368486105 0.127586619353295 0.203939236872533 0.127427136079104
0.44300466488577 0.334396555161277 0.255173238706591 0.255173238706591 0.255173238706591 0.204218332602368 0.255173238706591 0.255173238706591 0.255173238706591 0.203700011961246 0.204537299150752 0.255173238706591 0.229456560743192 0.255173238706591 0.255173238706591 0.255173238706591 0.0765918424305251 0 0 0.0252382281408237 0 0.127865715083131 0.255173238706591 0.153024201586859 0 -9999 -9999 0.101869941389897 0.255173238706591 0.255173238706591 -9999 -9999 -9999 -9999 -9999 0.873330409473307 0.938598939436227 1 0.744826761293409 0.770463697619712 0.744826761293409 0.770423826801164 0.849647143255851 0.371635899685021 0.316055978629241 0.255173238706591 0.255173238706591 0.0257166779633986 0 0 0 0 0 0 0 0 0.0257166779633986 0.0257166779633986 0.153422909772338 0 0.0253977114150154 0.15318368486105 0.127785973446035 0.152824847494119 0 0
0.541365974243451 0.371875124596308 0.255173238706591 0.255173238706591 0.285156094254615 0.30903871456481 0.329412702842789 0.368207009289901 0.303696024879391 0.255173238706591 0.255173238706591 0.178820621187353 0.127546748534747 0.152944459949763 0.255173238706591 0.255173238706591 0.0252382281408237 0 0 0 0 0.255173238706591 0.255173238706591 -9999 -9999 -9999 0.127467006897652 0.255173238706591 0.255173238706591 -9999 -9999 -9999 -9999 -9999 -9999 0.711016307164786 1 0.82835612615127 0.100753558470555 0.744826761293409 0.744826761293409 0.974323192855149 0.823133048921494 0.15756947490132 0.297675531278657 0.255173238706591 0.255173238706591 0.0257166779633986 0 0 0 0 0 0 0 0 0.0257166779633986 0.0257166779633986 0.0768709381603604 0 0.0253977114150154 0.102069295482636 0 0 0 0
0.462860332522627 0.502970375981819 0.229775527291575 0.348391212471592 0.348391212471592 0.44300466488577 0.48315457916351 0.404489454168494 0.366771659822176 0.27383278178701 0.127387265260556 0.255173238706591 0.255173238706591 0.204218332602368 0.229576173198836 0.255173238706591 0.255173238706591 0.178421913001874 0.178421913001874 0 0 0 0.127865715083131 0.051074518559866 0.203739882779793 0.229775527291575 0.101710458115705 0.0764722299748814 -9999 -9999 -9999 -9999 -9999 -9999 -9999 -9999 1 0.796060763127467 0.102468003668115 0.744826761293409 0.77050356843826 0.974283322036601 0.754475499382002 0.204337945058012 0.273154977871696 0.255173238706591 0.255173238706591 0 0 0 0 0 0 0 0 0.0257166779633986 0.102348391212472 0.178820621187353 0.153143814042502 0.0253977114150154 0.0765519716119772 0.127467006897652 0.0257565487819465 0 0 0.0763924883377856
0.561221641880308 0.44300466488577 0.204537299150752 0.44300466488577 0.44300466488577 0.423188868067461 0.461584466329094 0.639727283601132 0.444121047805111 0.127546748534747 0.178661137913161 0.178182688090587 0.290857621306965 0.308600135560783 0.229576173198836 0.255173238706591 0.255173238706591 0.255173238706591 0.255173238706591 0.152784976675571 0.0257166779633986 0.0509549061042223 0 0 0.0252382281408237 0.22949643156174 0.101710458115705 0 0.255173238706591 0.255173238706591 0.255173238706591 -9999 -9999 -9999 -9999 0.873330409473307 1 0.744826761293409 0 0.599378015230653 0.744826761293409 1 0.878433874247438 0.24109883975918 0.255173238706591 0.255173238706591 0.255173238706591 0 0 0 0 0 0 0 0 0 0 0 0.102348391212472 0.0509947769227702 0 0.0765519716119772 0.0763924883377856 0 0 0.0257565487819465
0.561221641880308 0.290139946573103 0.639727283601132 0.639727283601132 0.619433036960249 0.639727283601132 0.639727283601132 0.579841314142179 0.327698257645229 0.204258203420916 0.0257565487819465 0.127427136079104 0.255173238706591 0.452812886248555 0.273035365416052 0.255173238706591 0.255173238706591 0.255173238706591 0.255173238706591 0.255173238706591 0 0.0509549061042223 0.101670587297157 0 0.0506359395558391 0.0764722299748814 0 0.12730752362346 0.178382042183326 0.204218332602368 -9999 -9999 -9999 -9999 0.747458235317571 0.873330409473307 0.974323192855149 0.61807742912962 0 0.61807742912962 0.770224472708425 0.923408157569475 0.399984051672581 0.291894262589211 0.255173238706591 0.255173238706591 0.0511143893784139 0 0 0 0 0 0 0 0 0 0 0 0.0513536142897014 0.15318368486105 0.127427136079104 0.15318368486105 0.101790199752801 0.0511542601969618 0 0.0257565487819465
0.48144013396595 0.561221641880308 0.639727283601132 0.675371795382959 0.657589410310594 0.747458235317571 0.639727283601132 0.614050476456282 0.639727283601132 0.481400263147402 0.255173238706591 0.0257565487819465 0.255173238706591 0.255173238706591 0.272995494597504 0.255173238706591 0.255173238706591 0.255173238706591 0.255173238706591 0.255173238706591 0.22949643156174 0.153143814042502 0.204138590965273 0 0 0 0.051074518559866 0.0257166779633986 -9999 -9999 -9999 -9999 -9999 -9999 -9999 0.946094653323233 1 0.152067301941709 0 0.526254934013795 0.974323192855149 0.594593517004904 0.291894262589211 0.255173238706591 0.255173238706591 0.255173238706591 0.0765121007934293 0 0 0 0 0 0 0 0 0 0 0 0.0257166779633986 0.229935010565767 0.255173238706591 0.255173238706591 0 0 0 0
0.639727283601132 0.675371795382959 0.711016307164786 0.711016307164786 0.606195925202344 0.765280491208485 0.568717355767314 0.747298752043379 0.563095570352059 0.639727283601132 0.378812647023643 0.197320680993581 0.255173238706591 0.152984330768311 0.255173238706591 0.229935010565767 0.102149037119732 0.255173238706591 0.255173238706591 0.255173238706591 0.101710458115705 0.152984330768311 0 0 0 0.152705235038475 0.0257166779633986 0 0 -9999 -9999 -9999 -9999 -9999 -9999 -9999 1 0.0377177943463179 0 0.158047924723895 0.974363063673697 0.418683465571548 0.255173238706591 0.255173238706591 0.255173238706591 0.255173238706591 0 0 0 0 0 0 0 0 0 0 0 0 0.0257166779633986 0.0257166779633986 0.255173238706591 0.255173238706591 0.15318368486105 0 0.0257565487819465 0
0.639727283601132 0.711016307164786 0.765280491208485 0.696224233483513 0.765280491208485 0.767632869502811 0.7116941110801 0.721621944898529 0.614050476456282 0.563095570352059 0.639727283601132 0.541445715880547 0.255173238706591 0.20437781587656 0.102468003668115 0.17850165463897 0.229416689924644 0.229576173198836 0.255173238706591 0.255173238706591 0.178701008731709 0.0509549061042223 0 0 0 0.0253578405964674 0 0 -9999 -9999 -9999 -9999 -9999 -9999 0.639727283601132 0.729476496152466 0.739603684063634 0.0187392847175153 0.0507954228300307 0.228499661098042 0.61066145687971 0.399984051672581 0.273154977871696 0.255173238706591 0.255173238706591 0.0257166779633986 0 0 0 0 0 0 0 0 0 0 0 0 0 0.0257166779633986 0.0257166779633986 0.178820621187353 0.152784976675571 0 0.0257565487819465 0
0.506797974562418 0.765280491208485 0.663091583270205 0.836928352139069 0.818707388062677 0.818707388062677 0.48658346955863 0.614050476456282 0.588652765041266 0.639727283601132 0.639727283601132 0.444121047805111 0.292572066504525 0.255173238706591 0.127586619353295 0 0.229416689924644 0.229576173198836 0.255173238706591 0.255173238706591 0.12730752362346 0.0509549061042223 0 0 0 0 0 0 0.10198955384554 -9999 0.255173238706591 0.255173238706591 0.221681751126351 0.501734380606834 -9999 0.783302101192138 0.67573063274989 0.127785973446035 0.178461783820422 0.579841314142179 0.42817272038595 0.367050755552011 0.255173238706591 0.255173238706591 0.255173238706591 0 0 0 0 0 0 0 0 0 0 0 0 0 0 -9999 0 0.229775527291575 0.127785973446035 0 0 0
0.716518480124397 0.785853833579203 0.814241856385312 0.927913560065388 0.891033052908576 0.767712611139907 0.729476496152466 0.614050476456282 0.614050476456282 0.639727283601132 0.560025517323871 0.541445715880547 0.366771659822176 0.255173238706591 0 0 0.255173238706591 0.255173238706591 0.255173238706591 0.255173238706591 0.101710458115705 0.0763127467006898 0.152824847494119 0 0 0 0.12710816953072 0.0252382281408237 0.127586619353295 0.255173238706591 0.255173238706591 0.255173238706591 -9999 -9999 -9999 0.639727283601132 0.639727283601132 0.348789920657071 0.323033371875125 0.639727283601132 0.462660978429887 0.273154977871696 0.255173238706591 0.0252382281408237 0.178581396276066 0 0 0 0 0 0 0 0 0 0 0 0 0 -9999 0 0.0257166779633986 0.255173238706591 0.0252382281408237 0 0 0
0.963996650851242 1 0.974283322036601 1 0.927594593517005 0.614329572186117 0.747298752043379 0.767632869502811 0.619353295323153 0.614050476456282 0.579841314142179 0.424305250986803 0.366771659822176 0.255173238706591 0 0 0.229416689924644 0.255173238706591 0.255173238706591 0.255173238706591 0.101710458115705 0 0 0 0 0.051074518559866 0.152705235038475 0.152705235038475 0.255173238706591 0.255173238706591 0.255173238706591 0.229576173198836 0.255173238706591 -9999 -9999 0.40552609545074 0.424305250986803 0.216020094892548 0.152904589131215 0.463896973804872 0.255173238706591 0.255173238706591 0.255173238706591 0.178382042183326 0.0257166779633986 0 0 0 0 0 0 0 0 0 -9999 0 0 0 0 0 0.0257166779633986 0.255173238706591 0.153064072405406 0 0 0
1 1 1 1 0.818707388062677 0.793309676647661 0.909254016984969 0.793030580917826 0.711016307164786 0.599577369323392 0.639727283601132 0.40552609545074 0.368207009289901 0.255173238706591 0 0 0.255173238706591 0.255173238706591 0.255173238706591 0.178701008731709 0.0509549061042223 0 0 0 0 0.126988557075077 0.101710458115705 0.178701008731709 0.255173238706591 0.255173238706591 0.255173238706591 0.255173238706591 -9999 -9999 -9999 -9999 0.41047007695068 0.273035365416052 0.221721621944899 0.27383278178701 -9999 -9999 -9999 0.255173238706591 0.0257166779633986 0 0 0 0 0 0 0 0 0 0 0 0 0 0 0 0.0257166779633986 0.255173238706591 0.255173238706591 0 0 0
1 1 1 1 0.775567162393844 0.873051313743471 0.945815557593397 0.909254016984969 0.711016307164786 0.639727283601132 0.44300466488577 0.44567600972848 0.296917985726247 0.178182688090587 0.229416689924644 0.102149037119732 0.255173238706591 0.255173238706591 0.255173238706591 0.101710458115705 0.0257166779633986 0 0 0 0.0257166779633986 0.101710458115705 0.12730752362346 0.0509549061042223 0.101790199752801 -9999 -9999 -9999 -9999 -9999 -9999 -9999 0.312587217415574 0.255173238706591 0.255173238706591 0.101710458115705 -9999 -9999 -9999 0.255173238706591 0.255173238706591 0 0 0 0 0 0 0 0 0 0 0 0 0 0 0 0.0513536142897014 0.255173238706591 0.101750328934253 0 0 0
1 1 1 0.874008213388621 0.818707388062677 0.963916909214146 1 0.909254016984969 0.729476496152466 0.675371795382959 0.501734380606834 0.44567600972848 0.229456560743192 0.255173238706591 0.255173238706591 0.0507954228300307 0.255173238706591 0.229416689924644 0.255173238706591 0.101710458115705 0.0763127467006898 0 0 0.051074518559866 0.0257166779633986 0.203899366053985 0.0505960687372912 0 0.153462780590886 0.127387265260556 -9999 -9999 -9999 -9999 -9999 -9999 0.255173238706591 0.255173238706591 0.255173238706591 0.255173238706591 0.255173238706591 0.255173238706591 -9999 -9999 0.255173238706591 0.0257166779633986 0 0 0 0 0 0 0 0 0 0 0 0 0 0 0 0.255173238706591 0.0763924883377856 0 0 0.0763924883377856
1 1 1 1 1 1 1 0.927913560065388 0.765280491208485 0.729476496152466 0.541365974243451 0.48315457916351 0.385710298632431 0.255173238706591 0.229576173198836 0.255173238706591 0.255173238706591 0.255173238706591 0.255173238706591 0.12730752362346 0.0509549061042223 0 0 0.0257166779633986 0 0 0 0 0 0.22949643156174 -9999 -9999 -9999 -9999 -9999 -9999 0.255173238706591 0.255173238706591 0.255173238706591 0.255173238706591 0.255173238706591 0.255173238706591 0.204337945058012 0.255173238706591 0.255173238706591 0.0257166779633986 0 0 0 0 0 0 0 0 0 0 0 0 0 0 0 0.178581396276066 0.20417846178382 0 0 0.0506359395558391
1 1 1 1 1 1 1 1 0.909254016984969 0.747458235317571 0.639727283601132 0.462860332522627 0.385710298632431 0.273154977871696 0.255173238706591 0.255173238706591 0.255173238706591 0.255173238706591 0.255173238706591 0.178701008731709 0.0507954228300307 0.0764722299748814 0.0253977114150154 0.051074518559866 0 0 0 0 0 0.179139587735736 0.102468003668115 0.204258203420916 0.178661137913161 0.229576173198836 -9999 -9999 -9999 -9999 -9999 0.255173238706591 0.255173238706591 0.255173238706591 0.101710458115705 0.255173238706591 0.178382042183326 0 0 0 0 0 0 0 0 0 0 0 0 0 0 0 0 0.0513536142897014 0 0 0 0
1 1 1 1 1 1 1 1 0.981898648379251 0.854910091304175 0.729476496152466 0.639727283601132 0.40552609545074 0.277939476097444 0.255173238706591 0.229456560743192 0.255173238706591 0.255173238706591 0.229416689924644 0.229775527291575 0.101710458115705 0.152505880945736 0 0 0 0.0760336509708544 0.0253578405964674 0.0514732267453451 0 0.0257166779633986 0.0763127467006898 0.0253578405964674 0.0764722299748814 0.255173238706591 0.255173238706591 -9999 -9999 -9999 -9999 0.255173238706591 0.204337945058012 0.255173238706591 0.255173238706591 0.255173238706591 0 0 0 0 0 0 0 0 0 0 0 0 0 0 0 0 0 0.0257166779633986 0 0 0 0
1 1 1 1 1 0.67573063274989 0.909692595988996 0.891033052908576 0.927913560065388 0.883577209840118 0.78326223037359 0.711016307164786 0.44300466488577 0.386587456640485 0.255173238706591 0.229576173198836 0.255173238706591 0.255173238706591 0.255173238706591 0.22949643156174 0.051074518559866 0 0 0 0 0 0 0.101750328934253 0.0514732267453451 0.101710458115705 0.0763526175192377 0.101710458115705 0.101710458115705 0.255173238706591 0.255173238706591 0.255173238706591 0.255173238706591 -9999 -9999 -9999 0.0511143893784139 0.255173238706591 0.255173238706591 0.0252382281408237 0 0 0 0 0 0 0 0 0 0 0 0 0 0 0 0 0 0.0257166779633986 0 0 0 0
1 1 1 0.963916909214146 0.818707388062677 0.818707388062677 0.614489055460309 0.891033052908576 0.858139627606555 0.883577209840118 0.800885132171763 0.873330409473307 0.657509668673498 0.40552609545074 0.255173238706591 0.255173238706591 0.255173238706591 0.229576173198836 0.22949643156174 0.0252382281408237 0.101710458115705 0.101710458115705 0 0 0 0 0 0 0 0.0253578405964674 0 0 0.0257166779633986 0.051074518559866 0.255173238706591 0.22949643156174 0.178342171364778 -9999 -9999 0.102228778756828 0.204138590965273 0.255173238706591 0.0257166779633986 0.152745105857023 0 0 0 0 -9999 -9999 0 0 0 0 -9999 -9999 -9999 0 0 0 0 0 0 0 0 0
1 1 1 0.909692595988996 0.818707388062677 0.891033052908576 0.829950958893186 0.67573063274989 0.767632869502811 0.788884015788844 0.793030580917826 0.765280491208485 0.639727283601132 0.461584466329094 0.27383278178701 0.255173238706591 0.255173238706591 0.255173238706591 0.22949643156174 0.0252382281408237 0.12710816953072 0.178102946453491 0.0761532634264982 0 0 0 0 0 0 0 0 0 0.0257166779633986 0.0509549061042223 0.0763526175192377 0.153103943223954 0.0763127467006898 -9999 0.152864718312667 0.229775527291575 0.178860492005901 0.12710816953072 0.0257166779633986 0 0 0 -9999 -9999 -9999 -9999 0 0 -9999 -9999 -9999 -9999 -9999 0 0 0 0 0 0 0 0 0
1 1 0.956381324508592 0.664925640923408 0.804234280929787 0.894701168214983 0.974602288584985 1 0.522626689525936 0.629839320601252 0.883577209840118 0.657589410310594 0.639727283601132 0.501734380606834 0.44567600972848 0.255173238706591 0.255173238706591 0.255173238706591 0.255173238706591 0.102069295482636 0.178102946453491 0.0761532634264982 0.0507555520114828 0 0 0 0 0 0 0 0 0 0 0 0 0.17850165463897 0 0.051074518559866 0 0.17850165463897 0 0 0 0 0 0 -9999 -9999 -9999 -9999 0 0 -9999 -9999 -9999 -9999 -9999 0 0 0 0 0 0 0 0 0
1 1 0.767712611139907 0.741916191539412 0.836928352139069 0.909254016984969 1 1 0.71627925521311 0.650332921334875 0.847653602328456 0.711016307164786 0.639727283601132 0.44300466488577 0.229456560743192 0.255173238706591 0.255173238706591 0.229416689924644 0.0763526175192377 0.0252382281408237 0.126988557075077 0 0.0253977114150154 0 0 0 0 0 0 0 0 0 0 0 0 0.178342171364778 0.1275068777162 0 0.0257166779633986 0.0257166779633986 0 0 0 0 0 0 0 -9999 -9999 0 0 0 0 -9999 -9999 0 0 0 0 0 0 0 0 0 0 0
1 1 0.492125513336789 0.555839081376341 0.739603684063634 0.765280491208485 0.811251544994219 0.883577209840118 0.909254016984969 0.69590526693513 0.580798213787329 0.747458235317571 0.639727283601132 0.541365974243451 0.349228499661098 0.255173238706591 0.229576173198836 0.255173238706591 0.255173238706591 0.12730752362346 0.203779753598341 0.203779753598341 0.0253977114150154 0 0 0 0 0 0 0 0 0 0 0 0 0 0 0 0 0 0 0 0 0 0 0 0 0 0 0 0 0 0 0 0 0 -9999 -9999 -9999 0 0 0 0 0 0 0
0.909692595988996 0.664925640923408 0.767632869502811 0.757425939954547 0.747298752043379 0.639727283601132 0.639727283601132 0.711016307164786 0.765280491208485 0.765280491208485 0.599098919500817 0.639727283601132 0.675371795382959 0.639727283601132 0.541405845061999 0.229456560743192 0.255173238706591 0.255173238706591 0.0765918424305251 0.0252382281408237 0.203779753598341 0.0506359395558391 0.0507555520114828 0 0 0 0 -9999 0 0 0 0 0 0 0 0 0 0 0 0 0 0 0 0 0 0 0 0 0 0 0 0 0 0 0 0 0 -9999 -9999 0 0 0 0 0 0 0
0.727203859495235 0.793030580917826 0.591802559706551 0.670507555520115 0.747298752043379 0.657589410310594 0.461584466329094 0.599577369323392 0.675371795382959 0.639727283601132 0.711016307164786 0.639727283601132 0.501255930784259 0.639727283601132 0.537378892388661 0.385710298632431 0.255173238706591 0.255173238706591 0.255173238706591 0.0763127467006898 0.178102946453491 0.051074518559866 0 0 0 -9999 -9999 -9999 -9999 0 0 0 0 0 0 0.101869941389897 0 0.12710816953072 0.101869941389897 0 0 0 0 0 0 0 0 0 0 0 0 0 0 0 0 0 0 0 0 0 0 0 0 0 0 0
0.865316374945178 0.706311550576133 0.68848929468522 0.713887006100235 0.639727283601132 0.639727283601132 0.639727283601132 0.502970375981819 0.639727283601132 0.639727283601132 0.599577369323392 0.639727283601132 0.52274630198158 0.329412702842789 0.255173238706591 0.247438299908297 0.255173238706591 0.255173238706591 0.255173238706591 0.22949643156174 0.152944459949763 0.101710458115705 0 0 0 -9999 -9999 0 0 0 0 0 0 0 0.152705235038475 0.12710816953072 0.178421913001874 0.0252382281408237 0.0763127467006898 0 0.101869941389897 0 0 0 0 0 0 0 0 0 0 0 -9999 -9999 -9999 0 0 0 0 0 0 0 -9999 -9999 0 0
0.829233284159324 0.563414536900443 0.272915752960408 0.588652765041266 0.639727283601132 0.639727283601132 0.639727283601132 0.385710298632431 0.348391212471592 0.48315457916351 0.44300466488577 0.366771659822176 0.348391212471592 0.31055380566963 0.255173238706591 0.153263426498146 0.255173238706591 0.255173238706591 0.255173238706591 0.22949643156174 0.20437781587656 0.178342171364778 0.051074518559866 0.0253977114150154 0 0 0 0 0 0.0507555520114828 0.0759937801523065 0 0 0 0.152705235038475 0.22949643156174 0.12710816953072 0 0.0763127467006898 0 0 0.0257166779633986 0 0 0 0 0 0 -9999 -9999 0 0 -9999 -9999 0 0 0 0 0 0 0 0 0 -9999 -9999 -9999
