data-raw/DATASET_PNE/a_DATA/PFGS/ENVSUIT_A1B/HS_f30_P7_acer.asc
NCOLS 619 
NROWS 782 
XLLCORNER 876826 
YLLCORNER 1947424 
CELLSIZE 100 
NODATA_value -9999 
[rows 231 to 263 of 782, columns 0 to 74 of 619]
-9999 0.276921942949805 0.489238593646348 0.335814844844107 0.548758015773568 0.692452273899904 1 0.850925038696838 1 0.926107466647011 1 1 1 1 1 1 1 1 1 1 1 1 1 1 1 1 1 1 1 1 1 1 1 1 1 1 1 1 0.926107466647011 0.877275742610747 0.622650549126557 0.549015994693005 0.513046362497236 0.306773789341785 0.193373627183607 0.250276405985111 0.0577135696911624 0.0189798776442839 0.0377386305004791 0.0189798776442839 0 0 0 0 0 0 0 0 0 0 0 0 0 0 0 0 0 0.024655413871895 0.0562762585685855 0.112515663005823 0.112515663005823 0.0941623055944571 0.926070612515663 0.851183017616275 0.974865482420579
-9999 -9999 0.424854426181175 0.632048352620329 0.741726247512346 0.814807989975676 1 0.950652318124862 0.975344586128105 1 1 0.950246922680032 1 1 1 1 1 1 1 1 1 1 1 1 1 1 1 1 1 1 1 1 1 1 1 1 1 1 0.926107466647011 0.926107466647011 0.592393307289747 0.567369352104371 0.549015994693005 0.328112331392349 0.384830839537112 0.346502542935063 0.0577135696911624 0.488722635807474 0.295533279280607 0.0377386305004791 0.0377386305004791 0.0377386305004791 0.0189798776442839 0 0 0 0 0 0 0 0 0 0 0 0 0 0 0 0 0.075403552738262 0.075403552738262 0.075403552738262 0.390137834451242 0.975455148522149 0.975455148522149
-9999 -9999 -9999 0.644357632490602 1 1 1 0.975344586128105 1 1 1 1 1 1 1 1 1 1 1 1 1 1 1 1 1 1 1 1 1 1 1 1 1 1 1 1 1 1 1 0.926107466647011 0.882988132969706 0.752561362128695 0.776995651212501 0.783629394855163 0.801872189872485 0.771762364561067 0.975455148522149 0.42455959313039 0.341969484779244 0.286761996019754 0.236750939780349 0.0935726394928872 0.0807474017837399 0.0189798776442839 0 0 0 0 0 0 0 0 0 0 0 0 0 0 0 0.0567922164074593 0.199970516694921 0.242979287978182 0.285361539028525 0.802572418368099 0.975455148522149
-9999 -9999 -9999 -9999 -9999 0.776995651212501 0.975344586128105 1 1 1 1 1 1 1 1 1 1 1 1 1 1 1 1 0.924522738999042 1 1 1 1 1 1 1 1 1 1 1 1 1 1 1 1 0.975344586128105 0.975344586128105 0.850925038696838 0.876059556276259 0.926107466647011 1 0.889400751824279 0.655892975602565 0.632048352620329 0.573118596594678 0.385641630426771 0.960602933588855 0.181211763838726 0.0939043266750203 0.0189798776442839 0 0 0 0 0 0 0 0 0 0 0 0 0 0 0 0.0562762585685855 0.174872853246849 0.112515663005823 0.375912139750866 0.926070612515663
-9999 -9999 -9999 -9999 -9999 -9999 -9999 -9999 -9999 1 1 1 1 1 1 1 1 1 1 1 1 1 1 1 1 1 1 1 1 1 1 1 1 1 1 1 1 1 1 1 1 1 1 1 1 0.950652318124862 0.975344586128105 0.925923195990271 0.790078867841085 0.607319230485737 1 0.715670376649222 0.798113068474976 0.111889142772905 0.0377386305004791 0.0189798776442839 0.0376649222377829 0 0 0 0 0 0 0 0 0 0 0 0 0 0 0.150328001768998 0.180990639050638 0.276921942949805 0.0377386305004791
-9999 -9999 -9999 -9999 -9999 -9999 -9999 -9999 -9999 -9999 -9999 -9999 1 1 1 1 1 1 1 1 1 1 1 1 1 1 1 1 1 1 1 1 1 1 1 1 1 1 1 1 1 1 1 1 1 0.975344586128105 1 1 1 0.931967273531363 0.851772683717845 0.658214785877497 0.468526571828702 0.400678116016805 0.165585612147122 0 0 0 0 0 0 0 0 0 0 0 0 0 0 0 0 0.112515663005823 0.249539323358148 0.276921942949805 0.0377386305004791
-9999 -9999 -9999 -9999 -9999 -9999 -9999 -9999 -9999 -9999 -9999 -9999 -9999 -9999 -9999 -9999 -9999 1 1 1 1 1 1 1 1 1 1 1 1 1 1 1 1 1 1 1 1 1 1 1 1 1 1 1 1 1 1 0.777106213606545 0.567369352104371 0.931967273531363 0.777032505343849 0.621065821478588 0.0622834819783298 0.161752782486917 0 0 0 0 0 0 0 0 0 0 0 0 0 0 0 0 0 0.0937569101496278 0.075403552738262 0.276921942949805 0.385641630426771
-9999 -9999 -9999 -9999 -9999 -9999 -9999 -9999 -9999 -9999 -9999 -9999 -9999 -9999 -9999 -9999 -9999 -9999 1 1 1 1 1 1 1 1 1 1 1 1 1 1 1 1 1 1 1 1 1 1 1 1 1 1 1 1 1 1 0.950726026387558 0.974865482420579 0.858037886047026 0.191236087565416 0.367104002358664 0.186408196358812 0 0 0 0 0 0 0 0 0 0 0 0 0 0 0 0 0.0376649222377829 0.0937569101496278 0.0941623055944571 0.394965725657846 0.434915604039213
-9999 -9999 -9999 -9999 -9999 -9999 -9999 -9999 -9999 -9999 -9999 -9999 -9999 -9999 -9999 -9999 -9999 -9999 -9999 1 1 1 1 1 1 1 1 1 1 1 1 1 1 1 1 0.964325200855016 1 1 1 1 1 1 1 1 1 1 1 1 1 0.650364855900347 0.474165253924965 0.7436058082111 0.210842485442618 0.0377386305004791 0.0189798776442839 0 0 0 0 0 0 0 0 0 0 0 0 0 0 0 0 0.075403552738262 0.112515663005823 0.30235129358001 0.28624603818088
-9999 -9999 -9999 -9999 -9999 -9999 -9999 -9999 -9999 -9999 -9999 -9999 -9999 -9999 -9999 -9999 -9999 -9999 -9999 1 1 1 1 1 1 1 1 1 1 1 1 1 1 1 1 1 1 1 1 -9999 1 -9999 1 1 1 1 1 0.950652318124862 0.888921648116754 0.607319230485737 0.0377386305004791 0.136802535564237 0.0686592467015552 0.0189798776442839 0.0189798776442839 0.0189798776442839 0.0189798776442839 0.0562762585685855 0.0189798776442839 0 0 0 0 0 0 0 0 0 0 0 0.075403552738262 0.112515663005823 -9999 -9999 -9999
-9999 -9999 -9999 -9999 -9999 -9999 -9999 -9999 -9999 -9999 -9999 -9999 -9999 -9999 -9999 -9999 -9999 -9999 -9999 -9999 1 1 1 1 1 1 1 1 1 1 1 1 1 1 1 1 1 1 1 1 -9999 -9999 -9999 1 1 1 1 0.950652318124862 0.778138129284293 0.529004201370974 0.362128694626668 0.112073413429645 0.0377386305004791 0.0189798776442839 0.0189798776442839 0 0 0 0 0 0 0 0 0 0 0 0 0 0 0 0 0 0.075403552738262 0.118891427729048 0.075403552738262
-9999 -9999 -9999 -9999 -9999 -9999 -9999 -9999 -9999 -9999 -9999 -9999 -9999 -9999 -9999 -9999 -9999 -9999 -9999 -9999 1 1 1 1 1 1 1 1 1 1 1 1 1 1 1 1 1 1 1 1 1 -9999 -9999 1 1 1 1 0.975344586128105 0.926402299697796 0.632048352620329 0.405616569617454 0.210768777179922 0.0377386305004791 0.0493845360064863 0 0 0 0 0 0 0 0 0 0 0 0 0 0 0 0 0 0 0.0562762585685855 0.0567922164074593 0.0189798776442839
-9999 -9999 -9999 -9999 -9999 -9999 -9999 -9999 -9999 -9999 -9999 -9999 -9999 -9999 -9999 -9999 -9999 -9999 -9999 -9999 1 1 1 1 1 1 1 1 1 1 1 1 1 1 1 1 1 1 1 1 1 1 -9999 -9999 1 1 1 1 0.975344586128105 0.778838357779907 0.50902926218029 0.385641630426771 0.229527530036117 0.0747770325053438 0.0189798776442839 0.0376649222377829 0 0 0 0 0 0 0 0 0 0 0 0 0 0 0 0 0.0562762585685855 0.0189798776442839 0
-9999 -9999 -9999 -9999 -9999 -9999 -9999 -9999 -9999 -9999 -9999 -9999 -9999 -9999 -9999 -9999 -9999 -9999 -9999 -9999 1 1 1 1 1 1 1 1 1 1 1 1 1 1 1 1 1 1 1 1 1 1 1 -9999 1 1 1 1 1 0.963366993439965 0.741726247512346 0.49469300508587 0.410370752561362 0.323431856711137 0.241984226431783 0.0189798776442839 0.0372963809243016 0 0 0 0 0 0 0 0 0 0 0 0 0 0 0 0 0.112589371268519 0.0941623055944571
-9999 -9999 -9999 -9999 -9999 -9999 -9999 -9999 -9999 -9999 -9999 -9999 -9999 -9999 -9999 -9999 -9999 -9999 -9999 -9999 1 1 1 1 1 1 1 1 1 1 1 1 1 1 1 1 1 1 1 1 1 1 1 1 1 -9999 1 1 1 1 0.963366993439965 1 0.90097294906759 0.304488833198202 0.235497899314513 0.186150217439375 0.0437089997788752 0.147416525392497 0.0372963809243016 0 0 0 0 0 0 0 0 0 0 0 0 0 0 0.150328001768998 0.0189798776442839
-9999 -9999 -9999 -9999 -9999 -9999 -9999 -9999 -9999 -9999 -9999 -9999 -9999 -9999 -9999 -9999 -9999 -9999 -9999 -9999 1 1 1 1 1 1 1 1 1 1 1 1 1 1 1 1 1 1 1 1 1 1 1 1 1 1 1 1 1 0.926107466647011 0.659946930050859 0.723557160757721 0.658214785877497 0.0377386305004791 0.544667207193926 0.0435247291221346 0.235497899314513 0.192083732586423 0 0 0 0 0 0 0 0 0 0 0 0 0 0 0 0.112515663005823 -9999
-9999 -9999 -9999 -9999 -9999 -9999 -9999 -9999 -9999 -9999 -9999 -9999 -9999 -9999 -9999 -9999 -9999 -9999 -9999 1 1 1 1 1 1 1 1 1 1 1 1 1 1 1 1 0.975455148522149 0.975455148522149 1 1 1 1 1 1 1 1 1 1 1 1 0.975344586128105 1 0.548389474460087 0.405616569617454 0.235903294759343 0.315508218471291 0.240030957470332 0.220056018279649 0.14616348492666 0 0 0 0.0189798776442839 0 0 0 0 0 0 0 0 0 0 0 0.0189798776442839 0.0189798776442839
-9999 -9999 -9999 -9999 -9999 -9999 -9999 -9999 -9999 -9999 -9999 -9999 -9999 -9999 -9999 -9999 -9999 -9999 -9999 1 1 1 1 1 1 1 1 1 1 1 1 1 1 1 1 0.975455148522149 0.845839168570797 0.765534016363234 0.870568290705388 1 1 1 1 1 1 1 1 1 1 1 0.790078867841085 0.573118596594678 0.430345691752045 0.410370752561362 0.385641630426771 0.342006338910592 0.258163190093609 0 0.075403552738262 0.0186850445934989 0.0376649222377829 0 0 0 0 0 0 0 0 0 0 0 0 0 0.0189798776442839
-9999 -9999 -9999 -9999 -9999 -9999 -9999 -9999 -9999 -9999 -9999 -9999 -9999 -9999 -9999 -9999 -9999 -9999 -9999 1 1 1 1 1 1 1 1 1 1 1 1 1 1 0.975344586128105 0.926033758384315 0.864192525982163 0.663411218397582 0.405616569617454 0.405616569617454 0.796491486695659 0.870236603523255 1 1 1 1 1 1 1 1 1 0.870236603523255 0.778838357779907 0.553733323505565 0.293948551632638 0.193189356526867 0.0626888774231591 0 0 0 0 0 0 0 0 0 0 0 0 0 0 0 0 0 0 0
-9999 -9999 -9999 -9999 -9999 -9999 -9999 -9999 -9999 -9999 -9999 -9999 -9999 -9999 -9999 -9999 -9999 -9999 1 1 1 1 1 1 1 1 1 1 1 1 0.975344586128105 0.975344586128105 0.734539691899462 0.790410555023218 0.740583769440554 0.582258421169013 0.454890543229896 0.292400678116017 0.292400678116017 0.533758384314882 0.814807989975676 0.833161347387042 1 1 1 1 1 1 1 1 1 0.790078867841085 0.668607650917668 0.474718065895187 0.454890543229896 0.30452568732955 0.369831208078426 0.16739146458318 0.0437089997788752 0 0 0 0 0 0 0 0 0 0 0 0 0 0 0.0189798776442839 0.0189798776442839
-9999 -9999 -9999 -9999 -9999 -9999 -9999 -9999 -9999 -9999 -9999 -9999 -9999 -9999 -9999 -9999 -9999 -9999 1 1 1 1 1 1 1 1 1 1 1 1 1 0.975455148522149 0.901488906906464 0.534569175204541 0.538770546178227 0.454890543229896 0.292400678116017 0.0377386305004791 0.0189798776442839 0.391759416230559 0.49450873442913 0.814807989975676 0.925996904252967 1 1 1 1 1 1 0.981646642588634 0.981646642588634 1 0.778838357779907 0.783334561804378 0.453268961450579 0.240030957470332 0.220056018279649 0.0555760300729712 0 0 0 0 0 0 0 0 0 0 0 0 0 0 0 0 0.0189798776442839
-9999 -9999 -9999 -9999 -9999 -9999 -9999 -9999 -9999 -9999 -9999 -9999 -9999 -9999 -9999 -9999 -9999 -9999 1 1 1 1 1 1 1 1 1 1 1 1 1 0.975455148522149 0.950726026387558 0.59095599616717 0.107098105697649 0.0869757499815729 0.043635291516179 0 0 0.0440775410923565 0.434915604039213 0.533758384314882 0.814807989975676 1 1 1 1 1 1 0.957101791110784 0.981646642588634 0.981646642588634 0.925296675757352 0.702587160020638 0.509987469595342 0.316282155229601 0.259010835114616 0.147195400604408 0.0186850445934989 0 0 0 0 0 0 0 0 0 0 0 0 0 0 0 0.0376649222377829
-9999 -9999 -9999 -9999 -9999 -9999 -9999 -9999 -9999 -9999 -9999 -9999 -9999 -9999 -9999 -9999 -9999 -9999 1 1 1 1 1 1 1 1 1 1 1 1 1 0.758973980983268 0.598105697648706 0.622761111520601 0.150475418294391 0.210842485442618 0 0 0 0 0.410370752561362 0.434915604039213 0.552074887594899 1 1 1 1 0.981646642588634 0.981646642588634 0.981646642588634 0.981646642588634 0.956512125009214 0.925296675757352 0.776995651212501 0.602601901673178 0.278138129284293 0.220056018279649 0.0688066632269477 0.0189798776442839 0 0 0 0 0 0 0 0 0 0 0 0 0 0 0.0567922164074593 0.150328001768998
-9999 -9999 -9999 -9999 -9999 -9999 -9999 -9999 -9999 -9999 -9999 -9999 -9999 -9999 -9999 -9999 -9999 1 1 1 1 1 1 1 1 1 1 1 1 1 0.975455148522149 0.647600796049237 0.598105697648706 0.516916046288789 0.12593056681654 0.260632416893934 0.148816982383725 0 0 0 0.168865629837105 0.410370752561362 0.434915604039213 0.49450873442913 1 0.740399498783814 0.975270877865409 0.907127589002727 0.981646642588634 0.931856711137318 0.5736714085649 0.690904400383283 0.208336404510946 0.677858037886047 0.639603449546694 0.258163190093609 0.239035895923933 0.0189798776442839 0.0189798776442839 0 0 0 0 0 0 0 0 0 0 0 0 0 0 0 0.0189798776442839
-9999 -9999 -9999 -9999 -9999 -9999 -9999 -9999 -9999 -9999 -9999 -9999 -9999 -9999 -9999 -9999 -9999 1 1 1 1 1 1 1 1 1 1 1 1 1 0.809169307879413 0.554322989607135 0.492702881993071 0.572639492887153 0.150254293506302 0.210842485442618 0.211247880887447 0 0 0 0.0189798776442839 0.0377386305004791 0.112441954743127 0.298444755657109 0.434915604039213 0.454890543229896 1 1 0.647858774968674 0.647858774968674 0.502395518537628 0.479545957101791 0.243753224736493 0.639603449546694 0.0377386305004791 0.258163190093609 0.0189798776442839 0.0189798776442839 0 0 0 0 0 0 0 0 0 0 0 0 0 0 0 0 0
-9999 -9999 -9999 -9999 -9999 -9999 -9999 -9999 -9999 -9999 -9999 -9999 -9999 -9999 -9999 -9999 -9999 1 1 1 1 1 1 1 1 1 1 1 1 1 0.975455148522149 0.549015994693005 0.573450283776811 0.573450283776811 0.79645463256431 0.45127883835778 0.311012014446819 0.136986806220977 0.0189798776442839 0 0 0.0189798776442839 0.0377386305004791 0.0377386305004791 0.187182133117122 0.373221788162453 0.410370752561362 0.950799734650254 0.907496130316209 0.416046288788973 0.677858037886047 0.659246701555244 0.63005822952753 0.75403552738262 0.0440775410923565 0.16621213238004 0.0186850445934989 0 0 0 0 0 0 0 0 0 0 0 0 0 0 0 0 0 0
-9999 -9999 -9999 -9999 -9999 -9999 -9999 -9999 -9999 -9999 -9999 -9999 -9999 -9999 -9999 -9999 1 1 1 1 1 1 1 1 1 1 1 1 1 1 0.914387852878308 0.561435836957323 0.309206162010761 0.151323063315398 0.33614653202624 0.200302203877055 0.111631163853468 0.112036559298297 0.0189798776442839 0 0 0 0.0189798776442839 0.0189798776442839 0.0189798776442839 0.0377386305004791 0.33614653202624 0.292400678116017 0.560846170855753 0.560846170855753 0.72908528045994 0.35383651507334 0.258163190093609 0.239035895923933 0.164848529520159 0.075403552738262 0 0 0 0 0 0 0 0 0 0 0 0 0 0 0 0 0 0 0
-9999 -9999 -9999 -9999 -9999 -9999 -9999 -9999 -9999 -9999 -9999 -9999 -9999 -9999 -9999 -9999 1 1 1 1 1 1 1 1 1 1 1 1 1 1 0.931967273531363 0.759158251640009 0.529888700523329 0.547689245964473 0.283187145278986 0.136655119038844 0.235977003022039 0.235682169971254 0.0189798776442839 0 0 0 0 0 0.0189798776442839 0.0189798776442839 0.0560919879118449 0.0377386305004791 0.211616422200929 0.112036559298297 0.0189798776442839 0.0189798776442839 0.0377386305004791 0.0189798776442839 0.0186850445934989 0 0 0 0 0 0 0 0 0 0 0 0 0 0 0 0 0 0 0 0
-9999 -9999 -9999 -9999 -9999 -9999 -9999 -9999 -9999 -9999 -9999 -9999 -9999 -9999 -9999 1 1 1 1 1 1 1 1 1 1 1 1 1 1 0.957433478292917 0.623055944571386 0.549015994693005 0.573450283776811 0.617343554212427 0.212943170929461 0.210842485442618 0.167207193926439 0.0990639050637576 0.0189798776442839 0 0 0 0 0 0 0 0.0189798776442839 0.0189798776442839 0.0560919879118449 0.0560919879118449 0.0562762585685855 0 0 0.0189798776442839 0.0189798776442839 0 0 0 0 0 0 0 0 0 0 0 0 0 0 0 0 0 0 0 0
-9999 -9999 -9999 -9999 -9999 -9999 -9999 -9999 -9999 -9999 -9999 -9999 -9999 -9999 1 1 1 1 1 1 1 1 1 1 1 1 1 1 1 0.766049974202108 0.554322989607135 0.554322989607135 0.59095599616717 0.200302203877055 0.161605365961524 0.185892238519938 0.235682169971254 0.0873811454264023 0 0 0 0 0 0 0 0 0 0.0189798776442839 0.0189798776442839 0.0189798776442839 0 0 0 0 0 0 0 0 0 0 0 0 0 0 0 0 0 0 0 0 0 0 0 0 0
-9999 -9999 -9999 -9999 -9999 -9999 -9999 -9999 -9999 -9999 -9999 -9999 -9999 1 1 1 1 1 1 1 1 1 1 1 1 1 1 1 0.975455148522149 0.691530920616201 0.549015994693005 0.536669860691384 0.474165253924965 0.137171076877718 0.0247291221345913 0 0.0498267855826638 0 0 0 0 0 0 0 0 0 0 0 0 0 0 0 0 0 0 0 0 0 0 0 0 0 0 0 0 0 0 0.075403552738262 0.0562762585685855 0.0186850445934989 0 0 0 0.0189798776442839 0.0189798776442839
-9999 -9999 -9999 -9999 -9999 -9999 -9999 -9999 -9999 -9999 -9999 -9999 1 1 1 1 1 1 1 1 1 1 1 1 1 1 1 1 0.975455148522149 0.746775263507039 0.549015994693005 0.541350335372595 0.342301171961377 0.11767524139456 0 0 0 0 0 0 0 0 0 0 0 0 0 0 0 0 0 0 0 0 0 0 0 0 0 0 0 0 0 0 0 0 0 0.075403552738262 0.112515663005823 0 0 0.136986806220977 0 0.0186850445934989 0
-9999 -9999 -9999 -9999 -9999 -9999 -9999 -9999 -9999 -9999 -9999 -9999 1 1 1 1 1 1 1 1 1 1 1 1 1 1 1 1 0.925628362939485 0.839868799292401 0.67269845949731 0.549015994693005 0.480872705830324 0.0563499668312818 0.0187587528561952 0.0247291221345913 0 0.074519053585907 0 0 0 0 0 0 0 0 0 0 0 0 0 0 0 0 0 0 0 0 0 0 0 0 0 0 0 0 0.0562762585685855 0.075403552738262 0.321773420800472 0.0869388958502248 0.160720866809169 0.211247880887447 0.211247880887447 0.260632416893934 0.254883172403626
