data-raw/DATASET_PNE/a_DATA/PFGS/ENVSUIT_A1B/HS_f0_C1_ruderal.asc
NCOLS 619 
NROWS 782 
XLLCORNER 876826 
YLLCORNER 1947424 
CELLSIZE 100 
NODATA_value -9999 
[rows 377 to 405 of 782, columns 192 to 255 of 619]
0.017877396705374 0.017877396705374 0.017877396705374 0.017877396705374 0.0359168241965974 0.0359168241965974 0.172616797191466 0.0359168241965974 0.0359168241965974 0.108884688090737 0.147880097218472 0.174723197407507 0.754847421009992 1 0.781852551984877 1 1 1 1 1 1 1 1 1 1 1 1 1 1 1 1 1 1 1 1 1 1 1 1 1 1 1 1 1 1 0.972076694571969 0.918174453146098 0.775263300027005 0.863354037267081 0.890629219551715 0.890629219551715 0.890629219551715 1 1 1 1 1 1 1 1 1 0.973210910072914 1 1
0.0359168241965974 0.0359168241965974 0.0359168241965974 0.017877396705374 0.017877396705374 0.0359168241965974 0.0906292195517148 0.0634620577909803 0.19049419389684 0.345719686740481 0.338536321901161 0.25638671347556 0.528112341344856 0.835484742100999 1 1 1 1 1 1 1 1 1 1 1 1 1 1 1 1 1 1 1 1 1 1 1 1 1 1 1 1 1 1 1 -9999 -9999 0.444450445584661 0.368998109640832 0.349122333243316 0.615608965703484 0.308722657304888 1 1 1 1 1 1 0.836186875506346 0.890629219551715 0.918174453146098 0.973210910072914 0.973210910072914 0.973210910072914
0.172616797191466 0.172616797191466 0.0359168241965974 0.0359168241965974 0.0359168241965974 0 0.0359168241965974 0.117904401836349 0.0634620577909803 0.264488252768026 0.291601404266811 0.365487442614097 0.60934377531731 0.836943019173643 0.973048879287065 1 1 1 1 1 1 1 1 1 1 1 1 1 1 1 1 1 1 1 1 1 1 1 1 1 1 1 1 1 -9999 0.890629219551715 1 1 0.973210910072914 0.562570888468809 0.163381042398056 0.109154739400486 0.19065622468269 0.346961922765325 0.42106400216041 0.235970834458547 0.18109640831758 0.244882527680259 0.19065622468269 0.19065622468269 0.209019713745612 0.301323251417769 0.416905211990278 0.890629219551715
0.237213070483392 0.237213070483392 0.0359168241965974 0.0359168241965974 0.0359168241965974 0.0359168241965974 0.0359168241965974 0.0359168241965974 0.0359168241965974 0.0359168241965974 0.100837159060221 0.318552524979746 0.402538482311639 0.638185255198488 0.863894139886578 1 1 1 1 1 1 1 1 1 1 1 1 1 1 1 1 1 1 1 1 1 1 1 1 0.973210910072914 1 1 1 -9999 -9999 0.972076694571969 1 1 1 1 0.973210910072914 0.944963543073184 0.457844990548204 0.91768836078855 0.917418309478801 0.403186605455036 0.209019713745612 0.263246016743181 0.263246016743181 0.244882527680259 0.19065622468269 0.136591952470969 0.0820415879017013 0.244882527680259
0.365487442614097 0.345719686740481 0.291439373480961 0.0544423440453686 0.0359168241965974 0.0359168241965974 0.0630839859573319 0.0359168241965974 0.0359168241965974 0.0359168241965974 0.0634620577909803 0.0912773426951121 0.365487442614097 0.421388063732109 0.673291925465838 1 1 1 1 1 1 1 1 1 1 1 1 1 1 1 1 1 1 1 1 1 0.972076694571969 1 0.918174453146098 0.918174453146098 0.918174453146098 0.890629219551715 0.890629219551715 -9999 -9999 1 1 1 1 1 1 1 1 1 0.945287604644882 0.973210910072914 0.938644342425061 0.42106400216041 0.19065622468269 0.19065622468269 0.109154739400486 0.244882527680259 0.244882527680259 0.209019713745612
0.338536321901161 0.365487442614097 0.365487442614097 0.345719686740481 0.245314609775857 0.0359168241965974 0.0359168241965974 0.0359168241965974 0.0359168241965974 0.0359168241965974 0.0359168241965974 0.172292735619768 0.318552524979746 0.365487442614097 0.603942749122333 0.9176343505266 0.917850391574399 1 1 1 1 1 1 1 1 1 1 1 1 1 1 1 1 1 0.918174453146098 1 0.890899270861464 0.836510937078045 0.86346205779098 0.890629219551715 0.890629219551715 0.944963543073184 1 1 1 1 1 1 1 1 1 1 1 1 1 1 1 1 1 1 1 1 0.945287604644882 0.918174453146098
0.20226843100189 0.267188765865514 0.365487442614097 0.365487442614097 0.345719686740481 0.318552524979746 0.291439373480961 0.264488252768026 0.100837159060221 0.245638671347556 0.0359168241965974 0.0359168241965974 0.291439373480961 0.365487442614097 0.779476100459087 0.756413718606535 0.918606535241696 1 1 1 1 1 1 1 1 1 1 1 1 1 1 1 1 0.973210910072914 0.973210910072914 0.918174453146098 0.615608965703484 0.272427761274642 0.366567647853092 0.384661085606265 0.944963543073184 0.972076694571969 1 1 1 1 1 1 1 1 1 1 1 1 1 1 1 1 1 1 1 1 1 0.972076694571969
0.481015392924656 0.61641911963273 0.551390764245206 0.376289495004051 0.365487442614097 0.365487442614097 0.356467728868485 0.365487442614097 0.365487442614097 0.338320280853362 0.318552524979746 0.0912773426951121 0.0359168241965974 0.154685390224143 0.365487442614097 0.614960842560086 0.663029975695382 0.890683229813665 1 1 1 1 1 1 1 1 1 1 1 1 1 1 1 0.918174453146098 0.86346205779098 0.544531460977586 0.2823656494734 0.263246016743181 0.526816095058061 0.973210910072914 1 1 1 1 1 1 1 1 1 1 1 1 1 1 1 1 1 1 1 1 1 1 1 1
0.815608965703484 0.835484742100999 0.815608965703484 0.720550904671888 0.498946799891979 0.551390764245206 0.597947610045909 0.403456656764785 0.384607075344315 0.384607075344315 0.365487442614097 0.209667836889009 0.0899810964083176 0.365487442614097 0.384607075344315 0.563273021874156 0.758196057250878 0.835484742100999 1 1 1 1 1 1 1 1 1 1 1 1 1 0.918174453146098 0.918174453146098 0.681663516068053 0.633054280313259 0.665190386173373 0.86346205779098 1 1 1 1 1 1 1 1 1 1 1 1 1 1 1 1 1 1 1 1 1 1 1 1 1 1 1
0.950958682149608 1 0.868431001890359 0.917850391574399 0.706346205779098 0.835484742100999 0.956521739130435 0.673291925465838 0.422414258709155 0.403456656764785 0.365487442614097 0.365487442614097 0.228949500405077 0.311099108830678 0.302781528490413 0.493707804482852 0.795571158520119 0.934485552254928 1 1 1 1 1 1 1 1 1 1 1 0.946097758574129 0.918174453146098 0.918174453146098 0.944963543073184 0.412908452605995 0.945287604644882 1 1 1 1 1 1 1 1 1 1 1 1 1 1 1 1 1 1 1 0.917850391574399 0.917850391574399 1 1 1 1 1 1 1 1
1 1 1 1 0.934485552254928 1 1 1 0.7882797731569 0.460599513907642 0.403456656764785 0.365487442614097 0.256224682689711 0.356683769916284 0.240237645152579 0.795571158520119 1 1 1 1 1 1 1 1 1 1 1 1 1 0.918174453146098 0.944963543073184 0.944963543073184 0.972886848501215 1 1 1 1 1 1 1 1 1 1 1 1 1 0.945287604644882 0.809289765055361 0.782014582770726 0.809289765055361 0.864164191196327 1 1 1 1 1 1 1 1 1 1 1 1 1
1 1 1 1 1 1 1 1 0.917850391574399 0.835484742100999 0.603510667026735 0.587037537132055 0.147448015122873 0.440777747772077 0.616041047799082 0.900999189846071 1 1 1 1 1 1 1 1 1 1 1 1 0.972076694571969 0.918174453146098 0.944963543073184 0.918174453146098 0.633054280313259 1 1 1 1 1 1 1 1 1 1 1 1 0.946259789359978 0.9177423710505 0.781528490413179 0.754739400486092 0.808965703483662 0.754739400486092 0.890683229813665 0.808749662435863 0.808749662435863 0.918120442884148 0.808587631650013 0.9175263300027 0.863029975695382 1 1 1 1 1 1
1 1 1 1 1 1 1 1 1 0.868431001890359 0.815446934917634 0.782716716176074 0.394869025114772 0.633594382932757 0.775209289765055 1 1 1 1 0.972076694571969 1 1 1 1 1 1 1 1 0.972076694571969 0.918174453146098 0.927518228463408 0.738536321901161 1 1 1 1 1 1 1 1 1 1 0.808965703483662 0.918228463408048 1 1 0.864434242506076 0.94577369700243 0.898352687010532 0.871023494463948 0.808965703483662 0.945017553335134 0.863029975695382 0.792492573588982 0.682851741830948 0.781528490413179 0.972076694571969 1 1 1 1 1 1 0.945179584120983
1 1 1 1 0.945287604644882 1 1 1 1 1 0.900999189846071 0.972832838239265 0.795571158520119 0.700081015392925 0.732649203348636 0.918390494193897 1 1 1 1 1 1 1 1 1 1 0.972076694571969 1 0.945287604644882 0.826627059141237 0.430947880097218 0.357115852011882 1 1 1 1 1 1 1 1 1 0.809289765055361 0.656170672427761 1 1 1 0.979962192816635 0.864434242506076 1 0.815446934917634 0.898676748582231 0.919362678908993 0.972076694571969 0.979962192816635 0.831487982716716 0.864380232244126 0.930542803132595 0.979962192816635 0.979962192816635 0.959276262489873 0.959276262489873 0.918552524979746 0.952038887388604 0.781528490413179
1 1 1 0.94593572778828 1 0.973048879287065 0.944963543073184 1 1 1 1 0.803402646502836 1 1 1 1 1 1 1 1 1 1 1 1 1 1 1 1 0.918174453146098 0.347718066432622 0.328868485012152 0.972886848501215 0.918174453146098 1 1 1 1 1 1 1 0.890305157980016 0.757817985417229 0.9177423710505 1 0.934485552254928 0.837807183364839 0.72227923305428 0.718390494193897 0.673291925465838 0.772292735619768 0.837807183364839 0.919362678908993 0.878422900351067 0.878422900351067 0.878422900351067 0.652011882257629 0.73416149068323 0.864434242506076 0.963651093707804 0.932541182824737 0.851255738590332 0.79756953821226 0.878422900351067 0.93891439373481
0.94593572778828 0.836402916554145 0.918012422360248 1 1 1 1 1 1 1 1 1 1 1 1 1 1 1 1 1 1 1 1 1 1 1 0.945287604644882 0.972076694571969 0.677774777207669 0.328868485012152 0.526816095058061 0.918174453146098 0.944963543073184 1 1 1 1 1 1 0.890791250337564 0.940048609235755 0.934485552254928 0.878530920874966 0.706238185255199 0.784985147177964 0.634782608695652 0.483985957331893 0.438509316770186 0.614960842560086 0.528112341344856 0.673291925465838 0.817391304347826 0.878530920874966 0.680637321091007 0.643208209559816 0.606859303267621 0.422414258709155 0.451525789900081 0.919362678908993 0.899216851201728 0.837807183364839 0.762192816635161 0.79756953821226 0.780124223602484
0.94593572778828 0.863192006481231 1 1 1 1 1 1 1 1 1 1 1 1 1 1 1 1 1 1 1 1 1 1 1 1 0.890629219551715 0.918876586551445 0.526816095058061 0.440831758034027 0.972076694571969 0.918174453146098 1 1 1 1 1 1 1 0.890791250337564 0.934485552254928 0.973210910072914 0.837807183364839 0.39530110721037 0.422414258709155 0.37639751552795 0.384607075344315 0.338374291115312 0.357493923845531 0.368133945449635 0.528112341344856 0.606859303267621 0.712179314069673 0.623386443424251 0.606859303267621 0.47534431541993 0.422414258709155 0.606859303267621 0.540426681069403 0.660221442073994 0.837807183364839 0.711639211450176 0.657682959762355 0.623386443424251
1 0.890467188765865 0.80945179584121 1 1 1 1 1 1 1 1 1 1 0.972076694571969 1 1 1 1 1 1 1 1 1 1 1 0.890629219551715 0.45887118552525 0.730974885228193 0.328868485012152 0.972076694571969 0.918174453146098 0.973210910072914 1 1 1 1 1 1 1 0.863354037267081 1 1 0.563273021874156 0.384607075344315 0.283985957331893 0.365487442614097 0.365487442614097 0.327194166891709 0.319848771266541 0.384607075344315 0.3411828247367 0.320658925195787 0.522063192006481 0.440777747772077 0.540156629759654 0.478854982446665 0.291007291385363 0.506022144207399 0.39530110721037 0.48938698352687 0.579692141506886 0.623386443424251 0.623386443424251 0.623386443424251
1 1 1 0.836726978125844 1 1 1 1 1 1 1 0.864272211720227 0.972076694571969 1 1 1 1 1 1 1 1 1 1 0.972076694571969 0.945287604644882 0.910018903591682 0.457844990548204 0.272427761274642 0.649527410207939 0.944963543073184 0.918174453146098 0.918174453146098 1 1 1 1 1 1 1 1 0.983688900891169 0.858277072643802 0.422414258709155 0.384607075344315 0.365487442614097 0.198811774237105 0.191358358088037 0.0638401296246287 0.219551714825817 0.384607075344315 0.403564677288685 0.39530110721037 0.31288144747502 0.367539832568188 0.31288144747502 0.31298946799892 0.258277072643802 0.258547123953551 0.139130434782609 0.454982446664866 0.422414258709155 0.606859303267621 0.606859303267621 0.606859303267621
1 1 1 0.80945179584121 1 1 1 1 1 1 1 1 1 1 1 1 1 1 1 1 1 0.972076694571969 0.945287604644882 0.9177423710505 0.890629219551715 0.290791250337564 0.272427761274642 0.366567647853092 0.45887118552525 0.944963543073184 0.945287604644882 0.972076694571969 1 1 1 1 1 1 1 1 0.917850391574399 0.73880637321091 0.617769376181475 0.384607075344315 0.346961922765325 0.0638401296246287 0.0359168241965974 0.0359168241965974 0.0359168241965974 0.18363489062922 0.3764515257899 0.384607075344315 0.384607075344315 0.384607075344315 0.330056710775047 0.422414258709155 0.422414258709155 0.422414258709155 0.422414258709155 0.31298946799892 0.313745611666217 0.358790170132325 0.440777747772077 0.331298946799892
1 1 1 1 1 1 1 1 1 1 1 1 1 1 1 1 1 1 1 1 0.972076694571969 0.972076694571969 0.945287604644882 0.945287604644882 0.290791250337564 0.328868485012152 0.347718066432622 0.384661085606265 0.440831758034027 0.918174453146098 0.945287604644882 1 1 1 1 1 1 1 1 0.983688900891169 0.815446934917634 0.635862813934647 0.563273021874156 0.403564677288685 0.346961922765325 0.0638401296246287 0.0359168241965974 0.0359168241965974 0.0359168241965974 0.0359168241965974 0.139454496354307 0.30116122063192 0.365757493923846 0.365757493923846 0.384607075344315 0.384607075344315 0.357331893059681 0.384607075344315 0.384607075344315 0.384607075344315 0.422414258709155 0.422414258709155 0.422414258709155 0.395139076424521
1 1 1 1 1 1 1 1 1 1 1 1 1 1 1 1 1 1 1 0.972076694571969 1 0.808911693221712 0.597785579260059 0.328868485012152 0.328868485012152 -9999 0.347718066432622 0.347718066432622 0.384661085606265 0.918174453146098 0.972076694571969 1 1 1 1 1 1 1 0.973210910072914 0.934485552254928 0.815446934917634 0.618471509586822 0.422414258709155 0.403564677288685 0.346961922765325 0.191358358088037 0.0359168241965974 0.0359168241965974 0.0180394274912233 0.0359168241965974 0.0933297326492033 0.0556845800702133 0.194166891709425 0.220361868755063 0.0826357007831488 0.273724007561437 0.193680799351877 0.346961922765325 0.384607075344315 0.310721036997029 0.329570618417499 0.384607075344315 0.403564677288685 0.321361058601134
1 1 1 1 1 1 1 1 1 1 1 1 1 1 1 1 1 1 0.972076694571969 1 0.890845260599514 0.375641371860653 0.615608965703484 0.403186605455036 0.366567647853092 0.403186605455036 0.347718066432622 0.290791250337564 0.45887118552525 0.918174453146098 0.891007291385363 1 1 1 1 1 1 1 0.88479611126114 0.94577369700243 0.979962192816635 0.817391304347826 0.440777747772077 0.193518768566028 0.319848771266541 0.238401296246287 0.0911153119092628 0.0359168241965974 0.0180394274912233 0.0359168241965974 0.0359168241965974 0.0556845800702133 0.0359168241965974 0.0829597623548474 0.0556845800702133 0.0556845800702133 0.0745341614906832 0.129732649203349 0.219335673778018 0.128544423440454 0.237807183364839 0.101755333513368 0.0556845800702133 0.148852281933567
1 0.972076694571969 1 1 1 0.781636510937078 1 1 1 1 1 1 1 1 1 1 1 1 0.972076694571969 0.918120442884148 0.730974885228193 1 0.45887118552525 0.290791250337564 0.509856872805833 0.615608965703484 0.366567647853092 0.347718066432622 0.731298946799892 0.918174453146098 1 1 1 1 1 1 1 0.944531460977586 0.837213070483392 0.918822576289495 0.979962192816635 0.764839319470699 0.658007021334053 0.403564677288685 0.357493923845531 0.346961922765325 0.18363489062922 0.0359168241965974 0.0359168241965974 0.0359168241965974 0.0180394274912233 0.0359168241965974 0.0359168241965974 0.0359168241965974 0.0359168241965974 0.0359168241965974 0.0359168241965974 0.0556845800702133 0.0359168241965974 0.0556845800702133 0.292843640291655 0.265676478530921 0.0556845800702133 0.0359168241965974
1 1 1 1 1 1 1 1 1 1 1 1 1 1 1 1 1 0.918768566027545 0.863732109100729 0.562570888468809 0.747285984337024 0.894679989197948 0.403186605455036 0.309748852281934 0.347718066432622 -9999 0.597785579260059 0.45887118552525 0.836186875506346 0.945287604644882 1 1 1 1 1 1 1 1 0.836402916554145 0.972076694571969 0.918822576289495 0.979962192816635 0.817391304347826 0.440777747772077 0.357493923845531 0.338374291115312 0.346961922765325 0.0911153119092628 0.0359168241965974 0.0359168241965974 0.0180394274912233 0 0.0359168241965974 0.0180394274912233 0.0180394274912233 0.0180394274912233 0.0180394274912233 0.0359168241965974 0.0359168241965974 0.0359168241965974 0.0359168241965974 0.0359168241965974 0.0556845800702133 0.0359168241965974
1 0.918012422360248 1 1 1 1 1 1 0.9177423710505 1 1 1 1 0.972076694571969 1 0.918174453146098 0.945287604644882 1 0.413286524439644 0.698298676748582 0.42106400216041 0.945287604644882 0.440831758034027 0.309748852281934 0.347718066432622 -9999 -9999 0.681663516068053 0.918174453146098 0.918174453146098 1 1 1 1 1 1 1 1 0.973210910072914 0.864164191196327 0.808803672697813 0.871023494463948 0.673291925465838 0.652876046448825 0.580664326221982 0.384607075344315 0.357493923845531 0.365487442614097 0.109964893329733 0.0359168241965974 0.0359168241965974 0.0180394274912233 0 0 0 0 0 0.0180394274912233 0.0359168241965974 0.0359168241965974 0.0630299756953821 0.0359168241965974 0.0180394274912233 0.0180394274912233
1 0.972076694571969 1 1 1 1 1 1 1 1 0.972076694571969 0.918174453146098 1 0.918174453146098 0.918174453146098 0.918174453146098 0.946043748312179 0.328868485012152 0.347718066432622 0.403186605455036 0.320172832838239 0.972076694571969 0.726546043748312 0.366567647853092 0.45887118552525 0.973210910072914 0.661301647312989 0.45887118552525 0.918120442884148 0.918174453146098 1 1 1 1 1 1 1 1 -9999 1 0.864164191196327 0.852173913043478 0.934485552254928 0.831487982716716 0.673291925465838 0.634782608695652 0.422414258709155 0.41658115041858 0.303375641371861 0.0745341614906832 0.0359168241965974 0.0359168241965974 0.0180394274912233 0 0 0 0 0 0.0359168241965974 0.0180394274912233 0 0 0 0
1 1 1 1 1 1 1 1 1 0.972076694571969 0.86346205779098 0.944963543073184 1 0.972076694571969 0.945287604644882 0.918174453146098 0.422954361328652 0.457844990548204 0.384661085606265 0.366567647853092 0.282203618687551 0.798703753713205 0.954631379962193 0.347718066432622 0.918174453146098 0.945287604644882 1 0.918174453146098 0.945287604644882 0.973210910072914 1 1 1 1 1 1 1 -9999 -9999 -9999 -9999 1 1 0.934485552254928 0.864434242506076 0.832352146907912 0.673291925465838 0.614960842560086 0.506076154469349 0.365487442614097 0.101809343775317 0.0359168241965974 0.0359168241965974 0 0 0 0 0 0 0 0 0 0 0
1 1 1 1 0.973048879287065 1 1 1 0.972076694571969 1 0.918012422360248 0.918174453146098 0.972076694571969 0.944531460977586 0.891007291385363 0.972076694571969 0.562570888468809 0.366567647853092 0.45887118552525 0.366567647853092 0.272427761274642 0.775533351336754 0.972076694571969 0.918174453146098 1 1 1 1 1 1 1 1 1 1 1 1 1 -9999 -9999 -9999 -9999 -9999 1 1 1 0.795085066162571 0.566027545233594 0.422414258709155 0.403564677288685 0.346961922765325 0.292465568458007 0.0911153119092628 0.0359168241965974 0.0180394274912233 0 0 0 0 0 0 0 0 0 0
