data-raw/DATASET_PNE/a_DATA/PFGS/ENVSUIT_A1B/HS_f15_C1_ruderal.asc
NCOLS 619 
NROWS 782 
XLLCORNER 876826 
YLLCORNER 1947424 
CELLSIZE 100 
NODATA_value -9999 
[rows 442 to 467 of 782, columns 236 to 294 of 619]
0.486821494996548 0.528517425060272 0.684364020824432 0.70178234577179 0.70178234577179 0.88973805308342 0.88973805308342 0.720172837376595 0.70178234577179 0.688225761055946 0.70178234577179 0.70178234577179 0.720172837376595 0.742019981145859 0.733108296990395 0.720172837376595 0.711207136511803 0.70178234577179 0.692519575357437 0.679611146450043 0.488360784947872 0.455765597522259 0.373237917199731 0.32641102001071 0.219929780811071 0.164542257785797 0.0555765591561794 0.0821226015686989 0.0227923300117254 0.0360788553953171 0.164542257785797 0.389494996517897 0.439859565347433 0.66621658205986 0.565568454563618 0.565568454563618 0.672967866063118 0.39970294572413 0.648852288722992 0.362003782764077 0.44107479788363 0.406562250107527 0.319632738828659 0.561625704169273 0.746664866805077 0.816527128219604 0.867350786924362 1 0.989981085062027 1 1 1 0.986362397670746 0.918336480855942 0.945935726165771 1 0.989981085062027 0.865028351545334 0.714690789580345
0.684364020824432 0.70178234577179 0.70178234577179 0.715770989656448 0.807480424642563 0.845098555088043 0.807480424642563 0.597731567919254 0.584174990653992 0.706832304596901 0.737942203879356 0.776748567819595 0.81739130616188 0.8366459608078 0.81739130616188 0.807480424642563 0.720388874411583 0.772913843393326 0.776775598526001 0.764056175947189 0.699864968657494 0.644018366932869 0.46532541140914 0.497758576646447 0.422900358214974 0.129462596029043 0.032379150390625 0.117958411574364 0.0500405095517635 0.145233601331711 0.104563869535923 0.174021065235138 0.398757766932249 0.734917640686035 0.596813395619392 0.560221441090107 0.569727249443531 0.537402104586363 0.273642998188734 0.401512276381254 0.251444768160582 0.238698359578848 0.500216037034988 0.692519575357437 0.729354575276375 0.816527128219604 1 1 1 1 1 0.986524432897568 0.972967863082886 0.891034305095673 0.972967863082886 0.986362397670746 0.986362397670746 1 1
0.772913843393326 0.798973798751831 0.798973798751831 0.826438009738922 0.907210379838943 0.8366459608078 0.735916823148727 0.733513370156288 0.75482040643692 0.8366459608078 0.8366459608078 0.8366459608078 0.8366459608078 0.8366459608078 0.8366459608078 0.822684317827225 0.755414515733719 0.65471239387989 0.790332168340683 0.66546043753624 0.597569540143013 0.70178234577179 0.610532000660896 0.583499863743782 0.477072633802891 0.197353491559625 0.156386714428663 0.032379150390625 0.104563869535923 0.131677016615868 0.0224952735006809 0.155117467045784 0.183580875396729 0.385282199829817 0.335268687456846 0.527842290699482 0.527842290699482 0.527842290699482 0.229111533612013 0.237699162214994 0.308398585766554 0.354604372754693 0.61093707382679 0.647204965353012 0.768160939216614 0.816527128219604 0.930704832077026 1 1 1 1 0.931812047958374 0.972967863082886 0.91817444562912 0.91855251789093 0.989981085062027 0.963840126991272 0.753092080354691 1
0.8366459608078 0.8366459608078 0.88981905579567 0.967242777347565 1 0.903780728578568 0.917742371559143 0.876667559146881 0.958925187587738 0.967242777347565 1 0.958925187587738 0.9506616294384 0.9506616294384 0.900027006864548 0.853146106004715 0.839670538902283 0.766432613134384 0.683985963463783 0.675641372799873 0.597893603146076 0.565568454563618 0.678963005542755 0.610532000660896 0.564461246132851 0.338833371177316 0.368890086188912 0.193113695830107 0.0462597906589508 0.155117467045784 0.0497434511780739 0.00901971384882927 0.0224952735006809 0.331244945526123 0.294869016855955 0.380853366106749 0.220172833651304 0.202025379985571 0.183580875396729 0.087010532617569 0.343910347670317 0.523224424570799 0.583499863743782 0.697542533278465 1 0.887415617704391 0.916743189096451 0.908209562301636 1 1 0.959411293268204 0.972967863082886 0.91817444562912 0.945935726165771 0.976505547761917 1 1 0.776343494653702 0.776856601238251
0.942236036062241 0.991844445466995 1 1 1 0.98660546541214 0.975290298461914 0.975290298461914 1 1 1 1 1 1 0.95074263215065 0.850256562232971 0.759600311517715 0.650661632418633 0.674777209758759 0.652173906564713 0.597893603146076 0.597137458622456 0.556305699050426 0.692519575357437 0.597137458622456 0.588036723434925 0.370051303878427 0.308398585766554 0.220145832747221 0.164704293012619 0.141560897231102 0.104563869535923 0.0229813661426306 0.00901971384882927 0.131677016615868 0.164542257785797 0.183580875396729 0.032379150390625 0.0283283814787865 0.0884688086807728 0.499837964773178 0.564461246132851 0.6374831199646 1 1 0.932217121124268 0.931298941373825 1 1 1 0.91817444562912 0.91817444562912 0.891034305095673 0.972967863082886 0.918498516082764 0.90477991104126 0.816527128219604 0.790332168340683 0.986416429281235
1 1 1 1 1 1 1 1 1 1 1 1 0.986281394958496 1 0.942209005355835 0.812260329723358 0.730029702186584 0.730029702186584 0.716041043400764 0.706994324922562 0.706805288791656 0.57002430409193 0.637807190418243 0.501647315919399 0.623629480600357 0.739292472600937 0.592762626707554 0.124682690948248 0.142776127904654 0.220145832747221 0.0283283814787865 0.0499054826796055 0.00901971384882927 0.0224952735006809 0.0497704558074474 0.00901971384882927 0.0189035926014185 0.202025379985571 0.220145832747221 0.355360517278314 0.624061554670334 0.873615980148315 0.986416429281235 1 1 0.89184445142746 0.871158510446548 0.972562789916992 0.972967863082886 0.972967863082886 0.91817444562912 0.931893050670624 0.932460159063339 0.945935726165771 0.972805827856064 0.986416429281235 0.986416429281235 0.6606535166502 0.935997843742371
1 1 1 1 1 1 1 1 1 1 0.933783411979675 0.917742371559143 0.917742371559143 0.880178242921829 0.888684839010239 0.87890899181366 0.845989733934402 0.659573316574097 0.716041043400764 0.692843645811081 0.692843645811081 0.633972451090813 0.528895497322083 0.546502850949764 0.519794769585133 0.688711851835251 0.614204697310925 0.527842290699482 0.371563592925668 0.0653254128992558 0.0473669990897179 0.0418039411306381 0.0189035926014185 0.0633810460567474 0.0633810460567474 0.0364569276571274 0.0189035926014185 0.220145832747221 0.537105049937963 0.28752363473177 0.706292197108269 0.542668119072914 0.979881167411804 0.679395079612732 0.714771807193756 0.973129898309708 0.918255478143692 0.877504736185074 0.986362397670746 0.972967863082886 0.91817444562912 0.945854723453522 0.986362397670746 0.971887648105621 0.948906302452087 0.816527128219604 0.986416429281235 0.624007560312748 0.523872546851635
1 1 1 1 1 1 1 1 1 0.917742371559143 1 1 0.969943284988403 0.910045921802521 0.88763165473938 0.853146106004715 0.690710231661797 0.698163658380508 0.679368078708649 0.665730491280556 0.611531190574169 0.56573048979044 0.542668096721172 0.465082354843616 0.488252758979797 0.431866057217121 0.57912503182888 0.541398864239454 -9999 -9999 -9999 -9999 0.0463408045470715 0.0773426964879036 0.0633810460567474 -9999 0.0872265696525574 0.298541735857725 0.523629482835531 0.587415605783463 0.753200113773346 0.986416429281235 0.720388874411583 0.986281394958496 0.945395618677139 0.87726166844368 0.918390482664108 0.959060221910477 0.986362397670746 0.972967863082886 0.945854723453522 0.986362397670746 0.981825560331345 0.991844445466995 0.816527128219604 0.815933018922806 0.639157429337502 0.577855795621872 0.834944635629654
1 1 1 1 0.991682410240173 0.917742371559143 1 1 1 1 0.991844445466995 0.932082086801529 0.931839048862457 0.915365934371948 0.874372124671936 0.915365934371948 0.8366459608078 0.734215497970581 0.638725355267525 0.611531190574169 0.574993245303631 0.569889277219772 0.501566283404827 0.488414794206619 0.473345942795277 0.348420202732086 0.550958681851625 -9999 -9999 -9999 -9999 -9999 -9999 -9999 -9999 -9999 -9999 0.237699162214994 0.537105049937963 -9999 0.62003780901432 0.678963005542755 1 0.986281394958496 0.890899270772934 0.87726166844368 0.890980273485184 0.931947082281113 0.86378613114357 0.945449650287628 0.818930596113205 0.917310297489166 0.900270044803619 0.886146366596222 0.807480424642563 0.780529320240021 0.712260335683823 0.377828776836395 0.511180125176907
1 1 1 1 0.975371330976486 1 1 1 1 1 1 0.929138541221619 0.910748034715652 0.891790449619293 0.871833652257919 0.871833652257919 0.918903589248657 0.893653780221939 0.584174990653992 0.56573048979044 0.711207136511803 0.692519575357437 0.570267349481583 0.438158251345158 0.340777734294534 0.293977865949273 0.138482313603163 -9999 -9999 -9999 -9999 -9999 -9999 -9999 -9999 -9999 -9999 0.477828793227673 0.510234948247671 0.262651901692152 0.611018091440201 0.880232244729996 0.684093981981277 0.679395079612732 1 0.87726166844368 0.87726166844368 0.87726166844368 0.877504736185074 0.931866049766541 0.893896847963333 0.940642714500427 0.816527128219604 0.790332168340683 0.711126118898392 0.524925731122494 0.455036442726851 0.220145832747221 0.151957865804434
1 1 1 0.917742371559143 1 1 1 1 0.931650012731552 0.918201446533203 0.863354027271271 0.798973798751831 0.755576550960541 0.706832304596901 0.692519575357437 0.746664866805077 0.719632729887962 0.556305699050426 0.556305699050426 0.569565206766129 0.451309736818075 0.529921680688858 0.523494459688663 0.293248722329736 0.327248165383935 0.360869565978646 0.0976505540311337 0.21096407994628 0.202025379985571 -9999 -9999 -9999 -9999 -9999 -9999 0.214366730302572 0.142857145518064 0.160464495420456 0.111288141459227 0.196867402642965 0.542749118059874 0.692519575357437 0.979881167411804 0.986281394958496 0.584174990653992 1 0.87726166844368 0.87726166844368 0.87726166844368 -9999 0.794734001159668 1 0.688360795378685 0.683796927332878 0.637780174612999 0.577855795621872 0.419767748564482 0.220145832747221 0.102349448949099
1 0.986362397670746 0.977909803390503 1 1 1 1 1 0.967242777347565 0.915365934371948 0.836051851511002 0.798973798751831 0.676019445061684 0.692519575357437 0.566972702741623 0.363462068140507 0.542776122689247 0.468998096883297 0.432595178484917 0.510153941810131 0.479341067373753 0.361544707790017 0.25857412442565 0.206184174865484 0.220145832747221 0.228652443736792 0.259735357016325 0.155117467045784 0.114447742700577 0.0499054826796055 -9999 -9999 -9999 -9999 -9999 0.0698892772197723 -9999 0.174021065235138 0.220145832747221 0.546664867550135 0.588306777179241 0.733054280281067 0.959735363721848 0.66983525454998 0.5749122351408 0.986281394958496 0.890980273485184 0.890899270772934 0.87726166844368 -9999 1 1 0.552254922688007 0.542803138494492 0.591898463666439 0.514420734718442 0.343910347670317 0.220172833651304 0.0473669990897179
1 0.899054825305939 0.972589790821075 1 1 1 1 1 0.861139625310898 0.918903589248657 0.768079936504364 0.729354575276375 0.581933557987213 0.537267081439495 0.499621937051415 0.395382115617394 0.519092634320259 0.422306248918176 0.4048609174788 0.395247111096978 0.3512017223984 0.197326492518187 0.17915203794837 0.160545509308577 0.150985687971115 0.149446398019791 0.0326762087643147 0.0633000284433365 0.118039429187775 0.0359708331525326 0.0224952735006809 -9999 -9999 -9999 -9999 -9999 -9999 0.14139886200428 0.202025379985571 0.523629482835531 0.556089658290148 0.642857149243355 0.876910626888275 -9999 0.510964073240757 0.5749122351408 0.584174990653992 0.816527128219604 0.84928435087204 -9999 -9999 1 0.986416429281235 0.952686995267868 0.780718326568604 0.414150696247816 0.274831216782331 0.151822850108147 0.032379150390625
0.93697002530098 0.972805827856064 0.972265720367432 1 1 1 1 1 0.918903589248657 0.776775598526001 0.692519575357437 0.556305699050426 0.530137732625008 0.416203089058399 0.379098037257791 0.179314071312547 0.354604372754693 0.257304886355996 0.363056967034936 0.428706446662545 0.39319471642375 0.202025379985571 0.183580875396729 0.164542257785797 0.145233601331711 0.0448825284838676 0.0226573050022125 0.00901971384882927 0.00901971384882927 0.00901971384882927 0.00901971384882927 0.00901971384882927 0.00901971384882927 0.00901971384882927 0.00901971384882927 0.00901971384882927 -9999 0.0360518507659435 0.188765868544579 0.229111533612013 0.546664867550135 -9999 -9999 0.865163385868073 0.849041312932968 0.969646245241165 0.979881167411804 0.592843636870384 0.753227114677429 -9999 -9999 0.538320280611515 0.986416429281235 0.942749112844467 0.510748038068414 0.411720227450132 0.211207132786512 0.14304618537426 0.0597893595695496
0.986443430185318 0.972265720367432 1 1 1 1 1 1 0.864353239536285 0.826681077480316 0.561652719974518 0.42622197419405 0.428706446662545 0.35954631306231 0.310369979590178 0.275398325175047 0.441479869186878 0.452768035233021 0.462948963046074 0.367161761969328 0.142290040850639 0.141938969492912 0.0736699998378754 0.118039429187775 0.0311099104583263 0.00901971384882927 0 0 0 0 0 0 0 0 0 0 -9999 0.0772076696157455 0.0409937873482704 0.154685392975807 0.20253848657012 0.299702953547239 0.411720227450132 0.431812040507793 0.49692141264677 0.849554419517517 0.827896296977997 0.909127742052078 0.633918449282646 -9999 0.538320280611515 0.986416429281235 0.469538204371929 0.753227114677429 0.423116402700543 0.3180664293468 0.202025379985571 0.164542257785797 0.104563869535923
0.986443430185318 1 1 1 1 1 1 0.986362397670746 0.84423440694809 0.542127996683121 0.476208487525582 0.507966503500938 0.34029165841639 0.196435328572989 0.0555765591561794 0.155117467045784 0.164542257785797 0.174021065235138 0.141560897231102 0.131514981389046 0.0463137999176979 0.118039429187775 0.0227923300117254 0.00901971384882927 0.00901971384882927 0.00901971384882927 0.00901971384882927 0.00901971384882927 0 0 0 0 0 0 0.00901971384882927 0.00901971384882927 0.00901971384882927 0.00901971384882927 0.0226573050022125 0.0409937873482704 0.188792869448662 0.340048622339964 0.407804470509291 0.404158782213926 0.414447735995054 0.508722672238946 0.653119087219238 0.800621122121811 0.596894413232803 0.619956791400909 0.515176884829998 0.932541161775589 0.53669997304678 0.431460987776518 0.757628947496414 0.284391026943922 0.0600324049592018 0.131514981389046 0.131677016615868
1 1 1 1 1 1 1 0.915365934371948 0.88973805308342 0.550904672592878 0.448123134672642 0.398514727130532 0.0500945188105106 0.0638671368360519 0.0361328646540642 0.0773426964879036 0.0226573050022125 0.0496084243059158 0.0502295419573784 0.104563869535923 0.117958411574364 0.104563869535923 0.0771536603569984 0.00901971384882927 0.0189035926014185 0.00901971384882927 0.00901971384882927 -9999 -9999 0 0 0.00901971384882927 0.00901971384882927 0.00901971384882927 0.0226573050022125 0.0189035926014185 0.0362948961555958 0.0189035926014185 0.00901971384882927 0.0772076696157455 0.0325411818921566 0.087145559489727 0.284499060362577 0.156278695911169 0.238158252090216 0.537402104586363 0.64034566283226 0.565568454563618 0.514339718967676 0.577855795621872 -9999 0.510748038068414 0.769619226455688 0.419767748564482 0.394247900694609 0.174021065235138 0.14139886200428 0.0906832292675972 0.00901971384882927
1 1 1 1 1 1 1 0.910748034715652 -9999 -9999 -9999 -9999 0.0732649192214012 0.160464495420456 0.202025379985571 0.202025379985571 0.202025379985571 0.202025379985571 0.202025379985571 0.0826897099614143 0.164542257785797 0.164542257785797 0.155117467045784 0.0284634083509445 0.0189035926014185 -9999 0.00901971384882927 0 -9999 0 0.00901971384882927 0.00901971384882927 0.0496084243059158 0.0226573050022125 0.0378881990909576 0.131677016615868 0.153497170656919 0.0189035926014185 0.0636510923504829 0.0362948961555958 0.00901971384882927 0.00901971384882927 0.0772076696157455 0.0735079646110535 0.188441809266806 0.211207132786512 0.326762091368437 0.514447756111622 0.254388328641653 0.490548202767968 0.470402369275689 0.246691878885031 0.224493648856878 0.220145832747221 0.0921685099601746 0.272751827724278 0.0326762087643147 0.0496894419193268 0.00901971384882927
1 1 1 1 1 1 0.986362397670746 -9999 0.687037542462349 -9999 -9999 -9999 0.229084530845284 0.247312987223268 0.327248165383935 0.302403461188078 0.354118268936872 0.308398585766554 0.238374289125204 0.13845531269908 0.192519575357437 0.0463137999176979 0.0324871726334095 0.0224952735006809 0.0189035926014185 0.00901971384882927 0.00901971384882927 0 0 0 0.00901971384882927 0.0772076696157455 0.00901971384882927 0.164542257785797 0.160302460193634 0.183580875396729 0.272967856377363 0.164542257785797 0.155117467045784 0.164542257785797 0.164542257785797 0.127815291285515 0.0731298923492432 0.0226573050022125 0.155117467045784 0.160464495420456 0.174885224550962 0.446367807686329 0.514447756111622 0.251444768160582 0.480664324015379 -9999 0.174777206033468 0.220145832747221 0.0325411818921566 0.263489067554474 0.0362948961555958 0.0362948961555958 0
1 1 1 1 1 1 0.918903589248657 -9999 0.692519575357437 0.509910874068737 -9999 -9999 0.412179324775934 0.364677289500833 0.435862809419632 0.459222253412008 0.444315433502197 0.331352958455682 0.395787188783288 0.335457723587751 0.138320278376341 0.037807185202837 0.0463137999176979 0.114258706569672 0.0226573050022125 0.00901971384882927 0 0 0.00901971384882927 0.00901971384882927 0.0772076696157455 0.0772076696157455 0.0325411818921566 0.0834998674690723 0.26956520602107 0.229111533612013 0.206670265644789 0.197650548070669 0.206562247127295 0.206562247127295 0.15644071996212 0.0965703502297401 0.150985687971115 0.114042669534683 0.00901971384882927 0.00901971384882927 0.174021065235138 0.35017554089427 0.468512009829283 0.473561979830265 0.224493648856878 -9999 0.38981906697154 0.211207132786512 0.262165825814009 0.0496084243059158 0.0189035926014185 -9999 0
1 1 1 1 1 1 0.8366459608078 0.772913843393326 0.692519575357437 0.601053200662136 -9999 0.435700783506036 0.574561156332493 0.542749118059874 0.447393994778395 0.583418846130371 0.460950594395399 0.529759667813778 0.519686736166477 0.410721033811569 0.20291655883193 0.0795301087200642 0.0189035926014185 0.125033751130104 0.00901971384882927 0.00901971384882927 0 0.00901971384882927 0.0226573050022125 0.0496084243059158 0.0226573050022125 0.0692141503095627 0.133486360311508 0.0749932490289211 0.147529032081366 0.2428571395576 0.251444768160582 0.133729409426451 0.202133398503065 0.0976505540311337 0.0658115036785603 0.0692141503095627 0.0189035926014185 0.0283283814787865 0.0189035926014185 0.00901971384882927 0.0870915502309799 0.123467460274696 0.281933557242155 0.309046726673841 0.184256013482809 0.450661638751626 -9999 0.444288413971663 0.0325411818921566 0.00901971384882927 0.0189035926014185 -9999 0
1 1 1 1 1 0.950499594211578 0.8366459608078 0.729354575276375 0.692519575357437 0.574210107326508 -9999 0.551255732774734 0.664785295724869 0.678963005542755 0.637807190418243 0.688387796282768 0.61072102189064 0.596813395619392 0.459870375692844 0.432244129478931 0.184039961546659 0.0795301087200642 0.0419659726321697 0.128274366259575 0.0226573050022125 0.00901971384882927 0.00901971384882927 0.0496894419193268 0.0870915502309799 0.0870915502309799 0.00901971384882927 0.174021065235138 0.211207132786512 0.233945455402136 0.237321089953184 0.466540642082691 0.550823654979467 0.523791514337063 0.32973263785243 0.241830941289663 0.120253849774599 0.0795301087200642 0.0695652142167091 0.0650823637843132 0.0870915502309799 0.0502565503120422 0.00901971384882927 -9999 0.0745071582496166 -9999 0.183445855975151 0.481825541704893 0.306427221745253 0.192492570728064 0.100675128400326 0.0362948961555958 0.0189035926014185 -9999 0
1 1 1 1 1 0.967242777347565 0.922036200761795 0.790332168340683 0.697650551795959 0.665487438440323 0.583364836871624 0.665487438440323 0.56573048979044 0.706832304596901 0.755576550960541 0.729354575276375 0.706832304596901 0.556008629500866 0.441641919314861 0.548123136162758 0.22044288739562 0.124844718724489 0.169862270355225 0.0967593863606453 0.0632460191845894 0.00901971384882927 0.0496084243059158 0.127815291285515 0.349041324108839 0.179017018526793 0.243343230336905 0.2014852873981 0.247421007603407 0.490683238953352 0.494166890159249 0.610775046050549 0.542911164462566 0.596894413232803 0.596894413232803 0.519848760217428 0.246232789009809 0.165784504264593 0.111045096069574 0.0514447763562202 0.037807185202837 0.0362138822674751 0.00901971384882927 -9999 -9999 -9999 -9999 -9999 0.202295433729887 -9999 -9999 -9999 0.00901971384882927 -9999 -9999
1 1 1 1 1 1 0.887604653835297 0.8366459608078 0.790332168340683 0.790332168340683 0.706832304596901 0.720388874411583 0.63786119222641 0.8366459608078 0.77601945400238 0.739346474409103 0.611450172960758 0.656413719058037 0.519767746329308 0.452038891613483 0.313772628083825 0.220145832747221 0.35852013155818 0.0189035926014185 0.00901971384882927 0.127815291285515 0.174021065235138 0.336618971079588 0.363165002316236 0.414447735995054 0.400891166180372 0.34642181918025 0.508722672238946 0.537267081439495 0.597380504012108 0.583661898970604 0.670321360230446 0.683580875396729 0.6374831199646 0.610369972884655 0.49322172254324 0.315311919897795 0.184147994965315 0.0794490985572338 0.0829597637057304 0.00901971384882927 0.00901971384882927 0 0.00901971384882927 0.00901971384882927 0.0652713999152184 -9999 -9999 -9999 -9999 -9999 0.00901971384882927 -9999 -9999
1 1 1 1 1 1 0.991844445466995 0.87726166844368 0.826438009738922 0.799378871917725 0.706427216529846 0.822684317827225 0.856845796108246 0.890062123537064 0.90772345662117 0.698649749159813 0.638428300619125 0.56573048979044 0.556143671274185 0.546880900859833 0.403402637690306 0.36100460216403 0.294247906655073 0.0189035926014185 0.169997304677963 0.193032678216696 0.394328933209181 0.541425853967667 0.477693770080805 0.537267081439495 0.523791514337063 0.47480421513319 0.583499863743782 0.66516338288784 0.579368077218533 0.574993260204792 0.702322438359261 0.5749122351408 0.565379425883293 0.597272485494614 0.556305699050426 0.231596004217863 0.193275716155767 0.179044019430876 0.0461787730455399 0.0226573050022125 0.00901971384882927 0.00901971384882927 0 0.00901971384882927 0.00901971384882927 -9999 -9999 -9999 -9999 -9999 0 -9999 -9999
1 1 1 1 1 1 1 0.933783411979675 0.856845796108246 0.739913582801819 0.917742371559143 0.917742371559143 0.967242777347565 1 0.910045921802521 0.774345129728317 0.730299755930901 0.693356737494469 0.597137458622456 0.500891156494617 0.335268687456846 0.114906828850508 0.197623547166586 0.220172833651304 0.359573315829039 0.373534958809614 0.605022937059402 0.632649198174477 0.610532000660896 0.488225750625134 0.624655678868294 0.611018091440201 0.552254922688007 0.551795840263367 0.65290305018425 0.584174990653992 0.853119105100632 0.5749122351408 0.56573048979044 0.542911164462566 0.583499863743782 0.419281672686338 0.229219552129507 0.174723204225302 0.0601404272019863 0.00901971384882927 0.00901971384882927 0.00901971384882927 0 0 0 0.00901971384882927 -9999 0.00901971384882927 -9999 -9999 0 -9999 -9999
