data-raw/DATASET_PNE/a_DATA/PFGS/ENVSUIT_A1B/HS_f15_C1_ruderal.asc
NCOLS 619 
NROWS 782 
XLLCORNER 876826 
YLLCORNER 1947424 
CELLSIZE 100 
NODATA_value -9999 
[rows 208 to 233 of 782, columns 118 to 176 of 619]
0.917850404977798 0.77277883887291 0.696354314684868 0.671617612242699 0.593221709132195 0.555711586028337 0.651039704680443 0.618471510708332 0.559546306729317 0.485822297632694 0.277855793014169 0.176640564575791 0.184120977297425 0.201917359605432 0.0650283563882113 0.0692411568015814 0.0406697262078524 0.0179584119468927 0.00901971384882927 0.0179584119468927 0.00901971384882927 0.00901971384882927 0.00901971384882927 0.00901971384882927 0 -9999 -9999 0 -9999 -9999 0.00901971384882927 0.0179584119468927 0.0179584119468927 0.091223331168294 0.136456921696663 0.150580612942576 0.178098840638995 0.191682426258922 0.0405347030609846 0.0363219007849693 0.0554685387760401 0.27350796200335 0.167971918359399 0.275425324216485 0.425762901082635 0.843262225389481 1 0.959411293268204 1 1 1 1 0.945449650287628 1 1 1 1 1 1
0.95900622010231 0.77277883887291 0.704779908061028 0.628166347742081 0.583742909133434 0.555711586028337 0.61018093675375 0.573399938642979 0.411639211699367 0.366108546033502 0.370132327079773 0.241425866261125 0.212098294869065 0.161436671391129 0.0965973567217588 0.0554685387760401 0.136970026418567 0.0599783938378096 0.0179584119468927 0.0646232794970274 0.00901971384882927 0.00901971384882927 0.00901971384882927 0.0179584119468927 0.0179584119468927 0 0 0 -9999 0.00901971384882927 0.00901971384882927 0.0556035656481981 0.0782068576663733 0.239265466108918 0.200702140107751 0.200702140107751 0.187145555391908 0.207615444436669 0.198190653696656 0.173561969771981 0.146124759688973 0.0691061299294233 0.0644882526248693 0.12014582939446 0.425762901082635 0.794166892766953 0.959411293268204 0.986524432897568 1 1 1 1 1 1 1 1 1 1 1
0.857088834047318 0.782689720392227 0.729813665151596 0.654037266969681 0.593221709132195 0.555711586028337 0.527221171185374 0.446988938376307 0.366108546033502 0.35752091743052 0.403996746987104 0.210586005821824 0.215581962838769 0.202187413349748 0.0554685387760401 0.0367809887975454 0.105887120589614 0.146718872711062 0.150445578619838 0.0677018631249666 0.136078847572207 0.0951930861920118 0.0268971100449562 0.046043748036027 0.0361598692834377 0.0268971100449562 0.0268971100449562 0 0 0.0361598692834377 0.046043748036027 0.0179584119468927 0.0455576553940773 0.13729408569634 0.132892252877355 0.101215230301023 0.0876856613904238 0.106589252129197 0.221226030960679 0.164785305038095 0.193680802360177 0.309100726619363 0.160869562998414 0.298001626506448 0.435700783506036 0.835241705179214 0.959411293268204 0.986524432897568 1 1 1 1 1 1 1 1 1 1 1
0.756224691867828 0.782689720392227 0.723143398761749 0.628166347742081 0.593221709132195 0.596705377101898 0.577801778912544 0.421172020956874 0.379665134474635 0.442398048937321 0.311882250010967 0.196948418393731 0.215581962838769 0.170105321332812 0.129678638651967 -9999 -9999 0.0650283563882113 0.201242236420512 0.0826897080987692 0.0646232794970274 0.0268971100449562 0.0646232794970274 0.0646232794970274 0.0361598692834377 0.00901971384882927 0.0268971100449562 0 0 0.0361598692834377 0.0556035656481981 0.0179584119468927 0.0952470954507589 0.0917634312063456 0.0834728572517633 0.11074803955853 0.235565761104226 0.250958675518632 0.435700783506036 0.527383202686906 0.636564940214157 0.519227648153901 0.527383202686906 0.452146897092462 0.531920064240694 0.80829057097435 0.945449650287628 1 1 1 1 1 1 1 1 1 1 1 1
0.77445313334465 0.696354314684868 0.671617612242699 0.606859304010868 0.583742909133434 0.624088577926159 0.577558748424053 0.421739129349589 0.361976770684123 0.338590333238244 0.253713199868798 0.231352949514985 0.215581962838769 0.0785039123147726 0.106346203014255 0.258115047588944 -9999 -9999 -9999 0.201242236420512 0.0268971100449562 0.0646232794970274 0.0646232794970274 0.0556035656481981 0.0268971100449562 0.00901971384882927 0.00901971384882927 0 0 0.046043748036027 0.0268971100449562 0.0268971100449562 0.0953281130641699 0.109910881146789 0.137915203347802 0.286551455035806 0.281069407239556 0.435700783506036 0.571185521781445 0.659276261925697 0.659276261925697 0.655603557825089 0.655603557825089 0.682743728160858 0.578449904918671 0.717796385288239 0.945449650287628 0.959411293268204 1 1 1 1 1 1 1 1 1 1 1
0.71307048201561 0.680313259363174 0.680313259363174 0.647285982966423 0.555711586028337 0.587307587265968 0.596138253808022 0.529381588101387 0.461814746260643 0.325060777366161 0.267512822523713 0.215689981356263 0.141857953742146 0.0554685387760401 0.0554685387760401 0.0554685387760401 0.322306243702769 -9999 -9999 -9999 0.150931669399142 0.0363219007849693 0.0406697262078524 0.0179584119468927 0.00901971384882927 0.0593842826783657 0.00901971384882927 0 0.00901971384882927 -9999 0.046043748036027 0.0544963534921408 0.0538752358406782 0.164623273536563 0.0740480702370405 0.250391567125916 0.408560613170266 0.435700783506036 0.509802857413888 0.550229541957378 0.682743728160858 0.682743728160858 0.65147177875042 0.674075067043304 0.739427492022514 0.723413452506065 1 0.904941946268082 1 1 1 1 1 1 1 1 1 1 1
0.721388056874275 0.702727511525154 0.694274917244911 0.708992704749107 0.664515256881714 0.647718071937561 0.618390500545502 0.548312179744244 0.472616791725159 0.346718875691295 0.336510924622416 0.238131249323487 0.210261950269341 0.150445578619838 0.0268971100449562 0.0406697262078524 0.114906834438443 0.507129339501262 -9999 -9999 -9999 0.191682426258922 0.0545773711055517 0.00901971384882927 0.168052930384874 0.00901971384882927 0.0454226303845644 0 0 -9999 0.0782878752797842 0.162381852045655 0.0907912533730268 0.159951383247972 0.0644882526248693 0.44550365023315 0.338023224845529 0.510937087237835 0.554442342370749 0.550418578088284 0.587361596524715 0.679611131548882 0.792033493518829 0.905076950788498 0.94615176320076 0.979800164699554 1 0.959411293268204 0.932055085897446 1 1 1 1 1 1 1 1 1 1
0.639994606375694 0.714204698801041 0.583310827612877 0.56535242497921 0.691925466060638 0.672211721539497 0.509640835225582 0.534242488443851 0.278638938441873 0.239076429978013 0.0922495257109404 0.150931669399142 0.178125841543078 0.191682426258922 0.0812854450196028 0.0268971100449562 0.0462057795375586 0.238131249323487 0.109910884872079 -9999 -9999 0.275803400203586 0.181798545643687 0.0268971100449562 0.0179584119468927 0.0179584119468927 0.0454226303845644 0 0 0.0361598692834377 0.081609508022666 0.059357276186347 0.200702140107751 0.132595190778375 0.340534714981914 0.391007302328944 0.260707536712289 0.511936277151108 0.550229541957378 0.628517419099808 0.601080201566219 0.720388874411583 0.90772345662117 1 1 0.986524432897568 0.877828806638718 1 0.945449650287628 0.986524432897568 1 1 1 1 1 1 1 1 1
0.39319471269846 0.436780996620655 0.453605175018311 0.464137174189091 0.529111534357071 0.466324597597122 0.445071578025818 0.351660827174783 0.325789907947183 0.265676477923989 0.229165548458695 0.210261950269341 0.118147445842624 0.108884690329432 0.0768566038459539 0.0268971100449562 0.0677018631249666 0.210261950269341 0.219740757718682 0.0835268665105104 0.0408317595720291 0.0828787442296743 0.181798545643687 0.209991905838251 0.0268971100449562 0.0179584119468927 0.0454226303845644 0 0 0.00901971384882927 0.081609508022666 0.0729948710650206 0.181798545643687 0.234890623018146 0.364029167219996 0.459141222760081 0.251363763585687 0.383796909824014 0.554442342370749 0.601134225726128 0.614852823317051 0.837834179401398 1 0.967080742120743 1 1 1 1 1 1 0.959492295980453 1 1 1 1 1 1 0.989792048931122 0.782689720392227
0.348015127703547 0.517715379595757 0.474453136324883 0.384093968197703 0.43532270938158 0.348609248176217 0.301674315705895 0.243559274822474 0.248123148456216 0.229165548458695 0.10126923955977 0.123494466766715 0.164488254114985 0.191682426258922 0.0675128269940615 0.0179584119468927 0.0268971100449562 0.178098840638995 0.219227651134133 0.364164201542735 0.181663522496819 0.180583311244845 0.0404806900769472 0.0954631399363279 0.0268971100449562 0.0179584119468927 0.00901971384882927 0 0 0.0179584119468927 0.0268971100449562 0.0500945169478655 0.172535775229335 0.200702140107751 0.453092096373439 0.459141222760081 0.265163386240602 0.375074276700616 0.545692682266235 0.604833915829659 0.6553875207901 1 1 1 1 1 1 1 1 1 1 1 1 1 -9999 -9999 -9999 -9999 1
0.244072372093797 0.416230075061321 0.491655424237251 0.308344582095742 0.348609248176217 0.348609248176217 0.257466921582818 0.22130704857409 0.197272488847375 0.229165548458695 0.229165548458695 0.210261950269341 0.150688631460071 0.0728058349341154 0.181798545643687 0.0538752358406782 0.0405347030609846 0.0268971100449562 0.151066703721881 0.191682426258922 0.203078581020236 0.189305974170566 0.0268971100449562 0.201080206781626 0.191520396620035 0.078827977180481 0.0179584119468927 0 0 0.0179584119468927 0.0179584119468927 0.0179584119468927 0.0545773711055517 0.191682426258922 0.173507967963815 0.360653517767787 0.445179579779506 0.251417765393853 0.427005121484399 0.550985682755709 0.577828787267208 0.68779368698597 0.890926271677017 0.904617875814438 0.991682410240173 1 1 1 1 1 1 1 -9999 -9999 -9999 -9999 -9999 -9999 1
0.234890634194016 0.325384818017483 0.483850926160812 0.361976770684123 0.267701858654618 0.348609248176217 0.257466921582818 0.234890634194016 0.174183098599315 0.210721043869853 0.101998379454017 0.0554685387760401 0.0554685387760401 0.0862003769725561 0.0268971100449562 0.0268971100449562 0.0675128269940615 0.109046718105674 0.0268971100449562 0.154766408726573 0.179827166721225 0.081609508022666 0.0268971100449562 0.191520396620035 0.0179584119468927 0.0268971100449562 0.0179584119468927 0 0 -9999 0.0179584119468927 0.0179584119468927 0.135970829054713 0.193599788472056 0.234296513721347 0.268647043034434 0.507102338597178 0.404590873047709 0.491790447384119 0.661787733435631 0.76729679107666 0.800135016441345 0.860788553953171 0.877369701862335 1 1 1 1 1 1 1 1 -9999 -9999 -9999 -9999 -9999 1 1
0.237699160352349 0.372940868139267 0.3618417493999 0.420361861586571 0.348609248176217 0.267701858654618 0.257466921582818 0.22092897631228 0.187658650800586 0.187658650800586 0.169781250879169 0.132946258410811 0.0554685387760401 0.13737509958446 0.0361598692834377 0.0268971100449562 0.0268971100449562 0.0955711584538221 0.0179584119468927 0.0817985441535711 0.0738860387355089 0.201080206781626 0.201080206781626 0.201080206781626 0.0179584119468927 0.0268971100449562 0.00901971384882927 0 0 0 0.0404806900769472 0.0179584119468927 0.0646232794970274 0.163110984489322 0.168214960023761 0.187118554487824 0.185525247827172 0.317958423867822 0.527383202686906 0.678882002830505 0.752551972866058 0.880178242921829 0.880961388349533 0.860788553953171 0.897623538970947 1 1 1 1 1 1 1 -9999 -9999 -9999 -9999 -9999 1 1
0.257115850225091 0.227464223280549 0.335079662501812 0.38898192346096 0.301296243444085 0.257466921582818 0.234323525801301 0.248285168781877 0.239238450303674 0.0188225759193301 0.202187413349748 0.174588168039918 0.170078320428729 0.146637855097651 0.123818522319198 0.0268971100449562 0.0268971100449562 0.0406697262078524 0.10010802000761 0.0179584119468927 0.0361598692834377 0.0179584119468927 0.0406697262078524 0.0268971100449562 0.0268971100449562 0.0556035656481981 0.0361598692834377 0.0179584119468927 0 0 0.0593842826783657 0.0268971100449562 0.0268971100449562 0.149527413770556 0.141182823106647 0.146124759688973 0.105293007567525 0.265190387144685 0.183391848579049 0.269592234864831 0.298001626506448 0.639805570244789 0.870699435472488 0.615122877061367 0.678584933280945 0.967242777347565 1 1 1 1 1 1 -9999 -9999 -9999 -9999 1 1 1
0.308290580287576 0.21123413182795 0.237699160352349 0.328814473003149 0.243532264605165 0.268728056922555 0.234323525801301 0.225303811952472 0.248285168781877 0.0137726170942187 0.0236564949154854 0.197245476767421 0.165730489417911 0.18355387263 0.137078044936061 0.0361598692834377 0.0268971100449562 0.0950040500611067 0.0866324603557587 0.0179584119468927 0.0179584119468927 0.0268971100449562 0.0738860387355089 0.0782068576663733 0.0646232794970274 0.0646232794970274 0.046043748036027 0.0179584119468927 0.0315419919788837 0.00901971384882927 0.0268971100449562 0.0786929540336132 0.191520396620035 0.0179584119468927 0.127302190288901 0.0541722942143679 0.0734809618443251 0.119443694129586 0.137753175571561 0.550607614219189 0.682743728160858 0.463381044566631 0.682743728160858 0.691925466060638 0.772724807262421 1 1 1 1 1 1 1 -9999 -9999 -9999 -9999 1 1 1
0.220685923472047 0.18317580036819 0.202187413349748 0.237699160352349 0.237699160352349 0.230056712403893 0.275020251050591 0.244531461969018 0.248285168781877 0.239238450303674 0.220145834609866 0.100756144151092 0.187658650800586 0.119551716372371 0.110018899664283 0.178206859156489 0.0268971100449562 0.0677018631249666 0.109046718105674 0.00901971384882927 0.0738860387355089 0.0646232794970274 0.0646232794970274 0.0646232794970274 0.0646232794970274 0.0782068576663733 0.0556035656481981 0.0692411568015814 0.0556035656481981 0.0952470954507589 0.0542533081024885 0.0593842826783657 0.191520396620035 0.201080206781626 0.219929788261652 0.41752633266151 0.446205792948604 0.517040250822902 0.0740480702370405 0.682743728160858 0.701485276222229 0.435700783506036 0.577423714101315 0.628706440329552 0.989873081445694 1 1 1 1 1 1 1 -9999 -9999 -9999 -9999 -9999 1 1
0.527221171185374 0.251660818234086 0.321361053735018 0.324898719787598 0.287820676341653 0.277909794822335 0.258520120754838 0.258520120754838 0.258520120754838 0.248285168781877 0.230218736454844 0.160302458330989 0.096354303881526 0.0917364303022623 0.0916824210435152 0.178206859156489 0.158601133152843 0.0676478538662195 0.136078847572207 0.0268971100449562 0.076775586232543 0.0646232794970274 0.0827707294374704 0.0646232794970274 0.0646232794970274 0.0646232794970274 0.00901971384882927 0.0646232794970274 0.0556035656481981 0.0729948710650206 0.0268971100449562 0.201080206781626 0.187496621161699 0.201080206781626 0.219146642833948 0.436186878010631 0.517040250822902 0.114798808470368 0.279773155227304 0.798001617193222 0.383796909824014 0.569754250347614 0.583310812711716 0.692870646715164 1 1 1 1 1 1 1 1 1 -9999 -9999 -9999 1 1 1
0.527221171185374 0.347556032240391 0.496030248701572 0.581177428364754 0.458493106067181 0.458493106067181 0.390467196702957 0.458493106067181 0.40877665579319 0.338185261934996 0.217661360278726 0.201242236420512 0.183148795738816 0.15617067553103 0.101323248818517 0.137078044936061 0.13737509958446 0.113394541665912 0.181798545643687 0.0997569542378187 0.118066435679793 0.194166896864772 0.135160682722926 0.0827707294374704 0.0827707294374704 0.083310829475522 0.0179584119468927 0.0646232794970274 0.0179584119468927 0.266027538105845 0.0268971100449562 0.201080206781626 0.219416696578264 0.201080206781626 0.296894419938326 0.436186878010631 0.155522549524903 0.201485285535455 0.672859847545624 0.339427480474114 0.406265188008547 0.550148539245129 0.658412098884583 0.83121794462204 1 1 1 1 1 1 1 1 1 1 0.723062366247177 0.672994881868362 1 1 1
0.527221171185374 0.293410748243332 0.417742371559143 0.575425326824188 0.609748855233192 0.593410730361938 0.607048332691193 0.593653798103333 0.570753440260887 0.554307326674461 0.527194172143936 0.389657035470009 0.251417765393853 0.30993789434433 0.173156896606088 0.215689981356263 0.182824740186334 0.210261950269341 0.210261950269341 0.210261950269341 0.200702140107751 0.372211722657084 0.517040250822902 0.189305974170566 0.190656227990985 0.124709693714976 0.170159323140979 0.0646232794970274 0.0179584119468927 0.173102894797921 0.181798545643687 0.00901971384882927 0.163110984489322 0.236780989915133 0.355846602469683 0.0552254933863878 0.0874426160007715 0.249311367049813 0.305779108777642 0.335133681073785 0.43713204562664 0.609856873750687 0.845287591218948 1 1 1 1 1 1 1 1 1 1 1 1 0.890980273485184 1 1 1
0.546664867550135 0.642938151955605 0.493923835456371 0.522846333682537 0.565676473081112 0.538374286144972 0.579314067959785 0.592789627611637 0.661193624138832 0.674588173627853 0.583013772964478 0.403861738741398 0.458493106067181 0.294247902929783 0.36243586987257 0.425006745383143 0.364245213568211 0.215689981356263 0.155468532815576 0.196786383166909 0.155522549524903 0.493626801297069 0.155522549524903 0.369727252051234 0.527221171185374 0.517040250822902 0.517040250822902 0.517040250822902 0.456413714215159 0.244666485115886 0.114528758451343 0.122009178623557 0.0677558723837137 0.448177156969905 0.456413714215159 0.517040250822902 0.169295171275735 0.232244128361344 0.329489598050714 0.366108546033502 0.474129073321819 0.747826099395752 0.885741293430328 0.965460449457169 1 1 0.917742371559143 1 0.98622739315033 1 1 1 1 1 0.986524432897568 1 1 1 1
0.555846609175205 0.64801512658596 0.683769911527634 0.538374286144972 0.600594110786915 0.605806104838848 0.605806104838848 0.691925466060638 0.682743728160858 0.628139346837997 0.661112606525421 0.596408322453499 0.411801248788834 0.395085066556931 0.554145291447639 0.459033213555813 0.298028636723757 0.210910070687532 0.142209017649293 0.225600862875581 0.235808799043298 0.306373218074441 0.268403986468911 0.191250333562493 0.495517142117023 0.482230631634593 0.446475831791759 0.415662972256541 0.517040250822902 0.266216574236751 0.198460711166263 0.197812585160136 0.0678908992558718 0.387685654684901 0.456413714215159 0.142290035262704 0.21544692851603 0.279773155227304 0.339427480474114 0.386254377663136 0.596786379814148 0.774858236312866 0.867296785116196 0.940723747014999 0.991682410240173 1 0.925897926092148 1 1 1 0.958952188491821 1 1 1 1 1 1 1 1
0.625519841909409 0.769943296909332 0.65117472410202 0.63297326862812 0.583742909133434 0.606697268784046 0.674588173627853 0.729435592889786 0.710910066962242 0.682743728160858 0.628058329224586 0.596543341875076 0.620010793209076 0.664704293012619 0.556737773120403 0.572481766343117 0.354577362537384 0.307804480195045 0.249149331822991 0.134242506697774 0.224547663703561 0.444963542744517 0.549986496567726 0.270672433078289 0.265082366764545 0.527221171185374 0.499945996329188 0.44250607304275 0.337321100756526 0.29508507065475 0.199081821367145 0.193464754149318 0.181798545643687 0.45633271150291 0.456413714215159 0.173399949446321 0.12022683955729 0.336835006251931 0.57988116145134 0.48201459646225 0.66456925868988 0.752443969249725 0.907804489135742 1 1 1 1 0.958925187587738 0.991682410240173 1 1 1 1 1 1 1 1 1 1
0.689089924097061 0.808992713689804 0.840426683425903 0.674696192145348 0.646799892187119 0.61334053426981 0.714069679379463 0.71382662653923 0.736078858375549 0.729435592889786 0.668971106410027 0.628193363547325 0.600864164531231 0.628139346837997 0.664704293012619 0.515743978321552 0.477126643061638 0.275290302932262 0.251633815467358 0.255954632535577 0.225978935137391 0.526816092431545 0.463354028761387 0.458547122776508 0.41998378932476 0.546286795288324 0.67772077023983 0.527221171185374 0.442425070330501 0.317310301586986 0.243775321170688 0.189305974170566 0.42670807056129 0.46635159663856 0.118957603350282 0.196543345227838 0.187712663784623 0.299162844195962 0.623764514923096 0.615500956773758 0.620658919215202 0.721253037452698 1 1 1 1 1 1 -9999 1 1 1 0.972886860370636 1 1 1 1 1 1
0.751120716333389 0.817148268222809 0.959249258041382 0.700432077050209 0.700432077050209 0.723980560898781 0.749230355024338 0.752362936735153 0.691736429929733 0.740939781069756 0.647529035806656 0.664920330047607 0.633027270436287 0.668971106410027 0.628139346837997 0.625357806682587 0.477207660675049 0.58919794857502 0.333513356745243 0.26500135101378 0.607075333595276 0.640966773033142 0.562678925693035 0.752930045127869 0.527059137821198 0.558844164013863 0.886281400918961 0.744072377681732 0.445557652041316 0.451093701645732 0.517040250822902 0.456413714215159 0.446205792948604 0.517040250822902 0.527221171185374 0.229165548458695 0.279773155227304 0.339427480474114 0.518471524119377 0.513421550393105 0.560383468866348 0.578773967921734 1 1 1 0.711828261613846 0.75352418422699 0.759546309709549 -9999 -9999 1 1 0.973048865795135 1 1 1 1 0.972589790821075 1
0.891196340322495 0.918039441108704 1 0.972643792629242 0.810910075902939 0.87726166844368 0.853605180978775 0.853605180978775 0.844504445791245 0.764866322278976 0.728922501206398 0.751012682914734 0.661112606525421 0.701350256800652 0.669268161058426 0.624061569571495 0.58919794857502 0.65665677189827 0.308371596038342 0.330110728740692 0.472184713929892 0.640021622180939 0.637834176421165 0.796759396791458 0.637834176421165 0.488630827516317 0.466000534594059 0.639103427529335 0.540804751217365 0.519065616652369 0.536645963788033 0.517040250822902 0.517040250822902 0.527221171185374 0.649851471185684 0.235754797235131 0.339427480474114 0.339427480474114 0.362165804952383 0.443586267530918 0.400540111586452 0.579773157835007 0.583445861935616 0.989819079637527 1 0.767431825399399 0.731217935681343 -9999 -9999 0.97248175740242 1 1 1 1 1 1 1 1 1
0.986524432897568 1 0.986281394958496 0.918363481760025 0.86378613114357 0.918120443820953 0.932136118412018 0.891007304191589 0.839184433221817 0.804104775190353 0.741209834814072 0.741209834814072 0.678719952702522 0.632865250110626 0.655576556921005 0.691925466060638 0.682041585445404 0.548528216779232 0.35752091743052 0.526816092431545 0.488630827516317 0.674588173627853 0.94277611374855 0.867674857378006 0.619983792304993 0.605184987187386 0.511612199246883 0.675371319055557 0.634944632649422 0.288819888606668 0.229165548458695 0.527221171185374 0.517040250822902 0.541182823479176 0.649851471185684 0.230299750342965 0.366837687790394 0.388954885303974 0.87672159075737 0.348609248176217 0.32908452488482 0.880259245634079 0.919173628091812 0.96961921453476 0.765811502933502 0.525438845157623 -9999 -9999 -9999 0.931839048862457 1 1 1 1 1 1 1 0.958952188491821 0.972562789916992
