data-raw/DATASET_PNE/a_DATA/PFGS/ENVSUIT_A1B/HS_f0_H6_megaph.asc
NCOLS 619 
NROWS 782 
XLLCORNER 876826 
YLLCORNER 1947424 
CELLSIZE 100 
NODATA_value -9999 
[rows 493 to 521 of 782, columns 195 to 259 of 619]
0.923876636652312 0.847448779851233 0.771542911827396 0.974422549915177 1 1 1 1 1 1 0.974596546174257 1 1 1 1 1 1 1 1 0.981077906825003 0.981077906825003 0.930575492626909 0.962808299621558 0.962808299621558 0.962808299621558 0.878985601809561 0.784984122841359 0.810387576667102 0.784984122841359 0.810387576667102 0.74078907303493 0.715385619209187 0.732524250728609 0.758493192396363 0.853321153595198 0.711209708991257 0.596328678933403 0.697898995171604 0.482013136717561 0.647353081908739 0.426682326329984 0.383009265300796 0.408151724737918 0.389969115664013 0.46570098742877 0.401148375309931 0.444386445691418 0.540823872286746 0.635303840967419 0.859324024533472 0.8866414372091 1 1 1 1 1 1 1 0.974422549915177 1 1 1 1 0.974422549915177 1
0.974640045239027 0.974640045239027 0.82178433163687 0.89864717908565 0.974640045239027 1 1 1 1 0.898255687502719 0.949019096089434 0.974596546174257 1 1 1 1 1 1 1 1 1 1 1 1 0.981077906825003 0.904867545347775 0.962808299621558 0.962808299621558 1 1 0.981730392796555 0.836313019270086 0.937274348601505 0.879116099003871 0.79751185349515 0.847840271434164 0.822654312932272 0.873200226195137 0.666057679759885 0.540214885379964 0.495932837443995 0.408108225673148 0.36443516464396 0.389577624081082 0.346339553699595 0.36443516464396 0.433685675757971 0.401148375309931 0.591456783679151 0.679368393579538 0.884857975553526 0.955935447387881 1 0.974770542433338 0.974596546174257 0.974596546174257 1 1 1 0.872417243029275 1 1 1 0.974422549915177 0.974466048979947
0.974640045239027 0.771542911827396 0.974640045239027 0.974640045239027 0.822219322284571 1 1 1 1 1 1 1 1 0.949367088607595 0.873069729000826 1 1 1 1 1 1 1 1 1 0.981077906825003 0.981077906825003 1 1 1 1 1 1 1 0.955935447387881 0.981077906825003 0.981077906825003 0.981077906825003 0.962808299621558 0.83409456696681 0.634390360607247 0.565618339205707 0.419287485319066 0.419287485319066 0.415111575101135 0.36443516464396 0.401148375309931 0.36443516464396 0.426682326329984 0.419287485319066 0.577928574535647 0.808952107529688 0.937448344860585 0.828526686676236 0.949497585801905 0.823045804515203 0.873504719648527 0.974596546174257 1 1 0.974379050850407 0.897777197790247 1 1 1 1
0.949236591413285 0.746356953325504 0.771542911827396 0.974640045239027 0.822306320414111 0.822306320414111 1 1 1 1 1 1 1 1 1 1 0.974466048979947 1 1 1 1 1 1 1 1 1 1 1 1 1 1 1 1 1 1 0.981077906825003 0.981077906825003 0.981077906825003 0.962808299621558 0.828439688546696 0.673887511418504 0.60341902649093 0.419287485319066 0.444821436339119 0.463700030449345 0.383009265300796 0.408151724737918 0.426290834747053 0.419287485319066 0.571751707338292 0.647483579103049 0.884857975553526 0.681891339336204 0.8339640697725 0.623167601896559 0.810518073861412 0.949454086737135 1 1 1 1 0.92326764974553 0.974422549915177 1 1
0.872808734612206 0.949236591413285 0.771542911827396 0.898212188437949 0.872808734612206 0.796685371264518 1 0.949541084866675 1 1 1 1 1 1 1 1 1 1 1 1 1 1 1 1 1 1 1 1 1 1 1 1 1 1 0.949149593283744 1 1 1 1 0.886945930662491 0.861716473095828 0.704902344599591 0.597329157423115 0.48192613858802 0.426247335682283 0.488842489886467 0.36443516464396 0.408151724737918 0.426682326329984 0.419287485319066 0.437992083170212 0.464570011744747 0.515246422201923 0.58319196137283 0.66805863673931 0.687633215885858 0.873330723389447 0.974596546174257 1 1 1 1 0.948888598895124 1 1
1 0.847622776110314 0.796989864717908 0.797076862847449 0.746356953325504 0.822306320414111 0.847405280786463 0.746356953325504 0.949541084866675 1 1 1 1 1 1 1 1 1 1 1 1 1 1 1 1 1 1 1 1 1 1 1 1 1 1 1 1 1 1 1 0.879855583104963 0.912044891034843 0.738788116055505 0.596894166775414 0.476227761103136 0.419287485319066 0.463700030449345 0.36443516464396 0.408151724737918 0.502762190612902 0.482404628300492 0.419287485319066 0.419287485319066 0.475401278872504 0.495106355213363 0.539736395667493 0.734090217060333 1 1 1 1 1 1 1 1
0.771586410892166 1 0.822088825090261 0.873287224324677 0.746356953325504 0.746356953325504 0.771542911827396 0.796685371264518 0.771542911827396 0.924311627300013 0.974640045239027 0.923963634781852 1 1 1 1 1 1 1 1 1 1 1 1 1 1 1 1 1 1 1 1 1 1 1 1 1 1 1 1 1 0.95558745486972 0.912044891034843 0.878811605550481 0.681325851494193 0.578276567053808 0.419287485319066 0.458349645482622 0.408543216320849 0.383009265300796 0.419287485319066 0.419287485319066 0.46983339858193 0.419287485319066 0.419287485319066 0.475401278872504 0.578059071729958 1 1 1 1 1 1 1 1
0.746356953325504 0.847622776110314 1 0.847622776110314 0.873200226195137 0.771455913697855 0.771542911827396 0.822219322284571 0.847231284527383 0.897777197790247 0.771542911827396 0.949497585801905 0.974422549915177 1 1 1 1 1 1 1 1 1 1 1 1 1 1 1 1 1 1 1 1 1 1 1 1 1 1 1 1 1 0.930705989821219 0.912044891034843 0.828396189481926 0.672843533864022 0.437992083170212 0.444821436339119 0.401148375309931 0.383009265300796 0.444821436339119 0.383009265300796 0.383009265300796 0.419287485319066 0.419287485319066 0.437992083170212 0.564922354169385 0.861455478707208 1 1 1 1 1 1 1
1 0.796989864717908 0.847622776110314 0.873200226195137 1 1 0.974596546174257 0.796641872199748 0.746356953325504 0.746356953325504 0.771542911827396 0.771542911827396 0.82187132976641 0.974422549915177 0.974509548044717 0.771542911827396 1 1 1 1 1 1 1 1 1 0.974770542433338 1 1 1 1 1 0.974901039627648 1 0.949062595154204 1 1 1 1 1 1 1 1 1 0.879855583104963 0.912436382617774 0.83409456696681 0.578015572665188 0.419287485319066 0.444821436339119 0.383009265300796 0.451781286702336 0.383009265300796 0.383009265300796 0.383009265300796 0.419287485319066 0.40071338466223 0.446561398929923 0.578059071729958 0.981730392796555 1 1 1 1 1 1
0.923746139458002 0.746356953325504 0.796641872199748 0.771455913697855 0.822219322284571 0.771542911827396 0.771455913697855 1 0.898342685632259 0.796641872199748 0.898342685632259 0.898342685632259 0.873113228065597 0.746356953325504 0.796685371264518 0.746356953325504 0.974422549915177 0.974422549915177 1 0.923920135717082 1 1 1 1 1 1 1 1 1 1 1 1 1 1 1 1 1 1 1 1 0.974466048979947 1 1 1 0.937317847666275 0.83409456696681 0.583713950150072 0.470311888294402 0.520901300622037 0.401148375309931 0.383009265300796 0.383009265300796 0.408151724737918 0.383009265300796 0.383009265300796 0.401148375309931 0.401496367828092 0.653355952847014 0.811388055156814 1 1 1 1 1 1
0.792726956370438 0.771455913697855 0.923746139458002 0.898560180956109 0.974509548044717 0.974509548044717 1 1 0.746356953325504 0.923485145069381 1 1 1 0.82200182696072 0.746356953325504 0.771455913697855 0.949367088607595 0.924137631040933 0.974596546174257 0.974640045239027 1 1 1 1 1 1 1 1 1 1 1 0.974857540562878 1 1 1 1 1 1 0.974422549915177 1 1 1 1 1 0.861890469354909 0.726912871373265 0.672843533864022 0.520988298751577 0.571751707338292 0.520901300622037 0.408151724737918 0.389577624081082 0.408151724737918 0.36443516464396 0.36443516464396 0.346339553699595 0.40071338466223 0.476227761103136 0.539736395667493 0.785201618165209 0.949454086737135 0.974814041498108 0.949410587672365 0.949410587672365 0.949410587672365
0.796598373134977 0.82195832789595 0.923746139458002 0.923746139458002 0.746356953325504 0.796685371264518 0.872547740223585 0.746356953325504 1 0.746356953325504 0.948975597024664 0.974596546174257 0.796815868458828 0.771542911827396 0.771542911827396 1 1 0.949541084866675 1 1 0.974596546174257 1 1 1 1 0.974901039627648 1 1 1 1 1 0.974857540562878 1 0.949628082996215 0.923702640393231 1 1 0.974422549915177 1 1 1 1 1 1 0.912479881682544 0.681804341206664 0.865761886119448 0.490190960894341 0.495410848666754 0.495497846796294 0.408543216320849 0.389577624081082 0.353386402192353 0.291052242376789 0.291052242376789 0.199878202618644 0.291269737700639 0.419287485319066 0.501631214928879 0.82182783070164 0.911827395710992 0.854669624603071 0.956196441776502 0.956370438035582 0.689025185958502
0.771455913697855 0.771455913697855 0.82195832789595 0.771455913697855 0.796685371264518 0.796598373134977 0.796598373134977 0.771455913697855 0.771455913697855 0.746356953325504 0.873113228065597 0.746356953325504 0.746356953325504 0.771455913697855 0.771455913697855 1 0.771542911827396 0.82178433163687 0.771455913697855 0.771455913697855 1 1 1 0.974596546174257 1 0.974596546174257 1 1 1 1 1 0.974857540562878 1 0.797294358171299 0.898125190308408 1 1 1 1 1 1 1 1 1 0.974814041498108 0.937622341119666 0.859324024533472 0.526947670625082 0.59110879116099 0.419287485319066 0.433642176693201 0.36443516464396 0.328243942755231 0.181869589803819 0.181869589803819 0.181869589803819 0.0722519465831485 0.36443516464396 0.419287485319066 0.476227761103136 0.751228848579755 0.734351211448954 0.690069163512984 0.785158119100439 0.630127452259776
0.949149593283744 0.923746139458002 0.923746139458002 0.796598373134977 0.847318282656923 0.822132324155031 0.771542911827396 0.796685371264518 0.974509548044717 0.949149593283744 0.796598373134977 0.807081647744573 0.796598373134977 0.746356953325504 0.771542911827396 0.82204532602549 0.949367088607595 1 1 1 1 1 1 1 1 0.898168689373178 0.948845099830354 1 1 1 1 1 1 0.949280090478055 0.923702640393231 0.949236591413285 0.930966984209839 1 1 0.974814041498108 1 1 1 1 1 0.962808299621558 0.88685893253295 0.840227935099395 0.602853538648919 0.495497846796294 0.401148375309931 0.36443516464396 0.291052242376789 0.0976119013441211 0 0.181869589803819 0.0179651137500544 0.127104267258254 0.389795119404933 0.437948584105442 0.495106355213363 0.808038627169516 0.611901344121101 0.662621253643047 0.476227761103136
0.873113228065597 1 0.949149593283744 0.797076862847449 0.746356953325504 0.771542911827396 0.974640045239027 0.898560180956109 0.873243725259907 0.974640045239027 0.898125190308408 0.771455913697855 0.771455913697855 0.771455913697855 0.898560180956109 0.746356953325504 0.771542911827396 0.746356953325504 0.771455913697855 0.796641872199748 0.974640045239027 1 1 1 1 0.974379050850407 1 1 1 1 1 1 0.797294358171299 1 0.923702640393231 1 1 0.930966984209839 0.981730392796555 1 1 1 1 1 1 0.962808299621558 0.861716473095828 0.771325416503545 0.552220627256514 0.470268389229632 0.401148375309931 0.36443516464396 0.181869589803819 0 0 0.189003436426117 0.0543303318978642 0.181869589803819 0.383009265300796 0.419287485319066 0.476227761103136 0.476227761103136 0.476227761103136 0.45752316325199 0.419287485319066
0.974640045239027 1 1 1 1 0.746356953325504 0.974640045239027 0.796685371264518 0.822219322284571 0.898386184697029 0.771455913697855 0.771455913697855 0.949236591413285 0.923746139458002 0.746356953325504 0.771455913697855 0.771455913697855 0.746356953325504 0.746356953325504 0.796641872199748 0.923572143198921 0.974509548044717 1 1 1 1 1 0.974901039627648 1 1 1 0.974901039627648 0.949454086737135 0.797294358171299 0.949628082996215 1 1 1 1 0.981730392796555 1 1 1 1 0.974814041498108 0.962808299621558 0.918352255426508 0.777763278089521 0.438992561659924 0.546130758188699 0.451781286702336 0.36443516464396 0.181869589803819 0 0 0.0431075731871765 0 0.181869589803819 0.346339553699595 0.383009265300796 0.419287485319066 0.401496367828092 0.437948584105442 0.419287485319066 0.419287485319066
0.974640045239027 1 1 0.974509548044717 1 1 1 0.949106094218974 0.974509548044717 0.847622776110314 0.974509548044717 0.923920135717082 0.847361781721693 0.771455913697855 0.771455913697855 0.746356953325504 0.746356953325504 0.746356953325504 0.746356953325504 0.746356953325504 0.923311148810301 0.974509548044717 1 1 1 1 1 1 1 1 1 0.974770542433338 0.797294358171299 0.797294358171299 0.822393318543651 0.797294358171299 0.974422549915177 0.974422549915177 0.974509548044717 1 1 1 1 0.912392883553004 0.912392883553004 0.912088390099613 0.899778154769672 0.726825873243725 0.438992561659924 0.571751707338292 0.401148375309931 0.389577624081082 0.181869589803819 0 0 0.0609856888076906 0.0179651137500544 0.181869589803819 0.181869589803819 0.181869589803819 0.181869589803819 0.199878202618644 0.218017312627778 0.382617773717865 0.382574274653095
1 1 1 0.782200182696072 1 0.974857540562878 0.924007133846622 0.949671582060986 1 1 1 1 1 0.771455913697855 0.822175823219801 0.771455913697855 0.771455913697855 0.746356953325504 0.746356953325504 0.771455913697855 0.974422549915177 0.948932097959894 1 1 1 1 1 1 1 0.949584583931445 0.949584583931445 0.974770542433338 1 0.974770542433338 0.924137631040933 1 1 0.974509548044717 0.974509548044717 1 1 1 0.981077906825003 0.962808299621558 0.810779068250033 0.841315411718648 0.679194397320457 0.641741702553395 0.571751707338292 0.419287485319066 0.36443516464396 0.305493931880465 0.181869589803819 0.181869589803819 0.145156379137849 0.0903910565922833 0.145156379137849 0.181869589803819 0.163773978859454 0.181869589803819 0.181869589803819 0.181869589803819 0.364913654356431 0.383009265300796 0.383009265300796
0.974509548044717 1 0.974857540562878 0.924007133846622 0.898429683761799 1 0.800208795510897 0.982034886249946 0.982034886249946 0.782200182696072 0.945495671843055 0.982034886249946 1 0.771455913697855 0.872939231806516 0.771455913697855 0.746356953325504 0.771455913697855 0.923311148810301 0.948801600765583 0.847144286397842 0.923528644134151 1 1 1 1 0.974466048979947 1 1 1 0.924224629170473 0.797294358171299 1 0.974422549915177 0.822654312932272 0.848275262081865 0.873374222454217 1 1 0.974422549915177 1 0.974509548044717 0.981077906825003 0.836356518334856 0.91887424420375 0.653834442559485 0.571403714820131 0.571751707338292 0.419287485319066 0.426682326329984 0.383009265300796 0.383009265300796 0.261864369916047 0.0179651137500544 0.0179651137500544 0.0179651137500544 0.0179651137500544 0.108486667536648 0.199878202618644 0.36443516464396 0.383009265300796 0.383009265300796 0.408151724737918 0.401148375309931 0.419287485319066
1 1 1 0.847622776110314 0.873200226195137 1 0.982034886249946 1 0.982034886249946 0.68824220279264 0.577667580147027 0.800208795510897 1 0.82204532602549 0.872939231806516 0.746356953325504 0.771455913697855 0.746356953325504 0.923311148810301 0.923311148810301 0.948932097959894 1 1 0.974422549915177 0.948932097959894 0.974422549915177 1 1 1 0.924224629170473 0.974770542433338 0.848405759276175 1 0.949628082996215 0.924094131976163 0.974422549915177 1 0.905476532254556 0.905476532254556 0.880073078428814 0.981730392796555 0.981077906825003 0.981077906825003 0.861759972160599 0.937274348601505 0.783374657444865 0.540519378833355 0.495019357083823 0.469920396711471 0.444690939144808 0.54665274696594 0.419287485319066 0.419287485319066 0.40071338466223 0.236156422636913 0.199747705424333 0.261690373656966 0.408151724737918 0.419287485319066 0.419287485319066 0.40071338466223 0.40071338466223 0.419287485319066 0.419287485319066 0.419287485319066
0.974509548044717 1 0.974857540562878 0.898560180956109 0.854974118056462 1 0.92735656183392 0.909478446213406 0.854974118056462 0.909478446213406 0.982034886249946 1 0.949236591413285 0.923746139458002 0.898560180956109 0.79746835443038 0.771455913697855 0.746356953325504 0.822219322284571 0.948932097959894 1 1 0.974422549915177 0.974422549915177 0.948932097959894 1 0.974422549915177 1 0.974814041498108 0.949410587672365 1 0.974770542433338 1 1 0.974422549915177 0.974422549915177 1 0.905476532254556 0.905476532254556 0.905476532254556 0.981730392796555 1 0.981077906825003 0.836139023011005 0.937622341119666 0.816346948540606 0.739484101091826 0.653834442559485 0.577406585758406 0.577406585758406 0.476227761103136 0.476227761103136 0.552699116968985 0.629039975640524 0.552481621645135 0.552438122580365 0.49001696463526 0.476227761103136 0.476227761103136 0.476227761103136 0.476227761103136 0.476227761103136 0.476227761103136 0.476227761103136 0.679020401061377
0.974509548044717 1 0.974857540562878 0.847622776110314 0.909478446213406 1 1 1 0.945495671843055 0.876027665405194 1 0.872939231806516 0.746356953325504 0.872939231806516 0.872939231806516 0.872939231806516 0.746356953325504 0.746356953325504 1 1 0.974422549915177 1 0.974422549915177 0.974422549915177 1 0.974422549915177 1 1 0.822654312932272 0.949584583931445 0.873635216842838 0.974770542433338 0.797294358171299 0.949584583931445 0.974422549915177 0.822654312932272 0.974422549915177 0.974422549915177 0.974422549915177 1 1 1 1 0.974814041498108 0.785245117229979 0.943712210187481 0.847970768628474 0.802427247814172 0.82182783070164 0.749575884118491 0.699073469920397 0.758319196137283 0.879246596198182 0.886423941885249 0.771586410892166 0.610770368437079 0.520596807168646 0.539736395667493 0.51420244464744 0.53460350602462 0.630388446648397 0.655574405150289 0.680803862716952 0.82200182696072 0.899778154769672
0.974509548044717 0.924572621688634 1 0.847622776110314 1 0.982034886249946 0.949367088607595 0.923746139458002 1 0.767236504415155 0.898299186567489 0.873461220583757 0.822219322284571 0.872939231806516 0.898560180956109 0.949236591413285 0.771586410892166 0.746356953325504 0.746356953325504 0.872852233676976 0.897907694984558 0.948932097959894 1 0.948932097959894 0.974422549915177 0.948801600765583 0.796815868458828 0.746356953325504 0.847796772369394 1 1 0.923789638522772 0.974770542433338 0.797294358171299 0.974814041498108 1 0.949628082996215 0.898560180956109 0.974422549915177 0.948932097959894 1 0.974509548044717 1 0.974814041498108 0.981077906825003 0.943712210187481 0.893035799730306 0.962808299621558 0.810387576667102 0.886902431597721 0.912044891034843 0.937274348601505 0.887250424115881 0.8866414372091 0.937622341119666 0.962808299621558 0.981730392796555 0.962808299621558 0.943712210187481 0.671669059115229 0.918134760102658 0.918134760102658 0.918134760102658 0.918134760102658 0.943712210187481
0.974509548044717 1 1 0.924007133846622 0.898386184697029 0.923746139458002 0.898342685632259 0.949497585801905 0.974640045239027 0.923920135717082 0.923920135717082 0.923920135717082 0.898560180956109 0.873461220583757 0.898560180956109 0.898560180956109 0.847405280786463 0.746356953325504 0.746356953325504 0.746356953325504 0.948932097959894 0.948932097959894 0.948932097959894 1 1 1 0.872634738353125 0.771847405280786 0.974770542433338 1 1 0.974770542433338 0.949410587672365 0.822784810126582 0.949628082996215 1 1 1 0.974422549915177 0.974422549915177 0.974422549915177 0.948932097959894 0.948888598895124 0.796859367523598 1 0.981077906825003 0.981077906825003 0.981077906825003 0.981077906825003 0.981077906825003 0.981077906825003 1 1 1 1 0.974814041498108 1 0.961981817390926 0.943712210187481 0.943712210187481 0.943712210187481 0.943712210187481 0.943712210187481 0.943712210187481 0.943712210187481
1 1 0.974640045239027 0.974640045239027 0.796685371264518 0.923833137587542 0.949236591413285 0.872982730871286 0.949149593283744 0.974509548044717 0.799599808604115 0.898560180956109 0.923746139458002 0.898560180956109 0.873461220583757 0.898560180956109 0.746356953325504 0.873417721518987 0.746356953325504 0.746356953325504 0.746356953325504 0.948932097959894 0.923311148810301 0.948932097959894 1 1 1 1 0.948888598895124 0.898038192178868 1 1 1 0.949410587672365 0.974770542433338 0.974814041498108 1 1 0.89890817347427 0.898125190308408 0.898125190308408 0.923398146939841 0.974509548044717 0.822219322284571 0.802992735656183 1 1 1 1 1 1 1 1 1 1 1 1 0.981077906825003 0.981077906825003 0.943712210187481 0.943712210187481 0.943712210187481 0.943712210187481 0.943712210187481 0.981730392796555
1 1 1 0.923746139458002 0.949236591413285 0.898342685632259 1 0.949236591413285 0.923746139458002 1 0.949410587672365 1 1 0.982034886249946 1 0.974857540562878 0.746356953325504 0.847840271434164 0.771934403410327 0.746356953325504 0.771455913697855 0.822219322284571 0.974509548044717 0.948932097959894 0.974422549915177 1 1 0.948932097959894 0.82195832789595 0.974901039627648 1 1 1 0.974770542433338 0.899343164121971 0.797294358171299 0.949584583931445 0.848144764887555 1 0.974422549915177 0.949236591413285 0.923876636652312 0.797294358171299 0.948888598895124 0.746356953325504 0.872591239288355 1 1 1 1 1 0.898168689373178 0.847361781721693 1 1 1 1 1 1 0.943712210187481 0.943712210187481 0.943712210187481 0.925312105789725 0.943712210187481 1
1 1 1 0.923746139458002 1 1 0.923746139458002 1 0.974640045239027 1 1 1 1 1 1 1 0.746356953325504 0.797033363782679 0.746356953325504 0.746356953325504 0.771455913697855 0.948932097959894 0.948932097959894 0.923311148810301 0.974422549915177 0.948932097959894 1 1 1 1 1 1 1 0.974379050850407 0.771890904345557 0.873635216842838 0.771890904345557 0.974770542433338 0.949584583931445 0.949236591413285 0.949236591413285 0.974422549915177 0.974814041498108 0.898560180956109 0.948888598895124 0.948888598895124 0.948888598895124 0.847361781721693 0.82195832789595 0.948888598895124 0.872547740223585 0.847361781721693 0.897777197790247 1 1 1 1 1 0.981730392796555 1 0.981730392796555 1 0.962808299621558 0.943712210187481 1
1 1 1 1 1 1 0.974640045239027 1 1 1 1 1 1 1 1 1 0.898386184697029 0.822219322284571 0.746356953325504 0.771455913697855 0.771455913697855 0.771542911827396 0.771455913697855 0.746356953325504 0.771455913697855 0.923311148810301 0.974509548044717 0.948932097959894 0.974509548044717 0.948932097959894 0.923311148810301 1 0.924050632911392 1 -9999 -9999 0.873026229936056 0.771890904345557 0.974814041498108 0.822436817608421 0.89873417721519 0.949454086737135 0.974814041498108 0.797294358171299 0.949280090478055 0.898168689373178 0.898168689373178 0.898168689373178 0.923398146939841 0.948888598895124 0.948888598895124 0.948888598895124 0.898168689373178 1 1 1 1 1 1 1 1 1 1 1 1
1 1 1 1 1 1 0.923746139458002 1 1 1 1 1 1 1 1 1 0.89882117534473 0.898560180956109 0.898560180956109 0.847492278916003 0.746356953325504 0.746356953325504 0.771455913697855 0.771455913697855 0.746356953325504 0.746356953325504 0.923311148810301 0.948932097959894 0.948932097959894 1 1 1 1 1 0.974770542433338 -9999 0.879290095262952 0.949584583931445 0.771890904345557 0.822654312932272 0.949584583931445 0.949584583931445 0.924224629170473 0.847883770498934 1 0.848405759276175 0.847753273304624 0.847753273304624 0.847753273304624 0.924137631040933 0.873069729000826 0.898038192178868 0.796815868458828 0.82195832789595 0.974466048979947 1 1 0.981730392796555 0.981730392796555 1 1 1 1 1 1
