data-raw/DATASET_PNE/a_DATA/PFGS/ENVSUIT_A1B/HS_f30_H6_megaph.asc
NCOLS 619 
NROWS 782 
XLLCORNER 876826 
YLLCORNER 1947424 
CELLSIZE 100 
NODATA_value -9999 
[rows 621 to 647 of 782, columns 360 to 419 of 619]
-9999 -9999 -9999 -9999 -9999 -9999 -9999 -9999 -9999 -9999 -9999 0.609987385271217 0.726216886336944 0.63556483535604 0.63556483535604 1 0.907955978946453 0.836008525816695 0.857192570359737 1 1 1 1 1 1 1 1 1 1 1 1 1 1 1 1 1 1 -9999 -9999 -9999 1 1 1 1 1 1 1 1 1 0.785201618165209 0.803732219757275 0.785201618165209 0.785201618165209 0.748227413110618 0.566227326112488 0.748227413110618 0.729348819000391 0.766323024054983 0.766323024054983 0.766323024054983
-9999 -9999 -9999 -9999 -9999 -9999 -9999 -9999 -9999 -9999 -9999 -9999 0.890991343686111 1 1 1 0.974422549915177 0.838574970638131 0.572491191439384 0.521640784723128 1 1 1 1 1 1 1 0.981425899343164 1 1 1 1 1 1 1 1 1 1 1 1 1 1 1 1 1 1 1 1 1 0.981469398407934 0.785201618165209 0.785201618165209 0.766323024054983 0.766323024054983 0.748227413110618 0.541041367610596 0.584192439862543 0.748227413110618 0.766323024054983 0.747618426203836
-9999 -9999 -9999 -9999 -9999 -9999 -9999 -9999 -9999 -9999 -9999 -9999 -9999 -9999 -9999 0.955848449258341 0.930357997303058 0.609987385271217 0.503458175649224 0.572491191439384 0.726912871373265 1 1 1 1 1 1 0.981425899343164 0.981425899343164 1 1 1 1 1 1 1 1 1 1 1 1 1 1 1 1 1 1 1 1 1 1 0.803732219757275 0.785201618165209 0.766323024054983 0.766323024054983 0.766323024054983 0.785201618165209 0.748227413110618 0.639218756796729 0.712123189351429
-9999 -9999 -9999 -9999 -9999 -9999 -9999 -9999 -9999 -9999 -9999 -9999 -9999 -9999 -9999 -9999 -9999 -9999 -9999 0.63556483535604 0.634999347514028 1 1 1 1 1 0.981425899343164 0.981425899343164 0.981425899343164 1 1 1 1 1 1 1 1 1 1 1 1 1 1 1 1 1 1 1 1 1 1 0.980251424594371 0.785201618165209 0.785201618165209 0.766323024054983 0.766323024054983 0.766323024054983 0.766323024054983 0.722301970507634 0.729348819000391
-9999 -9999 -9999 -9999 -9999 -9999 -9999 -9999 -9999 -9999 -9999 -9999 -9999 -9999 -9999 -9999 -9999 -9999 -9999 -9999 1 1 1 0.981425899343164 1 1 0.981425899343164 0.981425899343164 1 1 1 1 1 1 1 1 1 1 1 1 1 1 1 1 1 1 1 1 0.981425899343164 0.981425899343164 1 1 0.980251424594371 0.803732219757275 0.785201618165209 0.785201618165209 0.785201618165209 0.785201618165209 0.766323024054983 0.766323024054983
-9999 -9999 -9999 -9999 -9999 -9999 -9999 -9999 -9999 -9999 -9999 -9999 -9999 -9999 -9999 -9999 -9999 -9999 -9999 -9999 -9999 1 1 0.963330288398799 1 1 0.981425899343164 0.981425899343164 1 1 1 1 1 1 1 1 1 1 1 1 1 1 1 1 1 1 1 1 1 0.981425899343164 1 1 1 1 0.980251424594371 0.803732219757275 0.824698768976467 0.824698768976467 0.766323024054983 0.766323024054983
-9999 -9999 -9999 -9999 -9999 -9999 -9999 -9999 -9999 -9999 -9999 -9999 -9999 -9999 -9999 -9999 -9999 -9999 -9999 -9999 -9999 1 1 0.926747574927139 0.762756100743834 1 0.981425899343164 0.981425899343164 1 1 1 1 1 1 1 1 0.930488494497368 1 1 1 1 1 1 1 1 1 1 1 1 0.981425899343164 1 0.981425899343164 1 1 1 1 0.980251424594371 0.980251424594371 0.980251424594371 0.961720823002305
-9999 -9999 -9999 -9999 -9999 -9999 -9999 -9999 -9999 -9999 -9999 -9999 -9999 -9999 -9999 -9999 -9999 -9999 -9999 -9999 -9999 -9999 1 1 1 0.963069294010179 0.981425899343164 1 1 1 1 1 1 1 1 1 1 0.96346078559311 0.89064335116795 0.945104180260124 1 1 1 1 1 1 1 1 1 1 1 1 1 1 1 0.981425899343164 0.981425899343164 1 1 1
-9999 -9999 -9999 -9999 -9999 -9999 -9999 -9999 -9999 -9999 -9999 -9999 -9999 -9999 -9999 -9999 -9999 -9999 -9999 -9999 -9999 -9999 -9999 1 1 0.981425899343164 0.981425899343164 0.981425899343164 1 1 1 1 0.981425899343164 0.981425899343164 0.981425899343164 1 1 0.908782461177085 0.926747574927139 0.908608464918004 1 1 1 1 1 1 1 1 1 1 1 1 1 1 1 1 0.981425899343164 0.981425899343164 0.981425899343164 1
-9999 -9999 -9999 -9999 -9999 -9999 -9999 -9999 -9999 -9999 -9999 -9999 -9999 -9999 -9999 -9999 -9999 -9999 -9999 -9999 -9999 -9999 -9999 -9999 1 1 0.616990734699204 0.439949541084867 1 1 1 1 1 1 1 1 1 0.926747574927139 0.835747531428074 0.981382400278394 1 1 1 1 1 1 1 1 1 1 1 1 1 1 1 1 1 1 0.981425899343164 1
-9999 -9999 -9999 -9999 -9999 -9999 -9999 -9999 -9999 -9999 -9999 -9999 -9999 -9999 -9999 -9999 -9999 -9999 -9999 -9999 -9999 -9999 -9999 -9999 -9999 1 0.616990734699204 0.46543999304015 0.981425899343164 1 1 1 1 1 1 0.873156727130367 1 0.890251859585019 0.926747574927139 1 1 1 1 1 1 1 1 1 0.981425899343164 1 1 1 1 1 1 1 1 1 1 0.981425899343164
-9999 -9999 -9999 -9999 -9999 -9999 -9999 -9999 -9999 -9999 -9999 -9999 -9999 -9999 -9999 -9999 -9999 -9999 -9999 -9999 -9999 -9999 -9999 -9999 -9999 1 0.616990734699204 0.616990734699204 0.981425899343164 1 1 1 1 1 0.974422549915177 1 0.963025794945409 0.963025794945409 1 0.872069250511114 1 0.930966984209839 1 1 1 1 1 1 1 1 1 1 1 1 1 1 1 1 1 1
-9999 -9999 -9999 -9999 -9999 -9999 -9999 -9999 -9999 -9999 -9999 -9999 -9999 -9999 -9999 -9999 -9999 -9999 -9999 -9999 -9999 -9999 -9999 -9999 -9999 -9999 1 0.616990734699204 0.981425899343164 1 0.981425899343164 0.981425899343164 0.981425899343164 1 1 0.945104180260124 0.926747574927139 1 0.653486450041324 1 1 0.981425899343164 1 1 1 1 1 1 1 1 1 1 1 1 1 0.981425899343164 1 1 1 1
-9999 -9999 -9999 -9999 -9999 -9999 -9999 -9999 -9999 -9999 -9999 -9999 -9999 -9999 -9999 -9999 -9999 -9999 -9999 -9999 -9999 -9999 -9999 -9999 -9999 -9999 0.671364565661838 0.689938666318674 0.981425899343164 1 0.981425899343164 0.981425899343164 0.634868850319718 0.817260428900779 0.654182435077646 0.654182435077646 0.962808299621558 0.616990734699204 1 1 1 0.949280090478055 1 1 1 1 1 1 1 1 1 1 1 1 1 1 0.981425899343164 1 1 0.981425899343164
-9999 -9999 -9999 -9999 -9999 -9999 -9999 -9999 -9999 -9999 -9999 -9999 -9999 -9999 -9999 -9999 -9999 -9999 -9999 -9999 -9999 -9999 -9999 -9999 -9999 -9999 -9999 1 1 1 1 1 0.926791073991909 0.63556483535604 0.762930097002914 0.762451607290443 0.744486493540389 1 1 0.981425899343164 1 1 1 1 1 1 1 1 1 0.89873417721519 1 1 1 1 1 1 1 1 0.981425899343164 1
-9999 -9999 -9999 -9999 -9999 -9999 -9999 -9999 -9999 -9999 -9999 -9999 -9999 -9999 -9999 -9999 -9999 -9999 -9999 -9999 -9999 -9999 -9999 -9999 -9999 -9999 -9999 1 1 1 1 0.908434468658924 0.616990734699204 0.63556483535604 0.744486493540389 0.744486493540389 1 0.726521379790334 0.616990734699204 0.872243246770194 1 1 1 1 1 1 1 1 1 1 1 1 1 1 1 1 1 1 1 1
-9999 -9999 -9999 -9999 -9999 -9999 -9999 -9999 -9999 -9999 -9999 -9999 -9999 -9999 -9999 -9999 -9999 -9999 -9999 -9999 -9999 -9999 -9999 -9999 -9999 -9999 -9999 1 1 1 0.762930097002914 0.63556483535604 0.63556483535604 0.653442950976554 0.653442950976554 0.744486493540389 0.597894645265127 0.597894645265127 0.780982208882509 0.981425899343164 0.944886684936274 1 1 1 1 1 1 1 1 1 1 1 1 1 1 1 1 1 1 1
-9999 -9999 -9999 -9999 -9999 -9999 -9999 -9999 -9999 -9999 -9999 -9999 -9999 -9999 -9999 -9999 -9999 -9999 -9999 -9999 -9999 -9999 -9999 -9999 -9999 -9999 -9999 -9999 1 1 0.963330288398799 0.653442950976554 0.63556483535604 0.63556483535604 0.653442950976554 0.653486450041324 0.616990734699204 0.780982208882509 1 0.835573535168994 0.616990734699204 1 1 0.944451694288573 0.981425899343164 1 1 1 1 1 1 1 1 1 1 1 0.981425899343164 1 1 0.981425899343164
-9999 -9999 -9999 -9999 -9999 -9999 -9999 -9999 -9999 -9999 -9999 -9999 -9999 -9999 -9999 -9999 -9999 -9999 -9999 -9999 -9999 -9999 -9999 -9999 -9999 -9999 -9999 -9999 -9999 -9999 -9999 -9999 0.63556483535604 0.63556483535604 0.63556483535604 1 1 1 1 0.835704032363304 1 1 1 1 0.981425899343164 1 1 1 0.923528644134151 1 1 1 1 1 1 1 1 1 1 0.981425899343164
-9999 -9999 -9999 -9999 -9999 -9999 -9999 -9999 -9999 -9999 -9999 -9999 -9999 -9999 -9999 -9999 -9999 -9999 -9999 -9999 -9999 -9999 -9999 -9999 -9999 -9999 -9999 -9999 -9999 -9999 -9999 -9999 -9999 0.63556483535604 0.63556483535604 1 1 1 1 1 1 1 1 1 1 1 1 1 0.923528644134151 1 1 1 1 1 1 1 1 -9999 -9999 -9999
-9999 -9999 -9999 -9999 -9999 -9999 -9999 -9999 -9999 -9999 -9999 -9999 -9999 -9999 -9999 -9999 -9999 -9999 -9999 -9999 -9999 -9999 -9999 -9999 -9999 -9999 -9999 -9999 -9999 -9999 -9999 -9999 -9999 -9999 -9999 0.653442950976554 1 1 1 1 0.85410413676106 0.597894645265127 0.616990734699204 0.96363478185219 0.96363478185219 1 1 0.956065944582191 1 1 1 1 1 1 1 1 1 -9999 -9999 1
-9999 -9999 -9999 -9999 -9999 -9999 -9999 -9999 -9999 -9999 -9999 -9999 -9999 -9999 -9999 -9999 -9999 -9999 -9999 -9999 -9999 -9999 -9999 -9999 -9999 -9999 -9999 -9999 -9999 -9999 -9999 -9999 -9999 -9999 -9999 -9999 -9999 1 1 1 1 0.653486450041324 0.67206055069816 0.707990778198269 1 1 1 1 1 1 1 1 1 1 1 1 1 -9999 1 1
-9999 -9999 -9999 -9999 -9999 -9999 -9999 -9999 -9999 -9999 -9999 -9999 -9999 -9999 -9999 -9999 -9999 -9999 -9999 -9999 -9999 -9999 -9999 -9999 -9999 -9999 -9999 -9999 -9999 -9999 -9999 -9999 -9999 -9999 -9999 -9999 -9999 -9999 -9999 1 1 1 1 1 1 1 0.945147679324894 1 1 1 1 1 1 1 1 1 1 1 1 1
-9999 -9999 -9999 -9999 -9999 -9999 -9999 -9999 -9999 -9999 -9999 -9999 -9999 -9999 -9999 -9999 -9999 -9999 -9999 -9999 -9999 -9999 -9999 -9999 -9999 -9999 -9999 -9999 -9999 -9999 -9999 -9999 -9999 -9999 -9999 -9999 -9999 -9999 0.981425899343164 0.981425899343164 0.956283439906042 1 1 1 1 1 0.781112706076819 1 0.923876636652312 1 1 1 1 1 1 1 1 1 1 1
-9999 -9999 -9999 -9999 -9999 -9999 -9999 -9999 -9999 -9999 -9999 -9999 -9999 -9999 -9999 -9999 -9999 -9999 -9999 -9999 -9999 -9999 -9999 -9999 -9999 -9999 -9999 -9999 -9999 -9999 -9999 -9999 -9999 -9999 -9999 -9999 -9999 -9999 1 1 1 0.905563530384097 0.778502762190613 0.872199747705424 0.726390882596024 1 1 1 1 1 1 1 1 1 1 1 1 1 1 1
-9999 -9999 -9999 -9999 -9999 -9999 -9999 -9999 -9999 -9999 -9999 -9999 -9999 -9999 -9999 -9999 -9999 -9999 -9999 -9999 -9999 -9999 -9999 -9999 -9999 -9999 -9999 -9999 -9999 -9999 -9999 -9999 -9999 -9999 -9999 -9999 -9999 -9999 1 1 1 1 1 0.912131889164383 0.563095393449041 0.912131889164383 0.981425899343164 1 1 1 1 1 0.981425899343164 1 1 1 1 1 1 1
-9999 -9999 -9999 -9999 -9999 -9999 -9999 -9999 -9999 -9999 -9999 -9999 -9999 -9999 -9999 -9999 -9999 -9999 -9999 -9999 -9999 -9999 -9999 -9999 -9999 -9999 -9999 -9999 -9999 -9999 -9999 -9999 -9999 -9999 -9999 -9999 -9999 -9999 1 1 1 1 1 1 1 0.981425899343164 1 1 1 1 1 1 1 1 1 1 1 1 1 1
