data-raw/DATASET_PNE/a_DATA/PFGS/ENVSUIT_A1B/HS_f90_H1_alpines.asc
NCOLS 619 
NROWS 782 
XLLCORNER 876826 
YLLCORNER 1947424 
CELLSIZE 100 
NODATA_value -9999 
[rows 35 to 69 of 782, columns 237 to 315 of 619]
1 1 1 -9999 1 1 1 1 1 1 1 1 0.920443101711984 0.743288735433751 0.684908646237951 0.366163141993958 0.176694000863185 0.515033808085168 0.536843619623076 0.684908646237951 0.704445403539059 0.821608401668825 1 1 1 1 0.980722198244857 0.639073514602216 0.498000287728384 0.0577183139116674 0 0 0 0.349762624082866 0 0 0.154654006617753 0.193583657027766 0.391080420083441 0.551776722773702 0.778391598331175 0.97807509710833 0.97807509710833 0.97807509710833 0.830470435908502 0.507984462667242 0.466954395051072 0.507984462667242 0.63875701337937 0.806301251618472 0.936929938138397 0.956207739893541 0.956207739893541 0.97807509710833 0.956207739893541 0.895928643360667 0.83429722342109 0.876248021867357 0.871471730686232 0.956207739893541 0.97807509710833 1 1 1 1 1 1 1 1 1 1 1 1 1 1 1 1 1 1
1 1 1 1 1 1 1 1 1 1 1 1 0.900791253057114 0.724126025032369 0.684908646237951 0.482923320385556 0.0796432168033376 0.410876132930514 0.536843619623076 0.684908646237951 0.704445403539059 0.781930657459358 1 1 1 1 0.762767947057977 0.619795712847072 0.193583657027766 0 0 0 0 0.193583657027766 0 0 0.174219536757301 0.254150481945044 0.532642785210761 0.717824773413897 0.775945907063732 0.97807509710833 0.97807509710833 0.97807509710833 0.849892101855848 0.551776722773702 0.466954395051072 0.694346137246439 0.856970220112214 0.97807509710833 0.97807509710833 1 1 0.97807509710833 0.956207739893541 0.97807509710833 0.939433175082722 0.939433175082722 0.956207739893541 0.847331319234642 1 1 1 1 1 1 1 1 1 1 1 1 1 1 1 1 1 1 1
1 1 1 1 1 1 1 1 1 1 1 1 0.900791253057114 0.724126025032369 0.684908646237951 0.502632714717307 0.0796432168033376 0.432743490145303 0.493166450870378 0.684908646237951 0.704445403539059 1 1 1 1 1 0.702201122140699 0.515235217954251 0.193583657027766 0 0 0 0.388951230038843 0 0 0 0.0191627104013811 0.273802330599914 0.507984462667242 0.880247446410588 0.97807509710833 0.97807509710833 0.97807509710833 0.97807509710833 0.869054812257229 0.569702201122141 0.507984462667242 0.73203855560351 0.876248021867357 0.97807509710833 0.97807509710833 1 1 1 0.97807509710833 0.97807509710833 0.97807509710833 0.97807509710833 0.97810386994677 1 1 1 1 1 1 1 1 1 1 1 1 1 1 1 1 1 1 1 1
1 1 1 1 1 1 1 1 1 1 1 1 0.84267011940728 0.704445403539059 0.684908646237951 0.217867932671558 0.0964177816141562 0.519867644943174 0.449690691986764 0.665630844482808 0.704445403539059 0.980722198244857 1 1 1 0.979945331606963 0.619795712847072 0.476305567544238 0.174219536757301 0 0 0 0.469371313480075 0 0 0.0191627104013811 0.0986620630125162 0.375945907063732 0.551920586965904 0.858380089195799 0.97807509710833 1 1 0.97807509710833 0.97807509710833 0.830470435908502 0.551776722773702 0.753762048626097 0.895928643360667 0.956207739893541 1 1 1 1 0.97807509710833 0.97807509710833 1 1 1 0.978132642785211 1 1 1 1 1 1 1 1 1 1 1 1 1 1 1 1 1 1 1
1 1 1 1 1 1 1 1 1 1 1 0.920443101711984 0.743288735433751 0.684908646237951 0.353992231333621 0.154797870809955 0.369414472737736 0.942080276219249 0.493310315062581 0.665630844482808 0.724126025032369 0.961358077974392 1 1 1 0.743288735433751 0.556783196662351 0.291152352179542 0.0191627104013811 0 0 0 0.388951230038843 0 0 0.0191627104013811 0.176578909509423 0.430211480362538 0.817493885771831 0.919752553589412 0.97807509710833 1 1 0.97807509710833 0.97807509710833 0.849834556178967 0.708531146597612 0.794792116242267 0.895957416199108 0.956207739893541 1 1 1 1 1 1 1 1 1 1 1 1 1 1 1 1 1 1 1 1 1 1 1 1 1 1 1 1 1
1 1 1 1 1 1 1 1 1 1 1 0.84267011940728 0.704445403539059 0.48312473025464 0.154797870809955 0.0577183139116674 0.454783484390735 0.922399654725939 0.558739749676306 0.535002157962883 0.724126025032369 0.961358077974392 1 1 1 0.682520500647389 0.517537045029492 0.174219536757301 0 0 0 0 0 0 0 0 0.157214789238958 0.507984462667242 0.793123291612718 0.939433175082722 0.97807509710833 1 1 1 0.97807509710833 0.828024744641059 0.708531146597612 0.854380664652568 0.934570565386275 0.956207739893541 1 1 1 1 1 1 1 1 1 1 1 1 1 1 1 1 1 1 1 1 1 1 1 1 1 1 1 1 1
1 1 1 1 1 1 1 1 1 1 0.900791253057114 0.704589267731262 0.467932671558049 0.410530858869227 0.0577183139116674 0.0577183139116674 0.800230182707524 0.388951230038843 0.495813552006905 0.595712847072364 0.724126025032369 0.961358077974392 1 1 0.743288735433751 0.598072219824486 0.232484534599338 0 0 0 0 0 0 0 0 0 0.213235505682636 0.613091641490433 0.775111494748957 0.97807509710833 0.97807509710833 1 1 1 0.956207739893541 0.786937131348007 0.813264278521076 0.854380664652568 0.97807509710833 1 1 1 1 1 1 1 1 1 1 1 1 1 1 1 1 1 1 1 1 1 1 1 1 1 1 1 1 1 1
1 1 1 1 1 1 1 1 1 1 0.743288735433751 0.489541073226874 0.140181268882175 0 0 0.174219536757301 0.388951230038843 0.174219536757301 0.459041864479931 0.530168321104877 0.743288735433751 0.961358077974392 1 0.980520788375773 0.660998417493886 0.541648683642641 0.193583657027766 0 0 0 0 0.0962739174219537 0 0 0.0191627104013811 0.077024888505251 0.295842324845346 0.858639044741764 0.939433175082722 0.97807509710833 0.97807509710833 1 1 1 0.97807509710833 0.7482952093224 0.876248021867357 0.876248021867357 0.97807509710833 1 1 1 1 1 1 1 1 1 1 1 1 1 1 1 1 1 1 1 1 1 1 1 1 1 1 1 1 1 1
1 1 1 1 1 1 1 1 1 0.822529132498921 0.704445403539059 0.576233635448137 0.254121709106603 0.291296216371745 0 0.388951230038843 0.310746655157531 0.154654006617753 0.559113796576032 0.660998417493886 0.743288735433751 0.979945331606963 1 0.658754136095526 0.600460365415048 0.193583657027766 0.0191627104013811 0 0 0 0.174219536757301 0 0 0 0.11572435620774 0.254150481945044 0.4741476046612 0.858639044741764 0.958595885484103 0.97807509710833 1 1 1 1 0.97807509710833 0.7482952093224 0.898144151920587 0.898144151920587 0.97807509710833 1 1 1 1 1 1 1 1 1 1 1 1 1 1 1 1 1 1 1 1 1 1 1 1 1 1 1 1 1 1
1 1 1 1 1 1 1 1 0.980722198244857 0.743288735433751 0.641461660192778 0.684908646237951 0.451819882031362 0.193641202704647 0 0.388951230038843 0.154654006617753 0.154654006617753 0.515465400661775 0.680679038987196 0.881743634009495 0.920385556035103 0.980520788375773 0.641720615738743 0.349589987052223 0.154654006617753 0 0 0 0 0 0 0 0.0191627104013811 0.154797870809955 0.332096101280391 0.530024456912674 0.794820889080708 0.97807509710833 0.97807509710833 1 1 1 1 0.97807509710833 0.835131635735865 0.898144151920587 0.876276794705798 0.97807509710833 0.97810386994677 1 1 1 1 1 1 1 1 1 1 1 1 1 1 1 1 1 1 1 1 1 1 1 1 1 1 1 1 1
1 1 1 1 1 1 1 1 0.862149331031506 0.724126025032369 0.684908646237951 0.515033808085168 0.408142713278665 0.0577183139116674 0 0.349762624082866 0.0577183139116674 0.174219536757301 0.602647101136527 0.702287440656021 0.90110775427996 0.96066752985182 0.658754136095526 0.580808516760178 0.193583657027766 0 0 0 0 0.0575456768810243 0 0 0 0.154654006617753 0.254150481945044 0.576060998417494 0.761300532297511 0.939433175082722 0.97807509710833 1 1 1 1 1 0.97807509710833 0.852424111638613 0.917824773413897 0.917824773413897 0.97807509710833 1 1 1 1 1 1 1 1 1 1 1 1 1 1 1 1 1 1 1 1 1 1 1 1 1 1 1 1 1 1
1 1 1 1 1 1 1 1 0.743288735433751 0.684908646237951 0.544123147748525 0.371572435620774 0.369414472737736 0.076852251474608 0 0.193583657027766 0.0962739174219537 0.174219536757301 0.602647101136527 0.702287440656021 0.94044022442814 0.961358077974392 0.59551143720328 0.49549705078406 0.135030930801324 0 0 0 0.0191627104013811 0 0 0 0.0191627104013811 0.0384117393180837 0.293223996547259 0.682837001870234 0.919752553589412 0.97807509710833 0.97807509710833 1 1 1 1 1 1 0.956207739893541 0.97807509710833 0.97807509710833 1 1 1 1 1 1 1 1 1 1 1 1 1 1 1 1 1 1 1 1 1 1 1 1 1 1 1 1 1 1 1
1 1 1 1 1 1 0.862149331031506 0.782966479643217 0.724126025032369 0.543662782333477 0.430153934685657 0.0191627104013811 0.0191627104013811 0 0 0.213005322975111 0.193583657027766 0.237375917134225 0.602647101136527 0.68260681916271 0.980520788375773 0.782851388289455 0.512962163717451 0.330398503812401 0.0384117393180837 0 0 0 0 0 0 0 0.154654006617753 0.254150481945044 0.390907783052798 0.919752553589412 0.97807509710833 0.97807509710833 1 1 1 1 1 1 1 0.97807509710833 0.97807509710833 0.97807509710833 1 0.97810386994677 1 1 1 1 1 1 1 1 1 1 1 1 1 1 1 1 1 1 1 1 1 1 1 1 1 1 1 1 1
1 1 1 1 0.961358077974392 0.762969356927061 0.743288735433751 0.724126025032369 0.597899582793843 0.600460365415048 0.254121709106603 0.174219536757301 0.0577183139116674 0 0 0.454639620198533 0.193583657027766 0.215335922888793 0.582995252481657 0.641720615738743 0.980520788375773 0.573730398503812 0.388605955977557 0.193583657027766 0 0 0 0 0 0 0 0.0191627104013811 0.0601064595022299 0.273802330599914 0.639044741763775 0.939433175082722 0.97807509710833 0.97807509710833 1 1 1 1 1 1 1 1 0.97807509710833 0.97807509710833 1 1 1 1 1 1 1 1 1 1 1 1 1 1 1 1 1 1 1 1 1 1 1 1 1 1 1 1 1 1 1
1 1 1 1 0.900791253057114 0.960466119982736 0.704445403539059 0.704445403539059 0.684908646237951 0.536642209753992 0.391339375629406 0.174219536757301 0 0 0.0191627104013811 0.076852251474608 0.291353762048626 0.234700043159258 0.559171342252913 0.641720615738743 0.96066752985182 0.556898288016113 0.193583657027766 0.0191627104013811 0 0 0 0 0 0 0 0.076852251474608 0.118285138828945 0.293339087901021 0.737591713422529 0.97807509710833 0.97807509710833 1 1 1 1 1 1 1 1 0.97807509710833 0.97807509710833 1 0.978161415623651 1 1 1 1 1 1 1 1 1 1 1 1 1 1 1 1 1 1 1 1 1 1 1 1 1 1 1 1 1 1
1 1 1 1 0.782333477197526 0.861947921162423 0.68260681916271 0.704445403539059 0.662868651992519 0.408142713278665 0.174219536757301 0.0963026902603942 0 0.193583657027766 0.213005322975111 0 0.174219536757301 0.212775140267587 0.578708099554021 0.663329017407567 0.660739461947921 0.437116961588261 0.193583657027766 0 0 0 0 0 0 0 0 0.174219536757301 0.176780319378507 0.488706660912099 0.878290893396634 0.97807509710833 0.97807509710833 1 1 1 1 1 1 1 1 1 1 1 1 1 1 1 1 1 1 1 1 1 1 1 1 1 1 1 1 1 1 1 1 1 1 1 1 1 1 1 1 1 1
1 1 1 1 0.743288735433751 0.704445403539059 0.68260681916271 0.662868651992519 0.558854841030068 0.388951230038843 0.0577183139116674 0 0 0.349762624082866 0.11572435620774 0.0191627104013811 0.154654006617753 0.317364407998849 0.641720615738743 0.660883326140124 0.476104157675155 0.193583657027766 0.0577183139116674 0 0 0 0 0 0 0 0.0191627104013811 0 0.356150194216659 0.551920586965904 0.717824773413897 0.939433175082722 0.97807509710833 1 1 1 1 1 1 1 1 1 1 1 1 1 1 1 1 1 1 1 1 1 1 1 1 1 1 1 1 1 1 1 1 1 1 1 1 1 1 1 1 1 1
1 1 1 1 0.802330599913681 0.704445403539059 0.704445403539059 0.554136095525824 0.212775140267587 0.369414472737736 0.076852251474608 0 0 0.454639620198533 0 0.0191627104013811 0.076852251474608 0.415105740181269 0.663329017407567 0.639274924471299 0.215335922888793 0.174219536757301 0 0 0 0 0 0 0 0 0.135030930801324 0.183973528988635 0.719033232628399 0.661113508847648 0.80112214069918 0.919752553589412 0.97807509710833 0.97807509710833 1 1 1 1 1 1 1 1 1 1 1 1 1 1 1 1 1 1 1 1 1 1 1 1 1 1 1 1 1 1 1 1 1 1 1 1 1 1 1 1 1
1 1 1 1 0.960466119982736 0.704445403539059 0.606646525679758 0.295612142137822 0.310746655157531 0.0577183139116674 0 0 0 0.11572435620774 0 0.0191627104013811 0.0963026902603942 0.39548266436484 0.660998417493886 0.415105740181269 0.193583657027766 0 0 0 0 0.0191627104013811 0 0 0 0.0191627104013811 0.174219536757301 0.665630844482808 0.859703639764063 0.661113508847648 0.843446986045173 0.758710976837865 1 1 1 1 1 1 1 1 1 1 1 1 1 1 1 1 1 1 1 1 1 1 1 1 1 1 1 1 1 1 1 1 1 1 1 1 1 1 1 1 1 1 1
1 1 1 1 0.961358077974392 0.68260681916271 0.259128182995252 0.0383541936412027 0 0 0 0 0.0191627104013811 0 0 0 0.154654006617753 0.356063875701338 0.639131060279096 0.21516328585815 0.115609264853978 0 0 0 0 0 0 0 0 0.0191627104013811 0.0409149762624083 0.744842468709538 0.919953963458495 0.720270464681341 0.882894547547115 0.921824197957129 0.97807509710833 1 1 1 1 1 1 1 1 1 1 1 1 1 1 1 1 1 1 1 1 1 1 1 1 1 1 1 1 1 1 1 1 1 1 1 1 1 1 1 1 1 1
1 1 1 0.980520788375773 0.941619910804201 0.638843331894691 0.275989066321393 0 0 0 0 0 0 0 0 0 0.193583657027766 0.234700043159258 0.469342540641634 0.154654006617753 0 0 0 0 0 0 0 0 0 0 0.602647101136527 0.941677456481082 0.65955977557186 0.680822903179399 0.862811106315638 0.798532585239534 1 1 1 1 1 1 1 1 1 1 1 1 1 1 1 1 1 1 1 1 1 1 1 1 1 1 1 1 1 -9999 1 1 1 1 1 1 1 1 1 1 1 1 1
1 1 0.980520788375773 0.980520788375773 0.68260681916271 0.471558049201554 0.0577183139116674 0 0 0 0 0 0.174219536757301 0 0 0.0577183139116674 0.193583657027766 0.213005322975111 0.0577183139116674 0 0 0 0 0 0 0 0 0 0.0191627104013811 0.174219536757301 0.822759315206445 0.512962163717451 0.642008344123148 0.661113508847648 0.882894547547115 0.961358077974392 1 1 1 1 1 1 1 1 1 1 1 1 1 1 1 1 1 1 1 1 1 1 1 1 1 1 1 1 1 1 1 1 1 1 1 1 1 1 1 1 1 1 0.978132642785211
1 0.940152496043735 0.90058984318803 0.782851388289455 0.662868651992519 0.291152352179542 0 0 0 0 0 0 0 0 0.0577183139116674 0.193583657027766 0.193411019997123 0 0 0 0 0 0 0 0 0 0 0 0 0 0.721594015249604 0.622298949791397 0.661113508847648 0.862811106315638 0.780635879729535 1 1 1 1 1 1 1 1 1 1 1 1 1 1 1 1 1 1 1 1 1 1 1 1 1 1 1 1 1 1 1 1 1 1 1 1 1 1 1 1 1 0.956380376924184 0.869169903610991 0.869198676449432
1 0.881312041432887 0.704445403539059 0.704445403539059 0.278290893396634 0.193583657027766 0 0 0 0 0 0 0 0.0191627104013811 0.0577183139116674 0 0 0 0 0 0 0 0 0 0 0 0 0 0 0 0.297712559343979 0.556811969500791 0.661113508847648 0.820889080707812 0.922399654725939 1 1 1 1 1 1 1 1 1 1 1 1 1 1 1 1 1 1 1 1 1 1 1 1 1 1 1 1 1 1 1 1 1 1 1 0.956495468277946 0.847475183426845 0.89103726082578 0.847273773557761 0.934771975255359 0.934628111063156 0.847158682203999 0.825406416342972 0.978391598331175
1 0.783570709250468 0.704445403539059 0.217637749964034 0 0 0 0 0 0 0 0 0 0 0 0 0 0 0 0 0 0 0 0 0 0 0 0 0 0 0.234642497482377 0.532614012372321 0.783628254927349 0.802503236944325 1 1 1 1 1 1 1 1 1 1 1 1 1 1 1 1 1 1 1 1 1 1 1 1 1 1 1 1 1 1 1 1 1 1 1 0.869313767803194 0.825550280535175 0.803510286289743 0.934656883901597 0.803510286289743 0.803510286289743 0.82526255215077 0.912588116817724 0.868910948065027 0.86911235793411
0.841375341677456 0.724126025032369 0.599683498777154 0 0 0 0 0 0 0 0 0 0 0 0 0 0 0 0 0 0 0 0 0 0 0 0 0 0 0 0.447417637749964 0.598014674147605 0.743864192202561 0.941677456481082 1 1 1 1 1 1 1 1 1 1 1 1 1 1 1 1 1 1 1 1 1 1 1 1 1 1 1 1 1 1 1 1 1 1 1 1 0.978391598331175 0.825550280535175 1 0.825550280535175 0.825550280535175 0.86911235793411 0.825550280535175 0.803510286289743 0.825550280535175
0.802532009782765 0.704445403539059 0.198129765501367 0.115609264853978 0 0 0 0 0 0 0 0 0 0 0 0 0 0 0 0 0 0 0 0.0191627104013811 0 0 0 0 0 0.193411019997123 0.447417637749964 0.641835707092505 0.743864192202561 0.941677456481082 1 1 1 1 1 1 1 1 1 1 1 1 1 1 1 1 1 1 1 1 1 1 1 1 1 1 1 1 1 1 1 1 0.934685656740037 0.825550280535175 1 0.934656883901597 1 1 0.86911235793411 0.978391598331175 0.825550280535175 0.808516760178392 0.704186447993094 0.684908646237951 0.828197381671702
0.704445403539059 0.641058840454611 0 0.0963026902603942 0 0 0 0 0 0 0 0 0 0 0 0 0 0 0 0 0 0 0 0 0 0 0 0 0 0.329938138397353 0.49103726082578 0.641835707092505 0.661113508847648 0.763228312473025 0.941677456481082 0.961358077974392 0.961358077974392 1 1 1 1 1 1 1 1 1 1 1 1 1 1 1 1 1 1 1 1 1 1 1 1 1 1 1 1 1 0.847475183426845 0.825550280535175 1 0.847302546396202 0.871817004747518 0.917335635160409 0.72867213350597 0.85449575600633 0.684908646237951 0.684908646237951 0.646007768666379 0.704186447993094 1
0.575658178679327 0.258754136095526 0.174219536757301 0 0 0 0 0 0 0 0 0 0 0 0 0 0 0 0 0 0 0 0 0 0 0 0 0 0 0.174219536757301 0.469284994964753 0.600258955545965 0.639274924471299 0.722111926341534 0.941677456481082 0.922399654725939 0.922399654725939 0.941677456481082 1 1 1 1 1 1 1 1 1 1 1 1 1 1 1 1 1 1 1 1 1 1 1 1 1 0.891123579341102 0.891209897856423 0.912875845202129 0.978391598331175 0.847302546396202 0.959228887929794 0.769759746799022 0.728815997698173 0.767371601208459 0.748093799453316 0.587455042439937 0.629089339663358 0.550510717882319 0.609495036685369 0.832858581499065 0.825550280535175
0.0383541936412027 0.0384117393180837 0.0963026902603942 0 0 0 0 0 0 0 0 0 0 0 0 0 0 0 0 0 0 0 0 0 0 0 0 0 0 0.174219536757301 0.329938138397353 0.469169903610991 0.469169903610991 0.619910804200834 0.619910804200834 0.743864192202561 0.802992375197813 0.922399654725939 0.961358077974392 1 1 1 1 1 1 1 1 1 1 1 1 1 1 1 1 1 1 1 1 1 1 1 1 1 0.89103726082578 0.847302546396202 1 0.956495468277946 0.750481945043879 0.587455042439937 0.271586822039994 0.271586822039994 0.589785642353618 0.271586822039994 0.376262408286577 0.376262408286577 0.813580779743922 0.684908646237951 0.806387570133794
0 0.0771687526974536 0 0 0 0 0 0 0 0 0 0 0 0 0 0 0 0 0 0 0.0382966479643217 0 0.174219536757301 0.0382966479643217 0 0 0 0 0.0577183139116674 0.174219536757301 0.427765789095094 0.600258955545965 0.578420371169616 0.534685656740037 0.57865055387714 0.641835707092505 0.823449863329017 0.882088908070781 0.941677456481082 1 1 1 1 1 1 1 1 1 1 1 1 1 1 1 1 1 1 1 1 1 1 1 1 1 1 0.937332757876564 0.920069054812257 0.810789814415192 0.587455042439937 0.271586822039994 0.31799741044454 0.252050064738886 0.232685944468422 0.19381383973529 0.537160120845921 0.681024313048482 0.595597755718602 0.646007768666379 0.745791972378075
0 0 0 0 0 0 0 0 0 0 0 0 0 0 0 0 0 0 0 0 0 0 0.154596460940872 0.369414472737736 0 0 0 0 0.154654006617753 0.349244712990937 0.578449144008056 0.469169903610991 0.663271471730686 0.702690260394188 0.803682923320386 0.82304704359085 0.922025607826212 0.941677456481082 0.961358077974392 1 1 1 1 1 1 1 1 1 1 1 1 1 1 1 1 1 1 1 1 1 1 1 1 1 0.941677456481082 0.856970220112214 0.772349302258668 0.689915120126601 0.293626816285427 0.317824773413897 0.469457631995396 0.251819882031362 0.193411019997123 0.0965328729679183 0.427880880448856 0.447417637749964 0.400402819738167 0.646007768666379 0.726111350884765
0 0 0 0 0 0 0 0 0 0 0 0 0 0 0 0 0 0 0 0 0 0 0 0 0 0.0577183139116674 0.193583657027766 0.368954107322687 0.408229031793986 0.512962163717451 0.617465112933391 0.743864192202561 0.704445403539059 0.743547690979715 0.822270176952956 0.941677456481082 0.922399654725939 0.922399654725939 0.961358077974392 1 1 1 1 1 1 1 1 1 1 1 1 1 1 1 1 1 1 1 1 1 1 1 1 0.919752553589412 0.658380089195799 0.471615594878435 0.313048482232772 0.517853546252338 0.33986476765933 0.388519637462236 0.349762624082866 0.408142713278665 0.193583657027766 0.388605955977557 0.447417637749964 0.466954395051072 0.470176952956409 0.646007768666379 0.704186447993094
0 0 0 0 0 0 0 0 0 0 0 0 0 0 0 0 0 0 0 0 0 0 0 0 0 0.115580492015537 0.408142713278665 0.534858293770681 0.554395051071788 0.743864192202561 0.763861314918717 0.903035534455474 0.941677456481082 0.941677456481082 0.941677456481082 0.941677456481082 0.941677456481082 0.941677456481082 0.961358077974392 1 1 1 1 1 1 1 0.922399654725939 0.903035534455474 0.956351604085743 1 1 1 1 1 1 1 1 1 1 1 1 1 0.980837289598619 0.941677456481082 0.488994389296504 0.488994389296504 0.491209897856424 0.491209897856424 0.469457631995396 0.271270320817149 0.174219536757301 0.349762624082866 0.388951230038843 0.388951230038843 0.466954395051072 0.369213062868652 0.470176952956409 0.646007768666379 0.767141418500935
0 0 0 0 0 0 0 0 0 0 0 0 0 0 0 0 0 0 0 0 0 0 0 0 0 0 0.388605955977557 0.554395051071788 0.763861314918717 0.802503236944325 0.941677456481082 0.961358077974392 1 1 1 1 1 1 0.961358077974392 0.961358077974392 0.941677456481082 0.903035534455474 0.844022442813984 0.824025320097828 0.782362250035966 0.698748381527838 0.720558193065746 0.720529420227305 0.863760609984175 0.934397928355632 1 1 1 1 1 1 1 1 1 1 1 1 0.980837289598619 0.919752553589412 0.488994389296504 0.449805783340527 0.556639332470148 0.254438210329449 0.193411019997123 0.154596460940872 0.0191627104013811 0.371514889943893 0.388951230038843 0.388951230038843 0.447417637749964 0.37137102575169 0.470176952956409 0.650726514170623 0.813580779743922
