data-raw/DATASET_PNE/a_DATA/PFGS/ENVSUIT_A1B/HS_f30_H5_poorGrass.asc
NCOLS 619 
NROWS 782 
XLLCORNER 876826 
YLLCORNER 1947424 
CELLSIZE 100 
NODATA_value -9999 
[rows 27 to 53 of 782, columns 248 to 309 of 619]
0.833502731546182 0.850336678948037 0.850336678948037 0.850336678948037 0.925231863803837 0.895566001778681 0.850336678948037 0.850336678948037 0.850336678948037 0.850336678948037 0.850336678948037 0.850336678948037 0.850336678948037 0.802375809935205 0.675327150298564 0.675327150298564 0.675327150298564 0.818129843730149 0.850336678948037 0.850336678948037 1 1 1 1 1 1 1 1 1 1 1 1 1 0.984754160843603 0.850336678948037 0.850336678948037 0.833502731546182 0.833502731546182 0.833502731546182 0.833502731546182 0.833502731546182 0.833502731546182 0.833502731546182 0.850336678948037 0.850336678948037 0.850336678948037 0.850336678948037 0.865328420785161 0.880447211281921 0.850336678948037 0.833502731546182 0.833502731546182 0.833502731546182 0.833502731546182 0.833502731546182 0.797738533858468 0.63956295261085 0.63956295261085 0.565874730021598 0.547452674374285 0.529411764705882 0.529411764705882
0.850336678948037 0.850336678948037 0.850336678948037 0.880447211281921 1 1 1 0.895566001778681 0.850336678948037 0.850336678948037 0.850336678948037 0.850336678948037 0.850336678948037 0.80256638292466 0.675327150298564 0.65734976495998 0.675327150298564 0.833502731546182 0.850336678948037 0.984563587854148 1 1 1 1 1 1 1 1 1 1 1 1 1 1 0.850336678948037 0.850336678948037 0.850336678948037 0.833502731546182 0.833502731546182 0.833502731546182 0.833502731546182 0.833502731546182 0.833502731546182 0.833502731546182 0.850336678948037 0.850336678948037 0.850336678948037 0.850336678948037 0.850336678948037 0.850336678948037 0.850336678948037 0.833502731546182 0.833502731546182 0.833502731546182 0.833502731546182 0.815207724558506 0.797738533858468 0.671007495870919 0.63956295261085 0.565874730021598 0.547452674374285 0.529411764705882
0.850336678948037 0.850336678948037 0.850336678948037 0.984690636513785 1 1 1 1 0.865328420785161 0.850336678948037 0.850336678948037 0.850336678948037 0.850336678948037 0.706771693558633 0.675327150298564 0.675327150298564 0.818129843730149 0.850336678948037 0.850336678948037 0.984754160843603 1 1 1 1 1 1 1 1 1 1 1 1 1 1 0.850336678948037 0.850336678948037 0.850336678948037 0.833502731546182 0.850336678948037 0.850336678948037 0.850336678948037 0.850336678948037 0.850336678948037 0.850336678948037 0.850336678948037 0.850336678948037 0.850336678948037 0.850336678948037 0.850336678948037 0.850336678948037 0.850336678948037 0.850336678948037 0.833502731546182 0.833502731546182 0.833502731546182 0.815207724558506 0.797738533858468 0.797738533858468 0.797738533858468 0.63956295261085 0.565874730021598 0.547452674374285
0.850336678948037 0.850336678948037 0.850336678948037 1 1 1 1 1 0.984754160843603 0.850336678948037 0.850336678948037 0.850336678948037 0.818955660017787 0.675327150298564 0.675327150298564 0.675327150298564 0.706771693558633 0.850336678948037 0.850336678948037 1 1 1 1 1 1 1 1 1 1 1 1 1 1 1 0.89486723415068 0.865328420785161 0.850336678948037 0.850336678948037 0.850336678948037 0.850336678948037 0.89486723415068 0.984690636513785 1 0.895566001778681 0.850336678948037 0.850336678948037 0.850336678948037 0.850336678948037 0.850336678948037 0.910811840935078 0.954961250158811 0.850336678948037 0.833502731546182 0.833502731546182 0.816033540846144 0.797738533858468 0.797738533858468 0.70270613645026 0.63956295261085 0.584423834328548 0.547452674374285 0.529411764705882
0.850336678948037 0.850336678948037 0.850336678948037 1 1 1 1 1 1 0.895566001778681 0.850336678948037 0.850336678948037 0.833502731546182 0.675327150298564 0.675327150298564 0.675327150298564 0.833502731546182 0.850336678948037 0.954897725828993 1 1 1 1 1 1 1 1 1 1 1 1 1 1 1 1 1 1 0.984754160843603 0.939461313683141 1 1 1 1 0.850336678948037 0.850336678948037 0.850336678948037 0.833502731546182 0.833502731546182 0.833502731546182 0.833502731546182 0.850336678948037 0.833502731546182 0.816033540846144 0.816033540846144 0.797738533858468 0.797738533858468 0.797738533858468 0.621585567272265 0.584423834328548 0.565874730021598 0.529411764705882 0.529411764705882
0.850336678948037 0.850336678948037 0.850336678948037 1 1 1 0.850336678948037 1 1 1 0.850336678948037 0.850336678948037 0.833502731546182 0.675327150298564 0.675327150298564 0.722081057044848 0.833502731546182 0.850336678948037 1 1 1 1 1 1 1 1 1 1 1 1 0.939461313683141 1 0.969508321687206 0.850336678948037 1 1 1 0.909858975987803 0.850336678948037 0.850336678948037 0.850336678948037 0.850336678948037 0.850336678948037 0.850336678948037 0.850336678948037 0.833502731546182 0.833502731546182 0.833502731546182 0.833502731546182 0.833502731546182 0.833502731546182 0.816033540846144 0.816033540846144 0.797738533858468 0.797738533858468 0.797738533858468 0.797738533858468 0.584423834328548 0.547833820353195 0.498348367424724 0.529411764705882 0.529411764705882
0.850336678948037 0.850336678948037 0.850336678948037 1 1 1 0.850336678948037 1 1 1 0.939778935332232 0.850336678948037 0.850336678948037 0.818955660017787 0.675327150298564 0.818129843730149 0.850336678948037 0.879621394994283 1 1 1 1 1 1 1 1 1 1 0.89486723415068 0.939461313683141 0.895566001778681 0.910113073307077 0.850336678948037 0.850336678948037 0.865328420785161 1 1 0.850336678948037 0.833502731546182 0.833502731546182 0.833502731546182 0.833502731546182 0.833502731546182 0.833502731546182 0.833502731546182 0.833502731546182 0.833502731546182 0.833502731546182 0.833502731546182 0.73827976114852 0.797738533858468 0.797738533858468 0.797738533858468 0.797738533858468 0.797738533858468 0.648011688476687 0.565874730021598 0.529411764705882 0.468174310761022 0.498602464743997 0.529411764705882 0.529411764705882
0.850336678948037 0.850336678948037 0.850336678948037 0.909414305679075 1 1 1 1 1 1 0.939778935332232 0.850336678948037 0.850336678948037 0.834963791132004 0.850336678948037 0.833502731546182 0.850336678948037 1 1 1 1 1 1 1 1 1 1 1 0.850336678948037 0.865328420785161 0.880447211281921 0.850336678948037 0.850336678948037 0.833502731546182 0.850336678948037 1 1 0.850336678948037 0.833502731546182 0.833502731546182 0.833502731546182 0.833502731546182 0.833502731546182 0.833502731546182 0.833502731546182 0.850336678948037 0.833502731546182 0.833502731546182 0.751683394740186 0.63956295261085 0.781984500063524 0.797738533858468 0.797738533858468 0.797738533858468 0.702896709439715 0.565874730021598 0.498602464743997 0.446512514292974 0.305297929106848 0.305297929106848 0.385275060348113 0.385275060348113
0.850336678948037 0.850336678948037 0.850336678948037 0.970397662304663 1 1 1 1 1 1 1 0.850336678948037 0.850336678948037 0.706771693558633 0.833502731546182 0.850336678948037 0.850336678948037 1 1 1 1 1 1 1 1 1 1 1 0.850336678948037 0.850336678948037 0.850336678948037 0.850336678948037 0.850336678948037 0.833502731546182 0.850336678948037 1 1 0.880447211281921 0.833502731546182 0.833502731546182 0.833502731546182 0.706771693558633 0.833502731546182 0.850336678948037 0.850336678948037 0.850336678948037 0.850336678948037 0.833502731546182 0.63956295261085 0.63956295261085 0.63956295261085 0.671007495870919 0.797738533858468 0.797738533858468 0.565874730021598 0.498602464743997 0.488311523313429 0.305297929106848 0.305297929106848 0.305297929106848 0.305297929106848 0.305297929106848
0.850336678948037 0.850336678948037 0.850336678948037 1 1 1 1 1 1 1 1 0.850336678948037 0.833502731546182 0.675327150298564 0.833502731546182 0.850336678948037 1 1 1 1 1 1 1 1 1 1 1 1 0.895566001778681 0.850336678948037 0.850336678948037 0.850336678948037 0.833502731546182 0.833502731546182 0.850336678948037 0.850336678948037 1 0.850336678948037 0.833502731546182 0.833502731546182 0.63956295261085 0.671007495870919 0.833502731546182 0.850336678948037 0.850336678948037 0.850336678948037 0.833502731546182 0.833502731546182 0.63956295261085 0.63956295261085 0.63956295261085 0.781095159446068 0.700927455215347 0.597382797611485 0.468174310761022 0.323211790115614 0.305297929106848 0.305297929106848 0.305297929106848 0.305297929106848 0.305297929106848 0.305297929106848
0.850336678948037 0.850336678948037 0.850336678948037 1 1 1 1 1 1 1 0.910113073307077 0.850336678948037 0.833502731546182 0.675327150298564 0.833502731546182 0.850336678948037 1 1 1 1 1 1 1 1 1 1 1 1 1 0.850336678948037 0.850336678948037 0.850336678948037 0.833502731546182 0.833502731546182 0.833502731546182 0.850336678948037 0.895566001778681 0.850336678948037 0.833502731546182 0.738470334137975 0.671007495870919 0.689302502858595 0.816033540846144 0.850336678948037 0.850336678948037 0.833502731546182 0.833502731546182 0.655380510735612 0.63956295261085 0.63956295261085 0.63956295261085 0.63956295261085 0.58169228814636 0.5166433744124 0.446512514292974 0.305297929106848 0.305297929106848 0.305297929106848 0.305297929106848 0.305297929106848 0.305297929106848 0.305297929106848
0.850336678948037 0.850336678948037 0.850336678948037 1 1 1 1 1 1 0.89486723415068 0.850336678948037 0.850336678948037 0.833502731546182 0.675327150298564 0.850336678948037 1 1 1 1 1 1 1 1 1 1 1 1 1 0.895566001778681 0.850336678948037 0.850336678948037 0.850336678948037 0.833502731546182 0.833502731546182 0.833502731546182 0.850336678948037 0.895566001778681 0.833502731546182 0.691144708423326 0.63956295261085 0.689302502858595 0.816033540846144 0.816033540846144 0.832867488247999 0.833502731546182 0.816033540846144 0.655380510735612 0.63956295261085 0.63956295261085 0.621585567272265 0.63956295261085 0.718904840553932 0.565874730021598 0.529411764705882 0.305297929106848 0.305297929106848 0.305297929106848 0.305297929106848 0.305297929106848 0.305297929106848 0.305297929106848 0.305297929106848
0.850336678948037 0.850336678948037 1 1 1 1 0.850336678948037 1 1 0.850336678948037 0.850336678948037 0.833502731546182 0.833502731546182 0.706771693558633 0.850336678948037 1 1 1 1 1 1 1 1 1 1 1 1 1 0.850336678948037 0.850336678948037 0.850336678948037 0.832867488247999 0.833502731546182 0.833502731546182 0.850336678948037 0.850336678948037 0.909858975987803 0.833502731546182 0.675327150298564 0.63956295261085 0.63956295261085 0.689302502858595 0.816033540846144 0.816033540846144 0.816033540846144 0.655380510735612 0.63956295261085 0.621585567272265 0.621585567272265 0.603227035954771 0.584423834328548 0.613009782746792 0.547452674374285 0.446512514292974 0.305297929106848 0.305297929106848 0.305297929106848 0.244187523821624 0.274996823783509 0.305297929106848 0.275250921102782 0.305297929106848
0.850336678948037 0.850336678948037 1 1 1 1 0.880447211281921 1 0.850336678948037 0.850336678948037 0.850336678948037 0.850336678948037 0.833502731546182 0.833502731546182 0.850336678948037 1 1 1 1 1 1 1 1 1 1 1 1 0.969444797357388 0.850336678948037 0.833502731546182 0.833502731546182 0.816033540846144 0.833502731546182 0.850336678948037 0.850336678948037 0.850336678948037 0.865328420785161 0.833502731546182 0.691144708423326 0.63956295261085 0.63956295261085 0.63956295261085 0.63956295261085 0.63956295261085 0.63956295261085 0.621585567272265 0.621585567272265 0.603227035954771 0.584423834328548 0.584423834328548 0.58169228814636 0.565874730021598 0.529411764705882 0.305297929106848 0.305297929106848 0.305297929106848 0.305297929106848 0.122347859230085 0.21407699148774 0.21407699148774 0.244505145470715 0.275250921102782
0.864756701816796 1 1 1 1 1 1 1 0.850336678948037 0.850336678948037 0.850336678948037 0.850336678948037 0.850336678948037 0.850336678948037 1 1 1 1 1 1 1 1 1 1 1 1 1 0.924278998856562 0.850336678948037 0.833502731546182 0.833502731546182 0.753589124634735 0.833502731546182 0.850336678948037 0.850336678948037 0.850336678948037 0.850336678948037 0.833502731546182 0.673675517723288 0.63956295261085 0.63956295261085 0.6210138483039 0.603227035954771 0.603227035954771 0.603227035954771 0.603227035954771 0.603227035954771 0.584423834328548 0.584423834328548 0.565874730021598 0.565874730021598 0.406555710837251 0.446512514292974 0.305297929106848 0.305297929106848 0.305297929106848 0.122347859230085 0.183839410494219 0.152776013213061 0.0918561809172913 0.0308092999618854 0.305297929106848
1 1 1 1 1 1 1 1 0.850336678948037 0.850336678948037 0.850336678948037 0.850336678948037 0.850336678948037 0.850336678948037 1 1 1 1 1 1 1 1 1 1 1 1 1 0.895566001778681 0.850336678948037 0.833502731546182 0.833502731546182 0.689302502858595 0.833502731546182 0.850336678948037 0.850336678948037 0.850336678948037 0.850336678948037 0.833502731546182 0.63956295261085 0.621585567272265 0.603227035954771 0.565874730021598 0.565874730021598 0.565874730021598 0.584423834328548 0.584423834328548 0.603227035954771 0.603227035954771 0.565874730021598 0.565874730021598 0.529411764705882 0.446512514292974 0.305297929106848 0.305297929106848 0.305297929106848 0.305297929106848 0.183839410494219 0.152521915893787 0.122284334900267 0.122411383559903 0.152776013213061 0.0308092999618854
1 1 1 1 1 1 1 1 0.850336678948037 0.850336678948037 0.850336678948037 0.850336678948037 0.850336678948037 1 1 1 1 1 1 1 1 1 1 1 1 1 1 0.850336678948037 0.833502731546182 0.818129843730149 0.673675517723288 0.655380510735612 0.800660653030111 0.850336678948037 0.850336678948037 0.850336678948037 0.850336678948037 0.833502731546182 0.63956295261085 0.584423834328548 0.584423834328548 0.565874730021598 0.565874730021598 0.565874730021598 0.565874730021598 0.565874730021598 0.584677931647821 0.565874730021598 0.565874730021598 0.565874730021598 0.529411764705882 0.446512514292974 0.305297929106848 0.305297929106848 0.305297929106848 0.122347859230085 0.153411256511244 0.122411383559903 0.122411383559903 0.0618726972430441 0.0919197052471097 0.152776013213061
1 1 1 1 1 1 1 0.984754160843603 0.850336678948037 0.850336678948037 0.850336678948037 0.850336678948037 0.850336678948037 1 1 1 1 1 1 1 1 1 1 1 0.954389531190446 1 1 0.850336678948037 0.833502731546182 0.63956295261085 0.63956295261085 0.63956295261085 0.673675517723288 0.833502731546182 0.850336678948037 0.850336678948037 0.850336678948037 0.833502731546182 0.63956295261085 0.584423834328548 0.584423834328548 0.565874730021598 0.565874730021598 0.547452674374285 0.547452674374285 0.565874730021598 0.565874730021598 0.565874730021598 0.565874730021598 0.547452674374285 0.385275060348113 0.323211790115614 0.305297929106848 0.305297929106848 0.243869902172532 0.122347859230085 0.060856307965951 0.0308092999618854 0.0308092999618854 0.0308092999618854 0.0618726972430441 0.122411383559903
1 1 1 1 1 1 1 0.89486723415068 0.850336678948037 0.850336678948037 0.850336678948037 0.850336678948037 1 1 1 1 1 1 1 1 1 1 1 1 0.850336678948037 0.850336678948037 0.850336678948037 0.850336678948037 0.786367678820988 0.63956295261085 0.63956295261085 0.63956295261085 0.63956295261085 0.833502731546182 0.850336678948037 0.850336678948037 0.850336678948037 0.833502731546182 0.63956295261085 0.584423834328548 0.565874730021598 0.547452674374285 0.547452674374285 0.547452674374285 0.547452674374285 0.529411764705882 0.529411764705882 0.529411764705882 0.529411764705882 0.529411764705882 0.354211663066955 0.305297929106848 0.305297929106848 0.305297929106848 0.152521915893787 0.152776013213061 0 0.060856307965951 0.0618726972430441 0.0919197052471097 0.0308092999618854 0.0919197052471097
1 1 1 1 1 1 1 0.850336678948037 0.850336678948037 0.833502731546182 0.850336678948037 0.910049548977258 1 1 1 1 1 1 1 1 1 1 1 1 0.850336678948037 0.850336678948037 0.833502731546182 0.833502731546182 0.657857959598526 0.63956295261085 0.63956295261085 0.63956295261085 0.63956295261085 0.802121712615932 0.833502731546182 0.833502731546182 0.833502731546182 0.833502731546182 0.63956295261085 0.584423834328548 0.565874730021598 0.547452674374285 0.455151823148266 0.455151823148266 0.455151823148266 0.407000381145979 0.529411764705882 0.529411764705882 0.529411764705882 0.385275060348113 0.305297929106848 0.305297929106848 0.305297929106848 0.121522042942447 0.244123999491805 0.060856307965951 0.0308092999618854 0 0 0.0610468809554059 0.0308092999618854 0.122411383559903
1 1 1 1 1 1 1 0.850336678948037 0.850336678948037 0.850336678948037 0.850336678948037 1 1 1 1 1 1 1 1 1 1 1 1 0.984690636513785 0.924278998856562 0.850336678948037 0.833502731546182 0.675327150298564 0.63956295261085 0.63956295261085 0.63956295261085 0.63956295261085 0.63956295261085 0.691144708423326 0.833502731546182 0.833502731546182 0.833502731546182 0.833502731546182 0.63956295261085 0.584423834328548 0.565874730021598 0.565874730021598 0.547452674374285 0.547452674374285 0.547452674374285 0.516389277093127 0.28516071655444 0.385275060348113 0.385275060348113 0.305297929106848 0.305297929106848 0.305297929106848 0.182950069876763 0.0308092999618854 0.244123999491805 0.060856307965951 0.060856307965951 0 0 0.0910938889594715 0.0308092999618854 0.0308092999618854
1 1 1 1 1 1 1 0.909160208359802 0.850336678948037 0.850336678948037 1 1 1 1 1 1 1 1 1 1 1 1 0.879748443653919 0.850336678948037 0.850336678948037 0.833502731546182 0.691144708423326 0.63956295261085 0.63956295261085 0.621585567272265 0.63956295261085 0.63956295261085 0.63956295261085 0.691144708423326 0.833502731546182 0.833502731546182 0.833502731546182 0.816033540846144 0.63956295261085 0.621585567272265 0.565874730021598 0.565874730021598 0.565874730021598 0.516389277093127 0.394613136831406 0.376572227163003 0.364184982848431 0.364184982848431 0.323211790115614 0.305297929106848 0.305297929106848 0.305297929106848 0.243869902172532 0.0308092999618854 0.305297929106848 0.0919197052471097 0.0308092999618854 0 0.0308092999618854 0.0308092999618854 0.122411383559903 0.060856307965951
1 1 1 1 1 1 1 0.938889594714776 1 1 1 1 1 1 1 1 1 1 1 1 1 1 0.850336678948037 0.850336678948037 0.850336678948037 0.833502731546182 0.63956295261085 0.621585567272265 0.603227035954771 0.584423834328548 0.603227035954771 0.63956295261085 0.63956295261085 0.673675517723288 0.785732435522805 0.833502731546182 0.816033540846144 0.816033540846144 0.63956295261085 0.603227035954771 0.565874730021598 0.565874730021598 0.565874730021598 0.516389277093127 0.424024901537289 0.345635878541481 0.364184982848431 0.364184982848431 0.323211790115614 0.305297929106848 0.305297929106848 0.305297929106848 0.305297929106848 0.212997077880828 0.274425104815144 0.0919197052471097 0.0308092999618854 0 0.0308092999618854 0 0.0300470080040656 0.0919197052471097
1 1 1 1 1 1 1 0.850336678948037 0.969317748697751 1 1 1 1 1 1 1 1 1 1 1 1 1 0.850336678948037 0.833502731546182 0.833502731546182 0.72277982467285 0.63956295261085 0.621585567272265 0.603227035954771 0.584423834328548 0.584423834328548 0.621585567272265 0.63956295261085 0.797738533858468 0.706771693558633 0.833502731546182 0.816033540846144 0.816033540846144 0.63956295261085 0.584423834328548 0.565874730021598 0.547452674374285 0.508829881844747 0.529411764705882 0.315207724558506 0.467348494473383 0.333121585567272 0.364184982848431 0.323211790115614 0.305297929106848 0.305297929106848 0.305297929106848 0.305297929106848 0.182950069876763 0.243425231863804 0.0919197052471097 0.0308092999618854 0 0.0308092999618854 0.0308092999618854 0.0308092999618854 0.152521915893787
1 1 1 1 1 1 1 0.850336678948037 1 1 1 1 1 1 1 1 1 1 1 1 1 1 0.850336678948037 0.833502731546182 0.833502731546182 0.833502731546182 0.691144708423326 0.63956295261085 0.63956295261085 0.584423834328548 0.584423834328548 0.584423834328548 0.603227035954771 0.63956295261085 0.63956295261085 0.689302502858595 0.816033540846144 0.736945750222335 0.63956295261085 0.584423834328548 0.529411764705882 0.529411764705882 0.477766484563588 0.477766484563588 0.477766484563588 0.405983991868886 0.41640198195909 0.364184982848431 0.323211790115614 0.305297929106848 0.305297929106848 0.305297929106848 0.305297929106848 0.151886672595604 0.18231482657858 0.0308092999618854 0.060856307965951 0.060856307965951 0.0308092999618854 0.060856307965951 0.0618091729132258 0.122284334900267
1 1 1 1 1 1 1 0.850336678948037 1 1 1 1 1 1 1 1 1 1 1 1 1 0.850336678948037 0.850336678948037 0.833502731546182 0.833502731546182 0.833502731546182 0.833502731546182 0.816033540846144 0.63956295261085 0.603227035954771 0.584423834328548 0.584423834328548 0.584423834328548 0.603227035954771 0.63956295261085 0.63956295261085 0.63956295261085 0.673675517723288 0.63956295261085 0.584423834328548 0.565874730021598 0.565874730021598 0.53481133274044 0.342967856689112 0.495807394231991 0.264578833693305 0.529411764705882 0.508829881844747 0.364184982848431 0.323211790115614 0.323211790115614 0.305297929106848 0.305297929106848 0.305297929106848 0.274425104815144 0.060856307965951 0.122284334900267 0.0618091729132258 0.0618091729132258 0.0618091729132258 0.0618091729132258 0.0618091729132258
1 1 1 1 1 1 1 0.92434252318638 1 1 1 1 1 1 1 1 1 1 1 1 1 0.850336678948037 0.850336678948037 0.833502731546182 0.833502731546182 0.833502731546182 0.833502731546182 0.816033540846144 0.63956295261085 0.584423834328548 0.584423834328548 0.547833820353195 0.529411764705882 0.547833820353195 0.565874730021598 0.584677931647821 0.63956295261085 0.63956295261085 0.63956295261085 0.621585567272265 0.584423834328548 0.565874730021598 0.565874730021598 0.565874730021598 0.523948672341507 0.505526616694194 0.487485707025791 0.394994282810316 0.34303138101893 0.364184982848431 0.323211790115614 0.305297929106848 0.305297929106848 0.305297929106848 0.21331469952992 0.274425104815144 0.0918561809172913 0.0618091729132258 0.274234531825689 0.213949942828103 0.274234531825689 0.274234531825689
