data-raw/DATASET_PNE/a_DATA/PFGS/ENVSUIT_A1B/HS_f15_H1_alpines.asc
NCOLS 619 
NROWS 782 
XLLCORNER 876826 
YLLCORNER 1947424 
CELLSIZE 100 
NODATA_value -9999 
[rows 180 to 209 of 782, columns 136 to 203 of 619]
1 1 1 1 1 1 1 1 1 0.989037543535233 0.82052943110466 0.727291032671928 0.488936858251691 0.214904323220253 0.1369299441576 0.222039997577667 0.278521090745926 0.423435463570058 0.598000288009644 0.759933829307556 0.792706072330475 0.846971660852432 0.596849367022514 0.488979995250702 0.289670556783676 0.127305418252945 0.0194504391402006 0 0 0 0 0 0 0 0 0 0 0 0 0 0 0 0 0 0 0.0109192924574018 0.0218673571944237 0.0109480647370219 0.232254356145859 0.301899015903473 0.363329023122787 0.349302250891924 0.510904905386269 0.5 0.65253920853138 0.63803768157959 0.716501221060753 0.891957998275757 0.890893399715424 0.912674427032471 0.978190183639526 1 0.989051938056946 0.912688821554184 0.792691707611084 1 0.946525692939758 0.602790966629982
1 1 1 1 1 1 1 1 1 0.968421816825867 0.747834846377373 0.68454897403717 0.371169626712799 0.299381375312805 0.372536331415176 0.397712558507919 0.44760465156287 0.585829369723797 0.705351755023003 0.834915846586227 0.877183139324188 0.959876269102097 0.792706072330475 0.445288449525833 0.242626965045929 0.144396483898163 0 0 0 0 0 0 0 0 0 0 0 0.00981153827160597 0 0 0 0 0 0 0 0 0 0 0.0109480647370219 0.0884620919823647 0.232254356145859 0.301596879959106 0.362034231424332 0.37939864397049 0.448712423443794 0.509595741517842 0.745648100972176 0.852970808744431 0.891957998275757 0.890893399715424 0.90179830789566 1 0.912688821554184 0.901769518852234 0.880981177091599 0.842152208089828 0.734728813171387 0.648841887712479
1 1 1 1 1 1 1 1 0.989037543535233 0.940454602241516 0.739231765270233 0.564235344529152 0.382132078520954 0.37758594751358 0.469587117433548 0.393080143257976 0.487944193184376 0.705495610833168 0.939174205064774 0.990260392427444 1 1 0.866465270519257 0.585829369723797 0.488979995250702 0.156380377709866 0 0 0 0 0 0 0 0 0 0 0 0 0 0 0 0 0 0 0 0 0 0 0 0 0 0.167831972241402 0.216975972056389 0.256481079384685 0.379542514681816 0.5 0.647475183010101 0.814861178398132 0.871500492095947 0.890893399715424 0.945331603288651 1 1 0.902862906455994 0.734225273132324 0.756509840488434 0.648856282234192 0.579341098666191
1 1 1 1 1 1 1 1 0.989037543535233 0.919810086488724 0.629046186804771 0.433376494795084 0.371169626712799 0.5 0.468306720256805 0.521996840834618 0.579686373472214 0.908790111541748 0.990260392427444 1 1 1 0.917249321937561 0.792706072330475 0.586980290710926 0.286620639264584 0 0 0 0 0 0 0 0 0 0 0 0 0 0 0 0 0 0 0 0 0 0 0 0 0 0.0109480647370219 0.125089913606644 0.226614877581596 0.39136815071106 0.5 0.5 0.76745793223381 0.852970808744431 0.891957998275757 0.891957998275757 0.924615174531937 0.836368888616562 0.765616476535797 0.737865060567856 0.676478207111359 0.519234642386436 0.510948064737022
1 1 1 1 1 1 1 1 0.979297935962677 0.898978561162949 0.509423099458218 0.423795141279697 0.434584945440292 0.5 0.390893399715424 0.586088329553604 0.951417058706284 0.949057698249817 1 1 1 1 0.949057698249817 0.867573022842407 0.585829369723797 0.367889512330294 0.0967918261885643 0 0 0 0 0 0 0 0 0 0 0 0 0 0 0 0 0 0 0 0 0 0 0 0.0109480647370219 0.021968062967062 0.0109480647370219 0.123881459236145 0.280952394008636 0.440267592668533 0.5 0.5 0.738382965326309 0.774723052978516 0.842094659805298 0.787613302469254 0.854035377502441 0.778492301702499 0.671802625060081 0.5 0.449028912000358 0.394374907016754
1 1 1 1 1 1 1 1 0.958595901727676 0.804574906826019 0.498748391866684 0.401755154132843 0.456337213516235 0.478075087070465 0.390893399715424 0.697324126958847 0.959876269102097 0.979384273290634 1 1 1 1 0.949057698249817 0.865156084299088 0.526168882846832 0.418587245047092 0.116285428404808 0 0 0 0 0 0 0 0 0 0 0 0 0 0 0 0 0 0 0 0 0 0 0 0 0 0.0328298099339008 0.0326283983886242 0.145820751786232 0.291871666908264 0.427161574363708 0.5 0.538584377616644 0.657042145729065 0.705682635307312 0.795741617679596 0.737936973571777 0.586980290710926 0.521507687866688 0.394374907016754 0.324327439069748 0.236440792679787
1 1 1 1 1 1 1 1 0.95751690864563 0.846942871809006 0.433376502245665 0.456394761800766 0.508545530959964 0.411394055001438 0.47318372130394 0.95884045958519 0.924845337867737 1 1 1 1 1 0.979384273290634 0.824068486690521 0.635836556553841 0.385987635701895 0.0967918261885643 0 0 0 0 0 0 0 0 0 0 0 0 0 0 0 0 0 0 0 0 0 0 0 0 0 0.0108617469668388 0 0 0.14802186191082 0.291871666908264 0.417321234941483 0.438080847263336 0.473068621009588 0.51539346575737 0.488979995250702 0.564033947885036 0.5 0.416227877140045 0.410070478916168 0.216975972056389 0.177931234240532
1 1 1 1 1 1 1 1 0.979297935962677 0.886937141418457 0.612847074866295 0.527967192232609 0.548539780080318 0.728614583611488 0.87073802947998 0.968421816825867 1 1 1 1 1 1 1 0.885656744241714 0.727233484387398 0.577154368162155 0.331923477351665 0.0967918261885643 0 0 0 0 0 0 0 0 0 0 0 0 0 0 0 0 0 0 0 0 0 0 0 0 0 0 0 0 0 0.159315213561058 0.286635011434555 0.330139547586441 0.347086757421494 0.439951092004776 0.449992805719376 0.429923743009567 0.360135227441788 0.284592151641846 0.00963890086859465 0.0109480647370219
1 1 1 1 1 1 1 0.989037543535233 0.978161424398422 0.820932239294052 0.790663212537766 0.631160989403725 0.76045173406601 0.990260392427444 0.990260392427444 1 1 1 1 1 1 1 1 0.98912388086319 0.874895721673965 0.738095238804817 0.489756882190704 0.227233499288559 0.0676161721348763 0 0 0 0 0 0 0 0 0 0 0 0 0 0 0 0 0 0 0 0 0 0 0 0 0 0 0 0 0 0.058049201965332 0.0967918261885643 0.0967918261885643 0.179110914468765 0.188951224088669 0.188951224088669 0.173528984189034 0 0 0.0109480647370219
1 1 1 1 1 1 1 0.989037543535233 1 0.840368300676346 0.7989641726017 1 1 1 1 1 1 1 1 1 1 1 1 1 0.95889800786972 0.815551728010178 0.586980283260345 0.258955541998148 0.106560207903385 0 0 0 0 0 0 0 0 0 0 0 0 0 0 0 0 0 0 0 0 0 0 0 0 0 0 0 0 0 0 0 0 0 0 0.0109480647370219 0 0 0 0.0108042005449533
1 1 1 1 1 1 1 0.978017538785934 0.989037543535233 0.949014544487 1 1 1 1 1 1 1 1 1 1 1 1 1 1 1 0.857890963554382 0.663746222853661 0.297928355634212 0.0967918261885643 0 0 0 0 0 0 0 0 0 0 0 0 0 0 0 0 0 0 0 0 0 0 0 0 0 0 0 0 0 0 0 0 0 0 0 0 0 0 0
1 1 1 1 1 1 1 1 0.989037543535233 1 1 1 1 1 1 1 1 1 1 1 1 1 1 1 1 0.918500959873199 0.738095238804817 0.335131634026766 0.0967918261885643 0 0 0 0 0 0 0 0 0 0 0 0 0 0 0 0 0 0 0 0 0 0 0 0 0 0 0 0 0 0 0 0 0 0 0 0 0 0 0
1 1 1 1 1 1 1 1 0.98908069729805 0.967098265886307 0.956222116947174 0.978118270635605 0.98908069729805 1 1 1 1 1 1 1 1 1 1 1 1 0.938095241785049 0.738037690520287 0.364393621683121 0.186908364295959 0 0 0 0 0 0 0 0 0 0 0 0 0 0 0 0 0 0 0 0 0 0 0 0 0 0 0 0 0 0 0 0 0 0 0 0 0 0 0
1 1 1 1 1 1 1 1 1 1 1 1 1 1 1 1 1 1 1 1 1 1 1 1 1 0.938095241785049 0.770795553922653 0.479916572570801 0.216328591108322 0.0869802907109261 0 0 0 0 0 0 0 0 0 0 0 0 0 0 0 0 0 0 0 0 0 0 0 0 0 0 0 0 0 0 0 0 0 0 0 0 0 0
1 1 1 1 1 1 1 1 1 1 1 1 1 1 1 1 1 1 1 1 1 1 1 1 1 0.980679035186768 0.770795553922653 0.51782476529479 0.25681196898222 0.0967918261885643 0 0 0 0 0 0 0 0 0 0 0 0 0 0 0 0 0 0 0 0 0 0 0 0 0 0 0 0 0 0 0 0 0 0 0 0 0 0
1 1 1 1 1 1 1 1 1 1 1 1 1 1 1 1 1 1 1 1 1 1 1 1 1 0.990260392427444 0.792706072330475 0.586980290710926 0.432182434014976 0.182808235287666 0.00972521957010031 0 0 0 0 0 0 0 0 0 0 0 0 0 0 0 0 0 0 0 0 0 0 0 0 0 0 0 0 0 0 0 0 0 0 0 0 0
1 1 1 1 1 1 1 1 1 1 1 1 1 1 1 1 1 1 1 1 1 1 1 1 1 1 0.825089901685715 0.596705503761768 0.488979995250702 0.439490735530853 0.226945757865906 0.0967918261885643 0 0 0 0 0 0 0 0 0 0 0 0 0 0 0 0 0 0 0 0 0 0 0 0 0 0 0 0 0 0 0 0 0 0 0 0
1 1 1 1 1 1 1 1 1 1 1 1 1 1 1 1 1 1 1 1 1 1 1 1 1 1 0.949000149965286 0.825089901685715 0.71637174487114 0.585771821439266 0.445389151573181 0.338872104883194 0.0967918261885643 0.0967918261885643 0 0 0 0 0 0 0 0 0 0 0 0 0 0 0 0 0 0 0 0 0 0 0 0 0 0 0 0 0 0 0 0 0 0
1 1 1 1 1 1 1 1 1 1 1 1 1 1 1 1 1 1 1 1 1 1 1 1 1 1 0.98912388086319 0.928269326686859 0.825233787298203 0.773903042078018 0.462120559066534 0.412717580795288 0.252639919519424 0.0967918261885643 0.165055394172668 0 0 0 0 0 0 0 0 0 0 0 0 0 0 0 0 0 0 0 0 0 0 0 0 0 0 0 0 0 0 0 0 0
1 1 1 1 1 1 1 1 1 1 1 1 1 1 1 1 1 1 1 1 1 1 1 1 1 1 1 1 0.917393177747726 0.895425111055374 0.687138542532921 0.488979995250702 0.539792831987143 0.308257818222046 0.205409299582243 0.0967918261885643 0 0 0 0 0 0 0 0 0 0 0 0 0 0 0 0 0 0 0 0 0 0 0 0 0 0 0 0 0 0 0 -9999
1 1 1 1 1 1 1 1 1 1 1 1 1 1 1 1 1 1 1 1 1 1 1 1 1 1 1 1 0.979384273290634 0.979384273290634 0.91845777630806 0.717378795146942 0.586980290710926 0.496691111475229 0.310933682136238 0.194475620985031 0.0193785075098276 0 0 0 0 0 0 0 0 0 0 0 0 0 0 0 0 0 0 0 0 0 0 0 0 0 0 0 0 0 0 0
1 1 1 1 1 1 1 1 1 1 1 1 1 1 1 1 1 1 1 1 1 1 1 1 1 1 1 1 1 1 0.988979995250702 0.748021870851517 0.422270174138248 0.467242121696472 0.303280115127563 0.117335632443428 0 0 0 0 0 0 0 0 0 0 0 0 0 0 0 0 0 0 0 0 0 0 0 0 0 0 0 0 0 0 0 0
1 1 1 1 1 1 1 1 1 1 1 1 1 1 1 1 1 1 1 1 1 1 1 1 1 1 1 1 1 1 0.990260392427444 0.766191929578781 0.467299660667777 0.407783061265945 0.231304854154587 0 0 0 0 0 0 0 0 0 0 0 0 0 0 0 0 0 0 0 0 0 0 0 0 0 0 0 0 0 0 0 0 0
1 1 1 1 1 1 1 1 1 1 1 1 1 1 1 1 1 1 1 1 1 1 1 1 1 1 1 1 1 1 0.937174499034882 0.706574589014053 0.586980290710926 0.336886793375015 0.205423682928085 0.0967918261885643 0.0967918261885643 0 0 0 0 0 0 0 0 0 0 0 0 0 0 0 0 0 0 0 0 0 0 0.0193785075098276 0 0 0 0 0 0 0 0
1 1 1 1 1 1 1 1 1 1 1 1 1 1 1 1 1 1 1 1 1 1 1 1 1 1 1 1 1 1 0.970838725566864 0.854351878166199 0.694475620985031 0.595453888177872 0.386807657778263 0.160912096500397 0.0108761331066489 0 0 0 0 0 0 0 0 0 0 0 0 0 0 0 0 0 0 0 0 0 0.153488710522652 0.244065597653389 0.153488710522652 0 0 0 0 0 0 0
1 1 1 1 1 1 1 1 1 1 1 1 1 1 1 1 -9999 1 1 1 1 1 1 1 1 1 1 1 1 1 1 0.980679035186768 0.83477196097374 0.705466836690903 0.595453880727291 0.358351305127144 0.0967918261885643 0 0 0 0 0 0 0 0 0 0 0 0 0 0 0 0 0 0 0 0.0967918261885643 0.213609546422958 0.320184141397476 0.392288893461227 0.313537627458572 0.274392187595367 0.183081567287445 0.0436627827584743 0 0.00965328700840473 0 0
1 1 1 1 1 1 -9999 -9999 -9999 1 1 1 1 1 1 1 1 1 1 1 1 1 1 1 1 1 1 1 1 1 1 0.988979995250702 0.759171336889267 0.584548979997635 0.527564372867346 0.316170337609947 0.194475620985031 0 0 0 0 0 0 0 0 0 0 0 0 0 0 0 0 0.0109480647370219 0.00965328700840473 0.00963890086859465 0.251690417528152 0.386951506137848 0.468364268541336 0.488979995250702 0.5 0.381686091423035 0.342281699180603 0.33140555024147 0.419651836156845 0.280952394008636 0.146683931350708 0.0327578783035278
1 1 1 1 1 1 1 -9999 -9999 1 -9999 -9999 -9999 1 1 1 1 1 1 1 1 1 1 1 1 1 1 1 1 1 0.928269326686859 0.844583511352539 0.7381671667099 0.596791826188564 0.5 0.231304854154587 0 0.15557473897934 0 0 0 0 0 0 0 0 0 0 0 0 0.0327291041612625 0.04374910145998 0.109106600284576 0.266925632953644 0.239562645554543 0.370162576436996 0.398288011550903 0.454567700624466 0.526255220174789 0.647446408867836 0.538584377616644 0.555402107536793 0.516688253730536 0.538584377616644 0.554222412407398 0.448942601680756 0.389469146728516 0.203740462660789
1 1 1 1 1 1 1 -9999 -9999 1 -9999 -9999 1 1 1 1 1 1 1 1 1 1 1 1 1 1 1 1 1 0.928269326686859 0.834973394870758 0.606445118784904 0.586980290710926 0.549359802156687 0.317882306873798 0.194475620985031 0.0967918261885643 0.15557473897934 0 0 0 0 0 0 0 0 0.0967918261885643 0.137030646204948 0.107739895582199 0.0967918261885643 0.162149325013161 0.274622350931168 0.335059702396393 0.435232330113649 0.439116686582565 0.439116686582565 0.5 0.522701777517796 0.5 0.755287021398544 0.737102568149567 0.715407848358154 0.705812111496925 0.686750113964081 0.676981717348099 0.5 0.478103876113892 0.326801896095276
1 1 1 1 1 1 1 1 1 1 -9999 1 1 1 1 1 1 1 1 1 1 1 1 1 1 1 1 1 1 0.854208052158356 0.775773257017136 0.585829369723797 0.456222116947174 0.288059264421463 0.174464106559753 0.0388145595788956 0.0193785075098276 0.0484246872365475 0 0 0 0 0 0 0.058049201965332 0 0.281441509723663 0.38932529091835 0.303423970937729 0.338195949792862 0.354697167873383 0.571673139929771 0.632455766201019 0.632254362106323 0.526255220174789 0.520486257970333 0.537275224924088 0.538584377616644 0.854208022356033 0.863846927881241 0.890893399715424 0.896547257900238 0.863846927881241 0.810674726963043 0.756509840488434 0.647475183010101 0.5 0.48912388086319
