data-raw/DATASET_PNE/a_DATA/PFGS/ENVSUIT_A1B/HS_f15_C1_ruderal.asc
NCOLS 619 
NROWS 782 
XLLCORNER 876826 
YLLCORNER 1947424 
CELLSIZE 100 
NODATA_value -9999 
[rows 52 to 77 of 782, columns 236 to 294 of 619]
0.149284366518259 0.14960842859 0.361355662345886 0.411990270018578 0.281852558255196 0.251147724688053 0.523035392165184 0.612206310033798 0.146421816200018 0.707561463117599 0.435268715023994 0.505455031991005 1 1 0.792303532361984 0.468647047877312 0.467269778251648 0.448906287550926 0.339724540710449 0.402430459856987 0.21020794659853 0.403915733098984 0.624196603894234 0.701161205768585 0.890602201223373 0.89929786324501 0.507777467370033 0.755738615989685 0.749230355024338 0.561814740300179 0.477180659770966 0.448906287550926 0.628868490457535 0.172238722443581 0.267890900373459 0.281852558255196 0.213475562632084 0.136213883757591 0.149851474910975 0.12281933426857 0.0547394007444382 0.149851469323039 0.0816095042973757 0.0816095042973757 0.136213883757591 0.122441260144114 0.204806916415691 0.163813127204776 0.177450720220804 0.177450720220804 0.149851474910975 0.0271941665560007 0.095787201076746 0.0136375911533833 0 0 0 0 0
0.150958687067032 0.361355662345886 0.176667563617229 0.430596813559532 0.430596813559532 0.240534707903862 0.523035392165184 0.595004051923752 0.640507698059082 0.448906287550926 0.477153658866882 0.589846074581146 0.759303271770477 0.986362397670746 0.392951652407646 0.515338912606239 0.467269778251648 0.467269778251648 0.339724540710449 0.339265450835228 0.340264655649662 0.46675668656826 0.692708611488342 0.802349448204041 0.917175263166428 0.864569276571274 0.446718871593475 0.731460988521576 0.622981369495392 0.508452594280243 0.458331078290939 0.448906287550926 0.50775046646595 0.1994598954916 0.267890900373459 0.281852558255196 0.281852558255196 0.190386176109314 0.136213883757591 0.109343774616718 0.109073720872402 0.177072640508413 0.136159870773554 0.136159870773554 0.122738320380449 0.149959497153759 0.122738320380449 0.136375911533833 0.190494194626808 0.122738316655159 0.0406697280704975 0.0960572492331266 0.0955441519618034 0.0682959761470556 0.0406697271391749 0.0271941665560007 0.0136375911533833 0.0136375911533833 0
0.17456117272377 0.361355662345886 0.371563598513603 0.42117203772068 0.42117203772068 0.458385080099106 0.486308395862579 0.667539834976196 0.806130170822144 0.891736418008804 0.525600850582123 0.620172828435898 0.775884419679642 0.379476092755795 0.724061578512192 0.487226560711861 0.467269778251648 0.467269778251648 0.339724540710449 0.29173643887043 0.448906287550926 0.673480957746506 0.793707817792892 0.900027006864548 0.975425332784653 0.606022149324417 0.765946537256241 0.731920063495636 0.631839036941528 0.498568713665009 0.458331078290939 0.658277079463005 0.395166099071503 0.145125571638346 0.172184713184834 0.267890900373459 0.185876313596964 0.19027815759182 0.149851474910975 0.109343774616718 0.122846340760589 0.177072640508413 0.108614632859826 0.0135835809633136 0 0.02773426938802 0.0549554415047169 0.0821496061980724 0.136321902275085 0.0271941665560007 0.122738316655159 0.0405887123197317 0.177693761885166 0.109343776479363 0.0547394007444382 0.0136375911533833 0.0136375911533833 0.0136375911533833 0
0.229300573468208 0.361355662345886 0.430596813559532 0.411990270018578 0.393977858126163 0.458385080099106 0.49532812833786 0.348663240671158 0.830650836229324 0.925897926092148 0.986362397670746 1 0.793383747339249 0.991979479789734 0.699081808328629 0.497461512684822 0.467269778251648 0.453632190823555 0.435430720448494 0.336591958999634 0.439670547842979 0.751201719045639 0.890602201223373 0.917175263166428 0.982959777116776 0.690602228045464 0.774966239929199 0.725087761878967 0.544126391410828 0.458331078290939 0.741776943206787 0.43877936154604 0.0229813661426306 0.199405886232853 0.240615725517273 0.267890900373459 0.281852558255196 0.186416421085596 0.136213883757591 0.109451796859503 0.15049959346652 0.163813127204776 0.0819065608084202 0.0135835809633136 0.0549554415047169 0 0.0136375911533833 0.0549554415047169 0.0821496099233627 0.109100725501776 0.0957061816006899 0.041155818849802 0.0405887123197317 0.0136375911533833 0 0 0 0.0136375911533833 0
0.323845524340868 0.416905201971531 0.440075606107712 0.43561977148056 0.444666475057602 0.486308395862579 0.388711847364902 0.848420202732086 0.917742371559143 0.525600850582123 1 1 1 0.379476092755795 0.620091825723648 0.517715364694595 0.467269778251648 0.394571959972382 0.439481511712074 0.467269778251648 0.672589778900146 0.837240070104599 0.966999739408493 1 0.973534971475601 0.948717266321182 0.774966239929199 0.700459092855453 0.507507413625717 0.448906287550926 0.576505556702614 0.395166099071503 0.185660272836685 0.254253312945366 0.254253312945366 0.254496358335018 0.199702948331833 0.136213883757591 0.136213883757591 0.122846340760589 0.190845258533955 0.109154734760523 0.0675398334860802 0.0549554415047169 0.0275992434471846 0 0 0 0 0.0547394007444382 0.0685120150446892 0.109343776479363 0.0136375911533833 0.0136375911533833 0.041155818849802 0.041155818849802 0.0136375911533833 0 0
0.184472054243088 0.375884413719177 0.399108827114105 0.504212811589241 0.486173391342163 0.667539834976196 0.426465019583702 0.917742371559143 0.991979479789734 0.725492835044861 0.793383747339249 1 1 0.654793411493301 0.583904936909676 0.530056715011597 0.408749673515558 0.426086962223053 0.865568459033966 0.621982172131538 0.766945719718933 0.926194965839386 1 1 0.939670532941818 0.931433975696564 0.774966239929199 0.715338915586472 0.458331078290939 0.458331078290939 0.743586272001266 0.367971904575825 0.254253312945366 0.267890900373459 0.267890900373459 0.281852558255196 0.254658386111259 0.136213883757591 0.0678909011185169 0.136213883757591 0.122252225875854 0.109154734760523 0 0 0 0 0 0 0 0.0136375911533833 0.0275992434471846 0.041155818849802 0.0136375911533833 0.0136375911533833 0.0275992434471846 0.0136375911533833 0 0 0
0.323791526257992 0.472292721271515 0.504212811589241 0.513772636651993 0.62117201089859 0.772913873195648 0.485741302371025 0.991979479789734 0.986362397670746 0.830083727836609 0.917499333620071 0.793383747339249 0.742101013660431 0.684769108891487 0.506508231163025 0.611639216542244 0.477153658866882 0.857061833143234 0.636105865240097 0.820118814706802 0.926194965839386 1 1 0.761787742376328 0.964839309453964 0.835457742214203 0.765946537256241 0.706076145172119 0.508452594280243 0.468241959810257 0.842749118804932 0.546394824981689 0.274561166763306 0.281852558255196 0.268214963376522 0.268214963376522 0.136213883757591 0.136213883757591 0.0816635154187679 0.136213883757591 0.0680259242653847 0.0949770454317331 0.0271941665560007 0.0136375911533833 0 0.0685120150446892 0.0275992434471846 0 0 0.0136375911533833 0.0136375911533833 0.0136375911533833 0.0271941665560007 0.0136375911533833 0.0136375911533833 0 0 0 0.0134755605831742
0.444153398275375 0.485849320888519 0.513772636651993 0.568701058626175 0.697920590639114 0.917742371559143 0.991979479789734 0.774966239929199 1 1 1 0.586983524262905 0.793383747339249 0.572319731116295 0.535943821072578 0.602943554520607 0.925897926092148 0.991979479789734 0.820118814706802 1 1 1 1 0.990980297327042 0.624088570475578 0.729732662439346 0.72125306725502 0.470294371247292 0.468214958906174 0.468241959810257 0.761976778507233 0.546394824981689 0.267890900373459 0.281852558255196 0.291925475001335 0.227545239031315 0.136213883757591 0.136213883757591 0.0817445293068886 0.136078853160143 0.163813127204776 0.0955711603164673 0.0271941665560007 0.0819335654377937 0.0821496099233627 0.0547394007444382 0.0275992434471846 0.0549554415047169 0 0 0.0136375911533833 0.0136375911533833 0 0 0.0275992434471846 0 0.0136375911533833 0 0.0135565754026175
0.485849320888519 0.504212811589241 0.523035392165184 0.658601135015488 0.883013784885406 0.967161774635315 0.766945719718933 1 0.930488795042038 1 1 0.939211457967758 0.821172028779984 0.67261677980423 0.692708611488342 0.477153658866882 1 1 0.950796663761139 1 1 0.990980297327042 1 0.83580881357193 0.433324322104454 0.721658125519753 0.765946537256241 0.698136627674103 0.488549813628197 0.867269784212112 0.670861467719078 0.308344587683678 0.281852558255196 0.291925475001335 0.213961653411388 0.136213883757591 0.136213883757591 0.136213883757591 0.0682959780097008 0.0817715376615524 0.191169325262308 0.176910616457462 0.177558735013008 0.150040507316589 0.149716444313526 0.0275992434471846 0.0136375911533833 0 0 0 0 0.0136375911533833 0.0136375911533833 0 0 0 0 0.122738316655159 0.0269511211663485
0.494788020849228 0.513772636651993 0.576883614063263 0.806130170822144 0.501053191721439 0.761274635791779 0.917742371559143 1 1 1 1 1 0.856089651584625 0.774966239929199 0.725951939821243 1 1 0.991979479789734 1 1 0.949824452400208 1 0.981555491685867 0.507858484983444 0.406454220414162 0.636753991246223 0.745584666728973 0.609856858849525 0.467269778251648 0.768512010574341 0.541857957839966 0.308344587683678 0.281852558255196 0.281852558255196 0.22743721306324 0.136213883757591 0.149689444340765 0.136213883757591 0.136213883757591 0.136213883757591 0.109343774616718 0.173561975359917 0.0952470954507589 0.0957331880927086 0.0136375911533833 0.0813664607703686 0.0275992434471846 0 0.0409937873482704 0 0 0.0136375911533833 0 0 0 0 0 0.0813664570450783 0.0406697280704975
0.504212811589241 0.576883614063263 0.644963532686234 0.865568459033966 0.792249530553818 0.942533075809479 0.991979479789734 1 1 1 1 1 0.856089651584625 0.802349448204041 0.714096665382385 1 1 1 1 0.990980297327042 1 0.990980297327042 0.798973798751831 0.567188754677773 0.577369689941406 0.572400748729706 0.765946537256241 0.699081808328629 0.991979479789734 0.785930335521698 0.400972202420235 0.308398604393005 0.267890900373459 0.281852558255196 0.291925475001335 0.281852558255196 0.200567111372948 0.25473940372467 0.136213883757591 0.136213883757591 0.136213883757591 0.183121800422668 0.173561975359917 0.136213883757591 0.0135565754026175 0.0409127734601498 0.0275992434471846 0.0136375911533833 0.0136375911533833 0 0 0 0 0 0 0 0 0.0406697280704975 0.0677828788757324
0.576181471347809 0.653902232646942 0.830650836229324 0.523386441171169 0.898946791887283 0.991979479789734 1 1 1 1 1 1 0.975425332784653 0.926194965839386 0.810802042484283 0.991979479789734 1 1 0.990980297327042 1 1 0.870240360498428 0.739940583705902 0.731460988521576 0.679395079612732 0.695058077573776 0.465514436364174 0.596111267805099 0.991979479789734 0.917742371559143 0.420658931136131 0.31490683555603 0.288198754191399 0.268268972635269 0.281852558255196 0.281852558255196 0.268268972635269 0.268214963376522 0.25473940372467 0.136213883757591 0.136213883757591 0.136213883757591 0.15471239387989 0.136213883757591 0.0136375911533833 0.0136375911533833 0.0136375911533833 0.0136375911533833 0.0411828234791756 0 0 0 0 0 0.0271131508052349 0.0681069418787956 0.0408317595720291 0.0547934100031853 0.0955711603164673
0.537996232509613 0.830650836229324 0.92605996131897 0.791169315576553 0.926194965839386 1 1 1 1 1 1 1 1 1 1 1 1 1 1 1 0.862354844808578 0.56189576536417 0.46073454618454 0.667917907238007 0.70307856798172 0.748663246631622 0.707318395376205 1 0.942263036966324 0.849986493587494 0.439643546938896 0.392951652407646 0.352470979094505 0.322063192725182 0.332001090049744 0.322063192725182 0.291925475001335 0.281852558255196 0.281852558255196 0.145638674497604 0.136213883757591 0.136213883757591 0.173561975359917 0.0958682149648666 0 0 0.0275992434471846 0 0.0549554415047169 0.0549554415047169 0.0134755605831742 0.0134755605831742 0.0134755605831742 0 0 0.0546313785016537 0.122738316655159 0.136213883757591 0.109046719968319
0.392060488462448 0.917742371559143 0.680070221424103 1 1 1 1 1 1 1 1 1 1 1 1 1 1 1 1 1 0.650148540735245 0.419929780066013 0.700891181826591 0.420361861586571 0.386011332273483 0.50737239420414 0.535268694162369 0.950715631246567 0.917742371559143 0.448906287550926 0.420658931136131 0.31490683555603 0.298082634806633 0.298082634806633 0.31204429268837 0.302160412073135 0.254253312945366 0.281852558255196 0.267890900373459 0.25473940372467 0.136213883757591 0.136213883757591 0.173561975359917 0.122630298137665 0.0270321369171143 0.0271131517365575 0 0.0412368346005678 0.0819605737924576 0.0957061816006899 0.0957061816006899 0 0 0 0 0.109100729227066 0.136213883757591 0.136213883757591 0.122630298137665
0.830650836229324 0.51722925901413 1 1 1 1 1 1 1 1 1 1 1 1 1 1 1 1 1 0.964272201061249 0.513583585619926 0.540966793894768 0.739940583705902 0.433918438851833 0.3355927541852 0.458331078290939 0.891736418008804 0.768512010574341 0.759870380163193 0.420658931136131 0.400972202420235 0.31204429268837 0.31204429268837 0.322063192725182 0.29173643887043 0.281852558255196 0.267890900373459 0.254307322204113 0.281852558255196 0.145638674497604 0.136213883757591 0.183121800422668 0.149851474910975 0.136213883757591 0.136213883757591 0.136213883757591 0.16411017626524 0.191223334521055 0.191223334521055 0.163678102195263 0.122549284249544 0.0685120150446892 0 0 0.0818255469202995 0.109100729227066 0.136213883757591 0.136213883757591 0.136213883757591
0.839292466640472 0.650364562869072 1 1 1 1 1 1 1 1 1 1 1 1 1 1 1 1 1 0.743478253483772 0.629165530204773 0.766243577003479 0.739940583705902 0.556359723210335 0.468214958906174 0.458331078290939 0.759870380163193 0.692870646715164 0.329543620347977 0.372832834720612 0.322063192725182 0.31204429268837 0.31204429268837 0.318876579403877 0.322522282600403 0.281852558255196 0.281852558255196 0.268268972635269 0.268376991152763 0.136213883757591 0.136213883757591 0.216959216631949 0.163489066064358 0.136213883757591 0.177450720220804 0.245125576853752 0.245125576853752 0.177450720220804 0.163813127204776 0.245125576853752 0.190872266888618 0.150040507316589 0.0547934100031853 0 0.0134755605831742 0.0818525552749634 0.136213883757591 0.136213883757591 0.204374834895134
0.983715891838074 1 0.93397244811058 1 1 1 1 1 1 1 1 1 1 1 1 1 1 1 1 0.922711312770844 0.806346207857132 0.89424791932106 0.774966239929199 0.637294083833694 0.508452594280243 0.950715631246567 0.759870380163193 0.292384549975395 0.298460707068443 0.352470979094505 0.332001090049744 0.288360789418221 0.200567111372948 0.200567111372948 0.200567111372948 0.200567111372948 0.213961653411388 0.227680265903473 0.227545239031315 0.149689444340765 0.122576288878918 0.136213883757591 0.150175536051393 0.177450720220804 0.163813127204776 0.218093439936638 0.272427767515182 0.281852558255196 0.227761276066303 0.272427767515182 0.245125576853752 0.245476633310318 0.204104781150818 0 0.122738316655159 0.149851474910975 0.136213883757591 0.122630298137665 0.258790172636509
1 0.78444504737854 1 1 1 1 1 1 1 1 1 1 1 1 1 1 1 1 0.963867127895355 0.936348915100098 0.882095605134964 0.97285982966423 0.791574388742447 0.653632193803787 0.526681065559387 0.934215486049652 0.759870380163193 0.381879553198814 0.322063192725182 0.332001090049744 0.288360789418221 0.268133945763111 0.227599248290062 0.136213883757591 0.136213883757591 0.136213883757591 0.136213883757591 0.136213883757591 0.149689444340765 0.136213883757591 0.0813664570450783 0.231839053332806 0.186389416456223 0.200000002980232 0.302214428782463 0.312449365854263 0.352443963289261 0.362651914358139 0.362651914358139 0.268268972635269 0.272427767515182 0.245125576853752 0.231406964361668 0.177585743367672 0.109100729227066 0.136213883757591 0.136213883757591 0.136267889291048 0.245206594467163
1 1 1 1 1 1 1 1 1 1 1 1 1 1 1 1 1 1 0.990980297327042 0.982959777116776 0.936267882585526 0.947529017925262 0.774966239929199 0.627113163471222 0.508452594280243 0.867269784212112 0.729435592889786 0.37936806678772 0.352470979094505 0.291925475001335 0.281852558255196 0.149689444340765 0.176721580326557 0.136213883757591 0.136213883757591 0.136213883757591 0.136213883757591 0.0953821241855621 0.136213883757591 0.254631385207176 0.281852558255196 0.362651914358139 0.383013769984245 0.392951652407646 0.392951652407646 0.420658931136131 0.420658931136131 0.420658931136131 0.392951652407646 0.342317044734955 0.268268972635269 0.272427767515182 0.23156899958849 0.245125576853752 0.136213883757591 0.136213883757591 0.136213883757591 0.150175532326102 0.272427767515182
0.972778826951981 1 1 1 1 1 1 1 1 1 1 1 1 1 1 1 1 1 0.966216593980789 0.949824452400208 0.990980297327042 0.835295706987381 0.774966239929199 0.707318395376205 0.950715631246567 0.759870380163193 0.712476372718811 0.37936806678772 0.284066967666149 0.281852558255196 0.245233595371246 0.136213883757591 0.136213883757591 0.136213883757591 0.0276802591979504 0.122630298137665 0.0541452877223492 0.163083989173174 0.281852558255196 0.392951652407646 0.392951652407646 0.41118012368679 0.420658931136131 0.430083706974983 0.757547944784164 0.467296779155731 0.485066175460815 0.448906287550926 0.420658931136131 0.392951652407646 0.312449365854263 0.272427767515182 0.272427767515182 0.245125576853752 0.136213883757591 0.149851474910975 0.136213880032301 0.163813125342131 0.258790172636509
1 1 1 1 1 1 1 1 1 1 1 1 1 1 1 1 1 1 1 0.963786125183105 0.973697006702423 0.78444504737854 0.774966239929199 0.662165820598602 0.917742371559143 0.729435592889786 0.658223062753677 0.37936806678772 0.328760460019112 0.172913860529661 0.16316500492394 0.190386176109314 0.136213883757591 0.136213883757591 0.149689444340765 0.145638674497604 0.251066707074642 0.331974074244499 0.392951652407646 0.41118012368679 0.439643546938896 0.448906287550926 0.458331078290939 0.458331078290939 0.486119359731674 0.612206310033798 0.670132324099541 0.503483653068542 0.448906287550926 0.430083706974983 0.352443963289261 0.272427767515182 0.272427767515182 0.258844181895256 0.149851474910975 0.149851474910975 0.150175536051393 0.23156899958849 0.258790172636509
1 1 1 1 1 1 1 1 1 1 1 1 1 1 1 1 1 1 1 1 0.956035643815994 0.774966239929199 0.774966239929199 0.991979479789734 0.804914921522141 0.711234137415886 0.369187146425247 0.352254927158356 0.13183905184269 0.13178503792733 0.131893062964082 0.254793412983418 0.200108025223017 0.213664598762989 0.338968396186829 0.392951652407646 0.392951652407646 0.392951652407646 0.420658931136131 0.448906287550926 0.458331078290939 0.486119359731674 0.513367533683777 0.570537403225899 0.654118284583092 0.744666486978531 0.774966239929199 0.518795564770699 0.458331078290939 0.430083706974983 0.352443963289261 0.268268972635269 0.272427767515182 0.272427767515182 0.149851474910975 0.122576288878918 0.23156899958849 0.163327030837536 0.135808799415827
1 1 1 1 1 1 1 1 1 1 1 1 1 1 1 1 1 1 1 1 0.937888205051422 0.774966239929199 0.736645966768265 0.950715631246567 0.729435592889786 0.41118012368679 0.352254927158356 0.193032674491405 0.0228193355724216 0.158817179501057 0.338671341538429 0.213664598762989 0.348798274993896 0.382770732045174 0.420658931136131 0.430083706974983 0.430083706974983 0.448906287550926 0.458331078290939 0.468241959810257 0.583391860127449 0.744666486978531 0.774966239929199 0.774966239929199 0.774966239929199 0.898433715105057 1 0.673399955034256 0.477207660675049 0.448906287550926 0.392951652407646 0.281852558255196 0.272427767515182 0.272427767515182 0.149851474910975 0.149851474910975 0.163813127204776 0.108803674578667 0.108695652335882
1 1 1 1 1 1 1 1 1 1 1 1 1 1 1 1 1 1 1 1 0.81001889705658 0.774966239929199 1 0.860194444656372 0.720496892929077 0.388414800167084 0.271050497889519 0.186308398842812 0.223656497895718 0.243937350809574 0.322063192725182 0.288576826453209 0.284499056637287 0.41118012368679 0.448906287550926 0.458331078290939 0.485066175460815 0.468241959810257 0.478125840425491 0.518795564770699 0.748609244823456 0.774966239929199 0.801863342523575 0.974723190069199 0.973345935344696 0.862705916166306 1 0.748609244823456 0.494085878133774 0.430083706974983 0.392951652407646 0.268268972635269 0.272427767515182 0.258844181895256 0.150067515671253 0.177450720220804 0.177450720220804 0.108803674578667 0.12244126573205
1 1 1 1 1 1 1 1 1 1 1 1 1 1 1 1 1 1 1 0.982365638017654 0.774966239929199 0.68547123670578 0.991979479789734 0.729435592889786 0.674723207950592 0.308101549744606 0.19630029797554 0.240534700453281 0.271185517311096 0.308101549744606 0.28444504737854 0.271185517311096 0.294842019677162 0.448906287550926 0.512503385543823 0.530866861343384 0.6164191365242 0.744666486978531 0.766270577907562 0.740021586418152 0.793410748243332 0.903672695159912 0.929408580064774 0.982041597366333 0.982041597366333 0.728085309267044 1 0.659789368510246 0.458331078290939 0.420658931136131 0.392951652407646 0.268268972635269 0.272427767515182 0.258844181895256 0.163219008594751 0.0271131508052349 0.23156899958849 0.108803674578667 0.136537941172719
1 1 1 1 1 1 1 1 1 1 1 1 1 1 1 1 1 1 1 0.81903862953186 0.774966239929199 1 0.983715891838074 0.759870380163193 0.683769926428795 0.238725364208221 0.161787733435631 0.229678630828857 0.331109911203384 0.269430197775364 0.391790434718132 0.317148260772228 0.448906287550926 0.485066175460815 0.665433436632156 0.744666486978531 0.774966239929199 0.774966239929199 0.774966239929199 0.801863342523575 0.964758306741714 0.991061300039291 0.982041597366333 1 0.972616791725159 0.902565479278564 1 0.565352410078049 0.458331078290939 0.420658931136131 0.352443963289261 0.281852558255196 0.272427767515182 0.258844181895256 0.190980285406113 0 0.136213883757591 0.136213883757591 0.136213880032301
