data-raw/DATASET_PNE/a_DATA/PFGS/ENVSUIT_A1B/HS_f45_C2_VaccUli.asc
NCOLS 619 
NROWS 782 
XLLCORNER 876826 
YLLCORNER 1947424 
CELLSIZE 100 
NODATA_value -9999 
[rows 575 to 599 of 782, columns 456 to 512 of 619]
1 1 1 0.903415828943253 0.989175647497177 1 1 1 1 1 0.967663586139679 0.978487938642502 0.967709124088287 0.956915140151978 0.989297091960907 0.989297091960907 0.913982093334198 0.92813116312027 0.970669507980347 0.543024152517319 0.693714886903763 0.45928343012929 0.510839518159628 0.723956272006035 0.575208745896816 0.539243966341019 0.95706695318222 0.978472739458084 0.817428261041641 0.828981339931488 0.87062394618988 0.725671783089638 0.664627283811569 0.554926365613937 0.579034462571144 0.234036739915609 0.225018978118896 0.484256871044636 0.5 0.478487938642502 0.616942465305328 0.693790793418884 0.704493701457977 0.970775783061981 0.990253537893295 1 1 0.989175647497177 1 1 1 1 0.748383194208145 0.698679208755493 0.601472601294518 0.47270380705595 0.523045405745506
1 1 1 0.967618048191071 0.967618048191071 1 1 1 1 0.967663586139679 0.967663586139679 0.989190816879272 0.967693954706192 0.978487938642502 0.946166694164276 0.967678755521774 0.83364200592041 0.849400341510773 0.890268713235855 0.519477754831314 0.616836190223694 0.469758629798889 0.5 0.585850916802883 0.5 0.704493701457977 0.978563845157623 0.989175647497177 0.989175647497177 0.989297091960907 0.845012903213501 0.860012143850327 0.841430097818375 0.762016087770462 0.5360406935215 0.651495367288589 0.296523451805115 0.532108698040247 0.521542429924011 0.489342629909515 0.704493701457977 0.76699560880661 0.814483076334 0.978563845157623 1 1 1 1 1 0.978472739458084 1 1 0.961029291152954 0.911006540060043 0.841384559869766 0.743525132536888 0.664824664592743
1 1 1 1 1 1 1 1 0.978487938642502 0.967663586139679 0.989190816879272 0.9677394926548 0.967693954706192 0.989190816879272 0.956960678100586 1 0.848641276359558 0.83052983880043 0.776848316192627 0.588522851467133 0.65518444776535 0.5 0.5 0.54293305054307 0.5 0.724108085036278 1 1 1 0.967663586139679 0.989297091960907 0.816638827323914 0.830818265676498 0.841430097818375 0.535190522670746 0.641597092151642 0.811871856451035 0.489297091960907 0.510657355189323 0.519675116986036 0.900713533163071 1 1 1 1 1 1 1 1 0.96757248044014 0.978472739458084 1 0.850614845752716 0.851419448852539 0.881099134683609 0.821648687124252 0.710368901491165
1 1 1 1 1 1 1 1 0.978487938642502 0.978487938642502 0.989190816879272 0.935554891824722 0.978487938642502 0.967709124088287 0.967709124088287 0.898633658885956 0.818111449480057 0.841354191303253 0.780567765235901 0.851191729307175 0.577986940741539 0.56452102959156 0.646348863840103 0.5 0.704493701457977 0.753848493099213 1 1 0.989190816879272 1 0.968422651290894 0.817276448011398 0.830818265676498 0.841430097818375 0.607332617044449 0.747608929872513 0.747290104627609 0.5 0.616957642138004 0.831486254930496 1 0.978563845157623 0.989175647497177 0.978503108024597 1 0.989297091960907 0.978487938642502 0.967693954706192 1 1 0.989297091960907 0.96851372718811 0.868528932332993 0.948990434408188 1 0.970775783061981 0.881402760744095
1 1 1 1 1 1 1 1 0.978487938642502 0.978487938642502 0.978487938642502 0.903461366891861 1 0.956960678100586 0.967678755521774 0.980066806077957 0.879990875720978 0.861090034246445 0.811871856451035 0.881038397550583 0.5 0.553711857646704 0.585957191884518 0.509822377003729 0.714270532131195 0.803355097770691 1 1 0.989190816879272 1 0.989175647497177 0.919447392225266 0.808334589004517 0.788522839546204 0.779854267835617 0.768908441066742 0.790557146072388 0.509822377003729 0.871170490980148 0.861287385225296 0.92841961979866 0.989175647497177 1 1 0.967891305685043 0.989297091960907 0.989297091960907 0.956884771585464 0.978503108024597 1 1 0.967724293470383 0.989297091960907 0.978366494178772 0.978487938642502 0.967648386955261 1
0.978487938642502 1 1 1 1 1 1 1 1 0.978487938642502 0.978487938642502 0.978487938642502 0.978396832942963 0.978487938642502 0.956960678100586 1 0.979247003793716 0.860194325447083 0.800227731466293 0.819842100143433 0.5 0.575254291296005 0.596569001674652 0.811871856451035 0.724108085036278 0.866145431995392 1 0.989297091960907 0.989190816879272 0.956960678100586 1 0.989297091960907 0.90743887424469 0.839911937713623 0.831486254930496 0.810945779085159 0.790283888578415 0.790283888578415 0.951100647449493 0.831486254930496 0.828996509313583 0.989175647497177 0.978503108024597 1 0.989297091960907 0.978487938642502 0.967663586139679 0.967663586139679 0.989297091960907 1 0.97841203212738 0.989190816879272 1 0.98920601606369 0.978472739458084 0.978366494178772 1
0.957006216049194 1 1 1 1 1 1 1 1 0.978487938642502 0.967663586139679 0.978487938642502 0.989297091960907 0.967693954706192 0.989297091960907 0.967724293470383 1 0.877136796712875 0.809108853340149 0.76374676823616 0.552755426615477 0.596569001674652 0.596569001674652 0.811871856451035 0.724108085036278 0.917883723974228 1 1 0.989190816879272 0.989190816879272 1 0.968422651290894 0.940291494131088 0.838181257247925 0.871216028928757 0.790359795093536 0.801062703132629 0.801260054111481 0.841430097818375 0.811871856451035 0.871018677949905 1 1 0.967693954706192 0.989297091960907 1 1 0.967663586139679 0.978487938642502 0.978487938642502 1 0.967709124088287 0.967709124088287 1 1 1 0.978487938642502
0.946303337812424 1 1 1 1 1 1 1 1 1 0.967663586139679 0.967663586139679 0.989190816879272 0.946166694164276 0.989297091960907 0.967709124088287 1 0.990344613790512 0.848686814308167 0.783786237239838 0.67028996348381 0.723925918340683 0.704493701457977 0.811871856451035 0.820722639560699 0.865705162286758 1 1 0.956960678100586 0.989297091960907 0.946166694164276 0.989297091960907 0.979125559329987 0.838059812784195 0.849218159914017 0.779854267835617 0.811871856451035 0.811871856451035 0.811871856451035 0.841354191303253 0.978366494178772 1 1 0.978685289621353 0.967663586139679 1 1 1 1 0.978487938642502 0.989297091960907 0.956960678100586 0.935554891824722 0.978503108024597 1 1 1
0.935645967721939 1 1 1 1 1 1 1 1 0.978487938642502 0.978487938642502 0.989190816879272 0.967709124088287 0.935554891824722 0.967709124088287 0.967709124088287 0.989949911832809 0.940564751625061 0.886397451162338 0.831516623497009 0.811871856451035 0.704493701457977 0.714224994182587 0.811871856451035 0.820722639560699 0.855093359947205 1 0.989297091960907 0.978487938642502 0.967709124088287 1 0.946166694164276 0.989949911832809 0.910672545433044 0.858205556869507 0.800425082445145 0.772794902324677 0.821739792823792 0.8020039498806 0.910004556179047 1 0.98920601606369 0.978487938642502 0.957097321748734 0.978472739458084 1 1 1 1 1 0.967663586139679 0.946166694164276 0.967663586139679 0.978487938642502 0.989297091960907 0.956945508718491 1
0.978487938642502 1 1 1 1 1 1 1 1 0.978487938642502 0.967663586139679 0.989190816879272 0.978487938642502 0.989190816879272 0.946166694164276 0.989190816879272 0.989949911832809 1 0.83052983880043 0.821739792823792 0.692712917923927 0.753180503845215 0.821739792823792 0.810945808887482 0.841354191303253 0.968377113342285 1 0.957082122564316 0.978487938642502 0.946348875761032 0.978503108024597 0.978503108024597 1 1 0.835888862609863 0.809306204319 0.811871856451035 0.810960978269577 0.810960978269577 0.950220137834549 1 0.98920601606369 0.989190816879272 0.967876106500626 0.967663586139679 1 1 1 1 1 1 1 1 1 1 0.978487938642502 0.978487938642502
1 1 1 1 1 1 1 1 0.967663586139679 0.956915140151978 0.978487938642502 0.967709124088287 0.956960678100586 0.989190816879272 0.967709124088287 1 1 0.861090034246445 0.831516623497009 0.820722639560699 0.810945808887482 0.841354191303253 0.849400341510773 0.81973585486412 0.930545002222061 1 1 0.989297091960907 0.967663586139679 0.978487938642502 0.989297091960907 0.978503108024597 0.946166694164276 0.989175647497177 0.957142859697342 0.818369507789612 0.841354191303253 0.750037968158722 0.821739792823792 0.9206163585186 1 0.967724293470383 0.946166694164276 0.957127690315247 0.956884771585464 1 1 1 1 1 1 1 1 1 1 1 0.978487938642502
0.978487938642502 1 1 1 1 1 1 0.967663586139679 0.9677394926548 0.978487938642502 0.978487938642502 0.935554891824722 0.989190816879272 0.967709124088287 1 0.989949911832809 0.850341588258743 0.851146191358566 0.861090034246445 0.910626977682114 0.9206163585186 0.900683164596558 0.861090034246445 0.871018677949905 0.898937314748764 0.978563845157623 1 0.989297091960907 0.989297091960907 0.978487938642502 0.946348875761032 0.989297091960907 0.978503108024597 1 0.96027022600174 0.828859865665436 0.798345237970352 0.801077872514725 0.820722639560699 0.9206163585186 1 0.989190816879272 0.978487938642502 0.967876106500626 0.967663586139679 0.967663586139679 1 1 1 1 1 1 1 1 1 1 0.957006216049194
0.935645967721939 1 1 1 1 1 0.935645967721939 0.956915140151978 0.978487938642502 0.978487938642502 0.924684971570969 0.924715340137482 0.978487938642502 0.956869602203369 0.919295579195023 0.870669513940811 0.851146191358566 0.850174576044083 0.880613327026367 0.980021268129349 0.980294525623322 0.851146191358566 0.838515251874924 0.868361920118332 0.980066806077957 1 1 1 1 0.967663586139679 0.978487938642502 0.967876106500626 0.946166694164276 1 1 0.830560207366943 0.81973585486412 0.766190975904465 0.841354191303253 0.989949911832809 1 0.96757248044014 0.957127690315247 0.989297091960907 0.967663586139679 0.978487938642502 1 1 1 1 1 1 1 1 1 1 0.978487938642502
0.935645967721939 1 1 1 1 1 0.978487938642502 0.967663586139679 0.978487938642502 0.924851983785629 0.935737043619156 0.978487938642502 0.989190816879272 0.989221185445786 0.859890699386597 0.859890699386597 0.859890699386597 0.889418542385101 0.989190816879272 1 1 1 0.919295579195023 0.870669513940811 0.970229238271713 0.989160478115082 0.978639751672745 0.989297091960907 1 0.967663586139679 0.978487938642502 0.967876106500626 0.946166694164276 1 0.989949911832809 0.831516623497009 0.821739792823792 0.831516623497009 0.841354191303253 1 0.978427201509476 0.989190816879272 0.989190816879272 0.978487938642502 0.967663586139679 0.978487938642502 1 1 1 1 1 1 1 1 1 0.989297091960907 0.989297091960907
0.935645967721939 1 1 1 1 1 1 0.967663586139679 0.978487938642502 0.978487938642502 0.924851983785629 0.978487938642502 0.96757248044014 1 0.989221185445786 0.946121156215668 0.935327172279358 0.956915140151978 0.978503108024597 0.946166694164276 1 0.980066806077957 0.919295579195023 0.989221185445786 0.989221185445786 1 0.978639751672745 0.989297091960907 1 1 0.978472739458084 0.978518307209015 0.956915140151978 0.989175647497177 0.989949911832809 0.831516623497009 0.763154685497284 0.830545008182526 0.828738421201706 0.98920601606369 1 0.946348875761032 0.978487938642502 0.935478985309601 0.978472739458084 1 1 1 1 1 1 1 1 0.978487938642502 0.967663586139679 0.978503108024597 0.978427201509476
0.935645967721939 1 1 1 1 1 1 0.978487938642502 0.989190816879272 0.978487938642502 0.967876106500626 0.956960678100586 0.967709124088287 0.967709124088287 0.956960678100586 0.978487938642502 0.978487938642502 1 0.978487908840179 0.946166694164276 0.97841203212738 0.960573852062225 0.950554132461548 0.989221185445786 0.989221185445786 0.989190816879272 1 0.989297091960907 1 0.978487938642502 0.978487938642502 0.989297091960907 0.957082122564316 1 0.989949911832809 0.830545008182526 0.831516623497009 0.830545008182526 0.980066806077957 0.946166694164276 0.978503108024597 0.946348875761032 0.967663586139679 1 1 1 1 1 1 1 1 1 1 0.989297091960907 0.978503108024597 1 0.989221185445786
0.978487938642502 1 1 1 1 1 1 0.935645967721939 0.978487938642502 0.978487938642502 0.957127690315247 0.957127690315247 0.967876106500626 0.967876106500626 0.967876106500626 0.989297091960907 0.989297091960907 0.967876106500626 1 1 0.980127513408661 0.970229238271713 0.970229238271713 1 1 1 0.978487938642502 1 0.935645967721939 0.967663586139679 0.989297091960907 0.989297091960907 0.946166694164276 1 0.989949911832809 0.830545008182526 0.830545008182526 0.860892653465271 0.989221185445786 0.989190816879272 0.989297091960907 0.978487938642502 0.989297091960907 1 1 1 1 1 1 1 1 0.989190816879272 0.989190816879272 0.989190816879272 0.95706695318222 1 1
1 1 1 1 1 1 1 0.989297091960907 0.989297091960907 0.9677394926548 0.935509324073792 0.967936843633652 0.935509324073792 0.9677394926548 0.989190816879272 0.989297091960907 0.978487938642502 0.967785030603409 0.935418248176575 1 0.989221185445786 0.989221185445786 0.989221185445786 1 0.989342629909515 1 1 0.978487938642502 0.989297091960907 0.989297091960907 0.989297091960907 1 0.967709124088287 1 0.848443895578384 0.841354191303253 0.840367376804352 0.870669513940811 0.989221185445786 0.989190816879272 0.989297091960907 0.978487938642502 1 1 1 1 1 1 1 1 1 0.978487938642502 0.967663586139679 0.967618048191071 1 1 1
1 1 1 1 1 1 1 0.989297091960907 0.989297091960907 0.967936843633652 0.967936843633652 0.967936843633652 0.978548645973206 0.956915140151978 0.978487938642502 0.967663586139679 0.946303337812424 0.978487908840179 0.924806445837021 1 0.967906475067139 1 1 1 1 0.989297091960907 0.989297091960907 0.989297091960907 0.967663586139679 0.978487938642502 0.978487938642502 0.967876106500626 1 1 0.900531351566315 0.851146191358566 0.860892653465271 0.851146191358566 0.967663586139679 0.989190816879272 0.978685289621353 0.978472739458084 1 1 1 1 1 1 1 1 1 0.957006216049194 0.935478985309601 1 1 1 0.978518307209015
1 1 1 1 1 1 1 1 0.978487938642502 0.978685289621353 0.967936843633652 0.957127690315247 0.978487938642502 0.978487938642502 1 0.978487938642502 0.978487938642502 0.956945508718491 0.978487938642502 0.978442400693893 0.957158029079437 0.946348875761032 1 1 1 0.956915140151978 0.967663586139679 0.967648416757584 0.978487938642502 0.924867153167725 0.924684971570969 0.935509324073792 0.978487938642502 1 1 0.860892653465271 0.851146191358566 0.950797021389008 0.989190816879272 0.989388197660446 0.978487938642502 0.967663586139679 1 1 1 1 1 1 1 1 1 0.957006216049194 0.967709124088287 1 1 0.967678755521774 0.884590864181519
1 1 1 1 1 1 1 1 0.957051753997803 0.978548645973206 0.957112491130829 1 1 1 1 1 0.978487938642502 0.989297091960907 1 1 1 1 1 0.978639751672745 1 0.925034165382385 0.956945508718491 0.946424782276154 0.967906475067139 0.989251554012299 0.967906475067139 0.946257770061493 0.96757248044014 0.967663586139679 0.899316847324371 0.840397745370865 0.830605745315552 0.960573852062225 0.989190816879272 0.957097321748734 0.978487938642502 1 1 1 1 1 1 1 1 1 0.892621845006943 0.946257770061493 0.989190816879272 0.978503108024597 1 0.98920601606369 0.892621845006943
1 1 1 1 1 1 1 1 1 1 1 1 1 1 1 1 0.978487938642502 0.989297091960907 0.989190816879272 0.957127690315247 0.978548645973206 1 1 1 1 0.956945508718491 0.967648386955261 0.935509324073792 0.978639751672745 0.946348875761032 0.935509324073792 0.946166694164276 0.978487938642502 0.967663586139679 0.960573852062225 0.920813709497452 0.920813709497452 0.989221185445786 0.957097321748734 0.978487938642502 0.989297091960907 1 1 1 1 1 1 1 0.946424782276154 1 0.967663586139679 0.935524523258209 0.946348875761032 0.956915140151978 1 1 0.946364045143127
1 1 1 1 1 1 1 1 1 1 1 1 1 1 1 0.978487938642502 1 1 0.978487938642502 0.978487938642502 1 0.989297091960907 0.989297091960907 1 1 1 0.967785030603409 0.967769861221313 0.946348875761032 0.946348875761032 0.978518307209015 0.946121156215668 0.967785030603409 0.989221185445786 0.920813709497452 0.970229238271713 0.989221185445786 0.989190816879272 0.957097321748734 0.989297091960907 0.989297091960907 1 1 1 1 1 1 1 0.946333676576614 0.967815399169922 0.957006216049194 0.935524523258209 0.956960678100586 0.978503108024597 0.989221185445786 1 1
1 1 1 1 1 1 1 1 1 1 1 1 1 1 0.935645967721939 0.935645967721939 0.957127690315247 1 0.956960678100586 0.989297091960907 1 0.989297091960907 0.989297091960907 1 1 1 0.978487938642502 0.957127690315247 0.914027631282806 0.935509324073792 0.946166694164276 0.967709124088287 0.946121156215668 0.960573852062225 0.989221185445786 0.978381663560867 0.96757248044014 0.946257770061493 0.967876106500626 0.967693954706192 0.967663586139679 1 1 1 1 1 0.978487938642502 0.978487938642502 0.967663586139679 0.914027631282806 0.903415828943253 0.967709124088287 0.989297091960907 0.956915140151978 1 1 0.989190816879272
1 1 1 1 1 1 1 1 1 1 1 1 0.967830568552017 0.925034165382385 0.935691505670547 0.946303337812424 0.946470320224762 0.967876106500626 0.978487938642502 0.956869602203369 0.957127690315247 0.989297091960907 0.978487938642502 1 1 1 0.978487938642502 0.978472739458084 0.967876106500626 0.935645967721939 0.956869602203369 0.978381663560867 0.959450423717499 0.956869572401047 0.957006216049194 0.989221185445786 0.978609383106232 0.957097321748734 0.903233647346497 0.978487938642502 0.978487938642502 1 1 1 1 1 0.946257770061493 0.903415828943253 0.956884771585464 0.935478985309601 0.946303337812424 0.9677394926548 0.956915140151978 1 1 1 1
