data-raw/DATASET_PNE/a_DATA/PFGS/ENVSUIT_A1B/HS_f30_C3_cushion.asc
NCOLS 619 
NROWS 782 
XLLCORNER 876826 
YLLCORNER 1947424 
CELLSIZE 100 
NODATA_value -9999 
[rows 609 to 637 of 782, columns 325 to 389 of 619]
0.264396615460445 0.105027519921137 0.124578986281114 0.23178345518771 0.226772365070237 0.741189517785262 0.962170377063994 0.499178509816808 0.499178509816808 0.826501273309784 0.808017744187957 0.951983898792409 1 0.769161258522961 0.401955146635998 0.632752813603877 0.783824858292943 0.578698759549823 0.445904871436786 0.517292368356198 0.480900353240779 0.480900353240779 0.480900353240779 0.278567321120513 0.273884827076316 0.72221309455352 0.962170377063994 0.943152879323092 0.962170377063994 0.962170377063994 0.922656699252444 0.825474410580794 0.712765957446808 0.30452641090939 0.269736301651195 0.134519017497741 0.134519017497741 0.134519017497741 0.181960075577097 0.962170377063994 0.962170377063994 1 1 1 1 1 1 1 1 1 1 0.746447054957693 0.461800706481558 0.278567321120513 0.0861743202168734 0.110120759056929 0.29811878748049 0.962170377063994 0.962170377063994 0.746447054957693 0.520578329088967 0.336605602563049 0.355623100303951 0.336605602563049 0.293436293436293
0.15493304855007 0.18697116569457 0.178920561899285 0.178920561899285 0.962170377063994 0.962170377063994 0.981270023823215 0.655918836769901 0.769038034995482 0.879939209726444 1 1 1 0.807031955968126 0.902160519181796 0.482625482625483 0.859689476710753 0.593280210301487 0.903187381910786 0.406719789698513 0.278567321120513 0.278567321120513 0.278567321120513 0.229770804238889 0.385073523371396 0.443522549905529 0.962170377063994 0.962170377063994 0.962170377063994 1 1 0.884005586133246 0.922204879651688 0.387496919411813 0.221350529861168 0.181795777540458 0.181795777540458 0.158013636737041 0.157808264191243 0.727429557216791 0.962170377063994 1 1 1 1 1 1 1 1 1 1 0.976012486650785 0.66450340918426 0.405241107368767 0.110531504148525 0.631356280292451 0.538815411155837 0.741928858950135 0.927996385443194 1 0.785139242586051 0.785139242586051 0.558982995153208 0.35685533557874 0.216955557381089
0.981270023823215 0.952271420356527 0.918138503244886 0.9765053807607 0.880719625400476 0.962170377063994 0.844245461266738 0.518565678140146 0.576850406637641 1 1 0.880021358744763 0.976012486650785 0.962170377063994 0.962170377063994 0.188162326460199 0.937936416659821 0.88034995481804 0.928119608970673 0.292984473835538 0.406719789698513 0.278567321120513 0.254004764643062 0.205783290889674 0.470837098496673 0.230510145403762 0.746405980448534 1 1 0.962170377063994 1 0.962170377063994 0.962170377063994 0.36112708453134 0.0865850653084696 0.245584490265341 0.230510145403762 0.230510145403762 0.205947588926312 0.70832991045757 0.943152879323092 0.980900353240779 1 1 1 1 1 1 1 0.980900353240779 0.924053232563871 1 1 1 0.962170377063994 0.765423478189436 0.703606341904214 0.82580300665407 0.785919658260084 1 1 0.765423478189436 0.746447054957693 0.690010679372381 0.708042388893453
0.952271420356527 1 1 0.952723239957282 0.952723239957282 0.921917358087571 0.518935348722583 0.29811878748049 0.548591144335825 0.980900353240779 0.975766039595827 0.976012486650785 0.951778526246611 0.817793477367945 0.903064158383307 0.817793477367945 0.976012486650785 0.928078534461513 0.937936416659821 0.315780826419124 0.480900353240779 0.278567321120513 0.229770804238889 0.278567321120513 0.408609217119855 0.248172184342397 0.314589665653495 0.962170377063994 1 1 1 1 0.922656699252444 0.688531997042635 0.110367206111887 0.254333360716339 0.110326131602727 0.230510145403762 0.296516881623265 0.611804813932473 0.611804813932473 0.962170377063994 1 1 1 1 1 1 1 0.905282181877927 0.962170377063994 0.943152879323092 0.980900353240779 1 1 1 0.962170377063994 0.962170377063994 0.962170377063994 0.962170377063994 1 1 1 1 0.962170377063994
0.278567321120513 0.499178509816808 0.765464552698595 0.842890002464471 0.842890002464471 0.941920644048304 0.419288589501355 0.229770804238889 0.291546866014951 1 0.928283907007311 0.903064158383307 0.809701799063501 0.962170377063994 0.927626714860757 1 0.962170377063994 1 0.922656699252444 0.267723650702374 0.273884827076316 0.254333360716339 0.353939045428407 0.513718886059312 0.513718886059312 0.437566746077384 0.405241107368767 0.900065719214655 1 1 0.961882855499877 1 1 0.844779429885813 0.806210465784934 0.436293436293436 0.339111147621786 0.254744105807936 0.32687094389222 0.274993838823626 0.243325392261562 0.924053232563871 0.980900353240779 1 1 1 1 1 0.980900353240779 0.564486979380596 0.899490676086421 0.700073934116487 0.855992770886388 0.894643884005586 0.980900353240779 1 1 1 0.980900353240779 0.913825679783127 0.980900353240779 0.962170377063994 1 1 1
0.902982009364988 0.962170377063994 0.765464552698595 0.902940934855828 0.765710999753553 0.158670828883595 0.413866754292286 0.392508009529286 0.904132095621457 0.976217859196583 0.976012486650785 0.976012486650785 0.976012486650785 0.975766039595827 0.980900353240779 0.980900353240779 1 1 1 0.879035570524932 0.558982995153208 0.571182124373614 0.703195596812618 0.74147703934938 0.741189517785262 0.655384868150826 0.900065719214655 0.904501766203894 0.962170377063994 1 1 1 0.903474903474903 0.962170377063994 0.708001314384293 0.746405980448534 0.537870697445165 0.181795777540458 0.274993838823626 0.219173580875709 0.247473917686684 0.861702127659574 0.918590322845642 0.980900353240779 1 1 1 1 0.831471288918097 0.426065883512692 0.408403844574057 0.875544237246365 0.918590322845642 0.904501766203894 0.943152879323092 1 1 1 1 0.913661381746488 0.924053232563871 0.846874229852953 0.943152879323092 0.962170377063994 1
0.942126016594102 0.883266244968373 0.712437361373532 0.726361619978641 0.902160519181796 0.922204879651688 0.941920644048304 1 1 0.941920644048304 0.941920644048304 0.928078534461513 1 0.927996385443194 1 1 0.962170377063994 0.962170377063994 1 1 1 0.962170377063994 0.962170377063994 0.962170377063994 0.962170377063994 0.962170377063994 0.943152879323092 0.943152879323092 0.943152879323092 1 1 1 0.880185656781401 0.824324324324324 0.852131767025384 0.943152879323092 0.846340261233878 0.386634354719461 0.243325392261562 0.243325392261562 0.943152879323092 0.962170377063994 0.956337796763329 1 1 1 1 1 0.860962786494701 0.924053232563871 0.462170377063994 0.670541362030724 0.924053232563871 0.904501766203894 1 1 1 1 1 0.980900353240779 0.875544237246365 0.924053232563871 0.847326049453709 0.962170377063994 0.785139242586051
0.518565678140146 0.61221555902407 0.962170377063994 0.981270023823215 0.823133163558695 0.962170377063994 0.952271420356527 0.962170377063994 0.843629343629344 0.952517867411484 0.904501766203894 0.951983898792409 0.937936416659821 0.975766039595827 1 0.951778526246611 0.976012486650785 0.980900353240779 0.980900353240779 0.962170377063994 1 1 0.962170377063994 0.962170377063994 0.962170377063994 0.980900353240779 0.962170377063994 0.980900353240779 0.980900353240779 1 1 1 0.980900353240779 0.962170377063994 0.798652756099565 0.962170377063994 0.924053232563871 0.881089295982913 0.875503162737205 0.943152879323092 0.980900353240779 0.980900353240779 1 1 1 1 1 0.980900353240779 0.444302965579561 0.899490676086421 0.50423067444344 0.885114597880555 0.980900353240779 0.980900353240779 1 1 0.976053561159944 1 0.980900353240779 0.943152879323092 0.919329664010515 0.895547523207098 0.881089295982913 0.746405980448534 0.703606341904214
0.942126016594102 0.942126016594102 0.499178509816808 0.962170377063994 0.574714532161341 0.904501766203894 1 0.880678550891317 0.879939209726444 0.865850653084696 1 0.904501766203894 0.904501766203894 0.938182863714779 0.975766039595827 1 0.87928201757989 1 0.943152879323092 0.962170377063994 1 1 1 1 1 1 1 1 1 1 0.976053561159944 0.980900353240779 0.980900353240779 0.980900353240779 0.962170377063994 0.867657931487719 0.923765710999753 0.905076809332129 0.870861743202169 1 1 1 1 1 1 1 1 1 0.881746488129467 0.924053232563871 0.943152879323092 1 1 1 1 0.976053561159944 1 1 0.943152879323092 0.5299022426682 0.85258358662614 0.708001314384293 0.650743448615789 0.665119526821655 0.669555573810893
0.317218434239711 0.764889509570361 0.904542840713053 1 1 1 0.952723239957282 0.952723239957282 0.9765053807607 0.962170377063994 0.803745995235357 0.962170377063994 0.9765053807607 0.962170377063994 0.938182863714779 0.962170377063994 1 0.951203483118377 0.976012486650785 0.962170377063994 0.962170377063994 0.980900353240779 0.937607820586544 0.812864536268792 0.97543744352255 1 1 1 1 1 1 0.943152879323092 0.943152879323092 0.943152879323092 0.980900353240779 0.924053232563871 0.924053232563871 0.875544237246365 0.870861743202169 1 1 1 1 1 1 1 1 1 0.918590322845642 0.961882855499877 1 1 0.976053561159944 0.962334675100633 1 0.980982502259098 1 0.980900353240779 0.943152879323092 0.718639612256634 0.48829376488951 0.294381007146965 0.626920233303212 0.708042388893453 0.708042388893453
0.943193953832252 0.962170377063994 0.933541444179742 0.957775404583915 0.962170377063994 0.914893617021277 0.917974205208248 0.933993263780498 0.981270023823215 0.917892056189929 0.778608395629672 0.84399901421178 0.824077877269367 0.917974205208248 0.865850653084696 0.976012486650785 0.951778526246611 1 1 0.976012486650785 1 1 0.855623100303951 0.830937320299022 0.97543744352255 1 1 1 1 1 0.980900353240779 0.924053232563871 0.924053232563871 0.943152879323092 0.962170377063994 0.943152879323092 0.962170377063994 1 1 1 1 1 1 1 1 1 1 1 1 1 1 1 0.980982502259098 0.980982502259098 1 1 1 1 0.962170377063994 0.718639612256634 0.337755688819519 0.182042224595416 0.4807771297133 0.765423478189436 0.93801856567814
0.268257619321449 0.957446808510638 1 0.981270023823215 0.914113201347244 0.9765053807607 0.93801856567814 0.962170377063994 0.798324160026288 0.414318573893042 0.88996138996139 0.798324160026288 0.687505134313645 0.914893617021277 0.764560913497084 0.981270023823215 0.928735726608067 0.952271420356527 0.975766039595827 1 1 0.87928201757989 0.938223938223938 0.855623100303951 0.831840959500534 1 1 -9999 -9999 -9999 -9999 -9999 -9999 0.962170377063994 0.962170377063994 0.924053232563871 0.962170377063994 0.913661381746488 0.943152879323092 -9999 -9999 -9999 -9999 1 1 1 1 1 1 1 1 0.980982502259098 0.980982502259098 0.976053561159944 1 1 1 1 0.980900353240779 0.962170377063994 0.363468331553438 0.181795777540458 0.742257455023413 0.727018812125195 0.707631643801857
0.0573400147868233 0.220570114187135 0.695062843999014 0.95194282428325 0.981270023823215 0.981270023823215 0.937936416659821 0.260289164544484 0.846381335743038 0.914113201347244 0.914113201347244 0.446028094964265 0.957775404583915 0.668487636572743 0.725786576850407 0.942126016594102 0.93801856567814 0.865850653084696 0.951778526246611 0.928283907007311 0.904132095621457 0.962170377063994 0.878871272488294 0.927215969769161 0.879117719543251 1 -9999 -9999 -9999 -9999 -9999 -9999 -9999 -9999 -9999 -9999 -9999 -9999 -9999 -9999 -9999 -9999 -9999 -9999 -9999 -9999 1 1 1 1 0.980982502259098 0.980982502259098 0.980982502259098 1 1 1 1 1 0.980900353240779 1 0.577302226238396 0.226279470960322 0.150538076069991 0.519428242832498 0.573235849831594
0.172636161997864 0.12926148032531 0.0430871601084367 0.315698677400805 0.981270023823215 0.729894027766368 0.705660067362195 0.206645855582026 0.18697116569457 0.288630575864618 0.423354965908157 0.962170377063994 0.962170377063994 0.312289493140557 0.543744352254991 0.765423478189436 0.922369177688327 0.823461759631972 0.962170377063994 0.865850653084696 0.865850653084696 0.937936416659821 1 0.855623100303951 -9999 -9999 -9999 -9999 -9999 -9999 -9999 -9999 -9999 -9999 -9999 -9999 -9999 -9999 -9999 -9999 -9999 -9999 -9999 -9999 -9999 -9999 -9999 1 1 1 1 1 1 1 1 1 1 1 1 0.962170377063994 0.559065144171527 0.250431282346176 0.110490429639366 0.270188121251951 0.863468331553438
0.173252279635258 0.100878994496016 0.0242339604041732 0.297666967879734 0.656617103425614 0.120266162819354 0.668651934609381 0.838741477039349 0.225170459213012 0.282469399490676 0.206399408527068 0.981270023823215 0.981270023823215 0.456789616364084 0.275486732933541 0.454242996796188 0.621662696130781 0.791136120923355 0.962170377063994 0.93801856567814 0.962170377063994 0.890454284071305 0.962170377063994 -9999 -9999 -9999 -9999 -9999 -9999 -9999 -9999 -9999 -9999 -9999 -9999 -9999 -9999 -9999 -9999 -9999 -9999 -9999 -9999 -9999 -9999 -9999 -9999 -9999 -9999 -9999 1 1 1 1 1 1 1 1 0.962170377063994 0.962170377063994 0.497781976505381 0.73930009036392 0.159944138667543 0.110490429639366 0.962170377063994
0.0242339604041732 0.023823215312577 0.023823215312577 0.0767271831101618 0.196377228292122 0.268339768339768 0.0767271831101618 0.773966976094636 0.31093403433829 0.534297215148279 0.273104411402284 0.962170377063994 0.962170377063994 0.500328596073277 0.129015033270352 0.390084613488869 0.869793805964019 0.734330074755607 0.815370081327528 0.942126016594102 -9999 -9999 -9999 -9999 -9999 -9999 -9999 -9999 -9999 -9999 -9999 -9999 -9999 -9999 -9999 -9999 -9999 -9999 -9999 -9999 -9999 -9999 -9999 -9999 -9999 -9999 -9999 -9999 -9999 -9999 -9999 -9999 -9999 -9999 1 1 1 0.962170377063994 0.943152879323092 0.943152879323092 0.807073030477286 0.700361455680605 0.164914154275856 0.110490429639366 0.823133163558695
0 0 0 0 0.0480571757167502 0.0242339604041732 0 0.129713299926066 0.751622443111805 0.510145403762425 0.0961143514335004 0.962170377063994 0.962170377063994 0.152961472110408 0.105027519921137 0.225252608231332 0.360798488458063 0.32904789287768 0.517292368356198 -9999 -9999 -9999 -9999 -9999 -9999 -9999 -9999 -9999 -9999 -9999 -9999 -9999 -9999 -9999 -9999 -9999 -9999 -9999 -9999 -9999 -9999 -9999 -9999 -9999 -9999 -9999 -9999 -9999 -9999 -9999 -9999 -9999 -9999 -9999 -9999 0.951778526246611 1 0.962170377063994 0.768996960486322 0.918590322845642 0.787685862153947 0.700361455680605 0.217735973055122 0.549700156083135 0.727059886634355
0 0 0 0 0 0.023823215312577 0 0.0961965004518196 0.373654809825023 0.297666967879734 -9999 0.254004764643062 0.254004764643062 0.0912264848435061 0.0859278731619157 0.105027519921137 -9999 -9999 -9999 -9999 -9999 -9999 -9999 -9999 -9999 -9999 -9999 -9999 -9999 -9999 -9999 -9999 -9999 -9999 -9999 -9999 -9999 -9999 -9999 -9999 -9999 -9999 -9999 -9999 -9999 -9999 -9999 -9999 -9999 -9999 -9999 -9999 -9999 -9999 -9999 -9999 0.980900353240779 0.962170377063994 0.663805142528547 0.726731290561078 0.787685862153947 0.343095375010269 0.0821900928283907 0.785139242586051 0.707631643801857
0 0 0 0 0 0 0 0 -9999 -9999 -9999 -9999 -9999 -9999 -9999 -9999 -9999 -9999 -9999 -9999 -9999 -9999 -9999 -9999 -9999 -9999 -9999 -9999 -9999 -9999 -9999 -9999 -9999 -9999 -9999 -9999 -9999 -9999 -9999 -9999 -9999 -9999 -9999 -9999 -9999 -9999 -9999 -9999 -9999 -9999 -9999 -9999 -9999 -9999 -9999 -9999 0.962170377063994 0.962170377063994 0.486527560995646 0.865727429557217 0.298817054136203 0.221350529861168 0.125934445083381 0.785139242586051 0.688655220570114
0 -9999 -9999 -9999 -9999 -9999 -9999 -9999 -9999 -9999 -9999 -9999 -9999 -9999 -9999 -9999 -9999 -9999 -9999 -9999 -9999 -9999 -9999 -9999 -9999 -9999 -9999 -9999 -9999 -9999 -9999 -9999 -9999 -9999 -9999 -9999 -9999 -9999 -9999 -9999 -9999 -9999 -9999 -9999 -9999 -9999 -9999 -9999 -9999 -9999 -9999 -9999 -9999 -9999 -9999 -9999 -9999 0.616939127577425 0.943152879323092 0.719502176948985 0.620101864782716 0.401174730961965 0.480078863057586 0.707631643801857 0.649100468249404
-9999 -9999 -9999 -9999 -9999 -9999 -9999 -9999 -9999 -9999 -9999 -9999 -9999 -9999 -9999 -9999 -9999 -9999 -9999 -9999 -9999 -9999 -9999 -9999 -9999 -9999 -9999 -9999 -9999 -9999 -9999 -9999 -9999 -9999 -9999 -9999 -9999 -9999 -9999 -9999 -9999 -9999 -9999 -9999 -9999 -9999 -9999 -9999 -9999 -9999 -9999 -9999 -9999 -9999 -9999 -9999 -9999 -9999 0.943152879323092 0.714819682904789 0.565842438182864 0.486281113940688 0.636531668446562 0.767148607574139 0.747022098085928
-9999 -9999 -9999 -9999 -9999 -9999 -9999 -9999 -9999 -9999 -9999 -9999 -9999 -9999 -9999 -9999 -9999 -9999 -9999 -9999 -9999 -9999 -9999 -9999 -9999 -9999 -9999 -9999 -9999 -9999 -9999 -9999 -9999 -9999 -9999 -9999 -9999 -9999 -9999 -9999 -9999 -9999 -9999 -9999 -9999 -9999 -9999 -9999 -9999 -9999 -9999 -9999 -9999 -9999 -9999 -9999 -9999 -9999 -9999 0.480571757167502 0.552493222705989 0.262219666474986 0.062392179413456 0.664585558202579 0.941920644048304
-9999 -9999 -9999 -9999 -9999 -9999 -9999 -9999 -9999 -9999 -9999 -9999 -9999 -9999 -9999 -9999 -9999 -9999 -9999 -9999 -9999 -9999 -9999 -9999 -9999 -9999 -9999 -9999 -9999 -9999 -9999 -9999 -9999 -9999 -9999 -9999 -9999 -9999 -9999 -9999 -9999 -9999 -9999 -9999 -9999 -9999 -9999 -9999 -9999 -9999 -9999 -9999 -9999 -9999 -9999 -9999 -9999 -9999 -9999 -9999 0.577302226238396 0.262219666474986 0.062392179413456 0.0865439907993099 0.539061858210794
-9999 -9999 -9999 -9999 -9999 -9999 -9999 -9999 -9999 -9999 -9999 -9999 -9999 -9999 -9999 -9999 -9999 -9999 -9999 -9999 -9999 -9999 -9999 -9999 -9999 -9999 -9999 -9999 -9999 -9999 -9999 -9999 -9999 -9999 -9999 -9999 -9999 -9999 -9999 -9999 -9999 -9999 -9999 -9999 -9999 -9999 -9999 -9999 -9999 -9999 -9999 -9999 -9999 -9999 -9999 -9999 -9999 -9999 -9999 -9999 0.807483775568882 0.573934116487308 0.396163640844492 0.106341904214245 0.499178509816808
-9999 -9999 -9999 -9999 -9999 -9999 -9999 -9999 -9999 -9999 -9999 -9999 -9999 -9999 -9999 -9999 -9999 -9999 -9999 -9999 -9999 -9999 -9999 -9999 -9999 -9999 -9999 -9999 -9999 -9999 -9999 -9999 -9999 -9999 -9999 -9999 -9999 -9999 -9999 -9999 -9999 -9999 -9999 -9999 -9999 -9999 -9999 -9999 -9999 -9999 -9999 -9999 -9999 -9999 -9999 -9999 -9999 -9999 -9999 -9999 -9999 0.250431282346176 0.555327363838002 0.172389714942906 0.456091349708371
-9999 -9999 -9999 -9999 -9999 -9999 -9999 -9999 -9999 -9999 -9999 -9999 -9999 -9999 -9999 -9999 -9999 -9999 -9999 -9999 -9999 -9999 -9999 -9999 -9999 -9999 -9999 -9999 -9999 -9999 -9999 -9999 -9999 -9999 -9999 -9999 -9999 -9999 -9999 -9999 -9999 -9999 -9999 -9999 -9999 -9999 -9999 -9999 -9999 -9999 -9999 -9999 -9999 -9999 -9999 -9999 -9999 -9999 -9999 -9999 -9999 0.278567321120513 0.669555573810893 0.423765710999754 0.207015526164462
-9999 -9999 -9999 -9999 -9999 -9999 -9999 -9999 -9999 -9999 -9999 -9999 -9999 -9999 -9999 -9999 -9999 -9999 -9999 -9999 -9999 -9999 -9999 -9999 -9999 -9999 -9999 -9999 -9999 -9999 -9999 -9999 -9999 -9999 -9999 -9999 -9999 -9999 -9999 -9999 -9999 -9999 -9999 -9999 -9999 -9999 -9999 -9999 -9999 -9999 -9999 -9999 -9999 -9999 -9999 -9999 -9999 -9999 -9999 -9999 -9999 -9999 0.708042388893453 0.274993838823626 0.46475807114105
-9999 -9999 -9999 -9999 -9999 -9999 -9999 -9999 -9999 -9999 -9999 -9999 -9999 -9999 -9999 -9999 -9999 -9999 -9999 -9999 -9999 -9999 -9999 -9999 -9999 -9999 -9999 -9999 -9999 -9999 -9999 -9999 -9999 -9999 -9999 -9999 -9999 -9999 -9999 -9999 -9999 -9999 -9999 -9999 -9999 -9999 -9999 -9999 -9999 -9999 -9999 -9999 -9999 -9999 -9999 -9999 -9999 -9999 -9999 -9999 -9999 -9999 0.746405980448534 0.423190667871519 0.80025466195679
-9999 -9999 -9999 -9999 -9999 -9999 -9999 -9999 -9999 -9999 -9999 -9999 -9999 -9999 -9999 -9999 -9999 -9999 -9999 -9999 -9999 -9999 -9999 -9999 -9999 -9999 -9999 -9999 -9999 -9999 -9999 -9999 -9999 -9999 -9999 -9999 -9999 -9999 -9999 -9999 -9999 -9999 -9999 -9999 -9999 -9999 -9999 -9999 -9999 -9999 -9999 -9999 -9999 -9999 -9999 -9999 -9999 -9999 -9999 -9999 -9999 -9999 0.548221473753389 0.804855006982667 0.962170377063994
