data-raw/DATASET_PNE/a_DATA/PFGS/ENVSUIT_A1B/HS_f90_P7_acer.asc
NCOLS 619 
NROWS 782 
XLLCORNER 876826 
YLLCORNER 1947424 
CELLSIZE 100 
NODATA_value -9999 
[rows 476 to 503 of 782, columns 252 to 314 of 619]
1 0.814807989975676 0.632048352620329 0.632048352620329 0.632048352620329 0.632048352620329 0.632048352620329 0.632048352620329 0.632048352620329 0.632048352620329 0.632048352620329 0.650659688951131 0.927286798850151 0.926144320778359 1 1 0.981978329770767 0.724220535121987 0.926144320778359 0.945455885604776 0.650659688951131 0.632048352620329 0.632048352620329 0.607319230485737 0.517432004127663 0.266197390727501 0.266197390727501 0.0686223925702071 0 0 0 0 0 0 0 0 0 0 0 0 0 0 0 0 0 0 0 0 0 0 0 0 0 0 0 0 0 0 0 0 0 0 0
1 1 0.632048352620329 0.632048352620329 0.632048352620329 0.632048352620329 0.632048352620329 0.632048352620329 0.632048352620329 0.632048352620329 0.632048352620329 0.817240362644652 1 0.901046657330287 1 0.963514409965357 0.632048352620329 0.950799734650254 0.950799734650254 0.835483157661974 0.632048352620329 0.632048352620329 0.632048352620329 0.607319230485737 0.59254072381514 0.216591729932925 0.191862607798334 0.0686223925702071 0 0 0 0 0 0 0 0 0 0 0 0 0 0 0 0 0 0 0 0 0 0 0 0 0 0 0 0 0 0 0 0 0 0 0
1 1 0.963182722783224 0.724920763617602 0.650659688951131 0.650659688951131 0.632048352620329 0.632048352620329 0.632048352620329 0.632048352620329 0.650659688951131 0.908712316650697 0.925702071202182 0.876354389327044 1 0.92651286209184 0.724220535121987 0.925702071202182 0.975344586128105 0.650659688951131 0.632048352620329 0.632048352620329 0.607319230485737 0.632048352620329 0.278838357779907 0.266197390727501 0.167207193926439 0.0995061546399351 0 0 0 0 0 0 0 0 0 0 0 0 0 0 0 0 0 0 0 0 0 0 0 0.0247291221345913 0 0 0 0 0 0 0 0 0 0 0
1 1 0.975344586128105 0.870384020048647 0.908712316650697 0.872374143141446 0.817498341564089 0.724920763617602 0.632048352620329 0.650659688951131 0.872374143141446 0.95677010392865 0.950246922680032 0.826675020269772 1 1 0.92651286209184 0.876354389327044 0.975344586128105 0.650659688951131 0.632048352620329 0.607392938748434 0.632048352620329 0.632048352620329 0.632048352620329 0.474533795238446 0.360138571533869 0.16798113068475 0.11826490749613 0.0620992113215892 0 0 0 0 0 0 0 0 0 0 0 0 0 0 0 0 0 0 0 0 0 0.0743716370605145 0 0 0 0 0 0 0 0 0 0 0
1 1 1 0.925591508808137 0.925591508808137 0.975344586128105 0.926144320778359 0.95677010392865 0.95677010392865 0.945455885604776 0.950246922680032 0.851404142404364 0.851404142404364 0.826675020269772 1 1 1 0.851625267192452 0.975344586128105 0.945455885604776 0.650659688951131 0.632048352620329 0.632048352620329 0.632048352620329 0.632048352620329 0.607098105697649 0.612515663005823 0.495172108793396 0.211137318493403 0.131384978256063 0.0187587528561952 0 0 0 0 0 0 0 0 0 0 0 0 0 0 0 0 0 0 0 0 0 0 0 0 0 0 0 0 0 0 0 0
1 1 1 1 0.975307731996757 0.826675020269772 0.876354389327044 0.975344586128105 0.925702071202182 0.901046657330287 0.826675020269772 0.950652318124862 0.900862386673546 0.925923195990271 1 0.687476966167907 1 0.826085354168202 0.975344586128105 1 0.90904400383283 0.650659688951131 0.632048352620329 0.632048352620329 0.632048352620329 0.632048352620329 0.607319230485737 0.59254072381514 0.154750497530773 0.16798113068475 0 0 0 0 0 0 0 0 0 0 0 0 0 0 0 0 0 0 0 0 0 0 0 0.0434141667280902 0 0 0 0 0.0551337804967937 0 0 0 0.036817277216776
1 1 1 1 0.975344586128105 1 0.90137834451242 0.901009803198939 0.876170118670303 0.826675020269772 0.876280681064347 0.901267782118376 1 1 1 0.632048352620329 0.92651286209184 0.900825532542198 0.925517800545441 1 0.975344586128105 0.945455885604776 0.743384683423012 0.650659688951131 0.632048352620329 0.632048352620329 0.607319230485737 0.594162305594457 0.354978993145132 0.229822363086902 0.0434878749907865 0 0 0 0 0 0 0 0 0 0 0 0 0 0 0 0 0 0 0 0 0.0737082626962483 0.221493329402226 0.0187587528561952 0 0.0187587528561952 0.0187587528561952 0.0434141667280902 0 0 0 0.128620918404953 0.201518390211543
1 1 1 1 1 1 1 0.925923195990271 0.925923195990271 0.901267782118376 1 1 1 1 0.668939338099801 0.632048352620329 1 1 0.876354389327044 1 1 1 0.872079310090661 0.687440112036559 0.632048352620329 0.632048352620329 0.632048352620329 0.632048352620329 0.373664037738631 0.118596594678263 0.0686223925702071 0 0 0 0 0 0 0 0 0 0 0 0 0 0 0 0 0 0 0 0 0.0187587528561952 0.221493329402226 0.280533647821921 0.0187587528561952 0 0.165548758015774 0.0679590182059409 0.0998378418220683 0.0187587528561952 0.0187587528561952 0.258789710326528 0.136360285988059
1 1 1 1 1 1 1 1 1 1 1 1 1 1 0.632048352620329 0.834230117196138 0.900825532542198 0.826675020269772 1 0.889327043561583 0.632048352620329 0.632048352620329 0.724220535121987 0.632048352620329 0.612921058450652 0.607098105697649 0.632048352620329 0.612515663005823 0.341564089334414 0.162010761406354 0.0187587528561952 0 0 0 0 0 0 0 0 0 0 0 0 0 0 0 0 0 0 0 0 0.0434141667280902 0.259489938822142 0.319562172919584 0.0187587528561952 0.0187587528561952 0.0187587528561952 0.0620255030588929 0.378823616127368 0.316466425886342 0.360138571533869 0.981646642588634 0.577246259305668
1 1 1 1 1 1 1 1 1 1 1 1 0.907790963366993 0.632048352620329 1 0.975307731996757 0.900567553622761 -9999 0.876354389327044 0.908159504680475 0.632048352620329 1 0.797191715191273 0.632048352620329 0.632048352620329 0.632048352620329 0.632048352620329 0.59254072381514 0.34793985405764 0.137023660352325 0 0 0 0 0 0 0 0 0 0 0 0 0 0 0 0 0 0 0 0.024655413871895 0.0434141667280902 0.136360285988059 0.238925333529889 0.489496572565785 0.0433036043340458 0.111115206014594 0.111115206014594 0.291368762438269 0.513783445124198 0.513783445124198 0.513783445124198 1 0.975270877865409
0.815029114763765 0.945161052553991 1 1 1 1 1 1 1 1 1 0.98153608019459 0.632048352620329 1 0.925923195990271 0.851219871747623 0.876059556276259 1 0.760558708631238 0.797191715191273 1 0.920800471732881 0.668939338099801 -9999 0.607098105697649 0.632048352620329 0.632048352620329 0.513783445124198 0.236198127810128 0.143325716812855 0 0 0 0 0 0 0 0 0 0 0 0 0 0 0 0 0.0187587528561952 0.0434141667280902 0.220129726542345 0.0434141667280902 0.0926881403405322 0.20962629910813 0.180585243605808 0.412397729785509 0.739736124419547 0.366882877570576 0.538954816834967 0.613694995208963 0.632048352620329 0.632048352620329 1 1 1
1 1 1 0.945161052553991 1 1 1 1 1 1 1 1 1 0.925923195990271 0.950394339205425 0.950394339205425 0.950799734650254 0.975344586128105 0.945455885604776 0.632048352620329 0.632048352620329 0.632048352620329 0.632048352620329 0.632048352620329 0.632048352620329 0.612515663005823 0.474570649369794 0.292584948772757 0.0434141667280902 0.0438564163042677 0 0 0 0 0 0 0 0 0 0 0 0 0 0.0434141667280902 0 0.0187587528561952 0.166470111299477 0.0434141667280902 0.220129726542345 0.118375469890175 0.193152502395519 0.589223851993808 0.678889953563794 0.740288936389769 0.801798481609789 0.789857743052996 0.814807989975676 1 0.814807989975676 0.814807989975676 1 1 1
0.974902336551927 1 1 1 1 0.851367288273015 1 1 1 1 1 1 1 0.851625267192452 0.900604407754109 1 1 0.890395813370679 0.632048352620329 0.632048352620329 0.632048352620329 0.632048352620329 0.632048352620329 0.513783445124198 0.38527308911329 0.341564089334414 0.267929534900862 0.218250165843591 0.143399425075551 0.068585538438859 0 0 0 0 0 0 0 0 0 0 0 0 0 0.0678484558118965 0 0.0434141667280902 0.0434141667280902 0.0620255030588929 0.0187587528561952 0.293764280975897 0.135844328149186 0.406501068769809 0.882214196211395 1 0.97504975307732 1 1 1 1 1 1 1 1
1 1 1 1 1 1 0.925665217070834 1 1 1 1 0.925480946414093 0.925665217070834 0.925702071202182 0.975344586128105 0.945455885604776 0.798739588707894 0.632048352620329 0.632048352620329 0.632048352620329 0.632048352620329 0.632048352620329 0.513783445124198 0.391611999705167 0.0434141667280902 0.0434141667280902 0.0679590182059409 0.0433036043340458 0 0 0 0 0 0 0 0 0 0 0 0 0.0737082626962483 0.111041497751898 0.165548758015774 0.0187587528561952 0.0434141667280902 0.0679590182059409 0.0620255030588929 0.0434141667280902 0.111115206014594 0.111115206014594 0.111115206014594 0.416857079678632 0.689909338836884 1 0.97504975307732 1 1 1 1 1 1 1 1
1 1 1 1 1 1 1 1 1 1 1 0.925960050121619 0.875948993882214 0.950246922680032 0.981425517800546 0.761922311491118 0.632048352620329 0.632048352620329 0.607392938748434 0.632048352620329 0.632048352620329 0.513783445124198 0.124935505270141 0.0434141667280902 0 0 0 0 0 0 0 0 0 0 0 0 0 0 0 0 0.0245448514778507 0.0925775779464878 0.359364634775558 0.344107024397435 0.621139529741284 0.695068917225621 0.688951131421832 0.720940517432004 0.832645389548168 0.943834303825459 0.981646642588634 0.981646642588634 0.981646642588634 1 1 1 1 1 1 1 1 1 1
1 1 1 1 1 1 1 1 1 1 1 1 0.900899240804894 0.975344586128105 0.760485000368541 0.632048352620329 0.632048352620329 0.582442691825754 0.632048352620329 0.513783445124198 0.434915604039213 0.191899461929682 0.0679590182059409 0.0434141667280902 0.131053291073929 0.0434141667280902 0.0434141667280902 0.183201886931525 0.191420358222157 0 0 0 0 0 0 0 0 0 0 0 0.0434878749907865 0.0925775779464878 0.0434141667280902 0.269329991892091 0.377975971106361 0.545809685265718 0.732475860543967 0.857079678631975 0.956696395665954 0.97504975307732 1 0.981646642588634 1 1 1 1 1 1 1 1 1 1 1
1 1 1 1 1 1 1 1 1 1 1 1 1 1 0.760263875580453 0.632048352620329 0.632048352620329 0.582442691825754 0.632048352620329 0.491670966315324 0.216407459276185 0.210068548684308 0.210068548684308 0.184970885236235 0.266197390727501 0.309648411586939 0.371010540281566 0.149185523697206 0 0 0 0 0 0 0 0 0 0 0.0247291221345913 0.0247291221345913 0 0.0434141667280902 0.0434141667280902 0.0865703545367436 0.160278617232992 0.111115206014594 0.545699122871674 0.956696395665954 0.981646642588634 0.981646642588634 1 1 1 1 1 1 1 1 0.975344586128105 1 1 1 1
1 1 1 1 1 1 1 1 1 1 1 1 1 1 0.956512125009214 0.77858037886047 0.632048352620329 0.632048352620329 0.582184712906317 0.479103707525614 0.491928945234761 0.419989680843223 0.375469890174689 0.344291295054176 0.210289673472396 0.408970295570133 0.311380555760301 0.0433036043340458 0.0434141667280902 0 0 0 0 0 0 0 0 0 0.0433036043340458 0.0681432888626815 0.0434141667280902 0.117122429424338 0.0679590182059409 0.0865703545367436 0.111115206014594 0.135549495098401 0.457286061767524 0.607098105697649 0.981646642588634 1 1 1 0.950394339205425 1 1 1 1 1 1 1 1 1 1
0.876317535195696 0.925591508808137 1 1 1 1 1 1 1 1 1 1 1 1 1 1 0.77858037886047 0.607098105697649 0.538881108572271 0.607319230485737 0.544482936537186 0.518721898724847 0.81396034495467 0.462408786024913 0.344291295054176 0.235018795606988 0.0433036043340458 0.0679590182059409 0.0679590182059409 0 0 0 0 0 0 0 0 0.0866440627994398 0.0936463477555834 0.117232991818383 0.116938158767598 0.141667280902189 0.0679590182059409 0.111115206014594 0.111115206014594 0.185339426549716 0.407238151396772 0.607098105697649 0.632048352620329 1 1 0.882840716444314 0.850777622171445 1 1 1 1 1 1 1 1 1 1
0.908712316650697 0.981425517800546 0.974902336551927 1 1 1 1 1 1 1 0.875875285619518 1 1 1 0.95068917225621 0.890137834451242 0.607098105697649 0.632048352620329 0.588744748286283 0.594567701039286 0.550600722340974 0.550600722340974 0.814034053217366 0.362128694626668 0.46896882140488 0.210289673472396 0.135549495098401 0.0925038696837916 0.0433036043340458 0.0245448514778507 0 0 0 0 0 0 0 0.0924670155524434 0.296638903221051 0.0681064347313334 0.184970885236235 0.135549495098401 0.111115206014594 0.111115206014594 0.431856711137318 0.432335814844844 0.469927028819931 0.632048352620329 0.723999410333898 0.981425517800546 0.769956512125009 0.876944055428614 0.851993808505934 1 1 1 1 1 1 1 1 1 1
0.650659688951131 0.836035969632196 0.950799734650254 0.975344586128105 1 1 1 1 1 1 0.90097294906759 1 1 1 0.975344586128105 0.975344586128105 0.890285250976634 0.632048352620329 0.607098105697649 0.613694995208963 0.613694995208963 0.981646642588634 0.671371710768777 0.303235792732365 0.239257020712022 0.254846318272278 0.160499742021081 0.166580673693521 0.0679590182059409 0.0245448514778507 0 0 0 0 0 0 0 0.0924670155524434 0.315102823026461 0.0373700891869979 0.0865703545367436 0.210068548684308 0.185339426549716 0.32298960713496 0.569617454116606 0.607098105697649 0.607098105697649 0.632048352620329 0.814807989975676 1 0.901673177563205 0.852178079162674 1 1 1 1 1 1 1 1 1 1 1
0.705793469447925 0.981572934325938 1 0.950246922680032 1 1 1 1 1 1 1 1 1 1 0.975270877865409 0.975344586128105 1 0.687218987248471 0.632048352620329 0.632048352620329 0.594567701039286 0.981646642588634 0.705977740104666 0.476265939411808 0.322621065821479 0.372668976192231 0.29450136360286 0.141888405690278 0.0187587528561952 0 0.0493845360064863 0 0 0 0 0 0.0434878749907865 0.093535785361539 0.221493329402226 0.621139529741284 0.274968673988354 0.210068548684308 0.278764649517211 0.407901525761038 0.632048352620329 0.632048352620329 0.632048352620329 0.632048352620329 0.632048352620329 0.926107466647011 0.754146089776664 0.876722930640525 0.851993808505934 1 1 1 1 1 1 1 0.975455148522149 0.926254883172404 1
1 1 1 1 1 1 1 1 1 1 1 1 1 1 1 1 0.975344586128105 0.797118006928577 0.650659688951131 0.632048352620329 0.752708778654087 0.37602270214491 0.607061251566301 0.556755362276111 0.457286061767524 0.347718729269551 0.210289673472396 0.0679590182059409 0.219466352178079 0.0434141667280902 0.0681432888626815 0.0737082626962483 0.036817277216776 0 0 0 0.0434878749907865 0.0684381219134665 0.375101348861207 0.508181617159284 0.480098769072013 0.569433183459866 0.432335814844844 0.544962040244712 0.632048352620329 0.668902483968453 0.687440112036559 0.705609198791185 0.687440112036559 0.797154861059925 1 1 0.975344586128105 1 1 1 1 1 1 1 1 1 1
0.632048352620329 0.632048352620329 1 1 1 1 1 1 1 1 1 1 1 1 1 1 0.975344586128105 0.851772683717845 0.755546546767893 0.814807989975676 0.668865629837105 0.28370310311786 0.689909338836884 0.494877275742611 0.476265939411808 0.269035158841306 0.0433036043340458 0.313702366035233 0.407201297265423 0.0187587528561952 0.0922827448957028 0.16444313407533 0 0 0 0 0 0.0187587528561952 0.402631384978256 0.382545883393528 0.334119554802093 0.632048352620329 0.550600722340974 0.632048352620329 0.723999410333898 0.760263875580453 0.632048352620329 0.705609198791185 1 1 1 1 1 1 1 1 1 1 1 1 1 1 1
0.594567701039286 0.632048352620329 0.981167538881109 1 1 1 1 1 1 1 1 1 1 1 1 1 1 0.975344586128105 1 1 1 0.97504975307732 0.548205203803346 0.308432225252451 0.702660868283335 0.136212869462667 0.0433036043340458 0.431746148743274 0.129210584506523 0.224441659910076 0 0 0.0244342890838063 0 0 0 0 0.0187587528561952 0.408601754256652 0.43399425075551 0.464472617380408 0.668275963735535 0.632048352620329 0.632048352620329 0.632048352620329 0.632048352620329 0.632048352620329 0.632048352620329 1 1 1 1 1 0.827743790078868 1 1 1 1 1 1 1 1 1
0.588744748286283 0.632048352620329 0.632048352620329 1 1 1 1 1 1 1 1 1 1 1 1 1 1 1 1 1 1 0.981646642588634 0.486953637502764 0.720977371563352 0.720977371563352 0.614911181543451 0.535416820225547 0.185339426549716 0.12338763175352 0.280386231296528 0.447851404142404 0.258716002063831 0.155745559077173 0 0 0 0 0 0.353873369204688 0.653534311196285 0.603633817350925 0.577430529962409 0.689909338836884 0.789857743052996 0.797154861059925 0.814807989975676 0.772720571976119 0.742168497088524 0.632048352620329 0.833419326306479 0.607392938748434 0.632048352620329 0.784071644431341 0.716923417115059 0.926107466647011 1 1 1 1 0.975344586128105 0.975344586128105 1 0.950799734650254
0.607098105697649 0.607098105697649 0.632048352620329 0.632048352620329 1 1 1 1 1 1 1 1 1 1 1 1 1 1 1 1 1 0.981646642588634 0.883024987101054 0.846060293358886 0.6473428171298 0.758605439669787 0.259674209478883 0.408970295570133 0.377717992186924 0.553143657403995 0.344659836367657 0.299624087860249 0.0431930419400015 0.0187587528561952 0 0 0.036817277216776 0 0.0620255030588929 0.513783445124198 0.509729490675905 0.503906537922901 0.155377017763691 0.485442618117491 0.814807989975676 0.963109014520528 0.926107466647011 1 0.950873442912951 0.736087565416083 0.464988575219282 0.588265644578757 0.655856121471217 0.926218029041056 0.950652318124862 0.975307731996757 1 1 1 1 0.975344586128105 0.975344586128105 0.950799734650254
0.594567701039286 0.607098105697649 0.632048352620329 0.632048352620329 1 1 1 1 1 1 1 1 1 1 1 1 1 1 1 1 1 1 0.944387115795681 0.783739957249208 0.272536301319378 0.210289673472396 0.882361612736788 0.721124788088745 0.529888700523329 0.528451389400752 0.324574334782929 0.375617306700081 0.0929092651286209 0.093240952310754 0.189761922311491 0.146790005159578 0.127552148595858 0 0.141814697427582 0.348934915604039 0.558929756025651 0.565968895113142 0.304046583622024 0.431009066116312 0.981646642588634 1 0.814807989975676 1 0.975565710916194 0.901267782118376 0.926218029041056 0.851883246111889 0.698201518390211 0.950652318124862 0.901673177563205 1 1 1 0.975344586128105 0.975344586128105 0.975344586128105 1 0.975344586128105
