data-raw/DATASET_PNE/a_DATA/PFGS/ENVSUIT_A1B/HS_f0_H2_dryGrass.asc
NCOLS 619 
NROWS 782 
XLLCORNER 876826 
YLLCORNER 1947424 
CELLSIZE 100 
NODATA_value -9999 
[rows 145 to 173 of 782, columns 260 to 324 of 619]
1 1 0.980344388461325 0.980344388461325 0.980344388461325 0.980344388461325 0.980344388461325 0.980344388461325 0.980344388461325 0.980344388461325 0.980344388461325 1 1 1 1 1 1 0.973312662643265 1 0.973312662643265 1 0.973312662643265 0.980344388461325 0.980344388461325 0.980344388461325 0.980344388461325 0.980344388461325 1 0.980344388461325 0.857925917723271 1 1 1 1 1 1 1 1 1 1 1 1 1 0.973312662643265 0.865898898178395 0.812856430983888 0.91960578041083 0.973035823044128 0.866175737777532 0.812856430983888 0.919273572891867 0.973312662643265 0.865898898178395 0.81302253474337 0.812856430983888 0.865898898178395 0.892641603454958 0.813133270583024 1 1 0.947289740324456 1 1 1 0.981396378938043
0.946846796965838 0.946846796965838 0.973257294723437 1 0.980344388461325 0.980344388461325 0.980344388461325 1 1 1 0.973312662643265 0.946016278168429 0.919052101212557 0.946016278168429 0.946016278168429 0.919052101212557 0.919052101212557 0.919052101212557 0.919052101212557 0.892641603454958 0.973312662643265 1 1 1 1 1 1 0.972703615525165 0.980344388461325 0.851226399424174 0.857925917723271 0.857925917723271 1 1 1 1 1 1 1 0.973312662643265 0.892863075134267 0.865898898178395 0.973312662643265 0.919550412491003 1 1 0.946736061126183 0.973035823044128 0.920325563368584 0.866341841537013 0.786556669065943 0.946237749847738 0.892641603454958 1 1 1 0.920325563368584 0.920325563368584 1 1 1 1 1 0.964121587951941 0.750401417418748
0.973312662643265 0.973312662643265 0.973312662643265 1 1 0.946846796965838 1 0.946016278168429 0.946016278168429 0.973312662643265 0.973312662643265 0.946016278168429 0.945739438569293 1 1 1 1 0.946016278168429 0.973312662643265 1 0.946016278168429 0.892641603454958 1 0.973312662643265 0.919052101212557 1 0.946016278168429 1 1 0.980344388461325 0.899119650074747 0.824815901666574 0.851226399424174 0.960245833564033 1 1 1 1 0.946016278168429 0.839433032500969 1 1 0.946016278168429 1 1 1 1 1 1 1 0.866341841537013 1 0.973700238082055 1 1 1 1 1 1 0.982725209013897 0.982725209013897 0.85975305907757 0.85975305907757 0.788106970821106 0.504401749626266
1 0.946016278168429 1 0.973312662643265 1 1 0.973312662643265 0.946016278168429 1 1 1 0.893029178893749 1 1 1 1 1 1 1 0.973035823044128 0.973035823044128 1 0.919052101212557 0.892641603454958 0.919052101212557 1 0.919052101212557 0.892641603454958 0.892641603454958 0.973312662643265 1 1 1 1 1 1 1 0.973312662643265 0.839433032500969 1 1 1 1 1 1 1 1 1 1 1 1 1 1 1 0.982725209013897 0.85975305907757 0.954985881180444 0.954985881180444 0.954985881180444 0.929018326781463 0.85975305907757 0.789380432977133 0.714799844969825 0.540667737113117 0.267205581086319
0.973035823044128 0.973035823044128 1 1 1 1 1 1 1 1 1 1 1 1 1 1 1 1 1 1 1 1 1 1 1 1 0.973035823044128 0.973035823044128 0.919052101212557 0.919052101212557 1 1 1 1 1 0.946016278168429 0.865898898178395 0.866175737777532 1 1 1 1 1 1 1 1 0.982725209013897 0.965450418027795 1 1 1 1 1 0.982725209013897 0.806489120203754 0.806489120203754 0.981396378938043 0.732849786833509 0.852776701179337 0.889098056586014 0.714799844969825 0.697082110625104 0.505619843862466 0.328608604174741 0.267205581086319
1 1 1 1 1 1 1 1 1 1 1 1 1 1 1 1 1 1 1 1 1 1 1 1 1 1 1 1 0.973035823044128 0.919052101212557 1 1 1 1 1 0.865898898178395 0.919052101212557 1 1 1 1 1 1 0.981396378938043 0.981396378938043 0.981396378938043 0.964121587951941 0.806489120203754 0.930347156857317 1 1 1 1 0.877304689662809 0.806489120203754 0.736670173301589 0.870826643043021 0.328608604174741 0.285034051270694 0.678699961242456 0.487182326559991 0.607164608825646 0.308011737999003 0.267205581086319 0.267205581086319
1 1 1 1 1 1 0.973035823044128 1 1 1 1 1 0.981396378938043 0.981396378938043 0.981396378938043 0.981396378938043 0.981396378938043 0.981396378938043 0.981396378938043 1 1 1 1 1 1 1 1 1 0.973035823044128 0.946016278168429 0.865898898178395 1 1 1 0.972703615525165 1 1 1 1 1 1 0.981396378938043 0.964121587951941 0.873982614473174 0.784784895631471 0.714799844969825 0.806156912684791 0.806489120203754 0.806489120203754 0.877304689662809 1 0.981396378938043 0.859254747799125 0.859254747799125 0.731908532196445 0.593433364708488 0.623387409335031 0.267205581086319 0.267205581086319 0.267205581086319 0.267205581086319 0.387630806710592 0.267205581086319 0.267205581086319 0.106860085266597
1 1 1 1 1 1 1 1 1 1 0.981396378938043 0.945739438569293 0.81844859088644 0.81745196832955 0.870826643043021 0.889540999944632 0.871989369359393 0.871823265599911 0.802447262056365 0.981396378938043 1 1 1 1 1 1 1 1 1 0.973035823044128 1 1 1 1 1 1 1 1 1 1 0.981396378938043 0.893582858092021 0.576989092519794 0.487182326559991 0.487182326559991 0.469353856375616 0.505619843862466 0.612092353690272 0.789380432977133 0.806489120203754 0.964121587951941 0.893859697691158 0.806489120203754 0.714910580809479 0.52366978572615 0.328608604174741 0.544322019821715 0.267205581086319 0.213221859254748 0.267205581086319 0.267205581086319 0.267205581086319 0.267205581086319 0.213720170533193 0.107358396545042
1 1 1 1 1 1 1 1 1 0.981396378938043 0.714799844969825 0.487182326559991 0.267205581086319 0.267205581086319 0.440396434305963 0.501799457394386 0.501799457394386 0.501799457394386 0.52366978572615 0.964121587951941 0.981396378938043 1 0.982725209013897 1 0.981396378938043 0.981396378938043 0.981396378938043 1 1 1 1 1 1 1 1 1 1 1 1 0.982725209013897 0.806489120203754 0.714799844969825 0.504401749626266 0.267205581086319 0.267205581086319 0.267205581086319 0.328608604174741 0.469353856375616 0.629034937157411 0.731908532196445 0.770998283594485 0.788106970821106 0.714190797851725 0.593433364708488 0.328608604174741 0.267205581086319 0.457505121532584 0.24018603621062 0.160400863739549 0.24018603621062 0.212889651735784 0.212889651735784 0.267205581086319 0.106970821106251 0.267205581086319
1 1 1 1 1 1 1 1 1 0.964121587951941 0.487569901998782 0.267205581086319 0.267205581086319 0.239909196611483 0.239909196611483 0.387630806710592 0.285034051270694 0.267205581086319 0.328608604174741 0.558717678976801 0.981396378938043 0.981396378938043 0.806489120203754 0.789380432977133 0.964121587951941 0.732849786833509 0.806489120203754 1 1 1 1 1 1 1 1 1 1 1 0.981396378938043 0.806489120203754 0.806489120203754 0.541498255910525 0.328608604174741 0.267205581086319 0.267205581086319 0.267205581086319 0.267205581086319 0.267205581086319 0.469353856375616 0.660871491058081 0.62643264492553 0.575383422844804 0.469353856375616 0.328608604174741 0.267205581086319 0.267205581086319 0.267205581086319 0.160124024140413 0.0801173799900338 0.132827639665578 0.132827639665578 0.160124024140413 0.267205581086319 0.267205581086319 0.106804717346769
1 1 1 1 1 1 1 1 1 0.928187807984054 0.501799457394386 0.267205581086319 0.212889651735784 0.267205581086319 0.267205581086319 0.212889651735784 0.212889651735784 0.267205581086319 0.267205581086319 0.328608604174741 0.853551852056918 0.906815790930735 0.52366978572615 0.678810697082111 0.800398649022756 0.558717678976801 0.629422512596202 0.981396378938043 1 1 1 1 1 1 1 1 1 0.981396378938043 0.877027850063673 0.714799844969825 0.593433364708488 0.469353856375616 0.267205581086319 0.212889651735784 0.24018603621062 0.15918276950335 0.267205581086319 0.267205581086319 0.267205581086319 0.328608604174741 0.328608604174741 0.308011737999003 0.267205581086319 0.267205581086319 0.267205581086319 0.24018603621062 0.24018603621062 0.132827639665578 0 0 0.106804717346769 -9999 -9999 0 0
1 1 1 1 1 1 1 1 0.964121587951941 0.854437738774154 0.474779912518687 0.239909196611483 0.267205581086319 0.267205581086319 0.267205581086319 0.240462875809756 0.159570344942141 0.212889651735784 0.239909196611483 0.267205581086319 0.466419356624772 0.816510713692487 0.328608604174741 0.405016333536349 0.561984386246609 0.346437074359116 0.52366978572615 0.981396378938043 1 1 1 1 1 1 1 1 0.964121587951941 0.806489120203754 0.594374619345551 0.52366978572615 0.469353856375616 0.308011737999003 0.24018603621062 0.24018603621062 0.212889651735784 0.133436686783678 0.24018603621062 0.267205581086319 0.267205581086319 0.267205581086319 0.267205581086319 0.267205581086319 0.24018603621062 0.267205581086319 0.267205581086319 0.159736448701622 0.267205581086319 0.240628979569238 0 0 -9999 -9999 -9999 -9999 0
1 1 1 1 1 1 1 0.981396378938043 0.964121587951941 0.731687060517136 0.267205581086319 0.239909196611483 0.239909196611483 0.267205581086319 0.267205581086319 0.0269641769558718 0.106417141907979 0.213332595094402 0.186313050218703 0.212889651735784 0.285034051270694 0.405016333536349 0.267205581086319 0.30203200265766 0.405016333536349 0.267205581086319 0.469353856375616 0.751619511654947 0.964121587951941 1 1 1 1 1 1 0.964121587951941 0.824539062067438 0.663141575770998 0.505619843862466 0.308011737999003 0.267205581086319 0.267205581086319 0.212889651735784 0.24018603621062 0.106361773988151 0.213443330934057 0.106361773988151 0.212889651735784 0.267205581086319 0.267205581086319 0.267205581086319 0.212889651735784 0.24018603621062 0.267205581086319 0.213443330934057 0.267205581086319 -9999 -9999 0 0 -9999 -9999 -9999 -9999 0
1 1 1 1 1 1 0.981396378938043 0.859254747799125 0.733569569791263 0.328608604174741 0.267205581086319 0.239909196611483 0.267205581086319 0.267205581086319 0.0801173799900338 0.0269641769558718 0.0269641769558718 0.0800066441503793 0.0800066441503793 0.159570344942141 0.31936216156359 0.267205581086319 0.267205581086319 0.285034051270694 0.239909196611483 0.267205581086319 0.328608604174741 0.715132052488788 0.876308067105919 0.964121587951941 1 1 1 1 1 0.806489120203754 0.714799844969825 0.505619843862466 0.328608604174741 0.267205581086319 0.267205581086319 0.24018603621062 0.16017939206024 0.159570344942141 0.132827639665578 0.0269641769558718 0.106140302308842 0.106860085266597 0.24018603621062 0.186479153978185 0.212889651735784 0.186866729416976 0.08039421958917 0.107413764464869 0.213443330934057 0.240628979569238 -9999 -9999 -9999 0 -9999 -9999 -9999 -9999 0
1 1 1 1 1 1 0.946846796965838 0.806489120203754 0.661812745695144 0.308011737999003 0.267205581086319 0.24018603621062 0.267205581086319 0.267205581086319 0.186313050218703 0.0269641769558718 0.0269641769558718 0.0269641769558718 0 0.186313050218703 0.23171474447705 0.30203200265766 0.212889651735784 0.186866729416976 0.24018603621062 0.267205581086319 0.328608604174741 0.748795747743757 0.806489120203754 0.841703117213886 0.981396378938043 0.965450418027795 0.964121587951941 0.946846796965838 0.895188527767012 0.717900448480151 0.505619843862466 0.423066275400033 0.267205581086319 0.267205581086319 0.213221859254748 0.212889651735784 0.106860085266597 0.132827639665578 0 0 0 0.132827639665578 0.106361773988151 0.08039421958917 0.0801173799900338 0.213443330934057 0.0537068822324345 0 -9999 -9999 -9999 -9999 -9999 -9999 -9999 -9999 -9999 -9999 0
1 1 1 1 1 0.964121587951941 0.806489120203754 0.697801893582858 0.695919384308731 0.267205581086319 0.267205581086319 0.267205581086319 0.24018603621062 0.240462875809756 0.0269641769558718 0.106693981507115 0 0 0 0 0.159570344942141 0.194673606112618 0.132827639665578 0.159570344942141 0.24018603621062 0.267205581086319 0.387630806710592 0.505619843862466 0.731908532196445 0.859254747799125 0.859254747799125 0.824040750788993 0.824151486628647 0.806489120203754 0.806489120203754 0.523448314046841 0.328608604174741 0.387630806710592 0.24018603621062 0.24018603621062 0.160400863739549 0.213443330934057 0.132827639665578 0 0 0 0 0 0.106417141907979 0 -9999 0 0 0 0 -9999 -9999 -9999 -9999 -9999 -9999 -9999 -9999 -9999 -9999
1 1 0.964121587951941 0.981396378938043 0.964121587951941 0.806489120203754 0.680471734676928 0.593433364708488 0.483860251370356 0.267205581086319 0.267205581086319 0.267205581086319 0.186866729416976 0.0269641769558718 0.0532639388738165 0.0269641769558718 0 0 0 0 0.079729804551243 0.106361773988151 0.132827639665578 0.132827639665578 0.106860085266597 0.267205581086319 0.285034051270694 0.308011737999003 0.558717678976801 0.784674159791817 0.750678257017884 0.788106970821106 0.788106970821106 0.731908532196445 0.576103205802558 0.328608604174741 0.267205581086319 0.267205581086319 0.186866729416976 0.134156469741432 0 0.0801173799900338 0 0 0 0 0 0 0 0 -9999 -9999 0 0 0 0 -9999 -9999 -9999 -9999 -9999 -9999 -9999 -9999 0
0.981230275178562 1 0.824040750788993 0.946846796965838 0.824040750788993 0.733569569791263 0.593433364708488 0.483860251370356 0.267205581086319 0.267205581086319 0.24018603621062 0.186866729416976 0.132827639665578 0.0269641769558718 0.106361773988151 0 0 0 0 0 0 0 0.079951276230552 0.106140302308842 0.106860085266597 0.267205581086319 0.267205581086319 0.267205581086319 0.466419356624772 0.678921432921765 0.661812745695144 0.52366978572615 0.628259786279829 0.628259786279829 0.308011737999003 0.267205581086319 0.267205581086319 0.160124024140413 0.186700625657494 0.0269641769558718 0 0 0 0 0 0 0 0 -9999 -9999 -9999 -9999 -9999 0 0 -9999 -9999 -9999 -9999 -9999 -9999 -9999 -9999 -9999 -9999
0.962958861635568 0.962958861635568 0.981230275178562 0.788106970821106 0.788106970821106 0.661812745695144 0.614473174242844 0.459664470405847 0.267205581086319 0.267205581086319 0.212889651735784 0.132827639665578 0.132827639665578 0.132827639665578 0 0 0 0 0 0 0 0 0 0.0269641769558718 0.186866729416976 0.212889651735784 0.267205581086319 0.267205581086319 0.267205581086319 0.308011737999003 0.328608604174741 0.328608604174741 0.308011737999003 0.267205581086319 0.267205581086319 0.267205581086319 0.133658158462987 0.186700625657494 0.0266873373567355 0 0 0 0 0 0 0 0 -9999 -9999 -9999 -9999 -9999 -9999 -9999 -9999 -9999 -9999 -9999 -9999 -9999 -9999 -9999 -9999 -9999 -9999
0.962958861635568 0.962958861635568 0.593433364708488 0.661812745695144 0.695919384308731 0.537124190244173 0.715519627927579 0.422457228281933 0.267205581086319 0.186479153978185 0.186700625657494 0.132827639665578 0 0 0 0 0 0 0 0 0 0 0 0 0.159570344942141 0.0537068822324345 0.267205581086319 0.186479153978185 0.267205581086319 0.267205581086319 0.267205581086319 0.267205581086319 0.267205581086319 0.267205581086319 0.24018603621062 0.212889651735784 0.132827639665578 0.0262997619179447 0 0 0 0 0 0 0 0 0 -9999 -9999 -9999 -9999 -9999 -9999 -9999 -9999 -9999 -9999 -9999 -9999 -9999 -9999 -9999 -9999 -9999 -9999
0.962958861635568 0.962958861635568 0.344277725485854 0.326061679862688 0.395825258845025 0.371795581639998 0.457006810254139 0.267205581086319 0.267205581086319 0.133436686783678 0.106140302308842 0 0 0 0 0 0 0 0 0 0 0 0 0 0.132827639665578 0.160124024140413 0.134101101821605 0.24018603621062 0.186479153978185 0.267205581086319 0.267205581086319 0.267205581086319 0.24018603621062 0.213443330934057 0.0537068822324345 0.160124024140413 0.0266873373567355 0 0 0 -9999 0 0 0 0 0 -9999 -9999 -9999 -9999 -9999 -9999 -9999 -9999 -9999 -9999 -9999 -9999 -9999 -9999 -9999 -9999 -9999 -9999 -9999
0.962958861635568 0.944908919771884 0.666795858479597 0.267205581086319 0.267205581086319 0.267205581086319 0.267205581086319 0.267205581086319 0.212889651735784 0.133436686783678 0.106140302308842 0 0 0 0 0 0 0 0 0 0 0 0 0 0.0801173799900338 0.0801173799900338 0.0267427052765628 0.186866729416976 0.15979181662145 0.267205581086319 0.267205581086319 0.0802834837495155 0.106970821106251 0.160124024140413 -9999 0.132827639665578 0 -9999 0 0 0 -9999 0 0 0 0 -9999 -9999 -9999 -9999 -9999 -9999 -9999 -9999 -9999 -9999 -9999 -9999 -9999 -9999 -9999 -9999 -9999 -9999 -9999
1 0.962958861635568 0.328608604174741 0.4394551796689 0.267205581086319 0.267205581086319 0.239909196611483 0.186479153978185 0.213443330934057 0.0801173799900338 0.0269641769558718 0 0 0 0 0 0 0 0 0 0 0 0 0 0 0.0537068822324345 0.0537068822324345 0 0.133436686783678 0.0537068822324345 0.107413764464869 0.160124024140413 0.132827639665578 0.0266873373567355 -9999 0 -9999 -9999 0 0 0 -9999 0 0 0 -9999 -9999 -9999 -9999 -9999 -9999 -9999 -9999 -9999 -9999 -9999 -9999 -9999 -9999 -9999 -9999 -9999 -9999 -9999 -9999
0.806489120203754 0.644482586789214 0.328608604174741 0.267205581086319 0.267205581086319 0.212889651735784 0.15979181662145 0.213443330934057 0.0269641769558718 0.0269641769558718 0.0269641769558718 0 0 0 0 0 0 0 0 0 0 0 0 0 0 0 0 0 0.132827639665578 0.052710259675544 0.160124024140413 0 0 0 -9999 0 -9999 -9999 -9999 0 0 -9999 0 0 0 0 -9999 -9999 -9999 -9999 -9999 -9999 -9999 -9999 -9999 -9999 -9999 -9999 -9999 -9999 -9999 -9999 -9999 -9999 -9999
0.981396378938043 0.731908532196445 0.344277725485854 0.267205581086319 0.766956425447096 0.212889651735784 0.24018603621062 0.0269641769558718 0.0269641769558718 0.0269641769558718 0 0 0 0 0 0 0 0 0 0 0 0 0 0 0 0 0 0 -9999 0 0 0 0 0 0 0 -9999 -9999 -9999 -9999 -9999 -9999 -9999 0 0 0 -9999 -9999 -9999 -9999 -9999 -9999 -9999 -9999 -9999 -9999 -9999 -9999 -9999 -9999 -9999 -9999 -9999 -9999 -9999
1 1 0.962958861635568 0.908255356846243 0.766956425447096 0.24018603621062 0.213443330934057 0.0269641769558718 0.0269641769558718 0 0 0 0 0 0 0 0 0 0 0 0 0 0 0 -9999 0 0 0 -9999 0 0 0 0 0 -9999 -9999 -9999 -9999 -9999 0 0 -9999 0 -9999 0 -9999 -9999 -9999 -9999 -9999 -9999 -9999 -9999 -9999 -9999 -9999 -9999 -9999 -9999 -9999 -9999 -9999 -9999 -9999 -9999
1 1 0.962958861635568 0.908255356846243 0.24018603621062 0.24018603621062 0.0537068822324345 0.0269641769558718 0.0269641769558718 0 0 0 0 0 0 0 0 0 0 0 0 0 0 0 -9999 0 -9999 -9999 0 0 0 0 0 0 -9999 -9999 -9999 -9999 -9999 0 0 -9999 0 -9999 0 -9999 -9999 -9999 -9999 -9999 -9999 -9999 -9999 -9999 -9999 -9999 -9999 -9999 -9999 -9999 -9999 -9999 -9999 -9999 -9999
1 0.962958861635568 0.962958861635568 0.908255356846243 0.267205581086319 0.24018603621062 0.080172747909861 0 0.0269641769558718 0 0 0 0 0 0 0 0 0 0 0 0 0 0 -9999 -9999 -9999 -9999 -9999 0 0 -9999 0 0 0 -9999 -9999 -9999 -9999 -9999 -9999 0 -9999 -9999 -9999 -9999 -9999 -9999 -9999 -9999 -9999 -9999 -9999 -9999 -9999 -9999 -9999 -9999 -9999 -9999 -9999 -9999 -9999 -9999 -9999 -9999
0.925585515752173 0.962958861635568 0.962958861635568 0.267205581086319 0.267205581086319 0.212889651735784 0.186479153978185 0.186700625657494 0.106140302308842 0 0 0 0 0 0 0 0 0 0 0 0 0 0 -9999 -9999 -9999 -9999 -9999 -9999 0 -9999 0 0 -9999 -9999 -9999 -9999 -9999 -9999 -9999 0 -9999 -9999 -9999 -9999 -9999 -9999 -9999 -9999 -9999 -9999 -9999 -9999 -9999 -9999 -9999 -9999 -9999 -9999 -9999 -9999 -9999 -9999 -9999 -9999
