data-raw/DATASET_PNE/a_DATA/PFGS/ENVSUIT_A1B/HS_f0_C3_cushion.asc
NCOLS 619 
NROWS 782 
XLLCORNER 876826 
YLLCORNER 1947424 
CELLSIZE 100 
NODATA_value -9999 
[rows 608 to 639 of 782, columns 438 to 510 of 619]
0.927626714860757 0.783824858292943 1 1 1 0.95190174977409 0.951860675264931 1 1 1 1 0.976012486650785 0.975848188614146 1 1 1 1 1 1 1 0.976012486650785 0.952066047810729 1 0.927667789369917 0.928078534461513 0.808058818697116 0.85578739834059 0.85578739834059 0.927626714860757 1 1 1 1 1 0.832333853610449 0.9038856485665 0.951614228209973 1 0.879035570524932 0.807401626550563 0.759673046907089 1 1 1 0.904255319148936 1 1 1 1 1 1 1 1 1 1 1 1 1 1 1 0.927462416824119 0.807853446151318 0.855458802267313 1 0.976012486650785 0.951819600755771 1 1 1 1 1 1 1
0.904132095621457 0.83221063008297 1 0.975848188614146 1 0.856485664996303 0.80768914811468 1 1 1 0.976012486650785 1 0.903762425039021 1 1 1 1 1 0.952066047810729 0.951860675264931 0.952066047810729 0.976053561159944 0.976053561159944 0.976176784687423 0.928160683479832 0.904214244639777 1 0.952394643884006 0.975807114104987 1 1 1 1 0.951655302719133 0.975848188614146 1 0.928119608970673 0.975848188614146 0.95190174977409 1 1 1 1 1 0.856074919904707 0.976012486650785 1 1 1 1 1 1 1 1 0.904255319148936 1 1 1 1 1 0.903639201511542 1 0.831964183028013 1 0.903762425039021 1 1 1 1 0.629836523453545 0.981023576768258 1 0.802678057997207
1 1 1 1 1 0.975848188614146 1 1 0.903557052493223 0.855705249322271 0.880267805799721 0.831471288918097 1 0.975848188614146 1 1 1 0.85574632383143 0.952066047810729 0.832169555573811 0.951860675264931 0.976053561159944 0.952230345847367 0.643637558531176 0.64955228785016 0.976217859196583 0.952394643884006 0.951983898792409 0.97543744352255 1 0.981023576768258 0.909019962211452 0.770804238889345 0.808058818697116 1 0.951860675264931 0.951860675264931 1 1 1 1 1 1 1 0.904419617185575 0.952189271338207 1 1 1 1 1 1 1 1 1 1 1 1 1 1 0.783455187710507 0.808017744187957 0.904049946603138 0.952230345847367 0.975848188614146 1 1 1 0.623675347079602 0.370779594183849 0.423313891398998 0.414359648402202 0.450751663517621
0.904132095621457 1 1 1 1 1 0.975848188614146 1 1 1 1 0.975848188614146 0.95190174977409 0.904255319148936 1 1 1 1 1 0.90384457405734 0.831101618335661 0.952066047810729 0.698102357676826 0.73498726690216 0.976217859196583 1 1 0.83221063008297 1 1 0.811632300994003 0.629836523453545 0.75963197239793 1 0.83221063008297 1 0.928119608970673 1 0.975848188614146 1 1 1 1 1 0.975848188614146 0.952189271338207 1 1 1 1 1 1 1 1 1 1 1 1 1 0.831923108518853 0.808017744187957 1 1 1 1 1 1 0.981023576768258 0.375913907828801 0.446808510638298 0.425572989402777 0.308017744187957 0.288918097428736
0.85574632383143 1 0.975848188614146 1 1 0.975848188614146 1 0.975848188614146 0.904337468167255 0.927832087406555 1 1 1 1 1 1 1 1 1 1 0.831471288918097 0.880226731290561 0.904173170130617 1 1 1 1 1 1 1 0.605849010104329 1 0.951655302719133 0.83221063008297 0.808058818697116 0.856773186560421 0.880021358744763 1 1 0.952066047810729 1 1 1 1 0.975848188614146 0.976012486650785 1 1 1 1 1 1 1 1 1 1 1 1 0.951860675264931 0.783455187710507 1 1 1 1 1 1 1 0.395013554588023 0.375913907828801 0.793518442454613 0.776061776061776 0.269900599687834 0.269900599687834
0.952024973301569 1 1 0.952353569374846 1 1 1 1 1 1 1 1 1 1 1 1 1 1 1 0.951491004682494 1 0.952394643884006 0.976176784687423 1 0.927215969769161 1 0.981023576768258 0.981023576768258 0.975848188614146 0.714326788794874 1 1 0.951203483118377 0.873736958843342 0.777335085845724 0.485582847284975 0.904460691694734 1 1 0.927832087406555 1 -9999 1 1 1 0.879857060708125 1 1 1 1 0.951860675264931 0.952353569374846 1 1 1 1 1 0.975848188614146 0.855089131684876 1 1 1 0.951860675264931 1 1 1 0.976012486650785 0.395013554588023 0.545551630658014 0.981023576768258 0.95194282428325 0.781483611270845 0.55343793641666
1 1 1 1 1 1 0.808387414770394 0.88030888030888 0.88030888030888 0.927955310934034 1 1 1 1 1 1 1 1 1 0.976053561159944 0.783824858292943 0.783824858292943 0.975848188614146 1 1 1 0.981023576768258 0.879939209726444 0.951655302719133 0.443481475396369 1 1 1 1 0.892466935020127 0.788877022919576 0.904296393658096 0.8803910293272 1 1 1 -9999 1 1 1 0.95190174977409 0.951860675264931 1 1 0.976012486650785 1 1 1 1 1 1 1 1 1 1 1 0.951778526246611 0.928037459952354 1 0.83221063008297 0.879651688162326 0.789082395465374 0.952189271338207 1 1 1 0.981023576768258 0.9765053807607
0.976012486650785 0.85681426106958 0.880185656781401 0.808387414770394 0.85574632383143 0.951860675264931 0.951860675264931 0.951860675264931 1 0.92836605602563 1 1 1 1 1 1 1 1 1 0.879610613653167 0.92836605602563 0.952353569374846 1 1 0.629836523453545 1 0.927667789369917 0.927873161915715 0.390125687998028 0.240737698184507 1 0.952558941920644 1 0.85578739834059 1 0.976176784687423 0.92844820504395 1 0.879980284235603 1 1 1 1 1 1 1 0.879857060708125 1 1 0.951860675264931 1 1 1 1 1 1 -9999 0.976176784687423 0.807853446151318 0.976053561159944 1 0.927626714860757 1 0.831553437936417 0.975807114104987 0.976217859196583 1 1 1 1 1 0.793518442454613 0.793518442454613
1 0.951860675264931 1 0.951860675264931 0.951860675264931 1 1 0.9765053807607 1 0.975848188614146 0.951983898792409 1 0.952066047810729 1 0.975848188614146 1 0.927832087406555 1 0.927832087406555 0.92836605602563 0.951860675264931 1 1 1 1 0.93263780497823 0.390125687998028 0.951819600755771 0.350776308223117 0.408855664174813 1 1 1 0.904583915222213 0.976217859196583 0.976217859196583 1 0.952271420356527 1 0.975848188614146 1 0.975848188614146 1 1 1 0.975848188614146 0.928201757988992 1 1 1 1 1 1 1 1 1 1 0.975848188614146 0.879076645034092 1 1 0.975848188614146 1 0.928037459952354 0.927626714860757 1 0.97543744352255 1 1 1 1 0.97543744352255 1
1 0.9765053807607 0.9765053807607 1 1 1 1 1 1 0.880596401872998 0.92836605602563 0.975848188614146 1 1 1 1 1 1 0.975848188614146 1 1 1 1 1 0.956871765382404 0.638133574303787 0.314014622525261 0.976176784687423 0.368191900106794 0.90384457405734 1 1 1 0.951860675264931 0.831594512445576 0.976217859196583 0.952271420356527 0.952230345847367 1 1 1 1 1 1 1 1 1 1 1 1 1 1 1 1 1 1 1 1 0.951285632136696 1 1 1 1 0.976012486650785 1 0.976012486650785 0.952230345847367 0.975807114104987 1 1 1 1 1
0.976217859196583 0.904337468167255 0.976217859196583 0.928489279553109 1 0.880596401872998 0.856115994413867 1 1 1 0.927626714860757 0.951860675264931 0.927955310934034 0.880103507763082 1 1 0.952024973301569 0.92836605602563 1 0.951655302719133 1 1 1 0.951655302719133 0.831964183028013 0.425285467838659 0.430009036392015 0.951573153700813 0.387907664503409 0.927996385443194 1 1 1 0.975848188614146 0.975848188614146 0.976053561159944 0.976053561159944 0.952230345847367 0.976053561159944 1 1 0.952024973301569 1 1 1 1 0.855623100303951 1 1 1 1 1 1 1 1 1 1 1 0.975848188614146 1 1 1 0.976012486650785 1 0.952066047810729 0.831882034009694 0.807319477532244 0.976217859196583 1 0.903967797584819 1 1 0.9765053807607
1 1 1 0.951860675264931 1 0.975807114104987 0.855992770886388 0.976217859196583 1 1 1 1 1 0.951860675264931 0.951860675264931 0.904132095621457 0.927626714860757 0.951860675264931 1 1 1 0.764889509570361 0.927667789369917 0.879815986198965 0.66663928366056 0.750842027437772 0.629836523453545 0.355623100303951 0.415674032695309 0.625687998028424 0.952024973301569 1 1 1 0.904583915222213 0.976217859196583 1 1 0.904049946603138 1 1 1 1 1 1 1 0.951860675264931 1 1 1 1 1 1 1 1 1 1 1 0.975848188614146 1 1 1 0.976053561159944 0.856033845395548 0.831882034009694 0.807319477532244 1 1 1 1 0.97543744352255 0.841986363262959 0.836194857471453
0.522344532982831 0.577754045839152 0.374229852953257 0.473753388647006 0.951573153700813 0.37501026862729 0.975807114104987 0.928160683479832 0.831306990881459 0.976176784687423 1 1 1 1 1 1 0.975848188614146 1 1 1 0.740696623675347 0.956871765382404 0.927585640351598 0.928037459952354 1 0.581779347736795 0.543251458145075 0.125934445083381 0.331389139899778 0.350776308223117 0.597757331799885 0.975848188614146 1 1 0.880021358744763 1 1 1 0.976053561159944 1 0.975848188614146 1 1 1 1 1 0.975848188614146 1 1 0.904255319148936 0.975848188614146 1 1 1 1 1 1 1 1 1 1 0.976053561159944 1 0.903762425039021 0.855089131684876 0.952230345847367 1 0.783660560256305 1 1 0.97543744352255 0.589829951532079 0.689024891152551
0.216298365234535 0.408239546537419 0.388030888030888 0.333237492811961 0.355623100303951 0.422163805142529 0.975807114104987 1 1 0.492853035406227 0.629836523453545 1 1 1 1 1 1 1 1 0.812823461759632 0.592253347572496 0.629836523453545 0.880021358744763 1 1 0.120471535365152 0.0624332539226156 0.192516224431118 0.331389139899778 0.350776308223117 0.414975766039596 0.880021358744763 1 1 1 0.975848188614146 0.952353569374846 1 1 1 1 1 1 1 1 1 0.951860675264931 1 1 1 1 1 1 1 1 1 1 1 1 1 0.952189271338207 0.976176784687423 0.855705249322271 0.903023083874148 0.807442701059722 0.975807114104987 0.783660560256305 1 0.976012486650785 0.951449930173334 1 0.48073605520414 0.288918097428736
0.143966154604452 0.206358334017908 0.182863714778608 0.259508748870451 0.144828719296804 0.414072126838084 0.331389139899778 0.37501026862729 0.40598044853364 0.326501273309784 0.351063829787234 0.371313562802924 0.473753388647006 0.452805388975602 0.829540786987596 0.880185656781401 0.879528464634848 0.879446315616528 0.788835948410416 0.70623511049043 0.662572907253758 0.577754045839152 0.975807114104987 1 0.551712807031956 0.0859278731619157 0.0672800460034503 0.259262301815493 0.331389139899778 0.350776308223117 0.398011993756675 0.975848188614146 0.975848188614146 1 1 1 0.975848188614146 0.927626714860757 1 0.928119608970673 1 1 1 1 1 1 1 0.95190174977409 1 1 1 1 1 0.952066047810729 1 0.952066047810729 0.927832087406555 0.975848188614146 1 1 1 0.976176784687423 0.928037459952354 0.831594512445576 1 1 1 0.976012486650785 0.957282510474 0.938182863714779 0.793518442454613 0.330814096771544 0.269900599687834
0.18697116569457 0.235315862975437 0.235315862975437 0.167953667953668 0.283290889673868 0.331389139899778 0.312371642158876 0.312371642158876 0.37501026862729 0.23075659245872 0.355623100303951 0.355623100303951 0.37501026862729 0.351063829787234 0.39526000164298 0.981023576768258 0.772775815329007 0.956871765382404 0.951819600755771 0.927585640351598 0.537911771954325 0.793518442454613 0.976176784687423 0.61110654727676 0.216134067197897 0.0859278731619157 0.0859278731619157 0.18697116569457 0.259837344943728 0.331389139899778 0.341986363262959 0.723198882773351 0.975848188614146 1 1 1 0.85578739834059 0.904132095621457 1 1 1 1 1 1 1 1 1 1 1 1 1 0.832087406555492 0.856239217941346 1 1 1 1 1 1 1 1 0.928037459952354 0.855705249322271 0.808058818697116 0.808058818697116 0.488745584490265 0.582025794791752 0.515361866425696 0.399860346668857 0.423354965908157 0.585065308469564 0.304772857964347 0.288918097428736
0.264684137024563 0.134149346915304 0.109915386511131 0.120471535365152 0.120471535365152 0.120471535365152 0.230551219912922 0.159245872011829 0.293271995399655 0.331389139899778 0.331389139899778 0.355623100303951 0.331676661463895 0.351063829787234 0.37501026862729 0.623182452969687 0.37501026862729 0.350776308223117 0.789205618992853 0.90380349954818 0.793518442454613 0.775075987841945 0.976176784687423 0.601166516060133 0.187710506859443 0.0195925408691366 0.0859278731619157 0.143966154604452 0.278649470138832 0.350776308223117 0.371026041238807 0.371108190257126 0.618171362852214 1 1 0.97543744352255 0.855089131684876 0.903557052493223 1 0.975848188614146 1 1 1 1 1 1 1 1 1 0.975848188614146 0.975848188614146 0.831882034009694 0.80768914811468 0.856773186560421 0.928242832498152 0.952189271338207 0.904214244639777 0.976012486650785 0.9765053807607 0.951614228209973 0.855089131684876 0.975807114104987 1 1 0.678879487390126 0.539144007229114 0.495892549084038 0.581656124209316 0.461841780990717 0.490799309948246 0.452312494865686 0.304772857964347 0.308017744187957
0.110654727676004 0.115008625646924 0.0815329006818368 0.0859278731619157 0.105027519921137 0.162983652345354 0.120471535365152 0.0628029245050522 0.149921958432597 0.312371642158876 0.312371642158876 0.307606999096361 0.312371642158876 0.331389139899778 0.331389139899778 0.745872011829459 0.350776308223117 0.463772282921219 0.814014622525261 0.775075987841945 0.60897067280046 1 0.811796599030642 0.135011911607656 0.0866672143267888 0.120471535365152 0.0818204222459542 0.0624332539226156 0.21153372217202 0.350776308223117 0.331389139899778 0.347531421999507 0.96048632218845 1 1 0.976217859196583 1 0.952353569374846 1 0.927832087406555 1 1 1 1 1 1 1 1 1 0.928242832498152 0.904542840713053 0.904049946603138 0.952066047810729 1 0.976176784687423 1 1 0.807771297132999 0.903433828965744 0.80764807360552 1 0.981762917933131 0.85258358662614 1 1 0.63353322927791 0.413743530764807 0.617801692269777 0.811632300994003 0.442043867575783 0.299351022755278 0.328267477203647 0.331840959500534
0 0.0382403680276021 0.0815739751909965 0.0382403680276021 0.100920069005175 0.18697116569457 0.16347654645527 0.120471535365152 0.0962786494701388 0.163846217037706 0.269079109504641 0.288589501355459 0.312371642158876 0.288589501355459 0.288589501355459 0.677236507023741 0.298652756099565 0.629836523453545 0.294709603220242 0.255483446972809 0.59085681426107 0.446808510638298 0.125154029409349 0.125154029409349 0.0234946192393001 0.139489033106054 0.0767271831101618 0.120471535365152 0.307565924587201 0.392877680111723 0.331389139899778 0.596935841616693 1 1 1 1 1 0.951860675264931 0.928119608970673 1 1 1 0.928119608970673 0.95190174977409 1 1 0.95190174977409 1 1 0.975848188614146 0.92840713053479 0.855664174813111 0.904049946603138 0.904008872093979 0.880226731290561 0.904460691694734 0.976012486650785 0.928037459952354 0.975807114104987 0.866877515813686 0.907500205372546 1 1 1 1 0.629836523453545 0.629836523453545 0.629836523453545 0.629836523453545 0.423313891398998 0.371436786330403 0.39526000164298 0.312741312741313
0 0.125154029409349 0 0.0573400147868233 0.125154029409349 0.143966154604452 0.143966154604452 0.120471535365152 0.120471535365152 0.0962786494701388 0.0628029245050522 0.182494044196172 0.254415509734659 0.0382403680276021 0.120471535365152 0.255072701881213 0.483488047317835 0.629836523453545 0.289246693502013 0.120471535365152 0.191982255812043 0.191982255812043 0.129549001889427 0.19658260083792 0 0.0382403680276021 0.0382403680276021 0.120471535365152 0.139489033106054 0.283783783783784 0.331389139899778 0.536967058243654 0.617801692269777 1 0.981023576768258 1 0.927421342314959 1 0.952353569374846 1 0.975848188614146 1 1 0.8803910293272 0.904419617185575 1 1 1 1 1 0.92840713053479 0.904049946603138 0.808058818697116 0.952066047810729 0.976053561159944 0.880226731290561 0.976012486650785 0.807319477532244 0.673745173745174 0.560543826501273 1 1 0.962663271173909 0.629836523453545 1 1 0.605273966976095 0.331799884991374 0.471412141624908 0.414359648402202 0.347654645526986 0.331840959500534 0.312741312741313
0 0.153741887784441 0.0195925408691366 0.0815739751909965 0.0815739751909965 0.196377228292122 0.264068019387168 0.124414688244475 0.105027519921137 0.167953667953668 0.192516224431118 0.167953667953668 0.13464224102522 0.206440483036228 0.143966154604452 0.143966154604452 0.23609627864947 0.609586790437854 0.115296147211041 0.162778279799556 0.210999753552945 0.216544812289493 0.19658260083792 0.105397190503573 0.0382403680276021 0.0382403680276021 0.0195925408691366 0.0624332539226156 0.18697116569457 0.235685533557874 0.293271995399655 0.313686026451984 0.884334182206523 0.586174320216873 1 1 1 0.927421342314959 0.903557052493223 0.904132095621457 1 1 1 1 1 1 1 1 1 1 0.952024973301569 0.808058818697116 1 0.80768914811468 0.85681426106958 0.783824858292943 0.976012486650785 0.976012486650785 0.976012486650785 0.510104329253265 1 1 0.5341739916208 0.606341904214245 0.629836523453545 0.606341904214245 0.376817547030313 0.347654645526986 0.39526000164298 0.39526000164298 0.269900599687834 0.331840959500534 0.352090692516224
0 0.0479750266984309 0 0 0 0.172430789452066 0.125154029409349 0.12926148032531 0.12926148032531 0.18697116569457 0.18697116569457 0.167953667953668 0.167953667953668 0.109915386511131 0.120471535365152 0.100920069005175 0.120471535365152 0.16774829540787 0.100961143514335 0.172430789452066 0.19658260083792 0.0573400147868233 0.317054136203072 0 0.172430789452066 0.0382403680276021 0.0382403680276021 0.0859278731619157 0.139489033106054 0.192516224431118 0.307606999096361 0.647909307483776 0.908609217119855 1 1 1 1 1 1 1 1 1 1 1 0.976053561159944 0.95190174977409 1 1 1 1 1 1 1 1 1 0.975766039595827 1 0.855705249322271 0.903474903474903 1 1 1 0.629836523453545 0.585065308469564 0.371436786330403 0.390865029162902 1 0.442208165612421 0.414359648402202 0.37501026862729 0.355623100303951 0.284071305347901 0.221514827897807
0 0 0 0 0 0 0 0 0.0815739751909965 0.312782387250472 0.192146553848682 0.0624743284317752 0.0382403680276021 0.0382403680276021 0.0573400147868233 0.0382403680276021 0.0767271831101618 0.0624332539226156 0 0.0573400147868233 0.0811632300994003 0.331799884991374 0.317054136203072 0 0.19658260083792 0.10576686108601 0.0767271831101618 0.120471535365152 0.143966154604452 0.0624332539226156 0.0869547358909061 0.355623100303951 0.293970262055368 0.981023576768258 0.856403515977984 0.764643062515403 1 1 1 0.975848188614146 0.975766039595827 1 1 0.975848188614146 1 0.928119608970673 0.95190174977409 1 1 1 1 1 0.976217859196583 1 1 1 1 1 0.951778526246611 0.97543744352255 1 1 0.629836523453545 0.423313891398998 0.343259673046907 0.367082888359484 0.375872833319642 0.605972233631808 0.56198143432186 0.366302472685451 0.355623100303951 0.187546208822805 0.173416577671897
0 0 0 0 0 0 0 0.172430789452066 0.0573400147868233 0.148648648648649 0.355623100303951 0.191982255812043 0.168200115008626 0.191982255812043 0.125154029409349 0.0573400147868233 0.0195925408691366 0.100961143514335 0.19658260083792 0.0767271831101618 0 0 0 0.0573400147868233 0.19658260083792 0.172430789452066 0.100961143514335 0.120471535365152 0.167953667953668 0.0624332539226156 0.0241928858950136 0.0869958104000657 0.350776308223117 0.684670993181631 1 0.503984227388483 0.831348065390619 1 1 0.951860675264931 0.928119608970673 0.975766039595827 1 1 1 0.976053561159944 0.95190174977409 1 1 1 1 1 1 1 1 1 1 1 1 0.951860675264931 1 1 1 1 0.606341904214245 0.37176538240368 0.366631068758728 0.288918097428736 0.331389139899778 0.30345847367124 0.21153372217202 0.129877597962704 0.106382978723404
0 0 0 0 0 0 0.17304690708946 0.172430789452066 0.0573400147868233 0.0573400147868233 0.17308798159862 0.125154029409349 0.0382403680276021 0.0382403680276021 0.0815739751909965 0.105397190503573 0.0434157561817136 0.220405816150497 0.0767271831101618 0.0377474739176867 0.0808346340261234 0.0190996467592212 0 0 0.245502341247022 0.172430789452066 0.0382403680276021 0.0382403680276021 0.0624332539226156 0.210917604534626 0.143966154604452 0.312371642158876 0.355623100303951 -9999 0.442208165612421 0.539102932719954 0.903187381910786 1 1 0.975766039595827 0.951860675264931 0.951860675264931 1 0.975848188614146 1 1 0.95190174977409 1 1 1 1 1 1 1 1 1 1 0.904501766203894 1 1 0.951655302719133 1 1 1 1 0.856362441468824 0.368232974615953 0.37501026862729 0.192598373449437 0.317505955803828 0.355623100303951 0.336605602563049 0.336605602563049
0 0 0.0234946192393001 0.0425942659985213 0.0190996467592212 0 0 0 0 0 0 0 0 0 0.0479750266984309 0.0573400147868233 0.0573400147868233 0.0808346340261234 0 0 0.0667460773843753 0 0 0.317054136203072 0.100878994496016 0.0815739751909965 0.0382403680276021 0.0767271831101618 0.0815329006818368 0.143966154604452 0.143966154604452 -9999 -9999 -9999 -9999 0.351063829787234 0.533681097510885 1 1 1 1 1 0.90380349954818 1 1 1 1 1 1 1 1 1 1 1 1 1 1 0.975766039595827 0.927667789369917 0.951819600755771 0.928037459952354 1 1 1 1 0.904583915222213 0.39526000164298 0.39526000164298 0.350776308223117 0.355623100303951 0.355623100303951 0.336605602563049 0.212273063336893
0 0 0 0 0 0 0 0 0 0 0 0.0190996467592212 0 0 0 0 0.109627864947014 0 0 0 0 0 0 0.336071633943974 0.221638051425285 0 0 -9999 -9999 -9999 -9999 -9999 -9999 -9999 -9999 0.197486240039432 0.412922040581615 0.975848188614146 1 1 0.975848188614146 0.975848188614146 1 0.975766039595827 1 1 1 1 1 1 1 1 1 1 0.879528464634848 1 1 1 1 1 1 1 1 1 1 0.37176538240368 0.307606999096361 0.317505955803828 0.39526000164298 0.187546208822805 0.355623100303951 0.492154768750513 0.244557627536351
0 0 0 0 0 0 0 0 0 0 0 0 0 0 0 0 0 0 0 0.0190996467592212 0 0 0.149059393740245 0.245173745173745 0.172800460034503 0.0573400147868233 -9999 -9999 -9999 -9999 -9999 -9999 -9999 -9999 -9999 0.37501026862729 0.37501026862729 1 0.928160683479832 1 1 0.975848188614146 1 1 1 1 1 1 1 1 1 1 1 0.928078534461513 1 1 0.975848188614146 1 0.95194282428325 0.97543744352255 1 1 1 1 0.981023576768258 0.592006900517539 0.375872833319642 0.293723815000411 0.317505955803828 0.355623100303951 0.355623100303951 0.30986609710014 0.221063008297051
0 0 0 0 0 0 0 0 0 0 0 0 0 0 0 0 0 0 0 0.0190996467592212 0 0 0.196911196911197 0.173457652181056 0.211328349626222 0.0767271831101618 -9999 -9999 -9999 -9999 -9999 -9999 -9999 -9999 0.331389139899778 0.684301322599195 1 0.337755688819519 1 0.976217859196583 1 0.975766039595827 0.951614228209973 1 1 1 1 1 1 1 1 1 1 1 1 0.951614228209973 0.878871272488294 0.903023083874148 1 1 1 1 1 1 0.793066622853857 0.375872833319642 0.293723815000411 0.254785180317095 0.355623100303951 0.355623100303951 0.355623100303951 0.488663435471946 0.125154029409349
0 0 0 0 0 0 0 0 0 0 0 0 0 0 0 0 0 0 0 0 0 0.153741887784441 0.220939784769572 0 0.245132670664586 0.0573400147868233 0 0.0382403680276021 0.0767271831101618 0.120471535365152 0.139489033106054 0.18697116569457 0.182863714778608 0.307237328513924 0.18697116569457 0.581779347736795 0.401914072126838 0.245995235356937 0.39526000164298 0.975807114104987 1 1 1 0.951860675264931 1 1 0.975766039595827 0.951778526246611 0.975766039595827 1 1 1 1 1 1 0.975848188614146 0.903064158383307 1 1 1 1 1 0.606341904214245 0.647909307483776 0.572003614556806 0.331840959500534 0.312823461759632 0.355623100303951 0.355623100303951 0.355623100303951 0.336605602563049 0.355623100303951 0.105315041485254
0 0 0 0 0 0 0 0 0 0 0 0 0 0 0 0 0 0 0 0 0 0.100878994496016 0.148566499630329 0 0.0377474739176867 0.19658260083792 0.288835948410416 0.235151564938799 0.355623100303951 0.350858457241436 0.211205126098743 0.206399408527068 0.187710506859443 0.139489033106054 0.182863714778608 0.307894520660478 0.355623100303951 0.383184095950053 0.371026041238807 0.975807114104987 1 1 1 0.903064158383307 0.903064158383307 0.952353569374846 1 1 1 0.952353569374846 1 0.975848188614146 0.975848188614146 1 0.975848188614146 0.975848188614146 1 1 1 1 0.702250883101947 0.606341904214245 0.39526000164298 0.394890331060544 0.355623100303951 0.355623100303951 0.39526000164298 0.39526000164298 0.355623100303951 0.336605602563049 0.317054136203072 0.244557627536351 0.206070812453791
0 0 0 0 0 0 0 0 0 0 0 0 0 0 0 0 0 0 0 0 0 0.0667460773843753 0.0808346340261234 0 0 0 0.0573400147868233 0.221063008297051 0.355623100303951 0.355623100303951 0.37501026862729 0.30764807360552 0.234987266902161 0.144705495769326 0.10580793559517 0.355623100303951 0.355623100303951 0.37501026862729 0.531997042635341 0.553150414852542 0.881992935184424 0.903515977984063 1 1 0.951203483118377 0.975848188614146 0.976217859196583 1 0.902858785837509 0.878871272488294 0.927051671732523 0.903064158383307 1 1 1 1 1 1 1 1 0.961636408444919 0.39526000164298 0.331840959500534 0.293723815000411 0.317505955803828 0.288589501355459 0.331676661463895 0.312823461759632 0.336605602563049 0.355623100303951 0.331799884991374 0.153741887784441 0.244557627536351
