data-raw/DATASET_PNE/a_DATA/PFGS/ENVSUIT_A1B/HS_f0_P3_ubac2.asc
NCOLS 619 
NROWS 782 
XLLCORNER 876826 
YLLCORNER 1947424 
CELLSIZE 100 
NODATA_value -9999 
[rows 186 to 216 of 782, columns 0 to 69 of 619]
-9999 -9999 -9999 -9999 -9999 -9999 -9999 -9999 1 0.952420645505468 1 1 1 1 1 1 1 1 1 1 1 1 1 0.833422245932249 0.833422245932249 0.833422245932249 0.809615897572686 0.833422245932249 0.833422245932249 1 1 1 1 1 1 1 1 1 1 1 1 0.880668178180848 0.833522272606028 0.976160309415844 0.904941317684716 0.881168311549747 1 1 0.976193651640437 0.880801547079221 1 1 1 1 1 1 1 1 1 1 1 0.975793544945319 1 0.976026940517471 1 1 1 1 1 0.952453987730061
-9999 -9999 -9999 -9999 -9999 -9999 -9999 -9999 0.90477460656175 1 1 1 1 1 1 1 1 1 1 1 1 1 0.833355561483062 0.790044011736463 0.790044011736463 0.766304347826087 0.809615897572686 0.809615897572686 1 1 1 1 1 1 1 1 1 1 1 1 0.880668178180848 0.833188850360096 0.976193651640437 0.833188850360096 0.928480928247533 0.952453987730061 1 1 1 0.952453987730061 1 0.976193651640437 0.976193651640437 0.976193651640437 0.976193651640437 1 1 1 1 1 1 0.904241130968258 0.904074419845292 0.761636436383036 0.881401707121899 0.881401707121899 0.905074686583089 0.785409442518005 1 1
-9999 -9999 -9999 -9999 -9999 -9999 -9999 0.809382502000534 0.90477460656175 1 1 1 1 1 1 1 1 1 1 1 1 1 0.790044011736463 0.790044011736463 0.790044011736463 0.766304347826087 0.790510802880768 1 1 1 1 1 1 1 1 1 1 1 1 1 0.833188850360096 1 1 0.976193651640437 0.976193651640437 0.952153907708722 0.90477460656175 1 1 1 1 0.976193651640437 1 0.976193651640437 0.976193651640437 1 1 1 1 1 0.928047479327821 0.785409442518005 0.761636436383036 0.761636436383036 0.862563350226727 0.742798079487863 0.766571085622833 0.905074686583089 0.785409442518005 1
-9999 -9999 -9999 -9999 -9999 -9999 -9999 -9999 1 1 1 1 1 1 1 1 1 1 1 1 1 1 0.809149106428381 0.790044011736463 0.790044011736463 0.766304347826087 1 1 1 1 1 1 1 1 1 1 1 1 1 1 0.761636436383036 0.976193651640437 0.857195252067218 0.976193651640437 0.833455588156842 0.976260336089624 0.975993598292878 0.809249133102161 1 1 1 0.976193651640437 0.809815950920245 0.761636436383036 0.856828487596693 1 1 1 1 1 1 0.761636436383036 0.742798079487863 0.748366230994932 0.733495598826354 0.709289143771673 0.723626300346759 0.866631101627101 0.761636436383036 0.928647639370499
-9999 -9999 -9999 -9999 -9999 -9999 -9999 -9999 0.976193651640437 1 1 1 1 1 1 1 1 1 1 1 1 0.790044011736463 0.809149106428381 0.790044011736463 0.790044011736463 0.766304347826087 1 1 1 0.975993598292878 1 1 1 1 1 1 1 0.857295278740998 0.904641237663377 1 0.809849293144839 0.976193651640437 0.928480928247533 0.952453987730061 0.975993598292878 0.83292211256335 0.904507868765004 0.857095225393438 0.809249133102161 0.928480928247533 1 0.928781008268872 0.833388903707655 0.785842891437717 0.904607895438784 0.880668178180848 1 0.904641237663377 0.928647639370499 0.928647639370499 0.809115764203788 0.742798079487863 0.671779141104294 0.600560149373166 0.445485462790077 0.469691917844759 0.52564017071219 0.752967457988797 0.766571085622833 0.905074686583089
-9999 -9999 -9999 -9999 -9999 -9999 -9999 -9999 -9999 0.928314217124567 1 1 1 1 1 1 1 1 1 1 1 0.857328620965591 0.809149106428381 0.809149106428381 0.790044011736463 0.809615897572686 1 1 1 0.976026940517471 1 1 1 1 1 1 1 1 1 1 1 1 1 1 0.975993598292878 0.904507868765004 0.905074686583089 0.832888770338757 0.761636436383036 0.857095225393438 0.904507868765004 0.833255534809282 0.856628434249133 0.809082421979194 0.809082421979194 0.83302213923713 0.976226993865031 0.881068284875967 0.905074686583089 0.761636436383036 0.790777540677514 0.65560816217658 0.469691917844759 0.241331021605762 0.151607095225393 0.113563616964524 0.317151240330755 0.488263536943185 0.739297145905575 0.742798079487863
-9999 -9999 -9999 -9999 -9999 -9999 -9999 -9999 -9999 1 0.880468124833289 1 1 1 1 1 1 1 1 1 1 1 0.790044011736463 0.790044011736463 0.771105628167511 0.785409442518005 1 1 1 0.952020538810349 1 1 1 1 0.833222192584689 0.809382502000534 1 1 1 1 1 1 1 0.975993598292878 0.904507868765004 0.928914377167245 0.928414243798346 0.785309415844225 0.785309415844225 0.904607895438784 0.905074686583089 1 0.809249133102161 0.785409442518005 0.785409442518005 0.761636436383036 0.809115764203788 0.862563350226727 0.838156841824487 0.309715924246466 0.612296612429981 0.450920245398773 0.155541477727394 0.0376433715657509 0 0.151607095225393 0.151607095225393 0.274239797279274 0.464690584155775 0.728761002934116
-9999 -9999 -9999 -9999 -9999 -9999 -9999 -9999 -9999 -9999 0.833155508135503 0.952520672179248 1 1 1 1 1 1 1 1 1 1 0.833355561483062 0.809149106428381 0.833355561483062 0.97642704721259 1 0.975993598292878 1 0.976026940517471 0.976026940517471 1 1 1 0.881168311549747 0.833222192584689 0.833222192584689 0.761636436383036 0.785609495865564 0.857261936516404 0.928480928247533 0.928480928247533 0.928914377167245 0.952654041077621 0.809082421979194 0.785309415844225 0.790677514003734 0.653941050946919 0.742798079487863 0.809515870898906 0.833322219258469 0.862196585756202 0.785409442518005 0.761636436383036 0.761636436383036 0.761636436383036 0.742798079487863 0.862563350226727 0.824319818618298 0.762269938650307 0.469691917844759 0.208155508135503 0 0 0 0 0 0.0423446252333956 0.269771939183782 0.652940784209122
-9999 -9999 -9999 -9999 -9999 -9999 -9999 -9999 -9999 -9999 -9999 0.832955454787944 1 1 1 1 1 1 1 1 1 1 1 0.904707922112563 0.904707922112563 0.904907975460123 1 0.975993598292878 1 0.976026940517471 0.95182048546279 1 1 1 0.904841291010936 0.881168311549747 0.90477460656175 0.90477460656175 0.761636436383036 0.785409442518005 0.809249133102161 0.809249133102161 0.809249133102161 0.761636436383036 0.83292211256335 0.785309415844225 0.742798079487863 0.630268071485729 0.592858095492131 0.766471058949053 0.790677514003734 0.905074686583089 0.857095225393438 0.761636436383036 0.761636436383036 0.785309415844225 0.724026407041878 0.724026407041878 0.709289143771673 0.638203520938917 0.207788743664977 0 0 0 0 0 0.0190050680181382 0.151607095225393 0.212923446252334 0.539477193918378
-9999 -9999 -9999 -9999 -9999 -9999 -9999 -9999 -9999 -9999 -9999 0.88100160042678 1 1 1 1 1 1 1 1 1 1 1 0.975993598292878 0.928547612696719 0.976226993865031 1 1 0.928280874899973 0.952253934382502 0.976026940517471 0.952287276607095 1 1 0.857261936516404 0.857161909842625 0.785609495865564 0.833222192584689 0.975993598292878 1 1 0.975993598292878 0.833055481461723 0.880301413710323 0.785409442518005 0.785409442518005 0.766471058949053 0.742798079487863 0.742798079487863 0.498799679914644 0.579187783408909 0.758302213923713 0.928414243798346 0.724026407041878 0.742798079487863 0.790377433982395 0.705488130168045 0.724026407041878 0.762269938650307 0.265070685516138 0.207788743664977 0.0946585756201654 0 0 0 0 0 0.189350493464924 0.207788743664977 0.600693518271539
-9999 -9999 -9999 -9999 -9999 -9999 -9999 -9999 -9999 -9999 -9999 0.905008002133902 1 1 1 1 1 1 1 1 0.976260336089624 0.976260336089624 1 1 0.813850360096026 0.790044011736463 1 1 1 0.904507868765004 0.976026940517471 1 1 1 1 1 0.809415844225127 0.905008002133902 0.90477460656175 0.90477460656175 1 1 0.975993598292878 0.881034942651374 0.904507868765004 0.785409442518005 0.785309415844225 0.766471058949053 0.790677514003734 0.574086423046146 0.276607095225393 0.622165910909576 0.75826887169912 0.630268071485729 0.724026407041878 0.724026407041878 0.517671379034409 0.686216324353161 0.68031475060016 0.245998933048813 0 0 0 0 0 0 0.113696985862897 0.189350493464924 0.207788743664977 0.657041877834089
-9999 -9999 -9999 -9999 -9999 -9999 -9999 -9999 -9999 -9999 -9999 1 1 1 1 1 1 1 1 1 1 0.976260336089624 1 1 1 0.904407842091224 1 1 0.975993598292878 0.975993598292878 1 0.976026940517471 0.976026940517471 1 1 1 1 0.928781008268872 0.785842891437717 0.809415844225127 0.833188850360096 0.90477460656175 0.90477460656175 0.975993598292878 0.928180848226194 0.904507868765004 0.785409442518005 0.785309415844225 0.766471058949053 0.555514803947719 0.174346492397973 0.461423046145639 0.372099226460389 0.536676447052547 0.686316351026941 0.686316351026941 0.667144571885836 0.552747399306482 0.499866631101627 0.207788743664977 0 0 0 0 0 0 0 0.207788743664977 0.423913043478261 0.662076553747666
-9999 -9999 -9999 -9999 -9999 -9999 -9999 -9999 -9999 -9999 -9999 1 1 1 1 1 1 1 1 1 1 1 0.976260336089624 1 1 1 1 1 1 0.975993598292878 0.952020538810349 0.976026940517471 0.976026940517471 0.976026940517471 0.952253934382502 1 1 1 1 0.976260336089624 0.761636436383036 0.785842891437717 0.90477460656175 0.90477460656175 0.785409442518005 0.785409442518005 0.809249133102161 0.785409442518005 0.766471058949053 0.597759402507335 0.382802080554815 0.268838356895172 0.231128300880235 0.231128300880235 0.762670045345425 0.671445718858362 0.628734329154441 0.553280874899973 0.399973326220325 0.226360362763404 0 0 0 0 0 0 0.0948252867431315 0.207788743664977 0.466691117631368 0.65684182448653
-9999 -9999 -9999 -9999 -9999 -9999 -9999 -9999 -9999 -9999 0.952253934382502 1 1 1 1 1 1 1 1 1 1 0.976260336089624 0.976260336089624 1 1 1 1 0.880734862630035 1 0.952253934382502 0.928280874899973 0.976026940517471 1 1 0.95182048546279 0.95182048546279 0.928514270472126 1 1 1 0.881034942651374 0.785476126967191 0.785842891437717 0.833222192584689 0.785609495865564 0.761636436383036 0.809249133102161 0.785409442518005 0.761636436383036 0.747766070952254 0.480294745265404 0.212356628434249 0.0803881034942651 0.104261136303014 0.104261136303014 0.123332888770339 0.594825286743132 0.395072019205121 0.399973326220325 0.207788743664977 0 0 0 0 0 0 0 0.207788743664977 0.357795412109896 0.547412643371566
-9999 -9999 -9999 -9999 -9999 -9999 -9999 -9999 -9999 -9999 1 1 1 1 1 1 1 1 1 1 1 1 1 1 1 1 1 0.880734862630035 1 1 0.880401440384102 0.975993598292878 1 0.976026940517471 0.976026940517471 1 0.928280874899973 1 1 1 1 1 0.761636436383036 0.785609495865564 0.761636436383036 0.761636436383036 0.809249133102161 0.761636436383036 0.785409442518005 0.790677514003734 0.747799413176847 0.212289943985063 0.618631635102694 0.0184382502000534 0.0184382502000534 0.0184382502000534 0.0184382502000534 0.0184382502000534 0.282308615630835 0.189350493464924 0 0 0 0 0 0 0 0 0.146872499333155 -9999
-9999 -9999 -9999 -9999 -9999 -9999 -9999 -9999 -9999 -9999 -9999 -9999 1 1 1 1 1 1 1 1 1 1 1 0.976260336089624 1 1 1 1 1 1 1 0.904507868765004 1 0.95182048546279 0.928047479327821 1 1 1 1 0.833388903707655 1 1 0.761636436383036 0.785609495865564 0.785609495865564 0.761636436383036 0.809249133102161 0.785409442518005 0.785409442518005 0.833322219258469 0.592658042144572 0.480294745265404 0.212089890637503 0.0375433448919712 0.0184382502000534 0.0184382502000534 0 0 0 0 0 0 0 0 0 0 0 0 0 0.103994398506268
-9999 -9999 -9999 -9999 -9999 -9999 -9999 -9999 -9999 -9999 -9999 1 0.97632702053881 0.952520672179248 1 1 1 1 1 1 1 1 1 0.976260336089624 0.976260336089624 1 1 1 1 1 1 1 1 1 0.975793544945319 1 1 1 1 0.833622299279808 0.857595358762337 0.952587356628434 0.881168311549747 0.785609495865564 0.761636436383036 0.761636436383036 0.761636436383036 0.809249133102161 0.785409442518005 0.785309415844225 0.742798079487863 0.536876500400107 0.382268604961323 0.12800080021339 0.0184382502000534 0 0 0 0 0 0 0 0 0 0 0 0 0 0 0.056648439583889
-9999 -9999 -9999 -9999 -9999 -9999 -9999 -9999 -9999 -9999 0.880668178180848 0.904241130968258 0.952520672179248 0.976193651640437 1 1 1 1 1 1 0.976026940517471 1 1 1 0.976260336089624 1 1 1 1 1 1 1 1 0.904074419845292 1 1 1 1 1 1 1 0.857261936516404 0.833388903707655 0.785609495865564 0.761636436383036 0.761636436383036 0.761636436383036 0.809249133102161 0.761636436383036 0.761636436383036 0.766471058949053 0.667844758602294 0.362630034675914 0.147072552680715 0.0375433448919712 0.0184382502000534 0 0 0.0184382502000534 0 0 0 0 0 0 0 0 0 0 0
-9999 -9999 -9999 -9999 -9999 -9999 -9999 -9999 -9999 0.742798079487863 0.904074419845292 0.95182048546279 0.952520672179248 1 0.97632702053881 1 1 1 1 1 1 1 1 1 0.952487329954655 0.952487329954655 0.976260336089624 1 0.952487329954655 1 1 1 1 0.976026940517471 1 1 1 1 0.928914377167245 0.785642838090157 1 0.928781008268872 0.785609495865564 0.785609495865564 0.761636436383036 0.761636436383036 0.761636436383036 0.761636436383036 0.809249133102161 0.761636436383036 0.785309415844225 0.724093091491064 0.686216324353161 0.147072552680715 0.475693518271539 0.0184382502000534 0.282475326753801 0.226360362763404 0.0184382502000534 0.189350493464924 0 0 0 0 0 0 0 0 0 -9999
-9999 -9999 -9999 -9999 -9999 -9999 -9999 -9999 -9999 0.833322219258469 0.761636436383036 0.976026940517471 1 0.928514270472126 0.809182448652974 1 1 1 1 1 0.952287276607095 0.928514270472126 1 1 1 0.761636436383036 0.785476126967191 0.952053881034943 0.833355561483062 1 1 1 1 0.95182048546279 0.976026940517471 1 0.976026940517471 1 1 1 1 1 0.785609495865564 0.785609495865564 0.785609495865564 0.785609495865564 0.785609495865564 0.785409442518005 0.785409442518005 0.785409442518005 0.761636436383036 0.809115764203788 0.518104827954121 0.700453454254468 0.0808548946385703 0.523639637236596 0.432815417444652 0.485429447852761 0.358128834355828 0.207788743664977 0.0187716724459856 0 0 0 0 0 0 0 0 0
-9999 -9999 -9999 -9999 -9999 -9999 -9999 -9999 -9999 0.904641237663377 0.761636436383036 0.809649239797279 0.904807948786343 1 0.928514270472126 1 1 1 1 1 1 0.952287276607095 1 1 1 0.976260336089624 0.761636436383036 0.976260336089624 1 0.928714323819685 1 1 1 1 1 1 1 1 1 1 1 1 0.857228594291811 0.80944918644972 0.785609495865564 0.785609495865564 0.857428647639371 0.785609495865564 0.785409442518005 0.785409442518005 0.761636436383036 0.833322219258469 0.766471058949053 0.686216324353161 0.267204587890104 0.153774339823953 0.499866631101627 0.12800080021339 0.547412643371566 0.372599359829288 0 0 0 0 0 0 0 0 0 0
-9999 -9999 -9999 -9999 -9999 -9999 -9999 -9999 0.724026407041878 0.862129901307015 0.881401707121899 0.976026940517471 0.976026940517471 0.976026940517471 1 1 1 1 1 1 1 1 1 1 1 1 0.976260336089624 0.880234729261136 0.928280874899973 0.809149106428381 1 1 1 1 1 1 1 1 1 1 1 1 0.905008002133902 0.857662043211523 0.85762870098693 0.90477460656175 0.761636436383036 0.785609495865564 0.905108028807682 0.809249133102161 0.904607895438784 0.785309415844225 0.742798079487863 0.6781475060016 0.536876500400107 0.480294745265404 0.210322752734062 0.134769271805815 0.523639637236596 0.419245132035209 0 0 0 0 0 0 0 0 0 0
-9999 -9999 -9999 -9999 -9999 -9999 -9999 -9999 0.758002133902374 0.790777540677514 0.857395305414777 0.904641237663377 0.904641237663377 1 0.880834889303814 1 1 1 1 1 1 1 1 1 1 1 0.976260336089624 0.976260336089624 0.928280874899973 0.881335022672713 1 1 1 0.976260336089624 1 1 1 1 1 1 1 0.929014403841024 1 1 1 0.857228594291811 0.976193651640437 0.976026940517471 0.833588957055215 0.904507868765004 0.857095225393438 0.761636436383036 0.785309415844225 0.833488930381435 0.758302213923713 0.667844758602294 0.585056014937317 0.442384635902907 0.628734329154441 0.288343558282209 0 0 0 0 0 0 0 0 0 0
-9999 -9999 -9999 -9999 -9999 -9999 -9999 -9999 0.661376367031208 0.781041611096292 0.862129901307015 0.742798079487863 0.761636436383036 0.928414243798346 0.904507868765004 0.880834889303814 1 1 1 1 1 1 1 1 1 1 0.928180848226194 0.785209389170446 0.904507868765004 0.904707922112563 1 1 0.976260336089624 0.976260336089624 0.928380901573753 1 1 0.976026940517471 1 0.976026940517471 1 1 1 1 1 0.952587356628434 0.952587356628434 0.833655641504401 1 0.904507868765004 0.809249133102161 0.904507868765004 0.905074686583089 0.856861829821286 0.833322219258469 0.785309415844225 0.905074686583089 0.724026407041878 0.628734329154441 0.331621765804214 0.02357295278741 0 0 0 0 0 0 0 0 0
-9999 -9999 -9999 -9999 -9999 -9999 -9999 -9999 0.523639637236596 0.762269938650307 0.742798079487863 0.742798079487863 0.761636436383036 0.761636436383036 0.761636436383036 0.809249133102161 0.904507868765004 0.952020538810349 0.952320618831689 1 1 1 1 1 1 1 0.976260336089624 0.857261936516404 0.928280874899973 0.833555614830622 0.833555614830622 1 0.976260336089624 0.880601493731662 0.928380901573753 1 1 0.976026940517471 1 1 1 1 1 1 1 1 1 1 1 0.975993598292878 1 1 0.785409442518005 0.856995198719659 0.833322219258469 0.857095225393438 0.809082421979194 0.766571085622833 0.724026407041878 0.445518805014671 0.099193118164844 0 0 0 0 0 0 0 0 0
-9999 -9999 -9999 -9999 -9999 -9999 -9999 -9999 0.762269938650307 0.838556948519605 0.790577487329955 0.880668178180848 0.761636436383036 0.761636436383036 0.761636436383036 0.809515870898906 0.761636436383036 0.880834889303814 0.975993598292878 1 1 1 1 1 1 1 0.856728460922913 0.904507868765004 0.928280874899973 0.833555614830622 0.833555614830622 0.97642704721259 1 1 1 1 1 1 1 1 0.976026940517471 0.952253934382502 0.952287276607095 1 1 1 1 1 1 1 0.975993598292878 0.928480928247533 0.857195252067218 0.928180848226194 0.928180848226194 0.904507868765004 0.761636436383036 0.814050413443585 0.862563350226727 0.709289143771673 0.426547079221126 0.231361696452387 0 0 0 0 0 0 0 0
-9999 -9999 -9999 -9999 -9999 -9999 -9999 -9999 0.738530274739931 0.862129901307015 0.742798079487863 0.761636436383036 0.761636436383036 0.761636436383036 0.785409442518005 0.761636436383036 0.761636436383036 0.785409442518005 0.952353961056282 1 1 1 1 0.976260336089624 1 0.975993598292878 0.833055481461723 0.928280874899973 0.904274473192851 0.833555614830622 0.833555614830622 0.97642704721259 1 1 1 1 1 1 1 1 1 1 1 1 1 1 1 1 1 1 1 1 0.833588957055215 0.761636436383036 0.904507868765004 0.952220592157909 0.857028540944252 0.857095225393438 0.44158442251267 0.347526006935183 0.465024006401707 0.141837823419579 0 0 0 0 0 0 0 0
-9999 -9999 -9999 -9999 -9999 -9999 -9999 -9999 0.762269938650307 0.862129901307015 0.742798079487863 0.761636436383036 0.761636436383036 0.761636436383036 0.83292211256335 0.880934915977594 0.952187249933316 0.880968258202187 0.92834755934916 1 1 1 1 1 1 0.975993598292878 0.856728460922913 0.928280874899973 1 0.833555614830622 0.833555614830622 0.928947719391838 0.97642704721259 1 1 1 0.952020538810349 0.880668178180848 1 1 1 1 1 1 1 1 1 1 1 1 1 1 0.928580954921312 1 0.952320618831689 0.785409442518005 0.880834889303814 0.857095225393438 0.761636436383036 0.724026407041878 0.666744465190718 0.642304614563884 0.226893838356895 0.189050413443585 0 0 0 0 0 0
-9999 -9999 -9999 -9999 -9999 -9999 -9999 -9999 0.613897039210456 0.714323819685249 0.862129901307015 0.761636436383036 1 1 0.904541210989597 0.880701520405441 0.97632702053881 1 1 1 1 1 1 1 0.975993598292878 0.856728460922913 0.832722059215791 1 1 0.928947719391838 0.833555614830622 0.833555614830622 1 0.928480928247533 1 1 0.880934915977594 0.880934915977594 1 1 1 1 1 1 1 1 1 1 1 1 1 1 1 0.952587356628434 0.90477460656175 1 1 0.976026940517471 0.761636436383036 0.742798079487863 0.724026407041878 0.652473993064817 0.39547212590024 0.207788743664977 0.0569151773806348 0 0 0 0 0
-9999 -9999 -9999 -9999 -9999 -9999 -9999 0.0184382502000534 0.68031475060016 0.738530274739931 0.862129901307015 0.809649239797279 1 1 0.857228594291811 0.952320618831689 1 1 1 1 1 1 1 1 0.928514270472126 0.856728460922913 0.761636436383036 0.952487329954655 0.809582555348093 0.97642704721259 0.97642704721259 0.833555614830622 0.976260336089624 0.952253934382502 1 1 0.976026940517471 1 1 1 1 1 1 1 1 0.976260336089624 1 1 0.976226993865031 1 1 1 1 0.976260336089624 0.952587356628434 1 1 1 0.742798079487863 0.724026407041878 0.690517471325687 0.594825286743132 0.226360362763404 0.151607095225393 0 0 0 0 0 0
-9999 -9999 -9999 -9999 -9999 -9999 -9999 0.207355294745265 0.714723926380368 0.724026407041878 0.742798079487863 0.761636436383036 1 0.856628434249133 0.833388903707655 1 1 1 1 1 1 1 1 1 0.90477460656175 0.856728460922913 0.761636436383036 1 0.833355561483062 0.809582555348093 1 1 0.880834889303814 1 1 1 0.952453987730061 1 1 1 1 1 0.976260336089624 1 1 1 1 1 1 1 0.952654041077621 1 1 0.928814350493465 1 1 1 0.952387303280875 0.886236329687917 0.616064283809016 0.355894905308082 0.0754201120298746 0 -9999 -9999 0 0 0 0 0
