data-raw/DATASET_PNE/a_DATA/PFGS/ENVSUIT_A1B/HS_f45_C2_VaccUli.asc
NCOLS 619 
NROWS 782 
XLLCORNER 876826 
YLLCORNER 1947424 
CELLSIZE 100 
NODATA_value -9999 
[rows 625 to 649 of 782, columns 456 to 512 of 619]
0.0645665675401688 0.0753757432103157 0.096766360104084 0.0431152284145355 0.0431152284145355 0 0 0.0107939885929227 0.0215424317866564 0 0 0.0324123278260231 0 0.00986792147159576 0.300212532281876 0.278700470924377 0.296599358320236 0.478472739458084 0.424791246652603 0.532457873225212 0.811871856451035 0.811871856451035 0.851343542337418 0.926840752363205 0.978381663560867 1 1 1 0.978472739458084 0.989297091960907 1 1 1 0.967709124088287 0.925626248121262 0.905161678791046 0.753711849451065 0.733976006507874 0.733976006507874 0.724138453602791 0.704493701457977 0.665477454662323 0.704493701457977 0.684636414051056 0.636693477630615 0.410566278733313 0.361090034246445 0.320753008127213 0.18128130864352 0.295521482825279 0.312008509412408 0.0956732928752899 0.06480947509408 0.0214968882501125 0.0108395321294665 0 0
0.0647183880209923 0.0539243966341019 0.0647183880209923 0.0324123278260231 0 0 0 0.0754061043262482 0 0.0108395321294665 0.0215272512286901 0.0539243966341019 0.00986792147159576 0.105328679084778 0.321739792823792 0.289509654045105 0.297601342201233 0.417321990244091 0.532336417585611 0.489312276244164 0.733657196164131 0.811871856451035 0.851328372955322 0.930939733982086 0.915181428194046 0.978381663560867 0.957082122564316 0.989297091960907 0.96786093711853 0.989297091960907 0.989297091960907 0.96786093711853 0.989297091960907 0.946166694164276 1 0.946288138628006 0.733976006507874 0.724138453602791 0.607317440211773 0.509822377003729 0.509822377003729 0.558068916201591 0.480112355202436 0.440352209843695 0.316532552242279 0.274981021881104 0.305131316184998 0.185213297605515 0.12612721323967 0.168134205043316 0.0509488396346569 0.0742523148655891 0.0314103551208973 0.00986792147159576 0 0 0
0.096766360104084 0.0108395321294665 0.0752998366951942 0 0 0 0 0 0 0.0108395321294665 0 0 0 0.0838166102766991 0.213147103786469 0.310960978269577 0.246682867407799 0.357036590576172 0.521527264267206 0.478351294994354 0.682814627885818 0.811871856451035 0.811871856451035 0.851343542337418 0.825869143009186 0.989175647497177 1 1 0.989297091960907 0.989297091960907 0.978487938642502 0.967663586139679 1 1 1 0.914073169231415 0.753711849451065 0.804842859506607 0.733976006507874 0.704493701457977 0.547517836093903 0.418809775263071 0.489949911832809 0.294033706188202 0.245620161294937 0.2104751765728 0.300258070230484 0.175345376133919 0.0735691487789154 0.0644602989777923 0.0956732928752899 0.117246091365814 0.0314103551208973 0 0 0 0
0.096766360104084 0.096766360104084 0.0861090049147606 0.0323971472680569 0 0 0 0 0 0 0.0647183880209923 0 0 0.00986792147159576 0.117079094052315 0.18888720870018 0.268088668584824 0.274267494678497 0.446849852800369 0.49999999627471 0.610292986035347 0.792454838752747 0.811871856451035 0.821648687124252 0.849643230438232 0.907863974571228 1 0.967891305685043 0.989297091960907 0.978472739458084 0.978472739458084 0.924684971570969 0.989297091960907 0.978685289621353 0.935554891824722 0.978472739458084 0.824639439582825 0.919447392225266 0.794990122318268 0.743919849395752 0.733976006507874 0.634810984134674 0.450007596053183 0.295627751387656 0.115348413586617 0.159283436834812 0.0957795679569244 0.0196902994066477 0.00986792147159576 0.0107028996571898 0.0314103551208973 0.117246091365814 0 0 0 0 0
0 0 0 0 0 0 0 0 0 0 0.0216638837009668 0 0 0.00986792147159576 0.191695764660835 0.165644451975822 0.299286484718323 0.294868677854538 0.343601018190384 0.553590402007103 0.647533014416695 0.811871856451035 0.811871856451035 0.811871856451035 0.861272215843201 0.886336714029312 0.989175647497177 1 0.946242600679398 0.989297091960907 0.989297091960907 1 0.989297091960907 1 0.978487938642502 0.989190816879272 0.957006216049194 0.924684971570969 0.924684971570969 0.990344613790512 0.825140416622162 0.871216028928757 0.811871856451035 0.626096844673157 0.270031876862049 0.331501439213753 0.0420221649110317 0.00986792147159576 0.0197206623852253 0.00986792147159576 0.00986792147159576 0.00986792147159576 0 0 0 0 0
0 0 0 0 0 0 0.0215879771858454 0 0 0.0108395321294665 0 0 0 0 0.00986792147159576 0.00986792147159576 0.321739792823792 0.300212532281876 0.324927896261215 0.467678755521774 0.446364041417837 0.684196144342422 0.811871856451035 0.811871856451035 0.911249428987503 0.835888862609863 0.87452557682991 0.989175647497177 1 1 0.989297091960907 1 0.9677394926548 1 0.967876106500626 0.989297091960907 1 0.98920601606369 1 1 0.990344613790512 0.805981487035751 0.809032946825027 0.59591618180275 0.210809163749218 0.126142401248217 0.0205708220601082 0.00986792147159576 0 0.00986792147159576 0.00986792147159576 0 0 0 0 0 0.0432063154876232
0 0 0 0 0 0 0.0107484441250563 0 0 0.0108395321294665 0.0539092160761356 0 0 0 0 0.00986792147159576 0.0585850924253464 0.13930469751358 0.295794755220413 0.435418248176575 0.478427201509476 0.424821625463665 0.733657196164131 0.811871856451035 0.841399729251862 0.841354191303253 0.896280556917191 0.989175647497177 1 0.957082122564316 1 1 0.957127690315247 0.989297091960907 0.978487938642502 0.989297091960907 1 1 0.956960678100586 1 0.989949911832809 0.81578865647316 0.849643230438232 0.837376654148102 0.656186401844025 0.546546220779419 0.331562155857682 0.00986792147159576 0.00986792147159576 0 0 0 0 0 0 0.0108395321294665 0
0 0 0 0 0 0 0.0107484441250563 0 0 0 0 0.0539092160761356 0 0.0216335207223892 0.0107939885929227 -9999 0.00986792147159576 0.109063304960728 0.321739792823792 0.333945661783218 0.467618048191071 0.565902531147003 0.413982093334198 0.811871856451035 0.811871856451035 0.861272215843201 0.900455445051193 0.917519360780716 0.989175647497177 0.956915140151978 1 1 1 1 0.989190816879272 0.989190816879272 0.967876106500626 1 0.989190816879272 1 1 0.919204503297806 0.765325635671616 0.797601312398911 0.756201595067978 0.66831636428833 0.557279482483864 0.302520122379065 0.193912252783775 0 0 0.107378169894218 0.0645210295915604 0.0645210295915604 0.0216335207223892 0 0
0 0 0 0 0 0.0107484441250563 0 0 0 0 0 0 0 -9999 -9999 -9999 -9999 0.0849248543381691 0.230970099568367 0.305693030357361 0.333945661783218 0.478396832942963 0.553590402007103 0.811871856451035 0.811871856451035 0.811871856451035 0.980567783117294 0.94820100069046 0.967785030603409 1 0.957082122564316 1 1 1 0.957127690315247 0.989190816879272 0.978579014539719 0.97841203212738 1 0.919295579195023 0.989949911832809 0.9206163585186 0.83052983880043 0.831486254930496 0.758873522281647 0.606953084468842 0.551874905824661 0.160862304270267 0.154015481472015 0.0645058453083038 0 0.0646728426218033 0.0645210295915604 0.0216335207223892 0 0 0
0 0 0 0 0 0.0107484441250563 0 0 0 -9999 -9999 -9999 -9999 -9999 -9999 -9999 -9999 0 0.203491732478142 0.289509654045105 0.406163662672043 0.353651136159897 0.478305748663843 0.74810990691185 0.790344595909119 0.811871856451035 0.871170490980148 0.941111266613007 0.917640805244446 0.989175647497177 0.989175647497177 0.98920601606369 1 1 0.956915140151978 0.956915140151978 0.989190816879272 1 0.989190816879272 1 1 0.8959921002388 0.86122664809227 0.788538008928299 0.648064345121384 0.581463485956192 0.545696064829826 0.122013054788113 0.193912252783775 0.172066189348698 0.0540154837071896 0 0.0645210295915604 0 0 0 0
0 0 0 0 0.0107484441250563 0.0107484441250563 0.0107484441250563 0 -9999 -9999 -9999 -9999 -9999 -9999 -9999 -9999 -9999 0.00986792147159576 0.00986792147159576 0.16918171942234 0.300288438796997 0.435494154691696 0.478427201509476 0.478427201509476 0.790511608123779 0.779687255620956 0.811871856451035 0.831486254930496 0.950903296470642 0.897085160017014 0.989175647497177 0.989175647497177 1 0.978427201509476 0.989221185445786 0.967724293470383 0.978427201509476 1 1 0.989949911832809 0.957036584615707 0.930939733982086 0.775998175144196 0.736572027206421 0.677288591861725 0.662334889173508 0.633611649274826 0.228161528706551 0.075451647862792 0 0.0860634595155716 0.0965993627905846 0.0539092160761356 0.0108243506401777 0 0 0
0 0 0 0 0 0 0 0 -9999 -9999 -9999 -9999 -9999 -9999 -9999 -9999 0 0.021572794765234 0.00986792147159576 0.00986792147159576 0.196614548563957 0.447457104921341 0.435494154691696 0.467618048191071 0.619644746184349 0.790511608123779 0.811871856451035 0.811871856451035 0.821648687124252 0.763837873935699 0.863792330026627 0.989175647497177 0.989175647497177 0.989175647497177 0.978381663560867 0.978381663560867 0.967785030603409 0.967785030603409 1 0.854880839586258 0.869500547647476 0.766889333724976 0.725762844085693 0.667238473892212 0.608577489852905 0.443100050091743 0.127948991954327 0.0744496732950211 0 0 0.0859875530004501 0.0540154837071896 0.0645210295915604 0.0108243506401777 0 0 0
0 0 0 0 0 0 0 0 0 0 0 0 0.0539699420332909 0.0539092160761356 0.0754971951246262 0.0322756953537464 0 0.0537725836038589 0.0324578732252121 0.00986792147159576 0.00986792147159576 0.287672698497772 0.406163662672043 0.425762861967087 0.489221185445786 0.657051742076874 0.770973145961761 0.558235920965672 0.704493701457977 0.841475635766983 0.919356316328049 0.886336714029312 0.916228950023651 0.957856386899948 0.928252607584 0.928252607584 0.979474723339081 0.990253537893295 0.980598151683807 0.949248522520065 0.766221344470978 0.739274322986603 0.607666611671448 0.530059188604355 0.0295430384576321 0.030393198132515 0.0206922721117735 0.0430696830153465 0.0216638837009668 0.0108091691508889 0.0647183880209923 0.0324578732252121 0 0.0647942945361137 0 0 0
0 0 0 0 0 0 0 0.0107484441250563 0.0107484441250563 0.0107484441250563 0.0430089570581913 0.0430089570581913 0.0861090049147606 0.0861090049147606 0.0861090049147606 0.0431607700884342 0.096766360104084 0.0216335207223892 0.0432063154876232 0 0.115105509757996 0.321739792823792 0.327311366796494 0.274358570575714 0.354273557662964 0.54293305054307 0.5 0.527493562549353 0.715105503797531 0.715242147445679 0.841475635766983 0.830696821212769 0.850523769855499 0.702550485730171 0.680901765823364 0.807529985904694 0.836116582155228 0.899650812149048 0.918840140104294 0.756080150604248 0.706118106842041 0.638925135135651 0.48542582988739 0.191134044900537 0.12489752471447 0.0637012273073196 0.0216638837009668 0.0432214960455894 0.0647183880209923 0.0859875530004501 0.0647183880209923 0.0216335207223892 0.0108395321294665 0 0 0 0
0 0 0 0 0 0 0 0 0 0.0107484441250563 0 0 0 0.043191134929657 0.0861090049147606 0.0323819629848003 0.0324578732252121 0.0859875530004501 0.0432063154876232 0.0538636706769466 0.00986792147159576 0.0205708220601082 0.224092915654182 0.254531651735306 0.400683164596558 0.489221185445786 0.5 0.597024440765381 0.597297705709934 0.704493701457977 0.80121448636055 0.811871856451035 0.607211172580719 0.704493701457977 0.635433435440063 0.625611051917076 0.622347056865692 0.591331422328949 0.580628514289856 0.482040382921696 0.549081534147263 0.643601030111313 0.515545770525932 0.170927584171295 0.08516775816679 0.0323819629848003 0 0 0 0 0.0324578732252121 0.0108395321294665 0.0108395321294665 0 0 0.0107484441250563 0
0 0 0 0 0 0 0 0 0 0 0 0 0 0 0 0 0.0108243506401777 0.0431759543716908 0 0 0.00986792147159576 0 0.117246091365814 0.302277207374573 0.34949141740799 0.440458476543427 0.456869602203369 0.489221185445786 0.597024440765381 0.704493701457977 0.692636996507645 0.519675116986036 0.467572488822043 0.562805540859699 0.475056946277618 0.380765151232481 0.295642920769751 0.274358570575714 0.275967806577682 0.247214213013649 0.267860949039459 0.321739792823792 0.230560198426247 0.0637923181056976 0.0752846524119377 0.096675269305706 0 0 0 0.0107484441250563 0 0 0 0 0 0 0
0 0 0 0 0 0 0 0 0 0 0 0 0 0 0 0 0.0539243966341019 0.0108243506401777 0 0 0.00986792147159576 0.00986792147159576 0.10646728426218 0.127068474888802 0.321739792823792 0.294868677854538 0.343995749950409 0.425762861967087 0.488234403543174 0.621056631207466 0.73247304558754 0.488705031573772 0.410657346248627 0.458114475011826 0.296644896268845 0.297510236501694 0.302277207374573 0.190101712942123 0.0391528755426407 0.0196902994066477 0.00986792147159576 0.0205708220601082 0.0421436168253422 0.0850463062524796 0.0753757432103157 0.0646728426218033 0.0644906610250473 0 0 0 0 0.0108395321294665 0 0 0 0 0
0 0 0 0 0 0 0 0 0 0 0 0 0 0 0 0 0 0 0 0 0 0.00986792147159576 0.0313951708376408 0.0313951708376408 0.224092915654182 0.289509654045105 0.334811002016068 0.294868677854538 0.294868677854538 0.566008806228638 0.571534857153893 0.321739792823792 0.224092915654182 0.292060121893883 0.155138909816742 0.227721273899078 0.222134500741959 0.129421591758728 0.0196902994066477 0.00986792147159576 0.0538788512349129 0.0108243506401777 0 0 0 0.0323819629848003 0 0.0753301978111267 0.0216638837009668 0.107378169894218 0 0 0 0 0 0 0
0 0 0 0 0 0 0 0 0 0 0 0 0 0 0 0 0 0 0 0 0 0 0 0.0537725836038589 0.0313951708376408 0.214270532131195 0.310960978269577 0.300212532281876 0.159996956586838 0.241809625178576 0.287718240171671 0.214437529444695 0.127068474888802 0.117246091365814 0.117246091365814 0.0196902994066477 0.0637012273073196 0.00986792147159576 0.00986792147159576 0 0 0 0 0 0.0108395321294665 0.0323364213109016 0.0108395321294665 0.0432063154876232 0.0216335207223892 0 0 0 0 0 0 0 0
0 0 0 0 0 0 0 0 0 0 0 0 0 0 0 0 0 0 0 0 0 0 0 0 0.0206922721117735 0.00986792147159576 0.0409291014075279 0.128525882959366 0.0849248543381691 0.117246091365814 0.117246091365814 0.117246091365814 0.117246091365814 0.117246091365814 0.0958402901887894 0.00986792147159576 0 0.0214817058295012 0.0108243506401777 0 0 0 0 0 0 0 0 0 0 0 0 0 0 0 0 0 0
0 0 0 0 0 0 0 0 0 0 0 0 0 0 0 0 0 0 0 0 0 0 0 0 0.021572794765234 0.00986792147159576 0.00986792147159576 0.0206922721117735 0.0313496291637421 0.0958554744720459 0.00986792147159576 0.0743130445480347 0.0850463062524796 0.00986792147159576 0.00986792147159576 0.0637467727065086 0 0.0108243506401777 0 0 0 0 0 0 0 0 0 0 0 0 0 0 0 0 0 0 0
0 0 0 0 0 0 0 0 0 0 0 0 0 0 0 0 0 0 0 0 0 0 0 0 0 0.0539092160761356 0.0323667824268341 0 0.0320935174822807 0.0214817058295012 0 0 0.0106573551893234 0 0 0.0216638837009668 0 0 0 0 0 0 0 0 0 0 0 0 0 0 0 0 0 0 0 0 0
0 0 0 0 0 0 0 0 0 0 0 0 0 0 0 0 0 0 0 0 0 0 0 0 0 0 0 0 0.0108243506401777 0.0214817058295012 0 0 0 0 0 0 0 0 0 0 0 0 0 0 0 0 0 0 0 0 0 0 0 0 0 0 0
0 0 0 0 0 0 0 0 0 0 0 0 0 0 0 0 0 0 0 0 0 0 0 0 0 0 0 0 0 0 0 0 0 0 0 0 0 0 0 0 0 0 0 0 0 0 0 0 0 0 0 0 0 0 0 0 0
0 0 0 0 0 0 0 0 0 0 0 0 0 0 0 0 0 0 0 0 0 0 0 0 0 0 0 0.0215272512286901 0.0107028996571898 0 0 0 0 0 0 0 0 0 0 0 0 0 0 0 0 0 0 0 0 0 0 0 0 0 0 0 0
