data-raw/DATASET_PNE/a_DATA/PFGS/ENVSUIT_A1B/HS_f0_P2_river.asc
NCOLS 619 
NROWS 782 
XLLCORNER 876826 
YLLCORNER 1947424 
CELLSIZE 100 
NODATA_value -9999 
[rows 84 to 111 of 782, columns 63 to 125 of 619]
-9999 -9999 -9999 -9999 -9999 -9999 -9999 -9999 -9999 -9999 -9999 -9999 -9999 -9999 -9999 -9999 -9999 -9999 -9999 -9999 -9999 -9999 -9999 -9999 -9999 -9999 -9999 -9999 -9999 -9999 0 0 0 0 0 0 0 0 0.0179796925793635 0.15852630734037 0.403018019825822 0.477986916562989 0.594413452662841 0.801822049203355 0.801380583537344 0.371312758357748 0.652044788698479 0.7989324557531 0.803868844563952 1 1 1 1 1 0.802062848657543 0.752016695428824 0.689729903278886 0.689729903278886 0.689729903278886 0.669542882369467 0.669542882369467 0.669542882369467 0.669542882369467
-9999 -9999 -9999 -9999 -9999 -9999 -9999 -9999 -9999 -9999 -9999 -9999 -9999 -9999 -9999 -9999 -9999 -9999 -9999 -9999 -9999 -9999 -9999 -9999 -9999 -9999 -9999 -9999 -9999 0 0 0 0 0 0 0 0 0 0.0179796925793635 0.250110366416503 0.439378737408195 0.49628767508127 0.532006260785809 0.777300638118554 0.495765942930529 0.55712967050608 0.77364851306337 0.871132158767107 0.777300638118554 0.975558855399928 1 1 1 0.900148492996749 0.802062848657543 0.752016695428824 0.669542882369467 0.669542882369467 0.669542882369467 0.669542882369467 0.669542882369467 0.669542882369467 0.669542882369467
-9999 -9999 -9999 -9999 -9999 -9999 -9999 -9999 -9999 -9999 -9999 -9999 -9999 -9999 -9999 -9999 -9999 -9999 -9999 -9999 -9999 -9999 -9999 -9999 -9999 -9999 -9999 -9999 0 0 0 0 0 0 0 0 0 0 0.0365212505518321 0.384717261307541 0.458201228077216 0.680258458080828 0.551069550909018 0.495765942930529 0.550547818758277 0.604807962435285 0.7989324557531 0.870851226070554 0.876269213789782 1 1 1 1 0.900148492996749 0.77709997190673 0.752016695428824 0.669542882369467 0.669542882369467 0.669542882369467 0.669542882369467 0.669542882369467 0.669542882369467 0.669542882369467
-9999 -9999 -9999 -9999 -9999 -9999 -9999 -9999 -9999 -9999 -9999 -9999 -9999 -9999 -9999 -9999 -9999 -9999 -9999 -9999 -9999 -9999 -9999 -9999 -9999 -9999 -9999 -9999 -9999 0 0 0 0 0 0 0 0 0.0179796925793635 0.0569892041578039 0.331580848416744 0.477986916562989 0.587711201187944 0.513705502267528 0.532006260785809 0.550547818758277 0.690733234338002 0.963117550266886 0.791788738612192 0.975478588915198 0.974475257856082 1 1 0.978528715334912 0.900148492996749 0.752016695428824 0.689729903278886 0.669542882369467 0.669542882369467 0.669542882369467 0.669542882369467 0.669542882369467 0.669542882369467 0.669542882369467
-9999 -9999 -9999 -9999 -9999 -9999 -9999 -9999 -9999 -9999 -9999 -9999 -9999 -9999 -9999 -9999 -9999 -9999 -9999 -9999 -9999 -9999 -9999 -9999 -9999 -9999 -9999 -9999 0 0 0 0 0 0 0 0 0 0.0179796925793635 0.199181281855761 0.296905727013685 0.477786250351166 0.513705502267528 0.587711201187944 0.67829192920496 0.641971344864952 0.748123770919453 0.835253040093109 0.75871894690372 0.975558855399928 1 1 1 1 0.875707348396677 0.752016695428824 0.669542882369467 0.669542882369467 0.669542882369467 0.669542882369467 0.669542882369467 0.669542882369467 0.669542882369467 0.669542882369467
-9999 -9999 -9999 -9999 -9999 -9999 -9999 -9999 -9999 -9999 -9999 -9999 -9999 -9999 -9999 -9999 -9999 -9999 -9999 -9999 -9999 -9999 -9999 -9999 -9999 -9999 -9999 0 0 0 0 0 0 0 0 0 0.0179796925793635 0.0179796925793635 0.199181281855761 0.332383513264037 0.477786250351166 0.495765942930529 0.659951037444315 0.696793353935064 0.645703736404864 0.791588072400369 0.7989324557531 0.73343500421399 0.975558855399928 1 1 1 1 0.875707348396677 0.752016695428824 0.752016695428824 0.669542882369467 0.669542882369467 0.669542882369467 0.669542882369467 0.669542882369467 0.669542882369467 0.669542882369467
-9999 -9999 -9999 -9999 -9999 -9999 -9999 -9999 -9999 -9999 -9999 -9999 -9999 -9999 -9999 -9999 -9999 -9999 -9999 -9999 -9999 -9999 -9999 -9999 -9999 -9999 0 0 0 0 0 0 0 0 0 0 0.0179796925793635 0.138098486976763 0.278966167676687 0.370189027571537 0.477786250351166 0.495765942930529 0.532608259421279 0.623871252558494 0.741782718625838 0.7989324557531 0.752337761367741 0.875145483003572 0.974475257856082 1 1 1 1 0.97471605731027 0.850423405706947 0.752016695428824 0.669542882369467 0.669542882369467 0.669542882369467 0.669542882369467 0.669542882369467 0.669542882369467 0.669542882369467
-9999 -9999 -9999 -9999 -9999 -9999 -9999 -9999 -9999 -9999 -9999 -9999 -9999 -9999 -9999 -9999 -9999 -9999 -9999 0 0 -9999 -9999 -9999 -9999 0 0.0183408917606453 0 0 0 0 0 0 0 0 0.0179796925793635 0.0365212505518321 0.260143677007665 0.316691415499458 0.495765942930529 0.495765942930529 0.514468033872457 0.57498896335835 0.71513424569571 0.94485692499097 0.919773648513063 0.752016695428824 0.975558855399928 1 1 1 1 1 1 0.850423405706947 0.752016695428824 0.669542882369467 0.669542882369467 0.669542882369467 0.669542882369467 0.669542882369467 0.669542882369467 0.669542882369467
-9999 -9999 -9999 -9999 -9999 -9999 -9999 -9999 -9999 -9999 -9999 -9999 -9999 -9999 -9999 -9999 -9999 -9999 -9999 0 0 0 0 0 0.0183408917606453 0 0 0 0 0 0 0 0 0 0 0.0179796925793635 0.117429867158968 0.296905727013685 0.477786250351166 0.495765942930529 0.513705502267528 0.55712967050608 0.677689930569491 0.839186097844845 0.908536340650961 0.752016695428824 0.802825380262471 0.956736364730907 1 1 0.825701328410322 1 1 0.97471605731027 0.950194646225469 0.752016695428824 0.689729903278886 0.669542882369467 0.669542882369467 0.669542882369467 0.669542882369467 0.669542882369467 0.669542882369467
-9999 -9999 -9999 -9999 -9999 -9999 -9999 -9999 -9999 -9999 -9999 -9999 -9999 -9999 -9999 -9999 -9999 0 0 0 0 0 0 0.0183408917606453 0 0 0 0 0 0 0 0 0 0 0.0179796925793635 0.0365212505518321 0.257494883011599 0.351968535537986 0.477786250351166 0.3589918529518 0.514468033872457 0.654452783240358 0.764056668138219 0.93217482040374 0.907854075530762 0.752016695428824 0.752016695428824 0.975558855399928 0.975558855399928 0.752016695428824 0.752016695428824 0.77597624112052 0.978528715334912 1 0.826463860015251 0.752016695428824 0.669542882369467 0.669542882369467 0.669542882369467 0.669542882369467 0.669542882369467 0.669542882369467 0.669542882369467
-9999 -9999 -9999 -9999 -9999 -9999 -9999 -9999 -9999 -9999 -9999 -9999 -9999 -9999 -9999 0.0183408917606453 0.0183408917606453 0 0 0 0 0 0 0 0.0183408917606453 0 0 0 0 0 0 0.272023116747602 0 0.0179796925793635 0.0179796925793635 0.0365212505518321 0.257494883011599 0.31653088253 0.495765942930529 0.495765942930529 0.696793353935064 0.71513424569571 0.809487498495003 0.908536340650961 0.777541437572741 0.752016695428824 0.876148814062688 0.752016695428824 0.752016695428824 0.752016695428824 0.752016695428824 0.752016695428824 0.825460528956134 0.900148492996749 0.802062848657543 0.752016695428824 0.669542882369467 0.669542882369467 0.669542882369467 0.669542882369467 0.669542882369467 0.669542882369467 0.669542882369467
-9999 -9999 -9999 -9999 -9999 -9999 -9999 -9999 -9999 -9999 -9999 -9999 -9999 0.0183408917606453 0 0.0183408917606453 0.0183408917606453 0 0 0.0183408917606453 0.0183408917606453 0.0363205843400088 0.0183408917606453 0 0 0.0183408917606453 0.108118954930369 0 0 0 0 0 0 0.0179796925793635 0.0179796925793635 0.158365774370911 0.257494883011599 0.31653088253 0.3589918529518 0.425572902034755 0.696793353935064 0.733916603122366 0.809487498495003 0.857968455271501 0.883453064173055 0.752016695428824 0.752016695428824 0.752016695428824 0.752016695428824 0.752016695428824 0.752016695428824 0.752016695428824 0.752016695428824 0.978528715334912 0.850423405706947 0.752016695428824 0.689729903278886 0.669542882369467 0.669542882369467 0.669542882369467 0.669542882369467 0.669542882369467 0.669542882369467
-9999 -9999 -9999 -9999 -9999 -9999 -9999 -9999 -9999 -9999 -9999 -9999 -9999 0.0183408917606453 0 0.0183408917606453 0.0183408917606453 0.0183408917606453 0.0183408917606453 0 0 0.0183408917606453 0.0183408917606453 0.0183408917606453 0 0.0368824497331139 0 0.289360677449131 0.325400329092587 0 0 0 0.0179796925793635 0.0179796925793635 0.642252277561504 0.177188265039933 0.303487578761488 0.341052293614801 0.31653088253 0.514468033872457 0.696793353935064 0.733916603122366 0.733916603122366 0.733916603122366 0.752016695428824 0.752016695428824 0.752016695428824 0.752016695428824 0.752016695428824 0.752016695428824 0.752016695428824 0.752016695428824 0.960268090058996 1 0.875707348396677 0.802062848657543 0.689729903278886 0.669542882369467 0.669542882369467 0.669542882369467 0.669542882369467 0.669542882369467 0.669542882369467
-9999 -9999 -9999 -9999 -9999 -9999 -9999 -9999 -9999 -9999 -9999 -9999 0 0.235421599711041 0 0.216639242284384 0.163061363727576 0.0183408917606453 0.0183408917606453 0.0183408917606453 0.0183408917606453 0 0.0183408917606453 0.0183408917606453 0.0183408917606453 0 0 0 0 0.435887145322471 0 0 0.0179796925793635 0.0179796925793635 0.0365212505518321 0.278966167676687 0.387968053939078 0.351968535537986 0.495765942930529 0.850985271100052 0.752016695428824 0.696793353935064 0.752016695428824 0.752016695428824 0.752016695428824 0.752016695428824 0.752016695428824 0.752016695428824 0.752016695428824 0.752016695428824 0.752016695428824 0.752016695428824 1 1 0.924669904081551 0.752016695428824 0.689729903278886 0.689729903278886 0.689729903278886 0.669542882369467 0.669542882369467 0.669542882369467 0.669542882369467
-9999 -9999 -9999 -9999 -9999 -9999 -9999 -9999 -9999 0.380543404101617 0.380543404101617 0.380543404101617 0.307420636513224 0.380543404101617 0 0.326363526909339 0.380543404101617 0.217923506040053 0.0367219167636553 0.0183408917606453 0.0183408917606453 0 0.0183408917606453 0.0183408917606453 0.216157643376008 0.307581169482682 0 0 0 0 0 0 0.0179796925793635 0.0179796925793635 0.0365212505518321 0.296905727013685 0.298751856162459 0.495765942930529 0.777300638118554 0.777300638118554 0.801741782718626 0.801741782718626 0.826704659469438 0.900349159208572 0.900349159208572 0.900349159208572 0.752016695428824 0.752016695428824 0.752016695428824 0.752016695428824 0.752016695428824 0.752016695428824 0.925793634867761 0.981739374724084 1 0.802062848657543 0.752016695428824 0.689729903278886 0.689729903278886 0.669542882369467 0.669542882369467 0.669542882369467 0.669542882369467
-9999 -9999 -9999 -9999 -9999 0.416823855199262 0.416823855199262 0.416823855199262 0.398523096680981 0.398523096680981 0.380543404101617 0.344463619215796 0.326363526909339 0 0 0.398523096680981 0.416823855199262 0.416823855199262 0.308584500541799 0.0552634747361239 0.0183408917606453 0.12814544287033 0.18268651924389 0.254926355500261 0.326363526909339 0 0 0 0 0 0 0 0.0179796925793635 0.0179796925793635 0.0365212505518321 0.215956977164185 0.236304531043063 0.752016695428824 0.752016695428824 0.752016695428824 0.777300638118554 0.802584580808284 0.802584580808284 0.826985592165991 0.801701649476261 0.851948468916804 0.900349159208572 0.752016695428824 0.752016695428824 0.752016695428824 0.752016695428824 0.956736364730907 0.651763856001926 0.739735923265241 1 0.850423405706947 0.77709997190673 0.689729903278886 0.689729903278886 0.689729903278886 0.669542882369467 0.669542882369467 0.669542882369467
-9999 -9999 0.398523096680981 0 0 0.398523096680981 0.398523096680981 0.398523096680981 0.398523096680981 0.398523096680981 0.398523096680981 0.380543404101617 0 0 0.416823855199262 0.416823855199262 0.435525946141189 0.416823855199262 0.398523096680981 0 0 0.237267728859815 0.292290404141751 0 0.344463619215796 0 0 0 0 0 0 0.0179796925793635 0.0179796925793635 0.107236023598347 0.0949151181923988 0.367138901151824 0.458201228077216 0.458201228077216 0.776538106513625 0.752016695428824 0.752016695428824 0.777300638118554 0.752016695428824 0.852068868643898 0.827105991893085 0.777300638118554 0.900911024601677 0.752016695428824 0.752016695428824 0.752016695428824 0.752016695428824 0.766544929164827 0.651763856001926 0.669342216157643 1 1 0.802062848657543 0.752016695428824 0.689729903278886 0.689729903278886 0.669542882369467 0.669542882369467 0.649074928763495
0.307581169482682 0 0.380543404101617 0 0.417064654653449 0.417064654653449 0.417064654653449 0.417064654653449 0.417064654653449 0.417064654653449 0.417064654653449 0.398523096680981 0.3629650439459 0 0 0.416823855199262 0.416823855199262 0.416823855199262 0.398523096680981 0.19986354697596 0.0183408917606453 0 0.380744070313441 0 0.380543404101617 0 0 0 0 0 0 0.0179796925793635 0.125777581570815 0.238230926676566 0.298832122647189 0.439900469558936 0.458201228077216 0.752016695428824 0.776538106513625 0.752016695428824 0.752016695428824 0.752016695428824 0.752016695428824 0.752016695428824 0.752016695428824 0.851507003250793 0.924870570293374 0.875948147850865 0.752016695428824 0.752016695428824 0.772685315246619 0.516354296263595 0.615443271661918 0.651763856001926 0.941204799935787 1 0.850423405706947 0.77709997190673 0.689729903278886 0.669542882369467 0.669542882369467 0.669542882369467 0.669542882369467
0 0.380543404101617 0.398523096680981 0 0.43536541317173 0.417064654653449 0.417064654653449 0.417064654653449 0.43536541317173 0.43536541317173 0.43536541317173 0.417064654653449 0.398523096680981 0 0.416823855199262 0.416823855199262 0.416823855199262 0.435525946141189 0.398523096680981 0.271380984869768 0.163302163181763 0.326483926636433 0.380021671950877 0 0.398523096680981 0 0 0 0 0 0 0.0179796925793635 0.1838102500301 0.361159048039491 0.733314604486897 0.439900469558936 0.458201228077216 0.494762611871413 0.678733394870972 0.752016695428824 0.752016695428824 0.752016695428824 0.752016695428824 0.752016695428824 0.876630412971064 0.777300638118554 0.851948468916804 0.900911024601677 0.875948147850865 0.752016695428824 0.77364851306337 0.461933619617129 0.552313681422322 0.817112814544287 0.633824296664927 0.886463057350403 0.900148492996749 0.802062848657543 0.752016695428824 0.669542882369467 0.669542882369467 0.669542882369467 0.669542882369467
0.398523096680981 0.398523096680981 0 0 0.43536541317173 0.417064654653449 0.435887145322471 0.454187903840751 0.472889994782678 0.454067504113657 0.43536541317173 0 0.417064654653449 0 0.398523096680981 0.416823855199262 0.435525946141189 0.416823855199262 0.380543404101617 0.380543404101617 0.344463619215796 0.380021671950877 0.416823855199262 0 0.380543404101617 0 0 0 0 0 0 0.0179796925793635 0.13039290444275 0.207448729782879 0.421920776979572 0.458201228077216 0.458201228077216 0.776538106513625 0.495765942930529 0.752016695428824 0.777300638118554 0.777300638118554 0.777300638118554 0.802584580808284 0.876469880001605 0.851988602159168 0.900469558935666 0.875948147850865 0.801741782718626 0.490949953846771 0.725167556286872 0.44744551912349 0.486334630974836 0.816149616727535 0.778183569450576 0.651763856001926 1 1 0.752016695428824 0.669542882369467 0.669542882369467 0.669542882369467 0.669542882369467
0 0.417064654653449 0 0.416823855199262 0.417064654653449 0.417064654653449 0.43536541317173 0.472889994782678 0 0.454067504113657 0.454067504113657 0 0 0 0.398523096680981 0.398523096680981 0.435525946141189 0.416823855199262 0.380543404101617 0 0.343701087610868 0.416823855199262 0.398523096680981 0 0.344463619215796 0 0 0 0 0 0 0.0179796925793635 0.0567885379459807 0.0756110286150018 0.752016695428824 0.458201228077216 0.752016695428824 0.752016695428824 0.802584580808284 0.851547136493157 0.802584580808284 0.875506682184854 0.850985271100052 0.875948147850865 0.875948147850865 0.875948147850865 0.801741782718626 0.875948147850865 0.900469558935666 0.696793353935064 0.420997712405185 0.554761809206566 0.486334630974836 0.691816831881848 0.834530641730545 0.778183569450576 1 1 0.801500983264438 0.752016695428824 0.669542882369467 0.669542882369467 0.669542882369467
0 0.455151101657503 0.0364008508247381 0.436609543685034 0.436609543685034 0.455151101657503 0.455151101657503 0.492675683268451 0.472889994782678 0.454067504113657 0.435525946141189 0 0 0 0.417064654653449 0.398523096680981 0.416823855199262 0.416823855199262 0.398523096680981 0 0.362041979371513 0.416823855199262 0 0 0 0 0 0 0 0 0 0.0179796925793635 0.0365212505518321 0.23947505718987 0.439900469558936 0.458201228077216 0.475980254444757 0.495765942930529 0.827025725408356 0.875506682184854 0.925552835413573 0.901031424328771 0.901031424328771 0.752016695428824 0.752016695428824 0.752016695428824 0.752016695428824 0.752016695428824 0.752016695428824 0.511417907452743 0.696873620419794 0.724324758197215 0.513585102540434 0.592848256210619 0.662920897379299 0.576835092507124 0.61632620299394 1 1 0.752016695428824 0.752016695428824 0.669542882369467 0.669542882369467
0.517478027049805 0.0543805434041016 0.0727615684071116 0.515511498173937 0.47850864871373 0.515511498173937 0.515511498173937 0.0178592928522695 0.514548300357186 0.514548300357186 0.454067504113657 0 0 0 0.416823855199262 0.398523096680981 0.416823855199262 0.416823855199262 0.416823855199262 0.398523096680981 0.344463619215796 0.435525946141189 0 0 0 0 0 0 0 0 0.0179796925793635 0.0179796925793635 0.116105470160934 0.328370189027572 0.752016695428824 0.458201228077216 0.495765942930529 0.495765942930529 0.624312718224505 0.925552835413573 0.925552835413573 0.901031424328771 0.777300638118554 0.752016695428824 0.752016695428824 0.752016695428824 0.752016695428824 0.752016695428824 0.752016695428824 0.592928522695349 0.698639483083838 0.809527631737368 0.681663121563591 0.628847774611711 0.503832724645824 0.705422001043464 0.61632620299394 0.554922342176024 0.886463057350403 0.826142794076333 0.752016695428824 0.752016695428824 0.752016695428824
0.497331139382751 0.0364008508247381 0.515631897901031 0.497331139382751 0.534333988842959 0.534333988842959 0.534333988842959 0.0178592928522695 0 0.514548300357186 0.534333988842959 0 0.435887145322471 0.417064654653449 0 0.398523096680981 0.380182204920335 0.416823855199262 0.398523096680981 0.398523096680981 0.398523096680981 0.416823855199262 0 0 0.380944736525264 0 0 0 0 0 0.0179796925793635 0.0365212505518321 0.0553437412208532 0.364490107155757 0.382790865674038 0.495765942930529 0.495765942930529 0.55652767187061 0.659951037444315 0.901031424328771 0.801741782718626 0.802584580808284 0.752016695428824 0.752016695428824 0.752016695428824 0.752016695428824 0.752016695428824 0.752016695428824 0.752016695428824 0.705341734558735 0.755026688606172 0.531524661877433 0.622827788257013 0.715094112453345 0.900549825420396 0.981177509330979 0.981739374724084 0.628205642733876 0.531885861058715 0.978528715334912 0.801701649476261 0.752016695428824 0.752016695428824
0.599229441746599 0.0364008508247381 0.617530200264879 0.617530200264879 0.636232291206807 0.555002608660754 0.0364008508247381 0.0178592928522695 0 0.514548300357186 0.534333988842959 0.472889994782678 0 0 0.416823855199262 0.380182204920335 0.380182204920335 0.398523096680981 0.398523096680981 0.398523096680981 0.398523096680981 0.416823855199262 0 0 0.455672833808243 0 0 0 0 0 0.0179796925793635 0.0553437412208532 0.0553437412208532 0.257414616526869 0.458201228077216 0.495765942930529 0.51406670144881 0.925552835413573 0.901031424328771 0.901031424328771 0.678733394870972 0.715575711361721 0.752016695428824 0.752016695428824 0.752016695428824 0.752016695428824 0.752016695428824 0.752016695428824 0.752016695428824 0.649556527671871 0.550066219849902 0.497812738291126 0.8075611028615 0.834530641730545 0.741421519444556 0.651763856001926 0.669342216157643 0.554922342176024 0.978528715334912 1 0.900148492996749 0.752016695428824 0.752016695428824
0.0364008508247381 0.0364008508247381 0.0364008508247381 0.697997351206004 0.697997351206004 0.657703575871895 -9999 0.0178592928522695 0.0178592928522695 0.0178592928522695 0.514548300357186 0 0 0 0.398482963438616 0.362202512340972 0.380182204920335 0.3629650439459 0.398523096680981 0.398523096680981 0 0.234257735682466 0 0.455672833808243 0.455672833808243 0 0 0 0 0 0.0567885379459807 0.147008066781715 0.328370189027572 0.236304531043063 0.459926957498896 0.495765942930529 0.900469558935666 0.925552835413573 0.901031424328771 0.715575711361721 0.715575711361721 0.752016695428824 0.752016695428824 0.752016695428824 0.752016695428824 0.752016695428824 0.752016695428824 0.752016695428824 0.752016695428824 0.702371874623751 0.698920415780391 0.758879479873179 0.90697114419874 0.834530641730545 0.651763856001926 0.651763856001926 0.590359995184011 0.868162298832123 0.978528715334912 1 1 0.875707348396677 0.77709997190673
0.0722398362563711 0.0547818758277481 0.697997351206004 0.679295260264077 0.697997351206004 0.697997351206004 0.0178592928522695 0.0364008508247381 0.0364008508247381 0.0178592928522695 0.514548300357186 0 0 0 0.0178592928522695 0.381988200826745 0.380182204920335 0.308022635148694 0.398523096680981 0.398523096680981 0.416823855199262 0.233816270016455 0.363727575550829 0.455672833808243 0.493919813781755 0 0 0 0.017457960428623 0.0179796925793635 0.0567885379459807 0.238672392342577 0.400730425011037 0.257775815708151 0.495765942930529 0.495765942930529 0.495765942930529 0.605931693221495 0.659910904201951 0.6967532206927 0.752016695428824 0.752016695428824 0.752016695428824 0.752016695428824 0.752016695428824 0.752016695428824 0.752016695428824 0.752016695428824 0.752016695428824 -9999 0.798210057390537 0.90697114419874 0.90697114419874 0.962676084600875 0.925793634867761 0.796564594453586 1 0.924669904081551 0.850423405706947 0.875707348396677 0.850423405706947 0.826463860015251 0.850423405706947
0.0902195288357346 0.694305092908456 0.715776377573544 0.697997351206004 0.697997351206004 0.697997351206004 0.0364008508247381 0.0364008508247381 0.0364008508247381 0.0364008508247381 0.534333988842959 -9999 0 0 0 0.418870650559859 0.417064654653449 0.34466428542762 0.326122727455151 0.380182204920335 0.398482963438616 0.289240277722037 0 0.476140787414215 0.512220572300036 0.573985632299233 0 0.107797888991452 0.17923506040053 0.17923506040053 0.0724806357105591 0.164506160452703 0.400730425011037 0.254244090380062 0.495765942930529 0.495765942930529 0.550427419031184 0.678733394870972 0.659910904201951 0.752016695428824 0.752016695428824 0.875948147850865 0.777300638118554 0.752016695428824 0.752016695428824 0.752016695428824 0.752016695428824 0.752016695428824 0.752016695428824 0.486133964763013 -9999 -9999 1 1 1 1 0.874944816791749 0.801500983264438 0.850423405706947 0.924669904081551 0.924669904081551 0.924669904081551 1
