data-raw/DATASET_PNE/a_DATA/PFGS/ENVSUIT_A1B/HS_f30_C1_ruderal.asc
NCOLS 619 
NROWS 782 
XLLCORNER 876826 
YLLCORNER 1947424 
CELLSIZE 100 
NODATA_value -9999 
[rows 434 to 464 of 782, columns 345 to 413 of 619]
0.890899270861464 1 1 1 1 1 1 1 1 1 1 1 0.973048879287065 1 1 1 0.94593572778828 0.973048879287065 1 0.945125573859033 0.973048879287065 1 1 0.918336483931947 0.891223332433162 0.633648393194707 0.422468268971105 0.422468268971105 0.422468268971105 0.422468268971105 0.422468268971105 0.699540912773427 0.435916824196597 0.395517148258169 0.368728058331083 0.377315689981096 0.422468268971105 0.422468268971105 0.620955981636511 0.945449635430732 1 1 1 1 1 0.918174453146098 1 0.972724817715366 1 1 1 1 1 1 1 1 0.945449635430732 0.44229003510667 0.386011342155009 0.0756143667296786 0.0378071833648393 0.208587631650014 0.0922495274102079 0.120820955981637 0 0 0 0 0
0.94593572778828 0.973048879287065 0.918174453146098 0.973048879287065 1 1 1 1 1 1 0.945125573859033 1 1 1 1 0.973048879287065 0.973048879287065 1 1 1 1 1 1 1 0.94593572778828 0.925411828247367 0.447961112611396 0.759816365109371 0.600702133405347 0.513745611666217 0.4589251957872 0.963327032136106 0.943289224952741 0.6940858763165 0.495436132865244 0.447961112611396 0.673399945989738 0.670429381582501 0.965811504185795 1 1 1 1 0.973048879287065 0.972076694571969 1 1 1 1 0.972724817715366 1 1 1 1 1 1 1 0.501701323251418 0.404104779908183 0.19524709694842 0.0756143667296786 0.369052119902782 0.262921955171483 0.0757763975155279 0.0180394274912233 0.0180394274912233 0.0180394274912233 0 0
0.973048879287065 1 1 0.917850391574399 0.94577369700243 1 1 0.972562786929517 1 1 1 1 1 1 1 1 0.973048879287065 0.973048879287065 1 1 1 0.918174453146098 0.918174453146098 1 0.94593572778828 1 1 1 1 0.979962192816635 0.963651093707804 1 1 1 0.956737780178234 0.965811504185795 1 0.973048879287065 1 1 1 1 1 0.918174453146098 1 1 1 1 1 1 1 1 1 1 1 1 1 1 0.501701323251418 0.422468268971105 0.19524709694842 0.0566567647853092 0.18579530110721 0.139994598973805 0.0180394274912233 0.0180394274912233 0.0180394274912233 0 0
0.917958412098299 1 1 1 0.973048879287065 1 1 1 1 1 1 1 1 1 1 1 1 0.973048879287065 0.945125573859033 1 1 0.918174453146098 0.918174453146098 1 1 1 1 1 1 1 1 1 1 1 1 0.946097758574129 1 0.973048879287065 1 1 1 0.945125573859033 1 1 1 1 1 1 1 1 1 1 1 1 1 1 1 0.973048879287065 1 0.875398325681879 0.422468268971105 0.22349446394815 0.528004320820956 0.260221442073994 0.208371590602214 0.0725897920604915 0.0180394274912233 0 0
1 1 1 1 1 1 1 1 1 1 1 1 1 1 1 1 1 1 1 1 1 1 1 1 0.945125573859033 1 1 1 1 1 1 1 1 0.945125573859033 1 1 1 1 0.945125573859033 0.945125573859033 1 1 1 1 1 1 0.918714555765595 1 1 1 0.945125573859033 1 0.972724817715366 1 1 1 1 1 1 1 0.812746421820146 0.395517148258169 0.900837159060221 0.676046448825277 0.263029975695382 0.0180394274912233 0 0 0
0.973048879287065 1 1 1 1 1 1 1 1 1 1 1 1 1 1 1 1 1 1 1 1 1 1 1 1 1 1 1 0.973048879287065 0.945125573859033 1 0.945125573859033 0.945125573859033 0.945125573859033 0.972076694571969 1 0.972076694571969 0.945125573859033 1 1 1 1 1 1 1 1 1 1 1 1 1 -9999 -9999 -9999 1 1 1 1 1 1 0.556359708344585 0.481231433972455 0.982122603294626 0.965811504185795 0.255846610856063 0.0453146097758574 0 0 0
1 1 1 1 1 1 1 1 1 1 1 1 1 1 1 1 1 1 1 1 1 1 1 1 1 1 1 1 1 1 1 1 1 1 1 1 1 1 1 1 1 1 1 1 1 1 1 1 1 1 1 -9999 -9999 -9999 -9999 1 1 1 1 1 1 1 0.982122603294626 0.867998919794761 0.282797731568998 0.0992168512017283 0 0 0
1 1 1 1 1 1 1 1 1 1 1 1 1 1 1 1 1 1 1 1 1 1 1 1 1 1 1 1 1 1 1 1 1 1 1 1 1 1 1 1 1 1 1 1 1 1 1 1 1 1 -9999 1 1 1 -9999 1 1 1 1 1 1 1 0.982122603294626 0.57650553605185 0.310234944639481 0.0453146097758574 0 0 0
1 1 1 1 1 1 1 1 1 1 0.45887118552525 1 1 1 1 1 1 1 1 1 1 1 1 1 1 1 1 1 1 1 1 1 1 1 1 1 1 1 1 1 1 1 1 1 1 1 1 1 1 1 1 1 1 1 1 1 1 1 1 1 0.688468809073724 0.474912233324332 0.982122603294626 0.713259519308669 0.201566297596543 0.0180394274912233 0 0 0
1 1 1 1 1 1 1 1 1 0.511423170402376 0.878476910613016 0.79756953821226 1 1 1 1 1 1 1 1 1 1 1 1 1 1 1 1 1 1 1 1 1 1 1 1 1 1 1 1 1 1 1 1 0.973048879287065 1 1 1 1 0.982122603294626 0.928058331082906 0.965811504185795 1 1 1 1 1 1 1 1 1 0.51531190926276 0.422468268971105 0.358844180394275 0.282797731568998 0.0453146097758574 0 0 0
1 1 1 1 1 1 1 1 0.918714555765595 0.918714555765595 0.878476910613016 0.918714555765595 1 1 1 1 1 1 1 1 1 1 1 1 0.918714555765595 1 1 1 1 1 1 1 1 1 1 1 1 1 1 1 1 1 1 1 1 1 1 1 0.982122603294626 0.95517148258169 0.928166351606805 0.408749662435863 0.704509856872806 0.982122603294626 1 1 1 1 1 1 1 1 0.422468268971105 0.404104779908183 0.301647312989468 0.0721036997029436 0.0180394274912233 0 0
1 1 1 1 1 1 1 0.878476910613016 1 1 1 1 1 1 1 1 1 1 1 1 1 1 1 1 1 1 1 1 1 1 1 1 0.959438293275722 0.784877126654064 1 0.918714555765595 0.817607345395625 1 1 1 1 1 1 1 1 1 1 0.982122603294626 0.620955981636511 0.934809613826627 0.462705914123684 0.435916824196597 0.467620847961113 0.773426951120713 1 1 1 1 1 1 1 1 0.395679179044018 0.404104779908183 0.348042128004321 0.154415338914394 0.0180394274912233 0 0
1 1 1 1 0.972724817715366 1 0.918714555765595 1 1 1 1 1 1 1 1 1 1 1 1 1 1 1 1 1 1 1 1 1 1 1 1 1 0.727410207939509 0.623872535781799 1 1 1 1 1 1 1 1 1 1 1 1 1 0.84223602484472 0.44229003510667 0.44229003510667 0.422468268971105 0.435916824196597 0.482905752092898 0.827383202808534 1 1 1 1 1 1 1 1 0.982122603294626 0.927896300297056 0.228895490143127 0.0992168512017283 0.0180394274912233 0 0
1 1 1 1 1 0.313745611666217 1 1 1 1 1 1 1 1 1 1 1 1 1 1 1 1 1 1 1 1 1 1 1 1 1 1 1 1 1 1 1 1 0.973048879287065 0.890899270861464 0.945125573859033 1 1 1 1 0.931136916014043 0.875398325681879 0.681825546853902 0.743883337834188 0.404104779908183 0.44229003510667 0.483175803402646 0.467890899270861 0.760248447204969 1 1 1 1 1 1 1 1 0.982122603294626 0.404104779908183 0.320604914933837 0.0453146097758574 0.0180394274912233 0 0
1 1 1 0.79756953821226 0.454280313259519 1 1 1 1 1 1 1 1 1 1 1 1 1 1 1 1 1 0.973048879287065 0.973048879287065 1 1 1 1 1 1 1 1 1 1 1 1 1 1 0.973048879287065 0.973048879287065 1 1 1 0.982122603294626 0.86351606805293 0.620955981636511 0.44229003510667 0.404104779908183 0.490953281123413 0.0920334863624089 0.404104779908183 0.435916824196597 0.535673778017823 0.689819065622468 1 1 1 0.900729138536322 1 1 1 0.982122603294626 0.95533351336754 0.358898190656225 0.138158250067513 0.0721036997029436 0 0 0
1 0.918714555765595 0.918714555765595 1 1 1 1 1 1 1 1 1 1 1 1 0.973048879287065 0.973048879287065 0.945125573859033 0.945125573859033 0.945125573859033 0.945125573859033 0.972076694571969 0.972076694571969 1 1 1 1 1 1 1 1 1 1 1 1 1 1 0.973048879287065 1 1 1 0.982122603294626 0.911855252497974 0.583148798271672 0.582770726438023 0.459195247096948 0.386011342155009 0.19535511747232 0.348042128004321 0.0920334863624089 0.404104779908183 0.377315689981096 0.435916824196597 0.603510667026735 0.778179854172293 0.80945179584121 1 1 1 1 1 0.982122603294626 0.982122603294626 0.690845260599514 0.197191466378612 0.0180394274912233 0 0 0
1 1 1 1 1 1 1 1 1 1 0.973048879287065 1 0.972076694571969 1 0.945125573859033 1 0.945125573859033 0.945125573859033 0.945125573859033 0.945125573859033 1 1 1 1 0.945125573859033 1 0.945125573859033 0.973048879287065 0.973048879287065 1 1 1 1 1 1 1 1 0.918174453146098 1 1 1 0.945449635430732 0.495652173913043 0.44229003510667 0.386011342155009 0.430893869835269 0.338158250067513 0.146853902241426 0.0722657304887929 0.266972724817715 0.305157980016203 0.359222252227923 0.404104779908183 0.44229003510667 0.6235484742101 0.794220901971375 0.982122603294626 1 1 1 0.982122603294626 0.982122603294626 0.95533351336754 0.119578719956792 0.0453146097758574 0 0 0 0
1 1 1 1 1 1 1 1 1 0.890899270861464 1 1 1 0.973048879287065 1 1 1 1 1 1 1 1 1 1 1 1 0.945125573859033 0.945125573859033 0.973048879287065 1 0.973048879287065 1 0.973048879287065 1 1 0.972886848501215 1 1 1 0.94593572778828 0.90126924115582 0.422468268971105 0.386011342155009 0.157385903321631 0.119578719956792 0.229597623548474 0.0453146097758574 0.0453146097758574 0.181582500675128 0.201728328382393 0.29413988657845 0.29413988657845 0.366891709424791 0.404104779908183 0.556359708344585 1 0.96467728868485 1 1 1 0.982122603294626 0.982122603294626 0.695598163651094 0.128112341344856 0.0180394274912233 0 0 0 0
0.918012422360248 1 1 1 1 1 1 1 0.973048879287065 0.890899270861464 0.973048879287065 1 1 1 1 1 1 1 1 1 1 1 1 0.946097758574129 1 1 1 1 1 1 1 1 1 0.945125573859033 1 1 0.973048879287065 1 1 0.94593572778828 0.907696462327842 0.386011342155009 0.329084526059951 0.209721847150959 0.266378611936268 0.154415338914394 0.0180394274912233 0.181582500675128 0.0995409127734269 0.0722657304887929 0.173805022954361 0.256332703213611 0.359222252227923 0.462705914123684 0.495058061031596 1 0.889008911693222 1 0.982122603294626 0.982122603294626 0.982122603294626 0.850499594923035 0.289062921955171 0.0180394274912233 0 0 0 0 0
0.973210910072914 1 1 1 1 1 1 0.973048879287065 0.945125573859033 0.973048879287065 0.973048879287065 1 1 0.973048879287065 0.906130164731299 0.979962192816635 1 1 0.982122603294626 0.982122603294626 0.982122603294626 1 0.943289224952741 0.943775317310289 1 1 1 1 1 1 1 1 1 0.945125573859033 1 1 1 1 1 1 0.945449635430732 0.761166621658115 0.165703483661896 0.181582500675128 0.0180394274912233 0.0722657304887929 0.310234944639481 0.146151768836079 0.0725897920604915 0.0995409127734269 0.0650823656494734 0.193626789089927 0.332109100729139 0.44229003510667 0.481231433972455 0.982122603294626 0.982122603294626 0.982122603294626 0.95533351336754 0.982122603294626 0.380826357007831 0.322009181744531 0.209829867674858 0.0180394274912233 0 0 0 0 0
1 1 1 1 1 1 1 0.973048879287065 0.973048879287065 1 1 0.96008641641912 0.979638131244937 0.979638131244937 0.422468268971105 0.580556305698083 0.519632730218742 0.635430731839049 0.462705914123684 0.460815554955442 0.799513907642452 0.799513907642452 0.477126654064272 0.495652173913043 0.765919524709695 0.979638131244937 0.973048879287065 1 0.964839319470699 0.965811504185795 1 1 1 1 1 1 1 1 0.946097758574129 0.973210910072914 0.582770726438023 0.761166621658115 0.24229003510667 0.0992168512017283 0.235808803672698 0.201350256548744 0.0650823656494734 0.0920334863624089 0.0722657304887929 0.0995409127734269 0.0722657304887929 0.0650823656494734 0.256332703213611 0.404104779908183 0.422468268971105 0.982122603294626 0.982122603294626 0.982122603294626 0.873129894679989 0.329138536321901 0.453740210640022 0.0509856872805833 0.0180394274912233 0 0 0 0 0 0
1 1 1 1 1 1 1 0.973048879287065 1 1 1 1 0.963327032136106 0.422468268971105 0.422468268971105 0.743883337834188 0.439373480961383 0.422468268971105 0.386011342155009 0.358574129084526 0.185309208749662 0.228625438833378 0.339454496354307 0.339454496354307 0.267458817175263 0.5059141236835 0.783202808533621 0.961760734539562 0.895436132865244 0.582770726438023 0.771482581690521 1 1 1 1 1 1 1 0.972724817715366 0.640669727248177 0.603510667026735 0.799513907642452 0.348636240885768 0.0920334863624089 0.201728328382393 0.173805022954361 0.27518228463408 0.256332703213611 0.0722657304887929 0.126384012962463 0.0995409127734269 0.0995409127734269 0.0650823656494734 0.779908182554685 0.285714285714286 0.358898190656225 0.404104779908183 0.982122603294626 0.330812854442344 0.252281933567378 0.182554685390224 0.182554685390224 0 0 0 0 0 0 0
1 1 1 1 1 1 1 1 1 1 1 0.923413448555226 0.961760734539562 0.422468268971105 0.320604914933837 0.320604914933837 0.301647312989468 0.255846610856063 0.181366459627329 0.0992168512017283 0.100027005130975 0.154415338914394 0.12697812584391 0.127302187415609 0.0650823656494734 0.128112341344856 0.375371320550905 0.534539562516878 0.675452335943829 0.731514987847691 0.580556305698083 1 1 1 1 1 1 1 0.543073183904942 0.341452876046449 0.612692411558196 0.928166351606805 0.477126654064272 0.404104779908183 0.359222252227923 0.404104779908183 0.31298946799892 0.228895490143127 0.0180394274912233 0.0725897920604915 0.0994328922495274 0.0180394274912233 0.0180394274912233 0.11282743721307 0.145395625168782 0.362732919254658 0.290629219551715 0.306022144207399 -9999 0.0509856872805833 0.182554685390224 0 0 0 0 0 0 0 0
1 1 1 1 1 1 1 0.973048879287065 1 0.919308668647043 1 0.728598433702403 0.422468268971105 0.386011342155009 0.283067782878747 0.0453146097758574 0.100027005130975 0.0992168512017283 0.0992168512017283 0.0724277612746422 0.0453146097758574 0.0180394274912233 0.0453146097758574 0.0453146097758574 0.0180394274912233 0.0622198217661356 0.0453146097758574 0.100027005130975 0.138428301377262 0.250553605184985 0.746097758574129 0.945449635430732 1 1 1 1 0.603024574669187 0.787901701323251 0.543073183904942 0.341452876046449 0.656710775047259 0.655684580070213 0.422468268971105 0.462705914123684 0.462705914123684 0.462705914123684 0.404104779908183 0.366891709424791 0.256332703213611 0.146259789359978 0.201728328382393 0.0757763975155279 0.157169862273832 0.0378071833648393 0.211396165271402 0.176127464218201 0.130218741560897 0.0378071833648393 -9999 0.115473940048609 0 0 0 0 0 0 0 0 0
1 1 1 1 1 0.945125573859033 1 1 1 1 0.906130164731299 0.518606535241696 0.422468268971105 0.285552254928436 0.310234944639481 0.0992168512017283 0.0992168512017283 0.0180394274912233 0.0180394274912233 0.0180394274912233 0.0180394274912233 0 0 0 0 0 0.0180394274912233 0.0180394274912233 0.0453146097758574 0.201134215500945 0.5059141236835 0.477126654064272 0.925411828247367 0.854712395355117 0.778990008101539 0.562894950040508 0.543073183904942 0.481609505806103 0.159546313799622 0.501971374561167 0.738428301377262 0.628733459357278 0.462705914123684 0.44229003510667 0.462705914123684 0.44229003510667 0.44229003510667 0.44229003510667 0.386011342155009 0.31298946799892 0.366891709424791 0.0722657304887929 0.0180394274912233 0.0453146097758574 0.0180394274912233 0.0650823656494734 0.0180394274912233 0.0180394274912233 0 0 0 0 0 0 0 0 0 0 0
1 1 0.973048879287065 0.945125573859033 0.945125573859033 0.945125573859033 1 1 0.973048879287065 1 0.571536591952471 0.422468268971105 0.395679179044018 0.31298946799892 0.0920334863624089 0.0180394274912233 0.0180394274912233 0 0 0 0 0 0 0 0 0 0 0.0180394274912233 0.0180394274912233 0.12714015662976 0.0650823656494734 0.19535511747232 0.422468268971105 0.907696462327842 0.94577369700243 0.807939508506616 0.481609505806103 0.52238725357818 0.159546313799622 0.481609505806103 0.63300027005131 0.755063462057791 0.612692411558196 0.449095328112341 0.442614096678369 0.422468268971105 0.422468268971105 0.44229003510667 0.404104779908183 0.340102619497705 0.31298946799892 0.329084526059951 0.0453146097758574 0.0180394274912233 0.0180394274912233 0.0180394274912233 0.0180394274912233 0 0 0 0 0 0 0 0 0 0 0 0
1 1 0.945125573859033 0.945125573859033 0.945125573859033 1 1 1 1 0.817391304347826 0.799513907642452 0.35047258979206 0.27518228463408 0.329084526059951 0.0725897920604915 0.0180394274912233 0 0 0 0 0 0 0 0 0 0.0180394274912233 0.0453146097758574 0.0180394274912233 0.0180394274912233 0 0.0453146097758574 0.275560356467729 0.476424520658925 0.779692141506886 0.907696462327842 0.898946799891979 0.807939508506616 0.657304887928706 0.422468268971105 0.113637591142317 0.442938158250068 0.442614096678369 0.442614096678369 0.422468268971105 0.122063192006481 0.368241965973535 0.422468268971105 0.422468268971105 0.422468268971105 0.366891709424791 0.340102619497705 0.147231974075074 0.0453146097758574 0.0453146097758574 0.0180394274912233 0 0 0 0 0 0 0 0 0 0 0 0 0 0
0.973048879287065 1 1 1 1 1 0.973210910072914 1 0.925573859033216 0.52465568458007 0.110883067782879 0.0650823656494734 0.17418309478801 0.0650823656494734 0.0721036997029436 0 0 0 0 0 0 0 0.0180394274912233 0.0180394274912233 0.0180394274912233 0.0180394274912233 0.0453146097758574 0.0453146097758574 0.100513097488523 0.0180394274912233 0.0180394274912233 0.0453146097758574 0.255252497974615 0.366891709424791 0.799513907642452 0.483175803402646 0.53653794220902 0.733567377801782 0.603996759384283 0.442614096678369 0.442614096678369 0.482905752092898 0.482905752092898 0.462435862813935 0.442614096678369 0.103969754253308 0.39519308668647 0.422468268971105 0.422468268971105 0.44229003510667 0.340102619497705 0.256332703213611 0.0180394274912233 0.0180394274912233 0.0180394274912233 0 0 0 0 0 0 0 0 0 0 0 0 0 0
0.945125573859033 1 1 1 1 0.973210910072914 1 0.85887118552525 0.799513907642452 0.543721307048339 0.310234944639481 0.0722657304887929 0.0453146097758574 0.0453146097758574 0.0180394274912233 0 0 0 0 0 0 0.0180394274912233 0.0453146097758574 0.0180394274912233 0.0180394274912233 0.0180394274912233 0.0180394274912233 0.0180394274912233 0.0453146097758574 0.0453146097758574 0.0180394274912233 0.0180394274912233 0.0180394274912233 0.0722657304887929 0.166189576019444 0.404374831217931 0.422468268971105 0.945449635430732 0.90812854442344 0.777747772076695 0.583148798271672 0.483175803402646 0.483175803402646 0.415500945179584 0.415500945179584 0.422468268971105 0.404104779908183 0.422468268971105 0.404104779908183 0.366891709424791 0.31298946799892 0.17418309478801 0.0180394274912233 0.0180394274912233 0.0180394274912233 0 0 0 0 0 0 0 0 0 0 0 0 0 0
1 1 1 0.973048879287065 1 1 0.787469619227653 0.501701323251418 0.64239805563057 0.413178503915744 0.0180394274912233 0.154415338914394 0.0180394274912233 0.0180394274912233 0.0180394274912233 0 0 0 0 0 0 0.0453146097758574 0.0453146097758574 0.0180394274912233 0.0995409127734269 0.0650823656494734 0.0923575479341075 0.0650823656494734 0.17418309478801 0.0650823656494734 0.0650823656494734 0.0920334863624089 0.255252497974615 0.0995409127734269 0.366891709424791 0.439373480961383 0.44229003510667 0.647475020253848 0.422468268971105 0.477126654064272 0.44229003510667 0.44229003510667 0.422468268971105 0.422468268971105 0.44229003510667 0.44229003510667 0.44229003510667 0.422468268971105 0.422468268971105 0.366891709424791 0.27518228463408 0.0650823656494734 0.0722657304887929 0.0453146097758574 0.0180394274912233 0 0 0 0 0 0 0 0 0 0 0 0 0 0
1 1 1 0.683499864974345 0.979962192816635 0.979962192816635 0.498136645962733 0.462705914123684 0.539238455306508 0.160518498514718 0.0453146097758574 0.0180394274912233 0 0.0180394274912233 0 0.0180394274912233 0 0 0 0 0.0180394274912233 0.0453146097758574 0.0453146097758574 0.0453146097758574 0.0650823656494734 0.256332703213611 0.256332703213611 0.340102619497705 0.422468268971105 0.422468268971105 0.422468268971105 0.422468268971105 0.404374831217931 0.42128004320821 0.29403186605455 0.27518228463408 0.29403186605455 0.516554145287605 0.29403186605455 0.29403186605455 0.166081555495544 0.640345665676479 0.535079665136376 0.57871995679179 0.57871995679179 0.544153389143937 0.422468268971105 0.422468268971105 0.340102619497705 0.256332703213611 0.0650823656494734 0.0722657304887929 0.0180394274912233 0.0453146097758574 0 0 0 0 0 0 0 0 0 0 0 0 0 0 0
