data-raw/DATASET_PNE/a_DATA/PFGS/ENVSUIT_A1B/HS_f30_C4_shrubs.asc
NCOLS 619 
NROWS 782 
XLLCORNER 876826 
YLLCORNER 1947424 
CELLSIZE 100 
NODATA_value -9999 
[rows 435 to 463 of 782, columns 198 to 263 of 619]
0.639727283601132 0.595191579283123 0.215621386707069 0.0253977114150154 0.153303297316694 0.229935010565767 0.1275068777162 0.102069295482636 0.229576173198836 0.255173238706591 0.0509947769227702 0.255173238706591 0.1275068777162 0.0513137434711535 0 0 0.0257166779633986 0 0 0 0 0 0 0 0 0 0.0763924883377856 0.0253977114150154 0.20417846178382 0.20417846178382 0.0507954228300307 0.0253977114150154 0.0253977114150154 0 0 0.10238826203102 0 0 0 0 0 0 0 0 0 0 0 0 0 0 0 0 0.0256369363263028 0.0253977114150154 0.178461783820422 0.0510346477413181 0 0.153343168135242 0.102707228579403 0 0 0 0 0 0 0
0.56289621625932 0.639727283601132 0.368645588293928 0.280929787488537 0.255173238706591 0.0510346477413181 0.229576173198836 0.229775527291575 0.179019975280093 0.153024201586859 0.229775527291575 0.0256768071448507 0 0 0 0.0252382281408237 0.0252382281408237 0 0 -9999 0 0 0 0 0 0 0 0 0 0.0256369363263028 0.0253977114150154 0 0 0 0 0.0257565487819465 0 0 0 0 0 0 0 0 0 0 0 0 0 0 0 0 0 0 0 0 0 0 0 0 0 0 0 0 0 0
0.614050476456282 0.542123519795861 0.48678282365137 0.273154977871696 0.222200071767473 0.0944539691399865 0.255173238706591 0 0 0 0.127626490171843 0 0.0253578405964674 0.0257166779633986 0.0252382281408237 0.0767114548861688 0 0 0 -9999 0 0 0 0 0 0 0 0 0 0 0 0 0 0 0 0 0 0 0 0 0 0 0 0 0 0 0 0 0 0 0 0 0 0 0 0 0 0 0 0 0 0 0 0 0 0
0.614329572186117 0.579841314142179 0.408795502571668 0.255173238706591 0.178461783820422 0.0433794505801204 0.255173238706591 0 0 0 0.0257166779633986 0 0 0 0.0767114548861688 0.0257565487819465 0 0 0 0 0 0 0 0 0 0 0 0 0 0 0 0 0 0 0 0 0 0 0 0 0 0 0 0 0 0 0 0 0 0 0 0 0 0 0 0 0 0 0 0 0 0 0 0 0 0
0.588652765041266 0.600653881424186 0.369761971213269 0.127785973446035 0 0.0253977114150154 0.255173238706591 0 0.153343168135242 0 0 0 -9999 0 0.102109166301184 0 0.0257565487819465 0 0 0 0 0 0 0 0 0 0 0 0 0 0 0 0 0 0 0 0 0 0 0 0 0 0 0 0 0 0 0 0 0 0 0 0 0 0 0 0 0 0 0 0 0 0 0 0 0
0.614050476456282 0.549818587775607 0.284637773613492 0 0.102109166301184 0.178621267094613 0.255173238706591 0.0255970655077549 0.153143814042502 0 0 0 0 0.1275068777162 0 0 0 0 0 0 0 0 0 0 0 0 0 0 0 0.0509947769227702 0 0 0 0 0 0 0 0 0 0 0 0 0.0256369363263028 0 0 0.0253977114150154 0.0767114548861688 0.0513536142897014 0.0257166779633986 0 0 0 0.0771101630716479 0.0513536142897014 0.0513536142897014 0.102707228579403 0 0 0 0 0 0 0 0 0 0
0.639727283601132 0.38762409792273 0.280929787488537 0.127546748534747 0 -9999 -9999 -9999 0.153143814042502 0 0 0.153343168135242 0.102109166301184 0 0 0.0257565487819465 0.0257565487819465 0 0 0 0 0 0 0 0 0 0 0 0 0 0 0 0 0 0 0 0 0 0 0.0256369363263028 0.0764323591563335 0.153103943223954 0.1275068777162 0.153103943223954 0.20417846178382 0.178820621187353 0.127825844264583 0.204098720146725 0.101830070571349 0.0764323591563335 0.1275068777162 0.1275068777162 0.1275068777162 0.178860492005901 0.178342171364778 0.153263426498146 0.204417686695108 0.0513536142897014 0 0 0 0 0 0 0 0
0.579004026952673 0.240421035843866 0.170447749292293 0.145488616881305 0.203859495235437 0.255173238706591 0.255173238706591 -9999 0.127746102627487 0.102348391212472 0 0 0.0257565487819465 0.0257565487819465 0.0257565487819465 0 0 0 0 0 0 0 0 0.229416689924644 0 0 0 0 0 0 0 0 0 0 0 0.0767911965232646 0.178820621187353 0.102308520393924 0.0253977114150154 0.0253977114150154 0.178820621187353 0 0 0.145488616881305 0.16422790159882 0.1275068777162 0 0 0.051074518559866 0.102069295482636 0.102069295482636 0.178342171364778 0.153103943223954 0.153103943223954 0.153103943223954 0.0764722299748814 0.0253977114150154 0.204098720146725 0.0764323591563335 0.0256369363263028 0 0 0 0 0 0
0.534189226904828 0.145329133607113 0.255173238706591 0.152864718312667 0.255173238706591 0.127865715083131 0.0257166779633986 0.0763526175192377 0.102348391212472 0.0767114548861688 0.0257565487819465 0.0255970655077549 0 0 0 0 0 0 0 0.0256768071448507 0.077030421434552 0.229935010565767 0.255173238706591 0.255173238706591 0.178581396276066 0 0 0 0 0 0 0 0.0257166779633986 0.0767911965232646 0.127706231808939 0.153103943223954 0.153103943223954 0.153103943223954 0.178820621187353 0.0510346477413181 0.0253977114150154 0.0256369363263028 0.204218332602368 0.266656034448387 0.204577169969299 0.0763924883377856 0.0253578405964674 0 0.0510346477413181 0.178461783820422 0.196523264622623 0.178541525457518 0.101790199752801 0.229935010565767 0 0.101790199752801 0.153103943223954 0.153103943223954 0.153103943223954 0.178342171364778 0.0764323591563335 0 0 0 0 0
0.273154977871696 0.255173238706591 0.229576173198836 -9999 0.229815398110123 0 0 0 0.0257565487819465 0.0257565487819465 0.0257565487819465 0 0 0 0 0 0.0256768071448507 0.0256768071448507 0.255173238706591 0.255173238706591 0.178621267094613 0.204098720146725 0.0767114548861688 0 0.0253977114150154 0.255173238706591 0.128025198357322 0 0 0 0 0 0.077030421434552 0.153103943223954 0.153103943223954 0.0510346477413181 0 0.0256369363263028 0.153263426498146 0.127546748534747 0.0512340018340577 0.204577169969299 0.323591563334795 0.24129819385192 0.0511542601969618 0 0.153542522227981 0.24129819385192 0.24129819385192 0.24129819385192 0.24129819385192 0.223316454686815 0.204537299150752 0.204577169969299 0.153542522227981 0.204577169969299 0.204577169969299 0 0.0253578405964674 0 0.0256768071448507 0.0256369363263028 0 0 0 0
0.255173238706591 0.255173238706591 0.102268649575376 0.153422909772338 0.0509549061042223 0 0 0.102348391212472 0.102029424664088 0 0 0 0 0 0.0256768071448507 0.204537299150752 0.255173238706591 0.229576173198836 0.152864718312667 0.102109166301184 0.0433794505801204 0.173717156413221 0.252860731230812 0.557394043299709 0.405645707906383 0.1275068777162 0.204577169969299 0.102428132849567 0 0 0 0 0.178820621187353 0.153103943223954 0 0 0 0.1275068777162 0.229935010565767 0.266656034448387 0.286511702085244 0.442885052430126 0.637773613492285 0.197559905904868 0.306327498903552 0.223276583868267 0.369761971213269 0.400781468043539 0.575973844743033 0.438698616482596 0.369761971213269 0.324707946254137 0.0698935449144771 0.0444958334994617 0.0513934851082493 0.0253977114150154 0 0 0 0 0 0.153103943223954 0 0 0 0
0.127626490171843 0 0.0505960687372912 0.0257166779633986 0 0 0.102348391212472 0.0509947769227702 0 0 0 0 0 0 0.051074518559866 0 0.101830070571349 0.0253977114150154 0.101909812208445 0.616243371476416 0.805629759578964 0.877317491328097 0.856465053227543 0.843227941469638 0.749212551333679 0.393325624975081 0.153103943223954 0.229935010565767 0 0 0 0.0256369363263028 0.153103943223954 0.178820621187353 0.0510346477413181 0 0.15318368486105 0.172521031856784 0.300785455125394 0.442885052430126 0.444679239264782 0.463538136437941 0.673617479366851 0.297755272915753 0.522387464614649 0.36860571747538 0.639727283601132 0.542123519795861 0.639727283601132 0.693353534548064 0.463538136437941 0.259638770383956 0.069534707547546 0.0513934851082493 0 0 0 0 0 0 0.0510346477413181 0 0.0510346477413181 0 0 0
0 0 0.0253977114150154 0 0.0252382281408237 0.102348391212472 0.0509947769227702 0 0 0 0 0.0509947769227702 0 0.204058849328177 0.0253977114150154 0.0253977114150154 0.0253977114150154 0.101790199752801 0.178461783820422 0.345321159443403 0.599976077508871 0.639727283601132 1 1 1 0.831226825086719 0.145448746062757 0 0 0.229935010565767 0.178820621187353 0.127666360990391 0.102109166301184 0.1275068777162 0.0253977114150154 0.229935010565767 0.241258323033372 0.172321677764045 0.444679239264782 0.639727283601132 0.639727283601132 0.711574498624457 0.675810374386986 0.583150592081655 0.747219010406284 0.946214265778876 0.639727283601132 0.639727283601132 0.576611777839799 0.203700011961246 0.197240939356485 0.0698536740959292 0.0256369363263028 0 0 0 0 0 0 0 0.0506359395558391 0.152944459949763 0 0 0 0
0 0 0.0253578405964674 0 0.0767114548861688 0.0257565487819465 0 0 0 0.0257565487819465 0 0 0.0257166779633986 0.255173238706591 0.102109166301184 0.0253977114150154 0 0.153422909772338 0.291894262589211 0.389019576571907 0.620948128065069 1 0.940114030541047 0.940114030541047 0.639727283601132 0.856465053227543 0.182807703042143 0 0.0253977114150154 0.0253977114150154 0.255173238706591 0.20417846178382 0.20417846178382 0 0.0510346477413181 0.247916749730872 0.344523743072445 0.522307722977553 0.583150592081655 0.639727283601132 0.910290658267214 0.946214265778876 0.711454886168813 0.782743909732467 1 1 0.639727283601132 0.464853873450022 0.255173238706591 0.127546748534747 0.178541525457518 0.102149037119732 0 0 0 0 0 0 0 0.0253977114150154 0.229456560743192 0.102109166301184 0 0 0 0
0.0767114548861688 0 0.0253578405964674 0 0 0 0 0 0 0 0 0 0.0255970655077549 0.255173238706591 0.0253977114150154 0 0 0.229935010565767 0.620948128065069 0.711574498624457 1 1 0.898090187791555 0.858538335792034 0.639727283601132 0.974602288584985 0.518799090945337 0.153223555679598 0 0.229935010565767 0.229935010565767 0.0253977114150154 0 0.178621267094613 0.247916749730872 0.34994617439496 0.582273434073602 0.579841314142179 0.639727283601132 0.639727283601132 1 0.892388660739205 0.657589410310594 0.67573063274989 0.639727283601132 0.539093337586221 0.273912523424106 0.255173238706591 0.171683744667278 0.179538295921215 0.0367210238826203 0.0187392847175153 0.0444958334994617 0.0187392847175153 0 0 0 0.0253977114150154 0 0 0.102308520393924 0.0767114548861688 0.101830070571349 0 0 0.0256369363263028
0 0 0 0.0253578405964674 0 0 0 0 0 0 0 0 0 0.051074518559866 0.127467006897652 0 0.127666360990391 0.266656034448387 0.657509668673498 0.821338862086839 0.945735815956302 0.981818906742155 1 0.744348311470835 0.718671504325984 0.974363063673697 0.608827399226506 0.076631713249073 0 0.255173238706591 0 0.178820621187353 0.127347394442008 0.145369004425661 0.241178581396276 0.601212072883856 0.639727283601132 0.639727283601132 0.982177744109087 1 1 0.639727283601132 0.348351341653044 0.273912523424106 0.428252462023045 0.501415414058451 0.383038953789721 0.233603125872174 0.463538136437941 0.89382401020693 0.574139787089829 0.284717515250588 0.364658506439137 0.342570072963598 0.223316454686815 0 0 0 0 0 0.0253977114150154 0.051074518559866 0.0253977114150154 0.0256369363263028 0 -9999
0.0253578405964674 0.0253578405964674 0.0253578405964674 0 0 0 0 0 0 0 0 0 0 0.0253977114150154 0.0253977114150154 0.0253977114150154 0.0256369363263028 0.34500219289502 0.639727283601132 0.795941150671823 1 1 1 0.726845022128304 0.766357003309278 1 0.601212072883856 0.266656034448387 0.178541525457518 0.0253977114150154 0 0.145448746062757 0.164108289143176 0.24129819385192 0.38096567122523 0.838961763885013 0.856664407320282 1 1 1 0.927953430883936 0.461584466329094 0.272078465770902 0.639727283601132 0.639727283601132 0.620788644790878 0.639727283601132 0.673617479366851 0.601212072883856 0.20760735217894 0.240979227303537 0.408516406841832 0.230214106295602 0.230214106295602 0.157210637534389 0.138511223635421 0 0 0 0.0253977114150154 0 0 0 0 0 -9999
0 0 0.0762728758821419 0 0 0 0 0 0 0 0 0 0.0513934851082493 0.1275068777162 0.0253977114150154 0.127586619353295 0.0510346477413181 0.291894262589211 0.639727283601132 1 1 1 1 0.732785774091942 1 1 0.602009489254814 0.266656034448387 0.280929787488537 0.196523264622623 0.204218332602368 0.190223675292054 0.316813524181651 0.659343726326701 0.619991228419919 1 0.946214265778876 1 1 0.909732466807544 0.639727283601132 0.329651927754077 0.639727283601132 0.639727283601132 0.675810374386986 0.639727283601132 0.782345201546988 0.622343606714246 0.266656034448387 0.204577169969299 0 0.0253977114150154 0 0.102109166301184 0 0 0 0 0.0253977114150154 0 0 0 0 0 0 0
0.0505960687372912 0.152864718312667 0.0763127467006898 0.0505960687372912 0.0256768071448507 0.0256768071448507 0 0.178780750368805 0.0256768071448507 0.0256768071448507 0.20417846178382 0.0256768071448507 0.153422909772338 0.0256768071448507 0.0253977114150154 0 0.229935010565767 0.331565727044376 0.639727283601132 1 1 1 0.974642159403533 0.754395757744907 1 1 1 0.368645588293928 0.324707946254137 0.229935010565767 0.324707946254137 0.575814361468841 0.647980543040549 0.856664407320282 0.948606514891751 0.974363063673697 1 1 1 0.765280491208485 0.379490450938958 0.580319763964754 0.639727283601132 0.872293768191061 1 0.701846018898768 0.398827797934692 0.297914756189945 0.266656034448387 0.0764323591563335 0 0.153103943223954 0.0253977114150154 0.0253977114150154 0.0253977114150154 0.127467006897652 0.15318368486105 0 0 0 0 0 0 0 0 0
0.0763526175192377 0.0256768071448507 0 0 0 0 0.15318368486105 0.178581396276066 0.15338303895379 0.127785973446035 0.255173238706591 0.229935010565767 0.178581396276066 0.0253977114150154 0 0.102029424664088 0.306327498903552 0.48562656991348 0.783860292651808 1 1 1 1 0.913081615565568 1 1 0.974363063673697 0.619991228419919 0.601212072883856 0.331565727044376 0.582273434073602 0.657509668673498 0.820222479167497 0.964315617399625 1 1 1 1 1 0.423109126430366 0.614489055460309 0.765280491208485 0.873489892747498 0.897691479606076 1 0.505402495913241 0.266656034448387 0.138511223635421 0.153103943223954 0.051074518559866 0.0253977114150154 0.0764323591563335 0 0 0 0.0253977114150154 0 0 0 0 0 0 0 0 0 0
0.0256768071448507 0 0.101869941389897 0.127785973446035 0 0.15318368486105 0.0253977114150154 0.204218332602368 0.0510346477413181 0.0253977114150154 0.0510346477413181 0.152864718312667 0.0767114548861688 0.0507954228300307 0.0507954228300307 0.0256369363263028 0.394322395438778 0.620948128065069 0.614329572186117 1 1 1 1 0.734061640285475 1 1 1 0.923368286750927 0.639727283601132 0.619991228419919 0.693353534548064 0.946214265778876 1 1 1 1 1 1 0.423109126430366 0.569036322315697 0.639727283601132 0.712013077628484 0.693552888640804 0.613970734819186 1 0.87859335752163 0.263665723057294 0.178342171364778 0 0.1275068777162 0.0510346477413181 0.0256369363263028 0 0 0 0 0 0 0 0 0 0 0 0 0 0
0 0 0.178461783820422 0.178461783820422 0.0253977114150154 0.0253977114150154 0 0.076631713249073 0.178820621187353 0 0 0.153263426498146 0.0253977114150154 0.178820621187353 0.102029424664088 0 0.426498146006938 0.667716598221762 0.639727283601132 0.964315617399625 1 1 1 1 1 1 1 1 1 0.639727283601132 0.794585542841195 1 1 1 1 1 1 0.339898728120888 0.262868306686336 0.639727283601132 0.639727283601132 0.639727283601132 0.639727283601132 1 0.962282205653682 0.789521948885611 0.392647821059766 0.178342171364778 0.0510346477413181 0.153343168135242 0.0513536142897014 0 0 0 0 0 0 0 0 0 0 0 0 0 0 0
0 0.178621267094613 0.0509947769227702 0.0509947769227702 0 0 0.0253977114150154 0 0 0 0.102029424664088 0.204258203420916 0.0507954228300307 0.076631713249073 0.102029424664088 0.204577169969299 0.445357043180097 0.61409034727483 0.910649495634145 1 1 1 0.820062995893306 0.923487899206571 1 1 1 1 1 0.639727283601132 1 1 1 1 1 1 0.739523942426538 0.288784338742474 0.568876839041506 0.712013077628484 0.639727283601132 0.639727283601132 0.639727283601132 1 0.80495195566365 0.580638730513138 0.429289103305291 0.255173238706591 0.0256369363263028 0 0 0 0 0 0 0 0 0 0 0 0 0 0 0 0 0
0.0763924883377856 0.0253977114150154 0 0 0.102029424664088 0.178461783820422 0.229456560743192 0.15318368486105 0.0507954228300307 0.255173238706591 0.255173238706591 0.229456560743192 0 0.102029424664088 0 0.24129819385192 0.601212072883856 0.588573023404171 1 1 1 1 0.747298752043379 0.493002671344843 1 1 1 1 1 1 1 1 1 1 1 1 0.770224472708425 0.313863083609106 0.639727283601132 0.927594593517005 0.693552888640804 1 1 1 0.767313902954428 0.272556915593477 0.469718113312866 0 0 0 0 0 0 0 0 0 0 0 0 0 0 0 0 0 0 -9999
0.0253977114150154 0.0253977114150154 0.0253977114150154 0.178820621187353 0.31171005940752 0.407918344563614 0.330090506758104 0.204058849328177 0.178382042183326 0.330090506758104 0.330090506758104 0.292970774690004 0.076631713249073 0.229775527291575 0 0.190502771021889 0.594354292093617 0.639727283601132 1 1 1 1 0.588612894222718 0.548582592400622 1 1 1 1 1 1 1 1 1 1 1 0.742873091184562 0.821099637175551 0.894262589210956 0.981818906742155 0.981818906742155 1 1 1 0.842749491647064 0.784458354930027 0.21522267852159 -9999 -9999 -9999 -9999 0 0 0 0 0 0 0 0 0 0 0 0 0 -9999 0 0
0.102109166301184 0 0.221681751126351 0.31171005940752 0.36744946373749 0.639727283601132 0.639727283601132 0.582153821617958 0.485706311550576 0.639727283601132 0.443722339619632 0.31171005940752 0.255173238706591 0.204218332602368 0.229935010565767 0.445357043180097 0.614329572186117 0.639727283601132 1 1 1 1 0.613970734819186 0.425900083728719 1 1 1 1 1 1 1 1 1 1 1 0.750926996531239 0.846497348590567 1 1 1 1 1 1 0.80495195566365 0.607431920577329 -9999 0.102109166301184 -9999 -9999 -9999 0 0 0 0 0 0 0 0 0 0 0 0 0 0 0 0
0.127865715083131 0 0.221681751126351 0.330090506758104 0.443722339619632 0.639727283601132 0.722499102906583 0.770224472708425 0.795901279853275 0.685937562298154 0.639727283601132 0.639727283601132 0.368645588293928 0.229935010565767 0.542442486344245 0.639727283601132 0.375862206451098 0.820222479167497 1 1 1 1 0.923129061839639 0.422590805789243 1 1 1 1 1 1 1 1 1 1 1 0.700171444519756 0.974642159403533 1 1 1 1 1 1 0.854391770663052 0.176149276344643 -9999 0 0.0764323591563335 -9999 -9999 0 0 0 0 0 0 0 0 0 0 0 0 0 0 0 0
0.153263426498146 0.153343168135242 0.0507555520114828 0.370240421035844 0.561221641880308 0.67592998684263 0.613970734819186 0.624775726645668 1 0.639727283601132 0.639727283601132 0.61409034727483 0.563294924444799 0.467046768470157 0.639727283601132 0.639727283601132 0.748215780869981 1 1 1 1 1 0.974283322036601 0.523862684900921 1 1 1 1 1 1 1 1 1 1 0.649136796778438 0.674773733104741 0.923288545113831 1 1 1 1 1 1 0.834575973844743 0.24129819385192 0.0763924883377856 0 0 -9999 0 0 0 0 0 0 0 0 0 0 0 0 0 0 0 0 0
0.178621267094613 0.153343168135242 0 0.370240421035844 0.639727283601132 0.856664407320282 1 0.657948247677525 0.639727283601132 0.61409034727483 0.802719189824967 0.614329572186117 0.639727283601132 0.620948128065069 0.639727283601132 0.67592998684263 0.964315617399625 0.964315617399625 1 1 1 1 0.981818906742155 0.212232367130497 0.623539731270683 1 1 1 1 1 1 1 1 1 0.974243451218053 0.750926996531239 0.923487899206571 1 1 1 1 1 1 0.398787927116144 0.204577169969299 0.0253977114150154 0 0.0253977114150154 -9999 0 0 0 0 0 0 0 0.0256369363263028 0 0 0 0 0 0 0 0 0
