data-raw/DATASET_PNE/a_DATA/PFGS/ENVSUIT_A1B/HS_f0_P2_river.asc
NCOLS 619 
NROWS 782 
XLLCORNER 876826 
YLLCORNER 1947424 
CELLSIZE 100 
NODATA_value -9999 
[rows 644 to 671 of 782, columns 441 to 503 of 619]
-9999 0 0 0 0 0 0.274350844804752 0.291929204960469 0.0197856884857728 0.274350844804752 0 0 0.220090701127744 0.111730946743187 0.291929204960469 0.364048641489746 0.364048641489746 0.346068948910382 0.400850824738131 0.494762611871413 0.5726612353012 0.63358349721074 0.733675803668178 0.694666292089738 0.694666292089738 0.71513424569571 0.71513424569571 0.126981578841755 0.108720953565839 0.163623229120681 0.163623229120681 0.163542962635951 0.126098647509732 0.126098647509732 0.0715575711361721 0.0360797848858209 0.0715575711361721 0.0715575711361721 0.0360797848858209 0.0360797848858209 0.752016695428824 0.713127583577477 0.692820162940964 0.491993418148252 0.0177790263675402 0 0 0 0.0177790263675402 0.0177790263675402 0.0360797848858209 0.71513424569571 0.107838022233816 0.163542962635951 0.71513424569571 0.71513424569571 0.163542962635951 0.235461732953405 0.308343701087611 0.343941887065056 0.308343701087611 0.271380984869768 0.752016695428824
0.0183007585182807 0 0 0 0 0 0 0 0.220090701127744 0.256411285467753 0.202432074487298 0.220813099490308 0.0926676566199783 0.111730946743187 0.220090701127744 0.291929204960469 0.291929204960469 0.238230926676566 0.382871132158767 0.51519043223502 0.5341734558735 0.554119677328731 0.655696913753662 0.676164867359634 0.657382509932977 0.71513424569571 0.128747441505799 0.164746959906891 0.218284705221335 0.108841353292933 0.091664325560862 0.163542962635951 0.271902717020508 0.254324356864791 0.254324356864791 0.0715575711361721 0.0540996107075491 0.0540996107075491 0.0360797848858209 0.0360797848858209 0.0360797848858209 0.0360797848858209 0.0360797848858209 0.530441064333588 0.0177790263675402 0.0177790263675402 0.0357988521892684 0.0177790263675402 0.0177790263675402 0.0360797848858209 0.0360797848858209 0.71513424569571 0.107838022233816 0.254203957137697 0.326443793394068 0.199943813460689 0.181402255488221 0.181402255488221 0.199943813460689 0.217522173616406 0.217522173616406 0.199662880764137 0.236224264558334
0.0183007585182807 0.0183007585182807 0 0 0 0 0 0.220090701127744 0.184211582453746 0.238913191796765 0.0565878717341574 0.130272504715656 0.0565878717341574 0.0567082714612514 0.0746879640406148 0.0746879640406148 0.148292330537384 0.220090701127744 0.345627483244371 0.473732792872336 0.515150298992656 0.5341734558735 0.516835895171971 0.618613797808725 0.639804149777261 0.0731227675883935 0.0731227675883935 0.0731227675883935 0.109001886262391 0.164425893967974 0.072601035437653 0.072601035437653 0.349279608299554 0.325320062607858 0.289842276357507 0.289842276357507 0.181402255488221 0.163542962635951 0.126098647509732 0.107838022233816 0.752016695428824 0.710518922823775 0.633744030180198 0.0360797848858209 0.0360797848858209 0.0898181964120881 0.0715575711361721 0.0715575711361721 0.0715575711361721 0.163542962635951 0.0715575711361721 0.0715575711361721 0.0895372637155356 0.218324838463699 0.254203957137697 0.107838022233816 0.107838022233816 0.0715575711361721 0.0902195288357346 0.107677489264358 0.218364971706064 0.218364971706064 0.144359272785648
0.0183007585182807 0.0183007585182807 0 0 0 0 0 0 0 0.202592607456756 0.0939117871332825 0.0386081791547939 0.130272504715656 0.0565878717341574 0.129991572019103 0.129991572019103 0.0926676566199783 0.202030742063651 0.43709114259341 0.419111450014047 0.418910783802223 0.535818918810451 0.5341734558735 0.618613797808725 0.639804149777261 0.0913833928643095 0.0731227675883935 0.0731227675883935 0.0731227675883935 0.164425893967974 0.181602921700044 0.072601035437653 0.145763936268411 0.306939037604848 0.288959345025485 0.379499939800136 0.379499939800136 0.361921579644419 0.343941887065056 0.254324356864791 0.0540996107075491 0.0360797848858209 0.0360797848858209 0.0360797848858209 0.0360797848858209 0.0360797848858209 0.0360797848858209 0.108118954930369 0.218324838463699 0.254203957137697 0.0715575711361721 0.0715575711361721 0.107838022233816 0.107838022233816 0.0715575711361721 0.0715575711361721 0.0540996107075491 0.0721997030140065 0.0909017939559337 0.0909017939559337 0.0909017939559337 0.0909017939559337 0.0731227675883935
0.0183007585182807 0.0183007585182807 0 0 0 0 0 0 0.202592607456756 0.238913191796765 0.130272504715656 0.0386081791547939 0.0386081791547939 0.130272504715656 0.0386081791547939 0.129991572019103 0.220090701127744 0.327487257695549 0.43709114259341 0.455592567323514 0.477063851988602 0.535818918810451 0.515672031143396 0.05514307500903 0.0731227675883935 0.0731227675883935 0.0731227675883935 0.0731227675883935 0.0731227675883935 0.126981578841755 0.126981578841755 0.072601035437653 0.072601035437653 0.0366015170365614 0.109443351928402 0.306939037604848 0.379499939800136 0.361921579644419 0.343821487337962 0.163542962635951 0.126098647509732 0.0540996107075491 0.0360797848858209 0.0360797848858209 0.0715575711361721 0.0715575711361721 0.0715575711361721 0.0895372637155356 0.163542962635951 0.107838022233816 0.0895372637155356 0.126219047236826 0.144479672512742 0.0715575711361721 0.0360797848858209 0.0722398362563711 0.0721997030140065 0.0909017939559337 0.0909017939559337 0.0731227675883935 0.0731227675883935 0.0731227675883935 0.0731227675883935
0.0183007585182807 0.0183007585182807 0 0 0 0 0 0 0.148292330537384 0.238913191796765 0 0 0.0386081791547939 0.130272504715656 0.0386081791547939 0.129991572019103 0.310029297266926 0.381627001645463 0.43709114259341 0.455592567323514 0 0.0183007585182807 0.0183007585182807 0.05514307500903 0.0731227675883935 0.0731227675883935 0.0731227675883935 0.128747441505799 0.0731227675883935 0.109122285989485 0.0904201950475579 0.0544206766464663 0.0362804510976442 0.0183007585182807 0.0183007585182807 0.0183007585182807 0.163542962635951 0.271019785688486 0.127703977204318 0.145161937632941 0.163542962635951 0.0903800618051932 0.0360797848858209 0.0360797848858209 0.0360797848858209 0.0360797848858209 0.0360797848858209 0.0540996107075491 0.0895372637155356 0.107838022233816 0.107838022233816 0.0895372637155356 0.0540996107075491 0.054220010434643 0.0721997030140065 0.0721997030140065 0.0721997030140065 0.0544206766464663 0.0731227675883935 0.0731227675883935 0.0731227675883935 0.0731227675883935 0.0731227675883935
0.0183007585182807 0 0 0 0 0 0 0 0 0 0 0 0.0386081791547939 0.130272504715656 0.0386081791547939 0.0926676566199783 0.400288959345025 0.400409359072119 0.43709114259341 0.0197856884857728 0 0 0.0183007585182807 0.05514307500903 0.0731227675883935 0.0731227675883935 0.0731227675883935 0.0731227675883935 0.0731227675883935 0.0731227675883935 0.0731227675883935 0.109122285989485 0.108720953565839 0.0544206766464663 0.0183007585182807 0.0183007585182807 0.0183007585182807 0.0183007585182807 0.072601035437653 0.145763936268411 0.127382911265401 0.0723602359834651 0.0360797848858209 0.0360797848858209 0.0540996107075491 0.0360797848858209 0.0360797848858209 0.0360797848858209 0.126901312357025 0.126901312357025 0.0895372637155356 0.0895372637155356 0.107677489264358 0.107677489264358 0.108921619777662 0.0721997030140065 0.0544206766464663 0.0544206766464663 0.0544206766464663 0.109403218686038 0.0731227675883935 0.0731227675883935 0.0731227675883935
0.0183007585182807 0 0 0 0 0 0 0 0 0.130272504715656 0.112292812136292 0.075932094553919 0.0386081791547939 0.130272504715656 0.0386081791547939 0.0746879640406148 0.3291327206325 0.382830998916402 0.381627001645463 0.0197856884857728 0 0 0.0183007585182807 0.05514307500903 0.0731227675883935 0.0731227675883935 0.0731227675883935 0.110446682987519 0.0731227675883935 0.0731227675883935 0.0731227675883935 0.109122285989485 0.0731227675883935 0.0544206766464663 0.0544206766464663 0.0544206766464663 0.0183007585182807 0.0183007585182807 0.072601035437653 0.145763936268411 0.0362804510976442 0.090861660713569 0.0543002769193723 0.0360797848858209 0.0903800618051932 0.19934181482522 0.126901312357025 0.109443351928402 0.109443351928402 0.181402255488221 0.19934181482522 0.180599590640928 0.0902195288357346 0.108921619777662 0.108921619777662 0.0731227675883935 0.0544206766464663 0.0544206766464663 0.0731227675883935 0.0731227675883935 0.0731227675883935 0.0731227675883935 0.0731227675883935
0.0183007585182807 0 0 0 0 0 0.220090701127744 0.148292330537384 0.0746879640406148 0.112212545651563 0.0942328530721997 0.0386081791547939 0.0386081791547939 0.112292812136292 0.0386081791547939 0.0567082714612514 0.238913191796765 0.3291327206325 0 0.0197856884857728 0 0 0 0.0183007585182807 0.05514307500903 0.0731227675883935 0.0731227675883935 0.0731227675883935 0.128747441505799 0.128747441505799 0.128747441505799 0.146727134085163 0.109363085443673 0.0731227675883935 0.0731227675883935 0.0724405024681944 0.0544206766464663 0.0544206766464663 0.0907011277441104 0.0544206766464663 0.0544206766464663 0.145763936268411 0.145763936268411 0.072601035437653 0.0183007585182807 0.072601035437653 0.163623229120681 0.217201107677489 0.163623229120681 0.109924950836778 0.0543002769193723 0.0724405024681944 0.0724405024681944 0.217682706585865 0.218445238190793 0.0724405024681944 0.164746959906891 0.127703977204318 0.128747441505799 0.0731227675883935 0.0731227675883935 0.128747441505799 0.2010675442469
0.0183007585182807 0 0 0 0 0 0 0.184211582453746 0.148292330537384 0.0748484970100734 0.0386081791547939 0.0386081791547939 0.075932094553919 0.0386081791547939 0.0386081791547939 0.0567082714612514 0.220973632459766 0.274350844804752 0 0 0 0 0 0.0183007585182807 0.0365613837941967 0.05514307500903 0.0731227675883935 0.0731227675883935 0.0731227675883935 0.0731227675883935 0.110446682987519 0.146687000842798 0.128747441505799 0.109363085443673 0.0731227675883935 0.0731227675883935 0.0731227675883935 0.0731227675883935 0.0731227675883935 0.0731227675883935 0.0544206766464663 0.0544206766464663 0.0904201950475579 0.0543002769193723 0.0183007585182807 0.0183007585182807 0.0183007585182807 0.0183007585182807 0.0183007585182807 0.0183007585182807 0.0364409840671028 0.0544206766464663 0.0544206766464663 0.164425893967974 0.199743147248866 0.0544206766464663 0.0731227675883935 0.0731227675883935 0.0731227675883935 0.0731227675883935 0.0731227675883935 0.128747441505799 0.219127503310992
0.0183007585182807 0 0 0 0 0 0 0 0 0 0.0386081791547939 0.0386081791547939 0.0386081791547939 0.112292812136292 0.0386081791547939 0.0567082714612514 0.148292330537384 0 0 0 0 0 0 0.0183007585182807 0.0183007585182807 0.0183007585182807 0.05514307500903 0.05514307500903 0.0731227675883935 0.0731227675883935 0.0731227675883935 0.128747441505799 0.128747441505799 0.0731227675883935 0.0731227675883935 0.0731227675883935 0.0731227675883935 0.0731227675883935 0.0913833928643095 0.0913833928643095 0.0731227675883935 0.0731227675883935 0.0544206766464663 0.0544206766464663 0.0544206766464663 0.0544206766464663 0.0544206766464663 0.0544206766464663 0.0544206766464663 0.0544206766464663 0.0544206766464663 0.0544206766464663 0.0544206766464663 0.0904201950475579 0.0724003692258297 0.0731227675883935 0.0731227675883935 0.0731227675883935 0.0731227675883935 0.0731227675883935 0.0731227675883935 0.0731227675883935 0.128747441505799
0.0183007585182807 0 0 0 0 0 0 0 0 0 0 0 0 0.130272504715656 0.0386081791547939 0 0 0 0 0 0 0 0 0.0183007585182807 0.0183007585182807 0.0183007585182807 0.0364409840671028 0.05514307500903 0.05514307500903 0.05514307500903 0.0731227675883935 0.0731227675883935 0.128747441505799 0.110446682987519 0.110446682987519 0.0731227675883935 0.0731227675883935 0.0731227675883935 0.0731227675883935 0.0731227675883935 0.0731227675883935 0.0731227675883935 0.0731227675883935 0.0731227675883935 0.0544206766464663 0.0726813019223823 0.090982060440663 0.0726813019223823 0.0544206766464663 0.0544206766464663 0.0731227675883935 0.109363085443673 0.0731227675883935 0.0731227675883935 0.0911024601677569 0.0731227675883935 0.0731227675883935 0.0984067102781234 0.0731227675883935 0.0731227675883935 0.0731227675883935 0.0731227675883935 0.0731227675883935
0 0 0 0 0 0 0 0 0 0 0 0 0 0.0942328530721997 0.0386081791547939 0 0 0 0 0 0 0 0 0.0183007585182807 0.05514307500903 0.05514307500903 0.0183007585182807 0.0183007585182807 0.0183007585182807 0.05514307500903 0.05514307500903 0.0731227675883935 0.0731227675883935 0.110446682987519 0.110446682987519 0.0731227675883935 0.0731227675883935 0.0731227675883935 0.0731227675883935 0.0731227675883935 0.0731227675883935 0.0731227675883935 0.0731227675883935 0.0731227675883935 0.0731227675883935 0.0731227675883935 0.0731227675883935 0.0731227675883935 0.0731227675883935 0.0731227675883935 0.0731227675883935 0.127663843961954 0.164746959906891 0.0911024601677569 0.0731227675883935 0.0731227675883935 0.0731227675883935 0.0731227675883935 0.0731227675883935 0.0731227675883935 0.0731227675883935 0.0731227675883935 0.0731227675883935
0 0 0 0 0 0 0 0 0 0 0 0 0 0.057671469278003 0.0386081791547939 0.0386081791547939 0 0 0 0 0 0 0 0 0.05514307500903 0.0183007585182807 0.0183007585182807 0.0183007585182807 0.0183007585182807 0.05514307500903 0.05514307500903 0.0731227675883935 0.0731227675883935 0.0731227675883935 0.110446682987519 0.0913833928643095 0.0731227675883935 0.0731227675883935 0.0731227675883935 0.0731227675883935 0.0731227675883935 0.0731227675883935 0.0731227675883935 0.0731227675883935 0.0731227675883935 0.0731227675883935 0.0731227675883935 0.0731227675883935 0.0731227675883935 0.0731227675883935 0.0731227675883935 0.128747441505799 0.128747441505799 0.0731227675883935 0.0731227675883935 0.0731227675883935 0.0731227675883935 0.0731227675883935 0.0731227675883935 0.0731227675883935 0.0731227675883935 0.0731227675883935 0.0731227675883935
0 0 0 0 0 0 0 0 0 0 0 0 0 0.0386081791547939 0.0386081791547939 0.0386081791547939 0 0 0 0 0 0 0 0 0 0 0 0 0.0183007585182807 0.05514307500903 0.05514307500903 0.05514307500903 0.0731227675883935 0.0731227675883935 0.0731227675883935 0.0731227675883935 0.0731227675883935 0.0731227675883935 0.0731227675883935 0.0731227675883935 0.0731227675883935 0.0731227675883935 0.0731227675883935 0.0731227675883935 0.0731227675883935 0.0731227675883935 0.0731227675883935 0.0731227675883935 0.0731227675883935 0.0731227675883935 0.0731227675883935 0.0731227675883935 0.0731227675883935 0.0731227675883935 0.0731227675883935 0.0731227675883935 0.0731227675883935 0.0731227675883935 0.0731227675883935 0.0731227675883935 0.0731227675883935 0.05514307500903 0.05514307500903
0 0 0 0 0 0 0 0 0 0 0 0 0 0.0386081791547939 0 0.0386081791547939 0.0386081791547939 0 0 0 0 0 0.0368423164907493 0 0 0 0 0 0 0.0183007585182807 0.05514307500903 0.05514307500903 0.0731227675883935 0.0731227675883935 0.0731227675883935 0.05514307500903 0.05514307500903 0.05514307500903 0.05514307500903 0.110446682987519 0.0731227675883935 0.0731227675883935 0.0731227675883935 0.0731227675883935 0.0731227675883935 0.0731227675883935 0.0731227675883935 0.0731227675883935 0.0731227675883935 0.0731227675883935 0.0731227675883935 0.0731227675883935 0.0731227675883935 0.0731227675883935 0.0921860577116025 0.0731227675883935 0.0731227675883935 0.0731227675883935 0.0731227675883935 0.0731227675883935 0.05514307500903 0.05514307500903 0.05514307500903
0 0 0 0 0 0 0 0 0 0 0 0 0 0.0386081791547939 0 0 0.0386081791547939 0.0567082714612514 0 0 0 0 0 0 0 0 0 0 0 0 0 0.05514307500903 0.05514307500903 0.05514307500903 0.05514307500903 0.05514307500903 0.0364409840671028 0.0365613837941967 0.0183007585182807 0.05514307500903 0.0731227675883935 0.0731227675883935 0.05514307500903 0.0731227675883935 0.0731227675883935 0.0731227675883935 0.0731227675883935 0.0731227675883935 0.0731227675883935 0.0731227675883935 0.0731227675883935 0.0731227675883935 0.0921860577116025 0.0921860577116025 0.0731227675883935 0.0731227675883935 0.0731227675883935 0.0731227675883935 0.0731227675883935 0.05514307500903 0.05514307500903 0.05514307500903 0.0732431673154874
0 0 0 0 0 0 0 0 0 0 0 0 0 0.0386081791547939 0 0 0.0386081791547939 0 0 0 0 0 0 0 0 0.345065617851266 0 0.0368423164907493 0 0 0 0.0183007585182807 0.05514307500903 0.05514307500903 0.05514307500903 0.05514307500903 0.05514307500903 0.0183007585182807 0.0183007585182807 0.0183007585182807 0.0364409840671028 0.05514307500903 0.05514307500903 0.05514307500903 0.0731227675883935 0.0731227675883935 0.0731227675883935 0.0731227675883935 0.0731227675883935 0.0731227675883935 0.0731227675883935 0.0731227675883935 0.0731227675883935 0.0731227675883935 0.0731227675883935 0.0731227675883935 0.0731227675883935 0.0731227675883935 0.05514307500903 0.05514307500903 0.05514307500903 0.0732431673154874 0.210900188626239
0 0 0 0 0 0 0 0 0 0 0 0 0 0.0386081791547939 0 0.0386081791547939 0.0386081791547939 0 0 0 0 0 0 0 0 0 0 0 0 0 0 0.0183007585182807 0.05514307500903 0.05514307500903 0.05514307500903 0.05514307500903 0.05514307500903 0.05514307500903 0.05514307500903 0.0183007585182807 0.0754103624031786 0.0183007585182807 0.05514307500903 0.05514307500903 0.05514307500903 0.0731227675883935 0.0731227675883935 0.0731227675883935 0.0731227675883935 0.0731227675883935 0.0731227675883935 0.0731227675883935 0.0731227675883935 0.0731227675883935 0.0731227675883935 0.0731227675883935 0.0731227675883935 0.05514307500903 0.05514307500903 0.05514307500903 0.05514307500903 0.0368021832483846 0.0181000923064574
0 0 0 0 0 0 0 0 0 0 0 0 0 0.0386081791547939 0.0386081791547939 0.0386081791547939 0 0 0 0 0 0 0 0 0.327607657422643 0.400730425011037 0 0 0 0 0 0 0.05514307500903 0.05514307500903 0.05514307500903 0.05514307500903 0.05514307500903 0.05514307500903 0.05514307500903 0.0183007585182807 0.0183007585182807 0.0183007585182807 0.05514307500903 0.05514307500903 0.05514307500903 0.05514307500903 0.05514307500903 0.0731227675883935 0.0731227675883935 0.0731227675883935 0.0731227675883935 0.0731227675883935 0.0731227675883935 0.05514307500903 0.0731227675883935 0.0731227675883935 0.05514307500903 0.05514307500903 0.05514307500903 0.05514307500903 0.0551029417666653 0.0181000923064574 0.0181000923064574
0 0 0 0 0 0 0 0 0 0 0 0 0.0386081791547939 0.0386081791547939 0.0386081791547939 0 0 0 0 0 0 0 0 0.0197856884857728 0.0197856884857728 0.0197856884857728 0 0 0 0 0 0 0.0183007585182807 0.05514307500903 0.05514307500903 0.05514307500903 0.05514307500903 0.05514307500903 0.05514307500903 0.05514307500903 0.05514307500903 0.05514307500903 0.05514307500903 0.05514307500903 0.05514307500903 0.05514307500903 0.05514307500903 0.05514307500903 0.05514307500903 0.05514307500903 0.05514307500903 0.05514307500903 0.05514307500903 0.05514307500903 0.05514307500903 0.05514307500903 0.05514307500903 0.05514307500903 0.05514307500903 0.0732431673154874 0.0368021832483846 0.0181000923064574 0.0181000923064574
0 0 0 0 0 0 0 0 0 0 0 0 0.0386081791547939 0.0386081791547939 0 0 0 0 0 0 0 0.238913191796765 0.238913191796765 0 0 0 0 0 0 0 0 0.0183007585182807 0.0183007585182807 0.0183007585182807 0.05514307500903 0.05514307500903 0.0731227675883935 0.05514307500903 0.05514307500903 0.05514307500903 0.05514307500903 0.05514307500903 0.05514307500903 0.05514307500903 0.05514307500903 0.05514307500903 0.05514307500903 0.05514307500903 0.0183007585182807 0.05514307500903 0.05514307500903 0.05514307500903 0.05514307500903 0.05514307500903 0.05514307500903 0.05514307500903 0.05514307500903 0.05514307500903 0.05514307500903 0.0549424087972067 0.0368021832483846 0.0181000923064574 0
0 0 0 0 0 0 0 0 0 0 0 0 0.0386081791547939 0.0386081791547939 0 0 0 0 0 0.130272504715656 0.184452381907934 0 0 0 0 0 0 0 0 0 0 0.0183007585182807 0.0183007585182807 0.0556246739174058 0.05514307500903 0.05514307500903 0.05514307500903 0.05514307500903 0.05514307500903 0.05514307500903 0.05514307500903 0.05514307500903 0.05514307500903 0.05514307500903 0.05514307500903 0.0368423164907493 0.0368423164907493 0 0.0380864470040535 0.0183007585182807 0.05514307500903 0.05514307500903 0.05514307500903 0.0368423164907493 0.0368423164907493 0.0368423164907493 0.0368423164907493 0.0732431673154874 0.0732431673154874 0.0368021832483846 0.0181000923064574 0.0181000923064574 0
0 0 0 0 0 0 0 0 0 0 0 0 0.0386081791547939 0.0386081791547939 0 0 0 0 0 0 0 0 0 0 0 0 0 0 0 0 0 0.0183007585182807 0.0183007585182807 0.05514307500903 0.05514307500903 0.05514307500903 0.05514307500903 0.0183007585182807 0.0183007585182807 0.0183007585182807 0.05514307500903 0.05514307500903 0.05514307500903 0.05514307500903 0.05514307500903 0.0368423164907493 0 0 0.0197856884857728 0 0.0370028494602079 0.05514307500903 0 0 0 0 0.0368021832483846 0.0368021832483846 0.0368021832483846 0.0181000923064574 0.0181000923064574 0.0752498294337199 0.0386081791547939
0 0 0 0 0 0 0 0 0 0 0 0.0197856884857728 0.0388489786089818 0.0386081791547939 0 0 0 0.075932094553919 0.0386081791547939 0.0386081791547939 0.0746879640406148 0.0746879640406148 0 0 0 0 0 0 0 0 0 0.0183007585182807 0.05514307500903 0.0731227675883935 0.05514307500903 0.05514307500903 0.05514307500903 0.0183007585182807 0 0.0183007585182807 0.0183007585182807 0.0183007585182807 0.05514307500903 0.0368423164907493 0.0187020909419272 0 0 0 0 0 0.347754545089698 0.221134165429225 0 0.0567082714612514 0.0567082714612514 0.0752498294337199 0.0181000923064574 0.0181000923064574 0.0181000923064574 0.0181000923064574 0.0181000923064574 0.0752498294337199 0.0386081791547939
0 0 0 0 0 0 0 0 0 0 0 0 0.0386081791547939 0.0386081791547939 0.0386081791547939 0 0.0386081791547939 0 0.0386081791547939 0.0746879640406148 0.0926676566199783 0.220973632459766 0.238913191796765 0.257615282738692 0.3291327206325 0.365252638760685 0 0.309387165389092 0.43709114259341 0 0 0.0183007585182807 0.0183007585182807 0.05514307500903 0.05514307500903 0.0183007585182807 0.0183007585182807 0 0 0 0 0 0 0.0187020909419272 0 0 0.0197856884857728 0 0.184893847573946 0.0181000923064574 0.294136533290525 0.0752498294337199 0.0567082714612514 0.0386081791547939 0.0386081791547939 0.0386081791547939 0.0571497371272625 0 0 0 0 0 0.0571497371272625
0 0 0 0 0 0 0 0 0 0 0 0 0.0386081791547939 0.0386081791547939 0.0386081791547939 0.0386081791547939 0.0386081791547939 0 0 0 0.0926676566199783 0.202592607456756 0.256411285467753 0.311153028053136 0.328610988481759 0.328610988481759 0 0.310029297266926 0.400288959345025 0.418308785166754 0.43709114259341 0.455592567323514 0 0.0183007585182807 0.0183007585182807 0.0183007585182807 0 0 0 0 0 0 0 0 0 0 0 0.111730946743187 0.148533129991572 0.166833888509853 0.238913191796765 0.0567082714612514 0.0386081791547939 0.0386081791547939 0.0386081791547939 0.0386081791547939 0.0386081791547939 0.0386081791547939 0.0571497371272625 0 0 0 0.0571497371272625
0 0 0 0 0 0 0 0 0 0 0 0 0 0.0386081791547939 0.0386081791547939 0.0386081791547939 0 0 0 0 0 0 0 0 0 0 0 0 0 0.327607657422643 0.327487257695549 0.309387165389092 0.32740699121082 0 0 0 0 0 0 0.418308785166754 0.363767708793193 0 0 0 0 0 0 0.0567082714612514 0.0926676566199783 0.166352289601477 0.184211582453746 0.166352289601477 0.0386081791547939 0.0386081791547939 0.0386081791547939 0.0386081791547939 0.0386081791547939 0.0386081791547939 0.0386081791547939 0.0571497371272625 0.0386081791547939 0 0.0386081791547939
