data-raw/DATASET_PNE/a_DATA/PFGS/ENVSUIT_A1B/HS_f30_C1_ruderal.asc
NCOLS 619 
NROWS 782 
XLLCORNER 876826 
YLLCORNER 1947424 
CELLSIZE 100 
NODATA_value -9999 
[rows 589 to 619 of 782, columns 483 to 551 of 619]
0.263192006481231 0.470915473940049 0.758952200918174 0.982122603294626 0.982122603294626 0.643424250607615 0.159546313799622 0.643424250607615 0.725951930866865 0.843694301917364 0.605779098028625 0.348906292195517 0.227977315689981 0.0180394274912233 0.0180394274912233 0 0 0 0 0 0 0 0.0180394274912233 0.0453146097758574 0.0180394274912233 0.471563597083446 0.348906292195517 0.486146367809884 0.723899540912773 0.807939508506616 0.982122603294626 0.982122603294626 1 1 1 1 1 1 1 1 1 1 1 1 1 1 1 1 1 1 1 1 0.83759114231704 0.944963543073184 0.623386443424251 0.86362408857683 0.973210910072914 0.864380232244126 0.864380232244126 0.864380232244126 0.864380232244126 0.864380232244126 0.918120442884148 0.864380232244126 0.863894139886578 0.863894139886578 1 1 1
0.290467188765866 0.508722657304888 0.758952200918174 0.982122603294626 0.982122603294626 0.643424250607615 0.603294625978936 0.623008371590602 0.807939508506616 0.740426681069403 0.526816095058061 0.119416689170942 0.0180394274912233 0.0453146097758574 0.0272751822846341 0 0 0 0 0 0.0454766405617067 0.0726438023224413 0.0840939778557926 0.102565487442614 0.329084526059951 0.427869295166082 0.982122603294626 0.791628409397786 0.860707534431542 0.982122603294626 0.982122603294626 0.982122603294626 1 1 1 1 1 1 1 1 1 1 1 1 1 1 1 1 1 1 1 1 1 0.94593572778828 0.891061301647313 0.946097758574129 1 0.783040777747772 0.864380232244126 0.945395625168782 0.864380232244126 0.864380232244126 0.864380232244126 0.891331352957062 0.864380232244126 0.891331352957062 0.918120442884148 0.891169322171212 1
0.329084526059951 0.508722657304888 0.709748852281934 0.982122603294626 0.982122603294626 0.643424250607615 0.643424250607615 0.623008371590602 0.588819875776397 0.622684310018904 0.348906292195517 0.100135025654874 0.0453146097758574 0 0 0 0 0 0 0 0.0454766405617067 0.0724277612746422 0.111153119092628 0.439157439913584 0.814582770726438 0.545179584120983 0.82587091547394 0.982122603294626 0.982122603294626 0.982122603294626 1 1 1 1 1 1 1 1 1 1 1 1 1 1 1 1 1 1 1 1 1 1 0.972886848501215 0.945611666216581 0.783040777747772 0.891493383742911 0.810315960032406 0.810315960032406 0.864380232244126 0.864380232244126 0.945395625168782 0.864380232244126 0.918120442884148 0.945395625168782 0.607723467458817 0.836456926816095 0.863894139886578 0.918120442884148 0.891331352957062
0.348906292195517 0.430245746691871 0.656008641641912 0.982122603294626 0.930110721036997 0.623008371590602 0.87761274642182 0.604482851741831 0.442776127464218 0.587415608965703 0.348906292195517 0.118876586551445 0.0180394274912233 0 0 0 0 0 0 0 0.0180394274912233 0.0180394274912233 0.0566567647853092 0.569592222522279 0.982122603294626 0.982122603294626 0.860707534431542 1 1 1 1 1 1 1 1 1 1 1 1 1 1 1 1 1 1 1 1 1 1 1 1 1 0.973048879287065 0.864542263029976 0.918444504455847 0.864542263029976 0.891493383742911 0.810315960032406 0.864380232244126 0.810315960032406 0.864380232244126 0.864380232244126 0.891331352957062 0.864380232244126 0.864380232244126 0.864380232244126 0.693707804482852 0.945287604644882 0.864380232244126
0.329084526059951 0.349230353767216 0.639157439913584 0.982122603294626 0.815608965703484 0.623008371590602 0.623008371590602 0.497218471509587 0.61874156089657 0.587415608965703 0.348906292195517 0.0449905482041588 0 0 0 0 0 0 0 0 0 0.0840939778557926 0.0180394274912233 0.367755873615987 0.622684310018904 0.982122603294626 0.982122603294626 1 1 1 1 1 1 1 1 1 1 1 1 1 1 1 1 1 1 1 1 1 1 1 1 1 1 0.94593572778828 0.918498514717796 0.864542263029976 0.89187145557656 0.864542263029976 0.837267080745342 0.918606535241696 0.918444504455847 0.864380232244126 0.891331352957062 0.864380232244126 0.864380232244126 0.836456926816095 0.863894139886578 0.863894139886578 0.864380232244126
0.0386173372940859 0.137564137186065 0.585417229273562 0.807939508506616 0.842884147988118 0.604482851741831 0.435808803672698 0.138536321901161 0.585417229273562 0.430245746691871 0.329084526059951 0.0180394274912233 0 0 0 0 0 0 0 0 0 0.0180394274912233 0.100567107750473 0.523197407507426 0.982122603294626 0.982122603294626 1 1 1 1 1 1 1 1 1 1 1 1 1 1 1 1 1 1 1 1 1 1 1 1 1 1 1 1 0.973048879287065 0.891331352957062 0.810315960032406 0.864542263029976 0.83759114231704 0.918606535241696 0.945395625168782 0.918336483931947 0.972562786929517 0.864380232244126 0.864380232244126 0.863894139886578 0.659573318930597 0.837105049959492 0.891331352957062
0.0655684580070213 0.110396975425331 0.335241695922225 0.770294355927626 0.719686740480691 0.175857412908453 0.056710775047259 0.0838779368079935 0.587415608965703 0.430245746691871 0.0180394274912233 0.0453146097758574 0 0 0 0 0 0 0.0547123953551175 0 0 0 0.0726438023224413 0.56705374021064 0.693653794220902 0.982122603294626 1 1 1 1 1 1 1 1 1 1 1 1 1 1 1 1 1 1 1 1 1 1 1 1 1 1 1 0.972886848501215 0.918498514717796 0.783040777747772 0.783040777747772 0.810315960032406 0.783040777747772 0.918444504455847 0.945395625168782 0.972562786929517 0.945395625168782 0.972562786929517 0.863894139886578 0.863894139886578 0.809181744531461 0.828517418309479 0.809181744531461
0.110396975425331 0.270969484201998 0.753659195247097 0.749878476910613 0.370402376451526 0.0386173372940859 0.056710775047259 0.371482581690521 0.486146367809884 0.348906292195517 0.0727518228463408 0.0727518228463408 0 0 0 0 0 0 0 0 0 0 0.0180394274912233 0.470915473940049 0.656008641641912 0.895328112341345 0.982122603294626 1 1 1 1 1 1 1 1 1 1 1 1 1 1 1 1 1 1 1 1 1 1 1 1 1 1 1 0.945611666216581 0.783040777747772 0.783040777747772 0.89165541452876 0.810315960032406 0.918444504455847 0.864380232244126 1 0.972562786929517 0.918120442884148 0.891169322171212 0.863894139886578 0.809181744531461 0.720982986767486 0.580934377531731
0.307480421280043 0.43521469079125 0.789413988657845 0.429543613286524 0.0386173372940859 0.351444774507156 0.394166891709425 0.605779098028625 0.470915473940049 0.348906292195517 0.126870105320011 0.0272751822846341 0 0 0 0 0 0 0 0 0 0 0.274264110180934 0.508722657304888 0.656008641641912 0.982122603294626 0.982122603294626 1 1 1 1 1 1 1 1 1 1 1 1 1 1 1 1 1 1 1 1 1 1 1 1 1 1 1 1 0.783040777747772 0.783040777747772 0.864542263029976 0.837429111531191 0.864380232244126 0.918336483931947 1 0.972562786929517 0.918120442884148 0.891169322171212 0.863894139886578 0.809181744531461 0.720982986767486 0.580934377531731
0.225330812854442 0.622684310018904 0.581906562246827 0.274426140966784 0.353119092627599 0.289927086146368 0.270969484201998 0.110991088306778 0.329084526059951 0.329084526059951 0.0180394274912233 0.0272751822846341 0 0 0 0.0272751822846341 0.0272751822846341 0.0269511207129355 0.0722657304887929 0 0 0.100567107750473 0.348906292195517 0.526816095058061 0.672103699702944 0.964839319470699 0.982122603294626 1 1 1 1 1 1 1 1 1 1 1 1 1 1 1 1 1 1 1 1 1 1 1 1 1 1 1 0.973048879287065 0.83759114231704 0.83759114231704 0.837267080745342 1 1 1 0.972562786929517 0.972562786929517 0.891169322171212 0.864380232244126 0.891169322171212 1 0.837105049959492 0.720982986767486
0.198217661355658 0.262975965433432 0.352038887388604 0.373372940858763 0.297920604914934 0.280205238995409 0.0386173372940859 0.0655684580070213 0.110775047258979 0.235916824196597 0.0449905482041588 0.0272751822846341 0 0 0.0547123953551175 0.0727518228463408 0 0 0.0180394274912233 0.0180394274912233 0.0180394274912233 0.274264110180934 0.430245746691871 0.486146367809884 0.373534971644612 0.982122603294626 0.982122603294626 0.982122603294626 1 1 1 1 1 1 1 1 1 1 1 1 1 1 1 1 1 1 1 1 1 1 1 1 1 1 0.973048879287065 0.864542263029976 0.891493383742911 0.810315960032406 1 1 1 0.972562786929517 0.972562786929517 0.918120442884148 0.836780988387794 0.863894139886578 1 0.809181744531461 0.782068593032676
0.321955171482582 0.225330812854442 0.270375371320551 0.244018363489063 0.225330812854442 0.0386173372940859 0.0386173372940859 0.0655684580070213 0.329084526059951 0.182176613556576 0 0 0.0272751822846341 0 0.0453146097758574 0.0180394274912233 0 0.290467188765866 0.282041587901701 0.329084526059951 0.301809343775317 0.348906292195517 0.427653254118282 0.656008641641912 0.349986497434513 0.634620577909803 0.947718066432622 0.982122603294626 0.982122603294626 1 1 1 1 1 1 1 1 1 1 1 1 1 1 1 1 1 1 1 1 1 1 1 1 1 0.973048879287065 0.891493383742911 0.83759114231704 0.783040777747772 1 1 1 0.945395625168782 0.918120442884148 0.701917364299217 0.836780988387794 0.863894139886578 0.809181744531461 0.809181744531461 0.782068593032676
0.329084526059951 0.430245746691871 0.549608425600864 0.409559816365109 0.137942209019714 0.0386173372940859 0.0386173372940859 0.0386173372940859 0.290467188765866 0.0550904671887659 0 0.0453146097758574 0 0 0.0449905482041588 0.0449905482041588 0.329084526059951 0.430245746691871 0.409559816365109 0.430245746691871 0.430245746691871 0.486146367809884 0.672103699702944 0.772778827977316 0.807939508506616 0.930326762084796 0.982122603294626 1 1 1 1 1 1 1 1 1 1 1 1 1 1 1 1 1 1 1 1 1 1 1 1 1 1 0.94593572778828 0.83759114231704 0.810315960032406 0.89165541452876 0.783040777747772 1 1 0.864380232244126 0.918606535241696 0.918120442884148 0.625114771806643 0.863894139886578 0.863894139886578 0.782068593032676 0.809181744531461 0.754523359438293
0.309316770186335 0.329084526059951 0.0386173372940859 0.0386173372940859 0.0927356197677559 0.0655684580070213 0 0 0.182176613556576 0 0.0180394274912233 0.0180394274912233 0 0 0.0449905482041588 0.329084526059951 0.348906292195517 0.409559816365109 0.34825816905212 0.587415608965703 0.672103699702944 0.756467728868485 0.789413988657845 0.807939508506616 0.807939508506616 0.86816095058061 0.982122603294626 1 1 1 1 1 1 1 1 1 1 1 1 1 1 1 1 1 1 1 1 1 1 1 1 1 0.973048879287065 0.973048879287065 0.945611666216581 0.972832838239265 0.837429111531191 0.783040777747772 0.864380232244126 0.945395625168782 0.972562786929517 0.918444504455847 0.918120442884148 0.625114771806643 0.891169322171212 0.835970834458547 0.863894139886578 0.809181744531461 0.754523359438293
0.290467188765866 0.290467188765866 0.0386173372940859 0.019767755873616 0.0386173372940859 0.220469889278963 0.0537402106400216 0.209127734269511 0.0449905482041588 0.0994328922495274 0.0180394274912233 0 0.0995409127734269 0.0449905482041588 0.209127734269511 0.348906292195517 0.409559816365109 0.297920604914934 0.585363219011612 0.723899540912773 0.807939508506616 0.982122603294626 0.982122603294626 0.982122603294626 0.982122603294626 0.982122603294626 1 1 1 1 1 1 1 1 1 1 1 1 1 1 1 1 1 1 1 1 1 1 1 1 1 1 0.94593572778828 1 0.973210910072914 0.837429111531191 0.810315960032406 0.918606535241696 0.864380232244126 0.864380232244126 0.918120442884148 0.918120442884148 0.918120442884148 0.808749662435863 0.753443154199298 0.836024844720497 0.836024844720497 0.891169322171212 0.809181744531461
0.0449905482041588 0.137024034566568 0 0 0 0 0 0 0.0180394274912233 0.0722657304887929 0 0.0449905482041588 0.290467188765866 0.301809343775317 0.348906292195517 0.409559816365109 0.375533351336754 0.565001350256549 0.789413988657845 0.807939508506616 0.982122603294626 0.982122603294626 1 1 1 1 1 1 1 1 1 1 1 1 1 1 1 1 1 1 1 1 1 1 1 1 1 1 1 1 1 1 0.94593572778828 1 0.946043748312179 0.783040777747772 0.973210910072914 0.918606535241696 0.864380232244126 0.864380232244126 0.891331352957062 0.864380232244126 0.891169322171212 0.808749662435863 0.807723467458817 0.798649743451256 0.836024844720497 1 1
0.0180394274912233 0 0 0 0 0 0 0 0.126870105320011 0 0.0449905482041588 0.0449905482041588 0.348906292195517 0.329084526059951 0.409559816365109 0.508830677828787 0.672103699702944 0.737618147448015 0.807939508506616 0.982122603294626 0.982122603294626 1 1 1 1 1 1 1 1 1 1 1 1 1 1 1 1 1 1 1 1 1 1 1 1 1 1 1 1 1 1 0.94593572778828 1 0.972562786929517 0.918606535241696 0.864380232244126 0.94577369700243 0.864380232244126 0.864380232244126 0.864380232244126 0.864380232244126 0.918120442884148 0.891169322171212 0.836024844720497 0.864542263029976 0.807723467458817 0.917256278692952 1 1
0 0.0269511207129355 0 0 0 0 0 0 0.0453146097758574 0 0.0449905482041588 0.329084526059951 0.430245746691871 0.369052119902782 0.605779098028625 0.373913043478261 0.789413988657845 0.807939508506616 0.860329462597894 0.982122603294626 1 1 1 1 1 1 1 1 1 1 1 1 1 1 1 1 1 1 1 1 1 1 1 1 1 1 1 1 1 1 1 1 0.945611666216581 0.945395625168782 0.837429111531191 0.783040777747772 0.837267080745342 0.864380232244126 0.864380232244126 0.864380232244126 0.864056170672428 0.863894139886578 0.891169322171212 0.780556305698083 0.8822576289495 0.894788009721847 0.917256278692952 1 1
0 0.0542263029975695 0 0 0 0 0 0 0.0453146097758574 0 0.0449905482041588 0.348906292195517 0.409559816365109 0.568566027545234 0.344801512287335 0.44936537942209 0.807939508506616 0.807939508506616 0.982122603294626 0.982122603294626 1 1 1 1 1 1 1 1 1 1 1 1 1 1 1 1 1 1 1 1 1 1 1 1 1 1 1 1 1 1 1 1 0.918444504455847 0.945395625168782 0.837429111531191 0.783040777747772 0.864380232244126 0.864380232244126 0.864380232244126 0.918120442884148 0.863894139886578 0.864056170672428 0.835970834458547 0.919254658385093 0.936970024304618 0.945557655954631 0.890089116932217 0.944801512287334 0.972832838239265
0.0180394274912233 0 0 0 0 0 0 0 0.0542263029975695 0.0180394274912233 0.263192006481231 0.329084526059951 0.409559816365109 0.672103699702944 0.65168782068593 0.637861193626789 0.930326762084796 0.791304347826087 0.982122603294626 1 1 1 1 1 1 1 1 1 1 1 1 1 1 1 1 1 1 1 1 1 1 1 1 1 1 1 1 1 1 1 1 1 0.918444504455847 0.782392654604375 0.891493383742911 0.864380232244126 0.864380232244126 0.864380232244126 0.918120442884148 0.891169322171212 0.891169322171212 0.863894139886578 0.781906562246827 0.893977855792601 0.807723467458817 0.890089116932217 0.890089116932217 0.836186875506346 0.972832838239265
0.0722657304887929 0 0 0 0 0 0 0 0 0.0721577099648933 0.263192006481231 0.0386173372940859 0.605779098028625 0.789413988657845 0.807939508506616 0.760248447204969 0.982122603294626 0.87761274642182 0.982122603294626 1 1 1 1 1 1 1 1 1 1 1 1 1 1 1 1 1 1 1 1 1 1 1 1 1 1 1 1 1 1 1 0.972832838239265 0.918444504455847 0.946097758574129 0.783040777747772 0.810315960032406 0.864380232244126 0.972562786929517 0.945287604644882 0.945395625168782 0.864380232244126 0.891169322171212 0.863894139886578 0.835970834458547 0.909802862543883 0.808749662435863 0.890089116932217 0.890089116932217 0.862975965433432 1
0.0453146097758574 0.0272751822846341 0 0 0 0 0 0 0 0 0.145719686740481 0.137942209019714 0.758952200918174 0.807939508506616 0.824952741020794 0.65638671347556 1 1 1 1 1 1 1 1 1 1 1 1 1 1 1 1 1 1 1 1 1 1 1 1 1 1 1 1 1 1 1 1 1 1 0.945719686740481 0.945719686740481 0.918282473669997 0.837267080745342 0.864380232244126 0.864380232244126 0.80950580610316 1 0.972562786929517 0.864380232244126 0.863894139886578 0.863894139886578 0.835970834458547 0.781960572508777 0.917256278692952 0.917256278692952 0.890089116932217 0.890089116932217 1
0.0453146097758574 0.0272751822846341 0 0 0 0 0 0 0 0.309316770186335 0.348906292195517 0.605779098028625 0.809559816365109 0.807939508506616 0.982122603294626 1 1 1 1 1 1 1 1 1 1 1 1 1 1 1 1 1 1 1 1 1 1 1 1 1 1 1 1 1 1 1 1 1 1 0.94588171752633 1 0.918282473669997 0.809991898460708 0.89165541452876 0.945395625168782 0.972562786929517 0.755117472319741 0.864380232244126 0.864380232244126 0.864380232244126 0.891169322171212 0.835970834458547 0.809181744531461 0.890143127194167 0.917256278692952 0.917256278692952 0.917256278692952 0.917256278692952 0.890089116932217
0.0453146097758574 0.0272751822846341 0 0 0 0 0.0542263029975695 0 0.309316770186335 0.348906292195517 0.448339184445045 0.947502025384823 0.982122603294626 0.982122603294626 0.954847421009992 0.982122603294626 1 1 1 1 1 1 1 1 1 1 1 1 1 1 1 1 1 1 1 1 1 1 1 1 1 1 1 1 1 0.945719686740481 1 1 1 0.891169322171212 0.918282473669997 0.891493383742911 0.837267080745342 0.918606535241696 0.972832838239265 0.80950580610316 0.782230623818525 0.782230623818525 0.864380232244126 0.891169322171212 0.835970834458547 0.835970834458547 0.863894139886578 0.836024844720497 0.890143127194167 0.917256278692952 0.917256278692952 0.944801512287334 0.917256278692952
0.0453146097758574 0.0272751822846341 0 0 0 0.0727518228463408 0.154091277342695 0.329084526059951 0.348906292195517 0.409559816365109 0.720658925195787 0.859789359978396 0.470051309748852 0.621388063732109 0.982122603294626 1 1 1 1 1 1 1 1 1 1 1 1 1 1 1 1 1 1 1 1 1 1 1 1 1 1 1 1 1 1 0.972832838239265 0.94588171752633 0.918282473669997 0.891493383742911 1 0.810315960032406 0.837267080745342 0.783040777747772 0.810153929246557 0.864380232244126 0.809019713745612 0.755117472319741 0.80950580610316 0.891169322171212 1 0.863246016743181 0.863894139886578 0.862975965433432 0.836024844720497 0.836186875506346 0.917256278692952 0.917256278692952 0.890089116932217 0.917256278692952
0.0727518228463408 0.0453146097758574 0.0547123953551175 0 0.0453146097758574 0.0721577099648933 0.309316770186335 0.247583040777748 0.0923575479341075 0.262165811504186 0.325843910342965 0.503375641371861 0.470267350796651 0.947285984337024 1 1 1 1 1 1 1 1 1 1 1 1 1 1 1 1 1 1 1 1 1 1 1 1 1 1 1 1 1 1 1 0.945449635430732 0.972832838239265 1 0.891169322171212 1 0.891331352957062 0.837105049959492 0.810153929246557 0.891331352957062 0.781960572508777 0.782230623818525 0.809019713745612 0.836456926816095 0.891169322171212 0.891169322171212 0.835970834458547 0.863894139886578 0.836186875506346 0.836186875506346 0.836186875506346 0.836024844720497 0.809181744531461 0.917256278692952 1
0.0449905482041588 0.0453146097758574 0.0272751822846341 0 0.0453146097758574 0.0449905482041588 0.234296516338104 0.0566567647853092 0.0923575479341075 0.511153119092628 0.3646232784229 -9999 0.496084256008642 0.982122603294626 1 1 1 1 1 1 1 1 1 1 1 1 1 1 1 1 1 1 1 1 1 1 1 1 1 1 1 1 1 1 1 0.972886848501215 0.972886848501215 1 0.972832838239265 1 0.918444504455847 0.810315960032406 0.864380232244126 0.837105049959492 0.837105049959492 0.864380232244126 0.891169322171212 0.836456926816095 0.891169322171212 0.809181744531461 0.809181744531461 0.835970834458547 0.836186875506346 0.836186875506346 0.862975965433432 0.862975965433432 0.890089116932217 0.662921955171483 0.936970024304618
0.309316770186335 0.0449905482041588 0.0180394274912233 0 0.0180394274912233 0.0269511207129355 0.0566567647853092 0.0842019983796921 0.11990278152849 0.427653254118282 0.507426411018093 0.503375641371861 0.65638671347556 0.982122603294626 0.982122603294626 1 1 1 1 1 1 1 1 1 1 1 1 1 1 1 1 1 1 1 1 1 1 1 1 1 1 1 1 1 1 0.972886848501215 0.972886848501215 1 1 0.972832838239265 1 0.837105049959492 0.864380232244126 0.809991898460708 0.809181744531461 0.864380232244126 0.918120442884148 0.864380232244126 0.835970834458547 0.809181744531461 0.782230623818525 0.863894139886578 0.862975965433432 0.862975965433432 0.9176343505266 0.862975965433432 0.917256278692952 0.754685390224143 0.747772076694572
0.329084526059951 0.0449905482041588 0 0 0.0453146097758574 0 0 0.0548744261409668 0.290467188765866 0.329084526059951 0.349230353767216 0.605779098028625 0.807939508506616 0.982122603294626 1 1 1 1 1 1 1 1 1 1 1 1 1 1 1 1 1 1 1 1 1 1 1 1 1 1 1 1 1 1 1 0.972886848501215 0.945719686740481 0.972832838239265 1 0.972562786929517 1 0.837267080745342 0.945395625168782 0.891331352957062 0.809991898460708 0.864056170672428 0.918120442884148 0.891331352957062 0.891331352957062 0.863894139886578 0.835970834458547 0.863894139886578 1 0.972832838239265 1 0.917256278692952 0.944801512287334 1 0.662759924385633
0.309316770186335 0.0453146097758574 0 0 0.0453146097758574 0.0722657304887929 0.0722657304887929 0.0449905482041588 0.0449905482041588 0.329084526059951 0.430245746691871 0.605779098028625 0.807939508506616 0.982122603294626 0.982122603294626 0.982122603294626 1 1 1 1 1 1 1 1 1 1 1 1 1 1 1 1 1 1 1 1 1 1 1 1 1 1 1 1 1 0.945449635430732 1 1 1 1 1 0.837267080745342 0.809181744531461 0.809181744531461 0.864380232244126 0.864056170672428 0.864056170672428 0.836780988387794 0.891331352957062 0.891331352957062 0.918120442884148 0.862975965433432 1 1 1 1 0.972724817715366 1 1
0.329084526059951 0.0453146097758574 0.0269511207129355 0 0 0 0 0 0.0269511207129355 0.245152578990008 0.065406427221172 0.605779098028625 0.807939508506616 0.982122603294626 0.982122603294626 1 1 1 1 1 1 1 1 1 1 1 1 1 1 1 1 1 1 1 1 1 1 1 1 1 1 1 1 1 0.972886848501215 0.945719686740481 1 0.945719686740481 1 0.82581690521199 0.891331352957062 0.864380232244126 0.810153929246557 0.837105049959492 0.836456926816095 0.891169322171212 0.918120442884148 0.891331352957062 1 1 1 1 1 1 1 1 1 1 0.716878206859303
