data-raw/DATASET_PNE/a_DATA/PFGS/ENVSUIT_A1B/HS_f60_C2_VaccUli.asc
NCOLS 619 
NROWS 782 
XLLCORNER 876826 
YLLCORNER 1947424 
CELLSIZE 100 
NODATA_value -9999 
[rows 182 to 207 of 782, columns 59 to 117 of 619]
0 0 0 0 0 0.150144223470472 0.150538940337027 0 0 0.193168361925004 0.0861393654167299 -9999 -9999 0.214756338241992 0.193168361925004 0.193168361925004 0.0216487019887657 0.129011689691817 0.623743737665098 0.663549415515409 0.623743737665098 0.582784272051009 0.623743737665098 0.127554273569151 0.193441627448004 0.171853651131016 0.171853651131016 0.193168361925004 0.171853651131016 0.171853651131016 0.171853651131016 0.150235311978139 0.150144223470472 0.128829512676484 0 0 0 0 0 0 0 0 0 0 0.214756338241992 0.150235311978139 0.214756338241992 0.129011689691817 0.19353271595567 0.561317747077577 0.540094124791256 0.561317747077577 0.559981782298467 0.623743737665098 0.602520115378776 0.641232731137088 0.797388796113557 0.810171550022772 0.80646728404433
0 0 0 0.150538940337027 0.193350538940337 0.214756338241992 0.171762562623349 0.107271899195385 0 0.0214968878093214 0.193168361925004 0.214756338241992 -9999 0.214756338241992 0.214756338241992 0.193168361925004 0.171853651131016 0.214756338241992 0.0865037194473964 0.602246849855776 0.623743737665098 0.526430848641263 0.602520115378776 0.150630028844694 0.406679823895552 0.0216487019887657 0.171853651131016 0.171853651131016 0.193168361925004 0.193441627448004 0.0644906634279642 0.128829512676484 0.171762562623349 0.150144223470472 0 0 0 0 0 0 0 0 0 0 0.171580385608016 0.193137999089115 0.149992409291028 0.193168361925004 0.214756338241992 0.193168361925004 0.561317747077577 0.561317747077577 0.49527857901928 0.53836344314559 0.60242902687111 0.800880522240777 0.881858205556399 0.810171550022772 0.80646728404433
0 0 0.214756338241992 0.214756338241992 0.214756338241992 0.214756338241992 0.150144223470472 0.0214968878093214 0.128920601184151 0.150144223470472 0 0 0.0214968878093214 0.0861393654167299 0.193168361925004 0.193168361925004 0.193441627448004 0.150235311978139 0.214756338241992 0.170183695157128 0.623743737665098 0.169242447244573 0.623743737665098 0.171853651131016 0.128829512676484 0.150569303172916 0.172218005161682 0.193168361925004 0.171853651131016 0.171853651131016 0.128920601184151 0 0.150144223470472 0.150144223470472 0 0 0 0 0 0 0 0 0 0 0 0.0642477607408532 0.149992409291028 0.128708061332928 0.0429026871109762 0.214756338241992 0.193168361925004 0.540094124791256 0.559981782298467 0.559981782298467 0.60242902687111 0.697737968726279 0.701077880674055 0.726309397297707 0.870927584636405
0 0.150538940337027 0.214756338241992 0.214756338241992 0.214756338241992 0.214756338241992 0.214756338241992 0.193441627448004 0.214756338241992 0.214756338241992 0.214756338241992 0.0214968878093214 0 0.0214968878093214 0.171853651131016 0.171853651131016 0.193168361925004 0.128829512676484 0.126552299984819 0.273508425686959 0.643570669500531 0.150630028844694 0.623743737665098 0.193168361925004 0.0433277668134204 0 0.0863822681038409 0.150447851829361 0.193441627448004 0.0860482769090633 0.0214968878093214 0.0214968878093214 0.0860482769090633 0.0859875512372855 0 0 0 0 0 0 0 0 0 0 0 0.0214968878093214 0.171580385608016 0.193168361925004 0.171853651131016 0.171975102474571 0.561317747077577 0.559647791103689 0.581205404584788 0.623743737665098 0.623743737665098 0.743100045544254 0.722665856991043 0.667101867314407 0.828024897525429
0.193168361925004 0.214756338241992 0.214756338241992 0.214756338241992 0.233976013359648 0.37039623500835 0.272506452102626 0.214756338241992 0.214756338241992 0.214756338241992 0.214756338241992 0.214756338241992 0 0.0214968878093214 0.043175952633976 0.043175952633976 0.193168361925004 0.171853651131016 0.0216487019887657 0.602246849855776 0.623743737665098 0.171519659936238 0.642052527706088 0.623743737665098 0.193168361925004 0.193350538940337 0.171853651131016 0.193441627448004 0.128920601184151 0.150144223470472 0 0 0.107605890390162 0 0 0 0 0 0 0 0 0 0 0 0.0214968878093214 0.214756338241992 0.15047821466525 0.193168361925004 0.193168361925004 0.367997570973129 0.441688173675421 0.559647791103689 0.538120540458479 0.213086382268104 0.623743737665098 0.76259298618491 0.679429178685289 0.647426749658418 0.870927584636405
0.193168361925004 0.214756338241992 0.447700015181418 0.604098982844998 0.604098982844998 0.467101867314407 0.389706998633672 0.37039623500835 0.447700015181418 0.272506452102626 0.214756338241992 0.214756338241992 0.214756338241992 0 0.0214968878093214 0.128920601184151 0.214756338241992 0.250918475785638 0.0432063154698649 0.251647183846971 0.623743737665098 0.604098982844998 0.582602095035676 0.74346439957492 0.623743737665098 0.0647335661150751 0.171610748443905 0.171853651131016 0.106998633672385 0.107028996508274 0.193107636253226 0 0 0.107271899195385 0 0 0 0 0 0 0 0 0 0 0.193168361925004 0.193137999089115 0.214756338241992 0.193198724760893 0.193168361925004 0.214756338241992 0.214756338241992 0.264915743130408 0.604098982844998 0.623743737665098 0.623743737665098 0.663306512828298 0.701077880674055 0.708122058600273 0.892424472445726
0.214756338241992 0.350933657203583 0.604098982844998 0.602520115378776 0.582875360558676 0.604098982844998 0.604098982844998 0.604098982844998 0.545164718384697 0.447700015181418 0.214756338241992 0.214756338241992 0.0648246546227418 0 0.0214968878093214 0.0214968878093214 0.214756338241992 0.447700015181418 0.0216487019887657 0.564809473204797 0.564111127979353 0.623743737665098 0.171519659936238 0.642052527706088 0.602246849855776 0.581205404584788 0.423257932290876 0.169546075603461 0.129011689691817 0.193168361925004 0.214756338241992 0.107271899195385 0.0214968878093214 0 0 0 0 0 0 0 0 0 0 0.0214968878093214 0.193168361925004 0.214756338241992 0.214756338241992 0.171884013966904 0.171975102474571 0.193198724760893 0.540003036283589 0.561196295734022 0.561196295734022 0.604098982844998 0.623743737665098 0.623743737665098 0.661211477151966 0.667101867314407 0.892424472445726
0.214756338241992 0.214756338241992 0.602520115378776 0.623743737665098 0.602520115378776 0.623743737665098 0.623743737665098 0.623743737665098 0.467101867314407 0.602520115378776 0.37039623500835 0.214756338241992 0.193441627448004 0.0431455897980871 0 0.0214968878093214 0.0648246546227418 0.214756338241992 0.229300136632761 0.387217246090785 0.213238196447548 0.582602095035676 0.604098982844998 0.564991650220131 0.642052527706088 0.581205404584788 0.559647791103689 0.150296037649916 0.150660391680583 0.129163503871262 0.129163503871262 0.128586609989373 0.0214968878093214 0 0 0 0 0 0 0 0 0 0 0 0.0214968878093214 0.193168361925004 0.193137999089115 0.214756338241992 0.19353271595567 0.193441627448004 0.251373918323971 0.518506148474267 0.539608319417033 0.604098982844998 0.623743737665098 0.643631395172309 0.661211477151966 0.720631546986489 0.810171550022772
0.272506452102626 0.214756338241992 0.623743737665098 0.623743737665098 0.623743737665098 0.643722483679976 0.643722483679976 0.623743737665098 0.623743737665098 0.623743737665098 0.504114164262942 0.214756338241992 0.214756338241992 0.193441627448004 0 0 0.0648246546227418 0.214756338241992 0.0433277668134204 0.185061484742675 0.561287384241688 0.604098982844998 0.604098982844998 0.270472142098072 0.604098982844998 0.540003036283589 0.475876726886291 0.150296037649916 0.171975102474571 0.171884013966904 0.064521026263853 0.128586609989373 0 0 0 0 0 0 0 0 0 0 0 0 0 0.171519659936238 0.193168361925004 0.214756338241992 0.193441627448004 0.214756338241992 0.348534993168362 0.475876726886291 0.58251100652801 0.604098982844998 0.623743737665098 0.643631395172309 0.641232731137088 0.701077880674055 0.652466980415971
0.602520115378776 0.623743737665098 0.623743737665098 0.643722483679976 0.663306512828298 0.762410809169576 0.762410809169576 0.643722483679976 0.623743737665098 0.623743737665098 0.623743737665098 0.582875360558676 0.37039623500835 0.214756338241992 0 0 0.0645513890997419 0.214756338241992 0.0860482769090633 0.520904812509488 0.520540458478822 0.40913921360255 0.604098982844998 0.623743737665098 0.405131319265219 0.540003036283589 0.518506148474267 0.226324578715652 0.326036131774708 0.129163503871262 0.172218005161682 0.150812205860027 0.10766661606194 0 0 0 0 0 0 0 0 0 0 0 0.0214968878093214 0.0643388492485198 0.214756338241992 0.214756338241992 0.214756338241992 0.171610748443905 0.214756338241992 0.518415059966601 0.561196295734022 0.623743737665098 0.623743737665098 0.623743737665098 0.679520267192956 0.722665856991043 0.408987399423106
0.559313799908911 0.623743737665098 0.623743737665098 0.80242902687111 0.842629421587976 0.842629421587976 0.641232731137088 0.762410809169576 0.742826780021254 0.623743737665098 0.623743737665098 0.623743737665098 0.486837710642174 0.42826780021254 0.0214968878093214 0 0 0.043175952633976 0.172218005161682 0.423531197813876 0.403279186275998 0.169485349931684 0.0431455897980871 0.129011689691817 0.171853651131016 0.540003036283589 0.501260057689388 0.540003036283589 0.42313648094732 0.150812205860027 0.10766661606194 0 0.0428419614391984 0 0 0 0 0 0 0 0 0 0 0 0 0 0.193168361925004 0.19353271595567 0.214756338241992 0.128616972825262 0.14993168361925 0.270684681949294 0.580962501897677 0.623743737665098 0.623743737665098 0.623743737665098 0.682799453468954 0.514467891301047 0.408987399423106
0.623743737665098 0.623743737665098 0.663306512828298 0.842629421587976 0.821405799301655 0.841202368301199 0.641232731137088 0.821405799301655 0.842629421587976 0.643722483679976 0.623743737665098 0.623743737665098 0.582875360558676 0.351115834218916 0.214756338241992 0.0214968878093214 0 0.0648246546227418 0 0.171975102474571 0.171853651131016 0.0214968878093214 0.128981326855928 0.229573402155761 0.10766661606194 0.540003036283589 0.423288295126765 0.540063761955367 0.308850766661606 0.15020494914225 0 0 0 0 0 0 0 0 0 0 0 0 0 0 0.128556247153484 0.171489297100349 0.193168361925004 0.172218005161682 0.214756338241992 0.193077273417337 0.150265674814028 0.107454076210718 0.537665097920146 0.623743737665098 0.623743737665098 0.623743737665098 0.682799453468954 0.408987399423106 0.408987399423106
0.623743737665098 0.623743737665098 0.842629421587976 0.901654774555944 0.839137695460756 0.754577197510247 0.44845908607864 0.641505996660088 0.76259298618491 0.663306512828298 0.623743737665098 0.623743737665098 0.604098982844998 0.214756338241992 0.25328677698497 0.214756338241992 0.0648246546227418 0.0216790648246546 0 0.150994382875361 0.150812205860027 0 0 0 0 0.171975102474571 0.405313496280553 0.345043267041142 0.19353271595567 0 0 0 0 0 0 0 0 0 0 0 0 0 0 0 0.0427205100956429 0.171762562623349 0.193168361925004 0.19353271595567 0.171975102474571 0.14993168361925 0.150265674814028 0.086109002580841 0.604098982844998 0.623743737665098 0.623743737665098 0.623743737665098 0.64332776681342 0.472840443297404 0.408987399423106
0.643722483679976 0.623743737665098 0.76259298618491 0.842629421587976 0.733019584029148 0.451859723698193 0.494337331106725 0.53754364657659 0.537725823591923 0.623743737665098 0.623743737665098 0.623743737665098 0.445878245028086 0.128920601184151 0.214756338241992 0.128920601184151 0.0648246546227418 0 0 0.214756338241992 0.0648246546227418 0 0.0213147107939882 0 0 0.171884013966904 0.168088659480795 0.150721117352361 0.150812205860027 0 0 0 0 0 0 0 0 0 0 0 0 0 0 0 0 0.0859571884013967 0.193168361925004 0.193168361925004 0.19353271595567 0.150660391680583 0.193168361925004 0.212357674206771 0.544830727189919 0.623743737665098 0.623743737665098 0.623743737665098 0.623743737665098 0.494458782450281 0.473235160163959
0.643722483679976 0.714316077121603 0.822529224229543 0.671717018369516 0.547927736450584 0.414209807195992 0.487930772734173 0.622013056019432 0.76259298618491 0.643722483679976 0.623743737665098 0.623743737665098 0.270472142098072 0 0.172126916654015 0.0216790648246546 0 0 0 0.0216790648246546 0.0216790648246546 0 0 0 0.0861697282526188 0.193168361925004 0.228571428571429 0.172218005161682 0.0213147107939882 0 0 0 0 0 0 0 0 0 0 0 0 0 0 0 0 0 0.0428115986033095 0.214756338241992 0.19353271595567 0.19353271595567 0.382055563989677 0.212357674206771 0.1596174282678 0.623743737665098 0.623743737665098 0.602186124183999 0.623743737665098 0.580749962046455 0.408987399423106
0.623743737665098 0.862425990587521 0.801305601943222 0.671717018369516 0.428571428571429 0.655017458630636 0.67214209807196 0.641232731137088 0.602125398512221 0.623743737665098 0.623743737665098 0.602520115378776 0.167359951419463 0 0 0.231698800667982 0 0.0216790648246546 0 0.043175952633976 0 0 0.0645513890997419 0.145954152117808 0.518506148474267 0.171975102474571 0.383816608471231 0.172218005161682 0.0213147107939882 0 0 0 0 0 0 0 0 0 0 0 0 0 0 0 0 0.107180810687718 0.193168361925004 0.214756338241992 0.19353271595567 0.172218005161682 0.305632306057386 0.0858660998937301 0.0645513890997419 0.623743737665098 0.539881584940033 0.537968726279034 0.623743737665098 0.559374525580689 0.310915439502049
0.451707909518749 0.901654774555944 0.777744041293457 0.648823440109306 0.547927736450584 0.650493396083194 0.600333991194777 0.430636101411872 0.60242902687111 0.623743737665098 0.623743737665098 0.42826780021254 0.165356004250797 0 0.272506452102626 0.623743737665098 0.250918475785638 0.193441627448004 0.193441627448004 0.231972066190982 0.0647335661150751 0.348504630332473 0.385820555639897 0.0214968878093214 0.540003036283589 0.582784272051009 0.209351753453773 0.19353271595567 0 0 0 0 0 0 0 0 0 0 0 0 0 0 0 0 0 0.193168361925004 0.19353271595567 0.193168361925004 0.172218005161682 0.19353271595567 0.193168361925004 0.0213147107939882 0.129042052527706 0.604098982844998 0.604098982844998 0.561196295734022 0.623743737665098 0.602186124183999 0.56122665856991
0.53781691209959 0.842629421587976 0.793714892971004 0.774373766509792 0.693092454835282 0.874814027630181 0.83877334143009 0.639502049491423 0.60242902687111 0.60242902687111 0.60242902687111 0.603947168665553 0.217731896159101 0.229755579171095 0.584454228024897 0.623743737665098 0.623743737665098 0.623743737665098 0.582875360558676 0.387581600121451 0.0862304539243965 0.623743737665098 0.0645513890997419 0.364262942158798 0.561560649764688 0.561560649764688 0.170426597844239 0.172218005161682 0 0 0 0 0 0 0 0 0 0 0 0 0 0 0 0.0647335661150751 0 0.193168361925004 0.19353271595567 0.172218005161682 0.171975102474571 0.12867769849704 0.086109002580841 0.0428115986033095 0.10766661606194 0.422225595870654 0.604098982844998 0.561196295734022 0.623743737665098 0.623743737665098 0.623743737665098
0.623743737665098 0.661120388644299 0.851859723698193 0.915803856080158 0.765932898132686 0.894671322301503 0.873083345984515 0.917595263397601 0.841202368301199 0.80242902687111 -9999 0.537665097920146 0.60242902687111 0.293092454835282 0.559313799908911 0.623743737665098 -9999 0.623743737665098 0.623743737665098 0.623743737665098 0.623743737665098 0.337665097920146 0.0861697282526188 0.559647791103689 0.540003036283589 0.129163503871262 0.189646272961895 0.150660391680583 0 0 0 0 0 0 0 0 0 0 0 0 0 0 0 0.107818430241385 0.0859571884013967 0.193137999089115 0.193441627448004 0.150235311978139 0.193441627448004 0.107089722180052 0.0213147107939882 0.0213147107939882 0.193168361925004 0.0857750113860634 0.465097920145742 0.544830727189919 0.623743737665098 0.623743737665098 0.623743737665098
0.842629421587976 0.733049946865037 0.871170487323516 0.937422195233035 0.892424472445726 0.830302110217094 0.916077121603158 0.874814027630181 0.774404129345681 0.881979656899955 0.762410809169576 0.580780324882344 0.60242902687111 0.580780324882344 0.623743737665098 0.643722483679976 -9999 -9999 -9999 -9999 0.623743737665098 0.559981782298467 0.683406710186731 0.60242902687111 0.540003036283589 0.150660391680583 0.107757704569607 0.107484439046607 0 0 0 0 0 0 0 0 0 0 0 0 0 0 0 0.0861697282526188 0.0859571884013967 0.17173219978746 0.171823288295127 0.214756338241992 0.193441627448004 0.193441627448004 0.128708061332928 0.171489297100349 0.171489297100349 0.0641263093972977 0.251343555488083 0.506148474267497 0.604098982844998 0.604098982844998 0.623743737665098
0.620009108850767 0.66865037194474 0.83364202216487 0.959101260057689 0.93511461970548 0.765932898132686 0.915803856080158 0.89448914528617 0.774373766509792 0.921208440868377 0.80242902687111 0.451707909518749 0.408987399423106 -9999 0.80242902687111 0.842629421587976 0.881008046151511 0.822225595870654 0.822225595870654 0.862304539243965 0.663610141187187 0.623743737665098 0.581205404584788 0.622225595870654 0.582784272051009 0.189585547290117 0.172035828146349 0.128890238348262 0.064521026263853 0 0 0 0 0 0 0 0 0 0 0 0 0 0 0.042933049946865 0.10739335053894 0.0644603005920753 0.193168361925004 0.193441627448004 0.214756338241992 0.19353271595567 0.214756338241992 0.214756338241992 0.214756338241992 0.193168361925004 0.214756338241992 0.212357674206771 0.445787156520419 0.560892667375133 0.623743737665098
0.662820707454076 0.649096705632306 0.874814027630181 0.91601639593138 0.978412023683012 0.66865037194474 0.916168210110824 0.937422195233035 0.873083345984515 0.960801578867466 0.822529224229543 -9999 -9999 -9999 0.842629421587976 0.881979656899955 0.858812813116745 0.880431152269622 0.842629421587976 0.822529224229543 0.623743737665098 0.623743737665098 0.473872779717626 0.60242902687111 0.623743737665098 0.129163503871262 0.15047821466525 0.107727341733718 0.107484439046607 0 0 0 0 0 0 0 0 0 0 0 0 0 0 0 0.0862608167602854 0.10739335053894 0.129042052527706 0.193168361925004 0.171550022772127 0.172218005161682 0.214756338241992 0.214756338241992 0.214756338241992 0.214756338241992 0.193168361925004 0.214756338241992 0.270684681949294 0.441688173675421 0.49716107484439
0.623743737665098 0.509609837558828 0.916077121603158 0.851859723698193 0.956732958858357 0.935144982541369 0.690147259754061 0.89448914528617 0.871170487323516 0.851859723698193 -9999 -9999 -9999 -9999 -9999 0.896128738424169 0.896128738424169 0.873083345984515 0.817094276605435 0.622013056019432 0.822529224229543 0.623743737665098 0.623743737665098 0.516805829664491 0.643540306664642 0.284833763473508 0.107757704569607 0.129315318050706 0.0862608167602854 0 0 0 0 0 0 0 0 0 0 0 0 0 0 0 0 0.0862608167602854 0.0861697282526188 0.0860179140731744 0.193168361925004 0.171550022772127 0.214756338241992 0.171550022772127 0.171550022772127 0.214756338241992 0.214756338241992 0.214756338241992 0.214756338241992 0.311492333383938 0.212357674206771
0.60242902687111 0.641232731137088 0.917595263397601 0.89476241080917 0.978412023683012 0.978412023683012 0.794443601032336 0.956793684530135 0.978412023683012 0.89476241080917 0.648823440109306 0.815363594959769 0.690147259754061 -9999 0.871170487323516 0.93511461970548 0.956732958858357 0.913799908911492 0.873538788522848 0.670593593441628 0.822529224229543 0.663610141187187 0.580932139061788 0.0862911795961743 0.60242902687111 0.561560649764688 0.228115986033095 0.129315318050706 0.128890238348262 0.0427812357674207 0 0 0 0 0 0 0 0 0 0 0 0 0 0 0 0 0 0 0.10712008501594 0.214756338241992 0.0854410201912859 0.149901320783361 0.0854410201912859 0.171519659936238 0.14993168361925 0.214756338241992 0.214756338241992 0.214756338241992 0.0645513890997419
0.623743737665098 0.901654774555944 0.896189464095947 0.916077121603158 0.978412023683012 0.978412023683012 0.878396842265068 0.937482920904812 0.892394109609838 0.810748443904661 0.916380749962046 0.892849552148171 0.89476241080917 0.935327159556703 0.93511461970548 0.913799908911492 0.93511461970548 0.956732958858357 0.871170487323516 0.772400182177015 0.842629421587976 0.602125398512221 0.602520115378776 0.148960072870806 0.60242902687111 0.623743737665098 0.347441931076363 0.129315318050706 0.10739335053894 0 0 0 0 0 0 0 0 0 0 0 0 0 0 0 0 0 0 0.0858964627296189 0.214756338241992 0.171519659936238 0.128768787004706 0.0430241384545316 0.107211173523607 0.149992409291028 0.171519659936238 0.150296037649916 0.14993168361925 0.214756338241992 0.214756338241992
0.602125398512221 0.921208440868377 0.896189464095947 0.873083345984515 0.956732958858357 0.978412023683012 0.978412023683012 0.917959617428268 1 0.916168210110824 0.894701685137392 0.978412023683012 0.956732958858357 1 1 1 0.918141794443601 0.937422195233035 0.871170487323516 0.813906178837103 0.799787460148778 0.60242902687111 0.559161985729467 0.623743737665098 0.516502201305602 0.623743737665098 0.582784272051009 0.150721117352361 0.10739335053894 0 0 0 0 0 0 0 0 0 0 0 0 0 0 0 0.0214968878093214 0 0.0859571884013967 0.171550022772127 0.171823288295127 0.214756338241992 0.214756338241992 0.193137999089115 0.0642173979049643 0.171489297100349 0.0855624715348413 0.171489297100349 0.171489297100349 0.193168361925004 0.292272658266282
