data-raw/DATASET_PNE/a_DATA/PFGS/ENVSUIT_A1B/HS_f30_P7_acer.asc
NCOLS 619 
NROWS 782 
XLLCORNER 876826 
YLLCORNER 1947424 
CELLSIZE 100 
NODATA_value -9999 
[rows 264 to 296 of 782, columns 0 to 74 of 619]
-9999 -9999 -9999 -9999 -9999 -9999 -9999 -9999 -9999 -9999 -9999 1 1 1 1 1 1 1 1 1 1 1 1 1 1 1 1 1 1 0.957433478292917 0.666433257168129 0.549015994693005 0.509913761332645 0.470369278396108 0.264022996977961 0.345102085943834 0.235497899314513 0.260632416893934 0.049273973612442 0.0245448514778507 0 0 0 0 0 0 0 0 0 0 0 0 0 0 0 0 0 0 0 0 0 0 0 0 0 0 0.0372963809243016 0.203324242647601 0.370236603523255 0.22908528045994 0.397434952458171 0.378897324390064 0.348160978845729 0.397434952458171 0.434915604039213
-9999 -9999 -9999 -9999 -9999 -9999 -9999 -9999 -9999 -9999 -9999 1 1 1 1 1 1 1 1 1 1 1 1 1 1 1 1 1 1 0.975455148522149 0.925628362939485 0.716186334488096 0.672809021891354 0.690904400383283 0.543598437384831 0.514852214933294 0.293874843369942 0.0498267855826638 0 0 0 0 0 0 0 0 0 0 0 0 0 0 0 0 0 0 0 0 0 0 0 0 0 0 0 0 0.0372963809243016 0.32652760374438 0.756541608314292 0.907311859659468 0.272204614137245 0.808727058303236 0.667502026977224 0.630168791921574 0.605144836736198
-9999 -9999 -9999 -9999 -9999 -9999 -9999 -9999 -9999 -9999 1 1 1 1 1 1 1 1 1 1 1 1 1 1 1 1 1 1 1 1 0.975455148522149 0.975455148522149 0.950320630942729 0.567848455811897 0.549015994693005 0.343480504164517 0.112073413429645 0.0874917078204467 0 0 0 0 0 0 0 0 0 0 0 0 0 0 0 0 0 0 0 0 0 0 0 0 0 0 0 0 0.220056018279649 0.586201813223262 0.599543008771283 0.907422422053512 0.981646642588634 0.354573597700302 0.900162158177932 0.981646642588634 0.981646642588634
-9999 -9999 -9999 -9999 -9999 -9999 -9999 -9999 -9999 -9999 1 1 1 1 1 1 1 1 1 1 1 1 1 1 1 1 1 1 1 1 1 1 0.950762880518906 0.796307216038918 0.549015994693005 0.212906316798113 0.0871231665069654 0.0377386305004791 0.186260779833419 0.0498267855826638 0 0 0 0 0 0 0 0 0 0 0 0 0 0 0 0 0 0 0 0 0 0 0 0 0 0 0.0186850445934989 0.276921942949805 0.642994029630722 0.975455148522149 0.758679147932483 0.316466425886342 0.374401120365593 0.56110414977519 0.981646642588634
-9999 -9999 -9999 -9999 -9999 -9999 -9999 -9999 -9999 -9999 1 1 1 1 1 1 1 1 1 1 1 1 1 1 1 1 1 1 1 1 1 1 0.975455148522149 0.752561362128695 0.549015994693005 0.559003464288347 0.10098031989386 0.0623940443723741 0.111631163853468 0 0 0 0 0.0245448514778507 0.0189798776442839 0.0189798776442839 0 0 0 0 0 0 0 0 0 0 0 0 0 0 0 0 0 0 0 0 0.0186850445934989 0.276921942949805 0.71139529741284 0.734208004717329 0.943834303825459 0.614247807179185 0.411844917815287 0.683201886931525 0.844917815287094
-9999 -9999 -9999 -9999 -9999 -9999 -9999 -9999 -9999 -9999 1 1 1 1 1 1 1 1 1 1 1 1 1 1 1 1 1 1 1 1 1 1 1 1 0.592282744895703 0.588965873074372 0.0810053807031768 0.0434141667280902 0 0 0.0247291221345913 0.0247291221345913 0.0739662416156851 0.118596594678263 0 0.220056018279649 0 0 0 0 0 0 0 0 0 0 0 0 0 0 0 0 0 0 0 0 0.0189798776442839 0.155487580157736 0.296896882140488 0.599543008771283 0.734208004717329 0.962851035601091 0.962851035601091 0.93771651802167 0.84440185744822
-9999 -9999 -9999 -9999 -9999 -9999 -9999 -9999 -9999 -9999 1 1 1 1 1 1 1 1 1 1 1 1 1 1 1 1 1 1 1 1 1 1 1 0.975307731996757 0.567848455811897 0.549015994693005 0.498378418220683 0.10098031989386 0.0434141667280902 0.0187587528561952 0.0685118301761627 0.0498267855826638 0.260632416893934 0.210842485442618 0.182759637355348 0 0 0 0 0 0 0 0 0 0 0 0 0 0 0 0 0 0.0189798776442839 0.0567922164074593 0 0 0.0189798776442839 0.0189798776442839 0.125193484189578 0.420763617601533 0.867251418884057 0.696874769661679 0.764538954816835 0.932040981794059 0.956991228716739
-9999 -9999 -9999 -9999 -9999 -9999 -9999 -9999 -9999 -9999 1 1 1 1 1 1 1 1 1 1 1 1 1 1 1 1 1 1 1 1 1 1 1 0.950762880518906 0.752561362128695 0.647600796049237 0.529888700523329 0.382177342080047 0.119665364487359 0.0563499668312818 0.0763249060219651 0.0810053807031768 0.229416967642073 0.519495835483158 0.0247291221345913 0.0368909854794722 0 0.0245448514778507 0 0 0 0 0 0.0247291221345913 0 0 0 0 0 0 0.0189798776442839 0.0377386305004791 0.112589371268519 0.0186850445934989 0 0 0 0.0189798776442839 0.075403552738262 0.0941623055944571 0.395186850445935 0.631532394781455 0.637355347534459 0.758642293801135 0.395371121102676
-9999 -9999 -9999 -9999 -9999 -9999 -9999 -9999 -9999 -9999 1 1 1 1 1 1 1 1 1 1 1 1 1 1 1 1 1 1 1 1 1 1 1 1 0.907606692710253 0.529888700523329 0.49038107171814 0.512235571607577 0.368688730006634 0.312191346649959 0.424891280312523 0.435136728827302 0.634812412471438 0.0678484558118965 0.0247291221345913 0 0.192783961082037 0.0189798776442839 0 0 0.0189798776442839 0.0434141667280902 0 0.0189798776442839 0 0 0 0 0 0.0189798776442839 0.131716665438196 0.278838357779907 0.0942360138571534 0.236198127810128 0.0189798776442839 0.075403552738262 0.0189798776442839 0 0.0376649222377829 0.075403552738262 0.150328001768998 0.240436352915162 0.396034495466942 0.465135991744675 0.824242647600796
-9999 -9999 -9999 -9999 -9999 -9999 -9999 -9999 -9999 -9999 1 1 1 1 1 1 1 1 1 1 1 1 1 1 1 1 1 1 1 1 1 1 1 1 0.932446377238889 0.981646642588634 0.85796417778433 0.40215228127073 0.265091766787057 0.527014078278175 0.49292400678116 0.861059924817572 0.693263064789563 0.105439669786983 0.0929461192599691 0.166912360875654 0.211542713938232 0.167796860028009 0.0189798776442839 0.0377386305004791 0.0941623055944571 0.0189798776442839 0.0189798776442839 0 0 0 0 0 0 0.0942360138571534 0.59313038991671 0.692120586717771 0.579310090661163 0.303788604702587 0.276921942949805 0.056423675093978 0.0941623055944571 0.0189798776442839 0 0.0493476818751382 0.131532394781455 0.075403552738262 0.0941623055944571 0.258605439669787 0.588376206972802
-9999 -9999 -9999 -9999 -9999 -9999 -9999 -9999 -9999 -9999 1 1 1 1 1 1 1 1 1 1 1 1 1 1 1 1 1 1 1 1 1 1 1 1 0.963440701702661 0.957101791110784 0.957101791110784 0.734208004717329 0.285951205130095 0.628473501879561 0.777327338394634 0.630574187366404 0.0563499668312818 0.19901230927987 0.328222893786393 0.254109235645316 0.235497899314513 0.279243753224736 0.434915604039213 0.410370752561362 0.348197832977077 0.31473428171298 0.182759637355348 0 0 0 0 0.0189798776442839 0.292695511166802 0.434915604039213 0.891869978624604 0.734208004717329 0.304083437753372 0.254146089776664 0.33614653202624 0.296896882140488 0.0377386305004791 0.0189798776442839 0 0 0.0567922164074593 0.0186850445934989 0.0186850445934989 0.0186850445934989 -9999
-9999 -9999 -9999 -9999 -9999 -9999 -9999 -9999 -9999 -9999 1 1 1 1 1 1 1 1 1 1 1 1 1 1 1 1 1 1 1 1 1 1 1 1 1 1 1 0.692010024323727 0.703434805041645 0.957101791110784 0.932446377238889 0.579273236529815 0.320704650991376 0.424006781160168 0.359806884351736 0.692820815213385 0.755657109161937 0.628031252303383 0.980467310385494 0.688435173582959 0.673988354094494 0.60569764870642 0.226100095820742 0 0 0 0 0.0942360138571534 0.434915604039213 0.891869978624604 0.758642293801135 0.639824574334783 0.545699122871674 0.486363971401194 0.41435099874696 0.296896882140488 0.185781676125894 0.075403552738262 0.0189798776442839 0 0.0186850445934989 0.0186850445934989 0.0186850445934989 0.220056018279649 0.41435099874696
-9999 -9999 -9999 -9999 -9999 -9999 -9999 -9999 -9999 -9999 -9999 1 1 1 1 1 1 1 1 1 1 1 1 1 1 1 1 1 1 1 1 1 1 1 1 1 1 1 0.981646642588634 0.783739957249208 0.783739957249208 0.734208004717329 0.598400530699492 0.567848455811897 0.573450283776811 0.858259010835115 0.79527530036117 0.858074740178374 0.925296675757352 0.283445124198423 0.182759637355348 0.182759637355348 0.182759637355348 0.146790005159578 0 0 0.0189798776442839 0.434915604039213 1 0.735903294759342 0.79645463256431 0.716260042750792 0.692857669344734 0.698164664258863 0.329365371858185 0.41435099874696 0.198459497309648 0 0.0189798776442839 0 0 0.0186850445934989 0.0186850445934989 0.220056018279649 0.277917004496204
-9999 -9999 -9999 -9999 -9999 -9999 -9999 -9999 -9999 -9999 -9999 1 1 1 1 1 1 1 1 1 1 1 1 1 1 1 1 1 1 1 1 1 1 1 1 1 1 1 0.907901525761038 0.981646642588634 0.981646642588634 0.808985037222673 0.908085796417778 0.926107466647011 0.876722930640525 0.851588413061104 0.574666470111299 0.925296675757352 0.585243605808211 0.662379302719835 0.260632416893934 0.201444681948846 0.201444681948846 0 0 0 0.317129800250608 0.434915604039213 1 1 0.950652318124862 0.950652318124862 0.617232991818383 0.67347239625562 0.717549937347977 0.372484705535491 0.211247880887447 0.0189798776442839 0.0189798776442839 0.0189798776442839 0 0 0.0378123387631754 0.3516621213238 0.672035085133043
-9999 -9999 -9999 -9999 -9999 -9999 -9999 -9999 -9999 -9999 -9999 -9999 1 1 1 1 1 1 1 1 1 1 1 1 1 1 1 1 1 1 1 1 1 1 1 1 1 1 1 1 1 1 1 1 0.975344586128105 0.950652318124862 0.622945382177342 0.943834303825459 0.559851109309354 0.360285988059261 0.235977003022039 0.148669565858333 0 0 0 0.236198127810128 0.180622097737156 0.719687476966168 0.814807989975676 0.950652318124862 1 1 0.950652318124862 0.709957986290263 0.677821183754699 0.534237488022407 0.229601238298813 0.211247880887447 0.0189798776442839 0.0189798776442839 0.043340458465394 0 0.0378123387631754 0.400862386673546 0.591582516400088
-9999 -9999 -9999 -9999 -9999 -9999 -9999 -9999 -9999 -9999 -9999 -9999 1 1 1 1 1 1 1 1 1 1 1 1 1 1 1 1 1 1 1 1 1 1 1 1 1 1 1 1 1 1 1 1 1 0.876317535195696 0.932151544188103 0.907311859659468 0.53987617011867 0.53987617011867 0.142514925923196 0 0 0 0.211247880887447 0.434915604039213 0.454706272573155 0.775300361170487 1 1 1 1 1 0.926107466647011 0.734539691899462 0.717549937347977 0.397434952458171 0.360285988059261 0.0869388958502248 0.0189798776442839 0.0186850445934989 0 0.056423675093978 0.276921942949805 0.510577135696912
-9999 -9999 -9999 -9999 -9999 -9999 -9999 -9999 -9999 -9999 -9999 -9999 -9999 1 1 1 1 1 1 1 1 1 1 1 1 1 1 1 1 1 1 1 1 1 1 1 1 1 1 1 1 1 1 1 1 1 0.815287093683202 0.698164664258863 0.655892975602565 0.277659025576767 0.240178373995725 0.414461561141004 0.235940148890691 0.136618264907496 0.360285988059261 0.454706272573155 0.755657109161937 0.907127589002727 1 1 1 1 1 0.975455148522149 0.826601312007076 0.635733765755141 0.681580305152208 0.34793985405764 0.211247880887447 0.0622834819783298 0.075403552738262 0.0186850445934989 0.075403552738262 0.32671187440112 0.364339942507555
-9999 -9999 -9999 -9999 -9999 -9999 -9999 -9999 -9999 -9999 -9999 -9999 -9999 -9999 1 1 1 1 1 1 1 1 1 1 1 1 1 1 1 1 1 1 1 1 1 1 1 1 1 1 1 1 1 1 0.975344586128105 0.975344586128105 0.956917520454043 0.67818972506818 0.435800103191568 0 0.0563499668312818 0.579715486105992 0.203913908749171 0.310643473133338 0.609714749023366 0.814807989975676 0.950652318124862 1 1 1 1 1 1 1 0.950652318124862 0.851588413061104 0.690609567332498 0.416009434657625 0.322473649296086 0.236198127810128 0.276921942949805 0.0810790889658731 0.258605439669787 0.364339942507555 0.597737156335225
-9999 -9999 -9999 -9999 -9999 -9999 -9999 -9999 -9999 -9999 -9999 -9999 -9999 -9999 1 1 1 1 1 1 1 1 1 1 1 1 1 1 1 1 1 1 1 1 1 1 1 1 1 1 1 1 1 1 0.975344586128105 0.907164443134075 0.619112552517137 0.67818972506818 0.0563499668312818 0.278654087123167 0.342153755435984 0.489091177120955 0.618522886415567 0.712758900272721 0.79527530036117 0.926107466647011 1 1 1 1 1 1 1 1 1 0.826490749613032 0.740362644652465 0.722046141372448 0.391059187734945 0.780423085427877 0.407827817498342 0.276921942949805 0.220056018279649 0.866919731701924 1
-9999 -9999 -9999 -9999 -9999 -9999 -9999 -9999 -9999 -9999 -9999 -9999 -9999 -9999 -9999 1 1 1 1 1 1 1 1 1 1 1 1 1 1 1 1 1 1 1 1 1 1 1 1 1 1 1 1 1 0.981646642588634 0.907164443134075 0.67818972506818 0.291073929387484 0.316208446966905 0.372005601827965 0.635107245522223 0.648043045625415 0.648043045625415 0.598547947224884 0.851588413061104 0.925996904252967 1 1 1 1 1 1 1 1 1 0.975344586128105 0.827043561583253 0.549015994693005 0.573450283776811 1 0.842596005012162 0.401710031694553 0.410665585612147 0.975344586128105 1
-9999 -9999 -9999 -9999 -9999 -9999 -9999 -9999 -9999 -9999 -9999 -9999 -9999 -9999 1 1 1 1 1 1 1 1 1 1 1 1 1 1 1 1 1 1 1 1 1 1 1 1 1 1 1 1 1 1 1 0.889548168349672 0.79645463256431 0.815287093683202 0.79645463256431 0.753298444755657 0.950173214417336 0.864524213164296 0.90097294906759 0.783924227905948 0.950652318124862 1 1 1 1 1 1 1 1 1 1 1 0.950652318124862 0.641777843296234 0.598400530699492 1 1 0.891464583179774 0.758863418589224 1 1
-9999 -9999 -9999 -9999 -9999 -9999 -9999 -9999 -9999 -9999 -9999 -9999 -9999 -9999 1 1 1 1 1 1 1 1 1 1 1 1 1 1 1 1 1 1 1 1 1 1 1 1 1 1 1 1 1 1 1 1 1 0.974865482420579 1 1 1 1 1 1 0.90097294906759 1 1 1 1 1 1 1 1 1 1 1 1 1 0.926107466647011 1 1 1 1 1 1
-9999 -9999 -9999 -9999 -9999 -9999 -9999 -9999 -9999 -9999 -9999 -9999 -9999 -9999 1 1 1 1 1 1 1 1 1 1 1 1 1 1 1 1 1 1 1 1 1 1 1 1 1 1 1 1 1 1 1 1 1 1 1 1 1 1 1 1 1 1 1 1 1 1 1 1 1 1 1 1 1 1 1 1 1 1 1 1 1
-9999 -9999 -9999 -9999 -9999 -9999 -9999 -9999 -9999 -9999 -9999 -9999 -9999 -9999 1 1 1 1 1 1 1 1 1 1 1 1 1 1 1 1 1 1 1 1 1 1 1 1 1 1 1 1 1 1 1 1 1 1 1 1 1 1 1 1 1 1 1 1 1 1 1 1 1 1 1 1 1 1 1 1 1 1 1 1 1
-9999 -9999 -9999 -9999 -9999 -9999 -9999 -9999 -9999 -9999 -9999 -9999 -9999 -9999 1 -9999 -9999 -9999 -9999 -9999 1 1 1 1 1 1 1 1 1 1 1 1 1 1 1 1 1 1 1 1 1 1 1 1 1 1 1 1 1 1 1 1 1 1 1 1 1 1 1 1 1 1 1 1 1 1 1 1 1 1 1 1 1 1 1
-9999 -9999 -9999 -9999 -9999 -9999 -9999 -9999 -9999 -9999 -9999 -9999 -9999 -9999 -9999 -9999 -9999 -9999 -9999 -9999 1 1 1 1 1 1 1 1 1 1 1 1 1 1 1 1 1 1 1 1 1 1 1 1 1 1 1 1 1 1 1 1 1 1 1 1 1 1 1 1 1 1 1 1 1 1 1 1 1 1 1 1 1 1 1
-9999 -9999 -9999 -9999 -9999 -9999 -9999 -9999 -9999 -9999 -9999 -9999 -9999 -9999 -9999 -9999 -9999 -9999 -9999 -9999 -9999 -9999 1 1 1 1 1 1 1 1 1 1 1 1 1 1 1 1 1 1 1 1 1 1 1 1 1 1 1 1 1 1 1 1 1 1 1 1 1 1 1 1 1 1 1 1 1 1 1 1 1 1 1 1 1
-9999 -9999 -9999 -9999 -9999 -9999 -9999 -9999 -9999 -9999 -9999 -9999 -9999 -9999 -9999 -9999 -9999 -9999 -9999 -9999 -9999 -9999 -9999 -9999 1 1 1 1 1 1 1 1 1 1 1 1 1 1 1 1 1 1 1 1 1 1 1 1 1 1 1 1 1 1 1 1 1 1 1 1 1 1 1 1 1 1 1 1 1 1 1 1 1 1 1
-9999 -9999 -9999 -9999 -9999 -9999 -9999 -9999 -9999 -9999 -9999 -9999 -9999 -9999 -9999 -9999 -9999 -9999 -9999 -9999 -9999 -9999 -9999 -9999 -9999 -9999 1 1 1 1 1 1 1 1 1 1 1 1 1 1 1 1 1 1 1 1 1 1 1 1 1 1 1 1 1 1 1 1 1 1 1 1 1 1 1 1 1 1 1 1 1 1 1 1 1
-9999 -9999 -9999 -9999 -9999 -9999 -9999 -9999 -9999 -9999 -9999 -9999 -9999 -9999 -9999 -9999 -9999 -9999 -9999 -9999 -9999 -9999 -9999 -9999 -9999 -9999 -9999 1 1 1 1 1 1 1 1 1 1 1 1 1 1 1 1 1 1 1 1 1 1 1 1 1 1 1 1 1 1 1 1 1 1 1 1 1 1 1 1 1 1 1 1 1 1 1 1
-9999 -9999 -9999 -9999 -9999 -9999 -9999 -9999 -9999 -9999 -9999 -9999 -9999 -9999 -9999 -9999 -9999 -9999 -9999 -9999 -9999 -9999 -9999 -9999 -9999 -9999 -9999 -9999 1 1 1 1 1 1 1 1 1 1 1 1 1 1 1 1 1 1 1 1 1 1 1 1 1 1 1 1 1 1 1 1 1 1 1 1 1 1 1 1 1 1 1 1 1 1 1
-9999 -9999 -9999 -9999 -9999 -9999 -9999 -9999 -9999 -9999 -9999 -9999 -9999 -9999 -9999 -9999 -9999 -9999 -9999 -9999 -9999 -9999 -9999 -9999 -9999 -9999 -9999 -9999 -9999 1 1 1 1 1 1 1 1 1 1 1 1 1 1 1 1 1 1 1 1 1 1 1 1 1 1 1 1 1 1 1 1 1 1 1 1 1 1 1 1 1 1 1 1 1 1
-9999 -9999 -9999 -9999 -9999 -9999 -9999 -9999 -9999 -9999 -9999 -9999 -9999 -9999 -9999 -9999 -9999 -9999 -9999 -9999 -9999 -9999 -9999 -9999 -9999 -9999 -9999 -9999 -9999 -9999 1 1 1 1 1 1 1 1 1 1 1 1 1 1 1 1 1 1 1 1 1 1 1 1 1 1 1 1 1 1 1 1 1 1 1 1 1 1 1 1 1 1 1 1 1
