data-raw/DATASET_PNE/a_DATA/PFGS/ENVSUIT_A1B/HS_f0_P3_ubac2.asc
NCOLS 619 
NROWS 782 
XLLCORNER 876826 
YLLCORNER 1947424 
CELLSIZE 100 
NODATA_value -9999 
[rows 93 to 123 of 782, columns 70 to 139 of 619]
-9999 -9999 -9999 -9999 -9999 -9999 -9999 -9999 -9999 -9999 0 0.0380101360362763 0 0 0 0 0 0 0.0185716190984263 0.0185716190984263 0.0185716190984263 0.226793811683115 0.395272072552681 0.432348626300347 0.66501066951187 0.742798079487863 1 0.761636436383036 1 1 1 1 1 1 1 1 1 1 1 1 1 1 0.761636436383036 0.833488930381435 1 1 1 1 0.857762069885303 0.905274739930648 0.905274739930648 0.905274739930648 0.905274739930648 0.905274739930648 0.905274739930648 0.905274739930648 0.905274739930648 0.905274739930648 0.88130168044812 0.88130168044812 0.905274739930648 -9999 -9999 -9999 -9999 -9999 -9999 -9999 -9999 -9999
-9999 -9999 -9999 -9999 -9999 -9999 -9999 -9999 0 0 0 0.0380101360362763 0 0 0 0 0 0 0.0185716190984263 0.0185716190984263 0.395938917044545 0.433115497465991 0.470858895705522 0.626533742331288 0.724226460389437 0.957355294745265 0.761636436383036 0.761636436383036 1 1 1 1 1 1 1 1 1 1 1 1 0.857495332088557 1 0.833222192584689 0.833288877033876 1 0.952587356628434 1 0.92411309682582 0.905274739930648 0.905274739930648 0.905274739930648 0.905274739930648 0.905274739930648 0.905274739930648 0.905274739930648 0.905274739930648 0.905274739930648 0.905274739930648 0.88130168044812 0.88130168044812 0.905274739930648 -9999 -9999 -9999 -9999 -9999 -9999 -9999 -9999 -9999
-9999 -9999 -9999 -9999 -9999 -9999 0 0.0380101360362763 0 0 0 0 0 0 0 0 0 0.0185716190984263 0 0 0.395272072552681 0.470858895705522 0.64547212590024 0.742798079487863 0.957355294745265 0.813983728994399 0.761636436383036 0.833455588156842 1 1 1 1 1 1 1 1 1 1 1 1 1 1 0.928514270472126 0.833288877033876 0.904841291010936 0.833422245932249 1 1 0.92411309682582 0.714790610829555 0.905274739930648 0.905274739930648 0.905274739930648 0.905274739930648 0.905274739930648 0.905274739930648 0.905274739930648 0.905274739930648 0.905274739930648 0.88130168044812 0.88130168044812 1 -9999 -9999 -9999 -9999 -9999 -9999 -9999 -9999
-9999 -9999 -9999 -9999 -9999 -9999 0 0.0380101360362763 0 0 0 0 0.0380101360362763 0.0380101360362763 0 0 0 0 0 0.320018671645772 0 0.0757535342758069 0.742798079487863 0.742798079487863 0.837956788476927 0.761636436383036 0.761636436383036 1 1 1 1 1 1 1 1 1 1 1 1 1 1 1 1 0.928514270472126 0.809649239797279 1 1 1 0.980894905308082 0.857762069885303 0.905274739930648 0.905274739930648 0.905274739930648 0.905274739930648 0.905274739930648 0.905274739930648 0.905274739930648 0.905274739930648 0.905274739930648 0.88130168044812 0.905274739930648 0.92411309682582 1 -9999 -9999 -9999 -9999 -9999 -9999 -9999
-9999 -9999 -9999 -9999 -9999 0.0380101360362763 0 0.0380101360362763 0 0 0 0 0 0 0.0380101360362763 0 0 0 0.169911976527074 0.395272072552681 0.413710322752734 0.626533742331288 0.231628434249133 0.957355294745265 0.766471058949053 0.785309415844225 0.809615897572686 1 1 1 1 1 1 1 1 1 1 1 1 1 1 1 1 0.976226993865031 0.928414243798346 1 1 1 0.92411309682582 0.833789010402774 0.905274739930648 0.905274739930648 0.905274739930648 0.905274739930648 0.905274739930648 0.905274739930648 0.905274739930648 0.905274739930648 0.905274739930648 0.88130168044812 0.905274739930648 0.905274739930648 0.980894905308082 1 1 1 -9999 -9999 -9999 -9999
-9999 -9999 0 0 0 0 0 0.0380101360362763 0 0 0 0 0 0 0.0380101360362763 0 0 0 0 0.395272072552681 0.413710322752734 0.567484662576687 0.742798079487863 0.813983728994399 0.766471058949053 0.761636436383036 0.905174713256869 1 1 1 1 1 1 1 1 1 1 1 1 1 1 1 1 1 0.928514270472126 1 1 1 0.980894905308082 0.905274739930648 0.88130168044812 0.905274739930648 0.905274739930648 0.905274739930648 0.905274739930648 0.905274739930648 0.905274739930648 0.905274739930648 0.905274739930648 0.857762069885303 0.905274739930648 0.809615897572686 0.905274739930648 0.980894905308082 1 1 1 1 -9999 -9999
0 0 0 0 0 0 0.0380101360362763 0.0380101360362763 0 0 0 0 0 0 0 0 0 0 0.169911976527074 0.395272072552681 0.413710322752734 0.508869031741798 0.742798079487863 0.766471058949053 0.766471058949053 0.761636436383036 1 1 1 1 1 1 1 1 1 1 1 1 1 1 1 1 1 1 1 1 1 1 1 0.943184849293145 0.88130168044812 0.905274739930648 0.905274739930648 0.905274739930648 0.905274739930648 0.905274739930648 0.886636436383035 0.905274739930648 0.905274739930648 0.905274739930648 0.905274739930648 0.809615897572686 0.78577620698853 0.905274739930648 0.92411309682582 0.962123232862097 1 1 1 1
0 0 0 0 0 0.377367297946119 0.18961723126167 0 0 0 0 0 0.0190717524673246 0.0190717524673246 0 0 0.0190717524673246 0 0.189350493464924 0.395272072552681 0.432815417444652 0.566084289143772 0.703754334489197 0.742798079487863 0.761636436383036 0.809149106428381 1 1 1 1 1 1 1 1 1 1 1 1 1 1 1 1 1 0.976226993865031 1 1 1 1 1 0.980894905308082 0.905274739930648 0.762603360896239 0.85752867431315 0.905274739930648 0.905274739930648 0.886636436383035 0.886636436383035 0.886636436383035 0.905274739930648 0.905274739930648 0.905274739930648 0.905274739930648 0.78577620698853 0.881501733795679 0.881501733795679 0.905274739930648 0.92411309682582 1 1 1
0 0 0 0 0 0 0.283108829021072 0.0380101360362763 0 0 0 0 0 0 0.0190717524673246 0 0.0190717524673246 0 0.208222192584689 0.395272072552681 0.432815417444652 0.546512403307549 0.742798079487863 0.742798079487863 0.809149106428381 1 1 1 1 1 1 1 1 1 1 1 1 1 1 1 1 1 1 1 1 1 1 1 1 1 0.92411309682582 0.857762069885303 0.905274739930648 0.905274739930648 0.905274739930648 0.905274739930648 0.905274739930648 0.886636436383035 0.905274739930648 0.92411309682582 0.92411309682582 0.905274739930648 0.886636436383035 0.886636436383035 0.862863430248066 0.85752867431315 0.905274739930648 1 1 1
0 0 0 0 0 0 0.301747132568685 0 0 0 0 0 0 0 0 0 0.0190717524673246 0 0 0.395272072552681 0.452220592157909 0.546512403307549 0.703754334489197 0.742798079487863 0.809149106428381 1 1 1 1 1 1 1 1 1 1 1 1 1 1 1 1 1 1 1 1 1 1 1 1 1 0.980894905308082 0.905274739930648 0.905274739930648 0.905274739930648 0.905274739930648 0.905274739930648 0.905274739930648 0.905274739930648 0.905274739930648 0.92411309682582 0.92411309682582 0.905274739930648 0.905274739930648 0.905274739930648 0.881501733795679 0.85752867431315 0.905274739930648 0.92411309682582 1 1
0 0 0 0 0.0190717524673246 0 0.245365430781542 0 0 0 0 0 0 0 0 0 0.0190717524673246 0 0 0.395272072552681 0.432815417444652 0.546512403307549 0.703754334489197 0.742798079487863 0.85669511869832 1 1 1 1 1 1 1 1 1 1 1 1 1 1 1 1 1 1 1 1 1 1 1 1 1 1 0.980894905308082 0.905274739930648 0.905274739930648 0.905274739930648 0.905274739930648 0.905274739930648 0.905274739930648 0.905274739930648 0.92411309682582 0.962123232862097 0.92411309682582 0.905274739930648 0.88130168044812 0.88130168044812 0.85752867431315 0.833722325953588 0.881501733795679 0.92411309682582 0.980894905308082
0 0 0 0 0.0190717524673246 0.0190717524673246 0.0378434249133102 0 0 0 0 0 0.0380101360362763 0 0 0 0.0190717524673246 0 0.151173646305682 0.395272072552681 0.470525473459589 0.703754334489197 0.742798079487863 0.766571085622833 0.928480928247533 1 1 1 1 1 1 1 1 1 1 1 1 1 1 1 1 1 1 1 1 1 1 1 1 1 1 1 0.92411309682582 0.666911176313684 0.666911176313684 0.666911176313684 0.666911176313684 0.690684182448653 0.92411309682582 0.980894905308082 0.980894905308082 0.980894905308082 0.905274739930648 0.905274739930648 0.88130168044812 0.85752867431315 0.85752867431315 0.833722325953588 0.881501733795679 0.905274739930648
0 0 0 0 0.0190717524673246 0.0378434249133102 0.0190717524673246 0 0 0 0 0 0.0190717524673246 0 0 0.0190717524673246 0.0190717524673246 0 0.376433715657509 0.395272072552681 0.527407308615631 0.703754334489197 0.742798079487863 0.785409442518005 0.97632702053881 1 1 1 1 1 1 1 1 1 1 1 1 1 1 1 1 1 1 1 1 1 1 1 1 1 1 1 1 0.92411309682582 0.666911176313684 0.666911176313684 0.714257135236063 0.942884769271806 0.980894905308082 0.980894905308082 0.942884769271806 1 0.905274739930648 0.738063483595626 0.714257135236063 0.714257135236063 0.690684182448653 0.833722325953588 0.690750866897839 0.690750866897839
0 0 0 0 0.0190717524673246 0.113797012536676 0.0378434249133102 0 0 0 0 0 0 0 0 0.0190717524673246 0.15167377967458 0 0.395272072552681 0.489297145905575 0.703754334489197 0.742798079487863 0.766571085622833 0.928480928247533 1 1 1 1 1 1 1 1 1 1 1 1 1 1 1 0.976026940517471 1 1 1 1 1 1 1 1 1 1 1 1 1 0.980894905308082 0.900273406241664 0.942884769271806 0.980894905308082 0.980894905308082 0.980894905308082 0.942884769271806 0.96195652173913 1 0.714257135236063 0.666911176313684 0.666911176313684 0.666911176313684 0.714257135236063 0.833722325953588 0.690750866897839 0.690750866897839
0.0190717524673246 0 0 0 0.0190717524673246 0 0 0.0190717524673246 0 0 0 0 0 0 0 0.170245398773006 0.395705521472393 0.0184382502000534 0.413710322752734 0.508235529474527 0.703754334489197 0.742798079487863 0.981161643104828 1 1 1 1 1 1 1 1 1 1 1 1 1 1 1 1 1 1 1 1 1 1 1 1 1 1 1 1 1 1 1 1 1 0.980894905308082 0.980894905308082 0.980894905308082 0.980894905308082 0.980894905308082 1 0.733095492131235 0.666911176313684 0.666911176313684 0.666911176313684 0.690684182448653 0.690684182448653 0.690684182448653 0.666911176313684
0 0 0 0 0 0.0378434249133102 0.339423846359029 0 0 0 0 0 0 0 0 0.226793811683115 0.414343825020005 0.0375433448919712 0.470525473459589 0.703754334489197 0.742798079487863 0.862096559082422 0.981161643104828 1 1 1 1 1 1 1 1 1 1 1 1 1 1 0.976026940517471 1 0.880801547079221 0.904807948786343 0.952453987730061 1 1 1 1 1 1 1 1 1 1 1 1 0.976226993865031 0.942884769271806 0.980894905308082 0.961823152840758 0.92411309682582 0.92411309682582 0.980894905308082 1 0.828554281141638 0.690684182448653 0.666911176313684 0.666911176313684 0.666911176313684 0.666911176313684 0.666911176313684 0.666911176313684
0 0 0 0 0 0.0190717524673246 0.395705521472393 0 0 0 0 0 0 0.0190717524673246 0 0.339090424113097 0.0184382502000534 0.0561816484395839 0.527407308615631 0.703754334489197 0.766571085622833 0.957155241397706 1 1 1 1 1 1 1 1 1 1 1 1 1 1 1 1 1 0.976226993865031 1 0.856961856495065 1 1 1 1 1 1 1 1 1 1 1 1 1 0.942884769271806 0.900273406241664 0.937983462256602 1 1 1 0.832888770338757 0.92411309682582 0.714257135236063 0.666911176313684 0.666911176313684 0.666911176313684 0.666911176313684 0.666911176313684 0.666911176313684
0 0 0 0 0 0.0190717524673246 0.358295545478794 0.15167377967458 0.0184382502000534 0 0 0 0 0 0 0 0.0561816484395839 0.0942918111496399 0.703754334489197 0.766571085622833 0.814083755668178 0.981161643104828 1 1 1 1 1 1 1 1 1 1 1 1 1 1 1 1 1 1 1 0.976226993865031 -9999 1 1 1 1 1 1 1 1 1 1 1 0.980894905308082 1 1 1 1 1 1 1 0.942884769271806 0.733095492131235 0.666911176313684 0.666911176313684 0.666911176313684 0.666911176313684 0.666911176313684 0.666911176313684
0 0 0 0 -9999 0 0.15167377967458 0.15167377967458 0 0 0 0 0 0 0 0.413710322752734 0.0942918111496399 0.452420645505468 0.527940784209122 0.814383835689517 0.981161643104828 0.981161643104828 1 1 1 1 1 1 1 1 1 1 1 1 1 1 1 1 1 0.976026940517471 1 1 1 -9999 -9999 1 1 1 1 1 1 1 1 1 1 1 1 1 1 1 1 1 0.980894905308082 0.733095492131235 0.666911176313684 0.666911176313684 0.666911176313684 0.666911176313684 0.666911176313684 0.666911176313684
0 0 0.0190717524673246 0 0 0.0190717524673246 0.113797012536676 0.0190717524673246 0 0 0 0 0 0 0 0.432815417444652 0.527407308615631 0.527940784209122 0.838056815150707 0.861396372365964 0.981161643104828 0.957488663643638 1 0.97632702053881 1 1 1 1 1 1 1 1 1 1 1 1 1 1 1 1 1 1 1 -9999 -9999 -9999 1 1 1 1 1 1 1 1 1 1 1 1 1 1 1 1 0.942884769271806 0.714257135236063 0.666911176313684 0.666911176313684 0.666911176313684 0.666911176313684 0.666911176313684 0.666911176313684
0 0 0.0378434249133102 0 -9999 0 0.0190717524673246 0.0190717524673246 0.432782075220059 0 0.414343825020005 0 0.0190717524673246 0 0.0184382502000534 0.432815417444652 0.508635636169645 0.508835689517205 0.724226460389437 0.981161643104828 0.981161643104828 0.981161643104828 0.981161643104828 1 1 1 1 1 1 1 1 1 1 1 1 1 1 1 1 1 0.976026940517471 1 1 1 1 1 1 1 1 1 1 1 1 1 1 1 1 1 1 1 1 1 0.942884769271806 0.714257135236063 0.666911176313684 0.666911176313684 0.666911176313684 0.666911176313684 0.666911176313684 0.666911176313684
0.0190717524673246 0 0.0757535342758069 0 0 0 0 0.0190717524673246 0.0184382502000534 0 0.432782075220059 0.432782075220059 0.15167377967458 0 0.0184382502000534 0.0375433448919712 0.508635636169645 0.508835689517205 0.795812216591091 0.981161643104828 0.981161643104828 0.981161643104828 0.981161643104828 1 1 1 1 1 1 1 1 1 1 1 1 1 1 1 1 1 1 1 1 1 1 1 1 1 1 1 1 1 1 1 1 1 1 1 1 1 1 1 0.980894905308082 0.785909575886903 0.666911176313684 0.666911176313684 0.666911176313684 0.666911176313684 0.666911176313684 0.666911176313684
-9999 0 0.0378434249133102 0 0.0378434249133102 0 0 0.15167377967458 0.0184382502000534 0.0184382502000534 0.0184382502000534 0.432782075220059 0 0 0.0375433448919712 0.0561816484395839 0.665877567351294 0.452487329954655 0.895072019205121 0.981161643104828 0.981161643104828 0.981161643104828 0.981161643104828 1 1 1 1 1 1 1 1 1 1 1 1 1 1 1 1 1 1 1 1 1 1 1 1 1 1 1 1 1 1 1 1 1 1 1 1 1 1 1 1 0.756901840490798 0.666911176313684 0.666911176313684 0.666911176313684 0.666911176313684 0.666911176313684 0.666911176313684
0 0 0.0190717524673246 0.132802080554815 0.094758602293945 0 0 0.39557215257402 0.0375433448919712 0.0184382502000534 0.0375433448919712 0.451887169911977 0.0184382502000534 0.0184382502000534 0.207988797012537 0.226560416110963 0.433782341957855 0.890470792211256 0.876433715657509 0.943284875966925 0.981161643104828 0.981161643104828 0.981161643104828 1 1 1 1 1 1 1 1 1 1 1 1 1 1 1 1 1 1 1 1 1 1 1 1 1 1 1 1 1 1 1 1 1 1 1 1 1 1 1 1 0.92411309682582 0.833789010402774 0.666911176313684 0.666911176313684 0.666911176313684 0.666911176313684 0.666911176313684
0.0190717524673246 0 0 0.0190717524673246 0.0190717524673246 0 0.0184382502000534 0.432848759669245 0.0561816484395839 0.0370765537476661 0.0561816484395839 0.451887169911977 0.0184382502000534 0.207988797012537 0.395705521472393 0.414710589490531 0.433782341957855 0.919311816484396 0.85246065617498 0.943284875966925 0.981161643104828 0.981161643104828 0.981161643104828 1 1 1 1 1 1 1 1 1 1 1 1 1 1 1 1 1 1 1 1 1 1 1 1 1 1 1 1 1 1 1 1 1 1 1 1 1 1 1 1 1 0.92411309682582 0.738096825820219 0.666911176313684 0.666911176313684 0.666911176313684 0.666911176313684
0.0190717524673246 0 0 0 0 0 0.264037076553748 0.451953854361163 0.0561816484395839 0.0561816484395839 0.0561816484395839 0.131868498266204 0.0752200586823153 0.470958922379301 0.508835689517205 0.508835689517205 0.943284875966925 0.895538810349427 0.804947986129635 0.943218191517738 0.981161643104828 0.981161643104828 0.981161643104828 1 1 1 1 1 1 1 1 1 1 1 1 1 1 1 1 1 1 1 1 1 1 1 1 1 1 1 1 1 1 1 1 1 1 1 1 1 1 1 1 1 0.980894905308082 0.804714590557482 0.666911176313684 0.666911176313684 0.666911176313684 0.666911176313684
0.0190717524673246 0 0 0 0 0.189117097892771 0.189117097892771 0.470525473459589 0.0561816484395839 0.0561816484395839 0.0751200320085356 0.0751200320085356 0.0942918111496399 0.732261936516404 0.96205654841291 0.96205654841291 0.943284875966925 0.943284875966925 0.804947986129635 0.943218191517738 0.981161643104828 0.981161643104828 0.981161643104828 1 1 1 1 1 1 1 1 1 1 1 1 1 1 1 1 1 1 1 1 1 1 1 1 1 1 1 1 1 1 1 1 1 1 1 1 1 1 1 1 1 1 0.899906641771139 0.738063483595626 0.666911176313684 0.666911176313684 0.666911176313684
0.0378434249133102 0 0 0 0.170112029874633 0.43331555081355 0.470525473459589 0.470525473459589 0.0561816484395839 0.0561816484395839 0.0751200320085356 0.0751200320085356 0.433782341957855 0.96205654841291 0.96205654841291 0.962389970658842 0.957388636969859 0.962389970658842 0.962389970658842 0.962389970658842 0.981161643104828 1 1 1 1 1 1 1 1 1 1 1 1 1 1 1 1 1 1 1 1 1 1 1 1 1 1 1 1 1 1 1 1 1 1 1 1 1 1 1 1 1 1 1 1 1 0.756901840490798 0.666911176313684 0.666911176313684 0.666911176313684
0.0184382502000534 0.0190717524673246 0 0.0941917844758602 0.0561816484395839 0.0561816484395839 0.470525473459589 0.470525473459589 0.0561816484395839 0.0751200320085356 0.29001066951187 0.232061883168845 0.648773006134969 0.933615630834889 0.957388636969859 0.981161643104828 0.981161643104828 0.981161643104828 0.981161643104828 0.981161643104828 0.97632702053881 1 1 1 1 0.952253934382502 1 1 1 1 1 1 1 1 1 1 1 1 1 1 1 1 1 1 1 1 1 1 1 1 1 1 1 1 1 1 1 1 1 1 1 1 1 1 1 1 0.899906641771139 0.690684182448653 0.666911176313684 0.666911176313684
0.20812216591091 0.151240330754868 0.264037076553748 0.39557215257402 0.0561816484395839 0.568851693785009 0.587790077353961 0.0751200320085356 0.0751200320085356 0.270838890370766 0.710356094958656 0.629767938116831 0.724226460389437 0.724226460389437 0.981161643104828 0.910076020272073 0.981161643104828 1 1 0.9527540677514 1 1 1 1 1 0.952253934382502 1 1 1 1 1 1 1 1 1 1 1 1 1 1 1 1 1 1 1 1 1 1 1 1 1 1 1 1 1 1 1 1 1 1 1 1 1 1 1 1 1 0.709522539343825 0.690684182448653 0.666911176313684
0.264037076553748 0.20812216591091 0.264037076553748 0.43331555081355 0.550280074686583 0.587790077353961 0.646439050413444 0.479994665244065 0.503834355828221 0.747999466524407 0.81978527607362 0.819651907175247 0.81978527607362 0.862196585756202 0.952420645505468 0.856795145372099 1 1 1 1 1 1 1 1 1 1 1 1 1 1 1 1 1 1 1 1 1 1 0.976226993865031 1 1 1 1 1 1 1 1 1 1 1 1 1 1 1 1 1 1 1 1 1 1 1 1 1 1 1 1 0.980894905308082 0.685749533208856 0.666911176313684
