data-raw/DATASET_PNE/a_DATA/PFGS/ENVSUIT_A1B/HS_f0_C4_shrubs.asc
NCOLS 619 
NROWS 782 
XLLCORNER 876826 
YLLCORNER 1947424 
CELLSIZE 100 
NODATA_value -9999 
[rows 390 to 419 of 782, columns 132 to 197 of 619]
0.203939236872533 0.255173238706591 0.102149037119732 0.204337945058012 0.152984330768311 0.171484390574539 0.330050635939556 0.746381723216778 1 1 1 1 1 1 0.647781188947809 0.821857182727961 0.676966628124875 0.153422909772338 0.230134364658506 0.297795143734301 0.0375184402535784 0.0818547904788485 0.165105059606874 0.0951317730553008 0.255173238706591 0.229416689924644 0.152944459949763 0 0.0767114548861688 0.0511542601969618 0 0.0764323591563335 0.255173238706591 0.127905585901679 0 0 0 0 0 -9999 -9999 0 0 0 0 0 0 0 0 0 0 0 0 0 0 0.255173238706591 0.255173238706591 0.255173238706591 0.255173238706591 0.255173238706591 0.255173238706591 0.255173238706591 0.204218332602368 0.751206092261074 0.494916470635142 0.657788764403333
0.229576173198836 0.255173238706591 0.20417846178382 0.229576173198836 0.101830070571349 0.267094613452414 0.404489454168494 0.872732347195088 1 1 1 1 1 0.647781188947809 0.784538096567122 0.626211076113393 0.69590526693513 0.511662214425262 0.500936964235876 0.78457796738567 0.602448068258841 0.385710298632431 0.260675411666202 0.329651927754077 0.255173238706591 0.255173238706591 0.153143814042502 0.0509947769227702 0.0257565487819465 0.102109166301184 0 0 0.178701008731709 0.0764323591563335 0 0 0 0 0 0 0 0 0 0 0 0 0 0 0 0 0 0 0 0 0.0511542601969618 0.229576173198836 0.255173238706591 0.255173238706591 0.255173238706591 0.255173238706591 0.255173238706591 0.24205573940433 0.190502771021889 0.366173597543958 0.440771899047087 0.330409473306487
0.190462900203341 0.267054742633866 0.178541525457518 0.178621267094613 0.229576173198836 0.385710298632431 0.782464814002631 0.981818906742155 1 1 1 1 1 0.935090307404011 0.860810972449264 0.758103743869862 0.593517004904111 0.432239543877836 0.235636537618117 0.841712850364818 0.943941629121646 0.22283800486424 0.101830070571349 0.255173238706591 0.178701008731709 0.255173238706591 0.255173238706591 0.255173238706591 0.152864718312667 0.101750328934253 0.229775527291575 0 0.22949643156174 0 0 0 0 0 0 0 0 0 0 0 0 0 0 0 0 0 0 0 0 0 0 0.102109166301184 0.255173238706591 0.255173238706591 0.255173238706591 0.362864319604482 0.427096208285156 0.519676248953391 0.419999202583629 0.486623340377178 0.920298233722738 0.707946254136597
0.267094613452414 0.292691678960169 0.152784976675571 0.267094613452414 0.267094613452414 0.558071847215023 0.926837047964595 1 1 1 1 1 0.759379610063395 1 1 0.512340018340577 0.31151070531478 0.625812367927914 0.295004186435948 0.88126470236434 0.943941629121646 0.267094613452414 0.178182688090587 0.255173238706591 0.178182688090587 0.255173238706591 0.127427136079104 0.255173238706591 0.255173238706591 0.255173238706591 0.255173238706591 0.204537299150752 0.127865715083131 0.0764323591563335 0 0 0 0 0 0 0 0 0 0 0 0 0 0 0 0 0.0507954228300307 0 0 0 0 0 0.255173238706591 0.255173238706591 0.273154977871696 0.362864319604482 0.507396036840636 0.650412662971971 0.821857182727961 0.805589888760416 0.481400263147402 0.940114030541047
0.360113233124676 0.267094613452414 0.152784976675571 0.348391212471592 0.385710298632431 0.602448068258841 1 1 1 1 1 1 1 1 0.679518360511941 0.614489055460309 0.483672899804633 0.614568797097404 0.125991786611379 0.78457796738567 0.925002990311391 0.267094613452414 0.127467006897652 0.229576173198836 0.203779753598341 0.255173238706591 0.255173238706591 0.17850165463897 0.178740879550257 0.255173238706591 0.229935010565767 0.0510346477413181 0 0.0253977114150154 0 0 0 0 0 0 0 0 0 0 0 0 0 0 0 0 0.178940233642997 0.0506359395558391 0 0 0 0.255173238706591 0.255173238706591 0.255173238706591 0.292013875044855 0.59866034049679 0.690243610701328 0.765798811849607 0.734141381922571 1 0.940114030541047 0.536142897013676
0.404489454168494 0.267094613452414 0.178541525457518 0.404489454168494 0.710856823890594 0.660420238427495 1 1 1 1 1 1 0.974602288584985 1 0.659782305330729 0.665483832383079 0.619472907778797 0.578724931222838 0.253737889238866 0.764762170567362 0.78457796738567 0.348391212471592 0.127068298712173 0.229576173198836 0.12710816953072 0.127267652804912 0.255173238706591 0.255173238706591 0.255173238706591 0.0257565487819465 0 0.204098720146725 0.127187911167816 0 0 0 0 0 0 0 0 0 0 0 0 0 0 0 0 0 0 0 0.255173238706591 0.229775527291575 0.255173238706591 0.255173238706591 0.255173238706591 0.255173238706591 0.255173238706591 0.310992384673657 0.348391212471592 0.385710298632431 0.862007097005702 0.699772736334277 0.534946772457239 0.980144332363143
0.441768669510785 0.267094613452414 0.178541525457518 0.584506199912284 0.926837047964595 0.981818906742155 1 1 1 1 1 1 1 1 0.961963239105299 0.629799449782704 0.746780431402257 0.732466807543559 0.595071966827479 0.803157768828994 0.962720784657709 0.4272158207408 0.101830070571349 0.229576173198836 0.152784976675571 0.229536302380288 0.255173238706591 0.255173238706591 0.178382042183326 0.0509549061042223 0.255173238706591 0.255173238706591 0.255173238706591 0.204337945058012 0 0 0 0 0 0 0 0 0 0 0 0 0 0 0 0 0 0 0.0253977114150154 0.0760336509708544 0.0506359395558391 0.0762728758821419 0.255173238706591 0.255173238706591 0.255173238706591 0.255173238706591 0.255173238706591 0.348391212471592 0.604282125912045 0.681192934890953 0.57222598779953 0.869343327618516
0.441768669510785 0.248235716279255 0.248235716279255 0.764243849926239 1 1 1 1 1 1 1 1 1 1 1 0.286551572903792 0.764762170567362 0.783341972010685 0.595351062557314 0.821857182727961 0.962720784657709 0.241696902037399 0.229576173198836 0.229576173198836 0.178182688090587 0.255173238706591 0.255173238706591 0.255173238706591 0.127905585901679 0.17850165463897 0.255173238706591 0.255173238706591 0.255173238706591 0.255173238706591 0.255173238706591 0.178940233642997 0 0 0 0 0 0 0 0 0 0 0 0 0 0 0 0 0 0.0256369363263028 0.255173238706591 0.229416689924644 0.178541525457518 0.255173238706591 0.255173238706591 0.255173238706591 0.27403213587975 0.385710298632431 0.712770623180894 0.940114030541047 0.940114030541047 0.948965352258682
0.639727283601132 0 0.40552609545074 0.348789920657071 0.640564570790638 1 1 1 0.974402934492245 1 1 0.379570192576054 1 1 0.886527650412663 0.261153861488776 0.62074877397233 0.821857182727961 0.802041385909653 0.821857182727961 1 0.727562696862167 0.229576173198836 0.178581396276066 0.178182688090587 0.0764722299748814 0.127865715083131 0.229775527291575 0.255173238706591 0.255173238706591 0.255173238706591 0.255173238706591 0.255173238706591 0.229775527291575 0.255173238706591 0.255173238706591 0.255173238706591 0.229775527291575 0.127865715083131 0.0514732267453451 0.0771101630716479 0 0 0 0 0 0 0 0 0 0.0760336509708544 0.152665364219927 0.255173238706591 0.255173238706591 0.178342171364778 0.203859495235437 0.204138590965273 0.255173238706591 0.255173238706591 0.255173238706591 0.292691678960169 0.348391212471592 0.841712850364818 0.980144332363143 0.980144332363143 1
0.0257565487819465 0.177026434352697 0.6983772576851 0.788285953510626 0.774929229297078 1 1 1 1 1 1 0.817072684502213 1 1 1 0.981818906742155 0.821857182727961 0.747537976954667 0.84167297954627 0.550456520872374 0.804433635022527 0.727562696862167 0.222798134045692 0.229576173198836 0.102149037119732 0.0764722299748814 0.203779753598341 0.255173238706591 0.255173238706591 0.255173238706591 0.255173238706591 0.255173238706591 0.203859495235437 0.178541525457518 0.255173238706591 0.229775527291575 0.255173238706591 0.255173238706591 0.255173238706591 0.229935010565767 0.0771101630716479 0 0 0 0 0 0.0253977114150154 0.152784976675571 0.178382042183326 0.0509549061042223 0.127387265260556 0.0760336509708544 0.255173238706591 0.255173238706591 0.255173238706591 0 0.101710458115705 0.255173238706591 0.255173238706591 0.255173238706591 0.348391212471592 0.385710298632431 0.76193134245046 1 1 0.948606514891751
0.0632749890355249 0.88126470236434 1 0.980144332363143 1 1 1 0.897691479606076 1 1 1 0.751405446353814 1 1 1 0.757585423228739 0.821857182727961 0.843347553925282 0.660380367608947 0.605956700291057 0.764762170567362 0.610382361149874 0.241457677126111 0.102149037119732 0.102149037119732 0.178182688090587 0.178182688090587 0.152784976675571 0.255173238706591 0.255173238706591 0.255173238706591 0.203859495235437 0.255173238706591 0.178262429727682 0.255173238706591 0.178780750368805 0.255173238706591 0.255173238706591 0.229416689924644 0.255173238706591 0.102468003668115 0 0 0 0 0 0 0 0 0 0 0.0767513257047167 0.178262429727682 0.255173238706591 0.204138590965273 0 0.0257166779633986 0.204018978509629 0.255173238706591 0.255173238706591 0.310673418125274 0.404489454168494 0.731350424624218 0.980144332363143 0.940114030541047 0.770184601889877
0.944739045492604 1 0.960408277181931 1 1 1 1 1 1 1 1 0.22208045931183 1 1 1 1 0.821857182727961 0.82492723575615 0.660380367608947 0.802041385909653 0.424305250986803 0.509309836130936 0.248235716279255 0.248235716279255 0.0186595430804194 0.139707348191858 0.051074518559866 0.0764323591563335 0.229576173198836 0.255173238706591 0.255173238706591 0.255173238706591 0.178182688090587 0.178102946453491 0.255173238706591 0.203939236872533 0.152864718312667 0.178461783820422 0.127467006897652 0.255173238706591 0.255173238706591 0.255173238706591 0 0 0.127347394442008 0 0 0 0.229536302380288 0.152864718312667 0.0511143893784139 0.255173238706591 0.127347394442008 0.20437781587656 0.178621267094613 0.127785973446035 0.204018978509629 0.255173238706591 0.255173238706591 0.255173238706591 0.292013875044855 0.603923288545114 0.921494358279176 1 1 0.948606514891751
0.940114030541047 1 1 1 1 1 1 1 1 1 0.974761771859176 0.689087356963438 1 1 1 0.79713727522826 0.764762170567362 0.802041385909653 0.660380367608947 0.764762170567362 0.114070411865556 0.471671783421714 0.292691678960169 0.304812407798732 0.322794146963837 0.304812407798732 0.267094613452414 0.178421913001874 0.267094613452414 0.267094613452414 0.255173238706591 0.27403213587975 0.255173238706591 0.27403213587975 0.189904708743671 0.266616163629839 0.204138590965273 0.255173238706591 0.255173238706591 0.255173238706591 0.255173238706591 0.255173238706591 0.255173238706591 0 0.0760336509708544 0 0 0.255173238706591 0.255173238706591 0.0511143893784139 0.255173238706591 0.255173238706591 0.255173238706591 0.255173238706591 0.255173238706591 0.255173238706591 0.203939236872533 0.255173238706591 0.255173238706591 0.255173238706591 0.255173238706591 0.348391212471592 0.862007097005702 1 1 1
1 1 1 1 1 1 1 1 1 1 0.700370798612496 0.87289183046928 1 1 1 0.311789801044615 0.394242653801683 0.444320401897851 0.440133965950321 0.385550815358239 0.271320920218492 0.286272477173956 0.636657230572944 0.404489454168494 0.404489454168494 0.385710298632431 0.366771659822176 0.286073123081217 0.348391212471592 0.267094613452414 0.267094613452414 0.292691678960169 0.292691678960169 0.271759499222519 0.360352458035963 0.397791156652446 0.367329851281847 0.292013875044855 0.273154977871696 0.178461783820422 0.255173238706591 0.204018978509629 0.255173238706591 0 0.101630716478609 0 0.0253977114150154 0.102268649575376 0.203899366053985 0.102109166301184 0.255173238706591 0.255173238706591 0.255173238706591 0.255173238706591 0.255173238706591 0.255173238706591 0.255173238706591 0.255173238706591 0.292691678960169 0.367329851281847 0.385710298632431 0.267094613452414 0.862007097005702 0.921494358279176 1 1
1 1 0.974402934492245 1 1 1 1 1 1 1 0.342171364778119 0.898289541884295 1 1 1 0.902157011283442 0.764762170567362 0.513496272078466 0.301263904947969 0.304812407798732 0.315776882899406 0.239703361110004 0.764762170567362 0.764762170567362 0.674773733104741 0.565328336190742 0.404489454168494 0.404489454168494 0.404489454168494 0.267014871815318 0.47326661616363 0.27383278178701 0.403213587974961 0.439974482676129 0.621745544436027 0.674494637374905 0.367329851281847 0.292013875044855 0.255173238706591 0.255173238706591 0.178461783820422 0.0760336509708544 0.255173238706591 0.0760336509708544 0 0.255173238706591 0.0506359395558391 0 0.0257166779633986 0.102109166301184 0.0253578405964674 0.102149037119732 0.255173238706591 0.272995494597504 0.272995494597504 0.327179937004107 0.292691678960169 0.292691678960169 0.440692157409992 0.600813364698377 0.622981539811012 0.769108089789083 0.862007097005702 1 1 1
1 1 1 1 1 1 1 1 1 1 0.403652166978988 0.87289183046928 1 0.974402934492245 1 1 0.802041385909653 0.611817710617599 0.127746102627487 0.255173238706591 0.293010645508552 0.568358518400383 0.802041385909653 0.861409034727483 0.713887006100235 0.575854232287389 0.674175670826522 0.638969738048722 0.548502850763526 0.404489454168494 0.493361508711774 0.330409473306487 0.404489454168494 0.404489454168494 0.56935528886408 0.458434671663809 0.404489454168494 0.404409712531398 0.27403213587975 0.255173238706591 0.178461783820422 0.229536302380288 0.101670587297157 0.255173238706591 0 0.255173238706591 0.255173238706591 0.127467006897652 0.0257166779633986 0.0767114548861688 0 0.051074518559866 0.255173238706591 0.272995494597504 0.255173238706591 0.362864319604482 0.348391212471592 0.456760097284797 0.730114429249233 0.841712850364818 0.841712850364818 1 1 1 1 1
1 1 1 1 1 1 1 0.897731350424624 1 0.605278896375743 0.974602288584985 1 1 1 1 1 0.750926996531239 0.367569076193134 0.179139587735736 0.458394800845261 0.529683824408915 0.739125234241059 0.576651648658347 0.725090706112197 0.674095929189426 0.534946772457239 0.84167297954627 0.980144332363143 0.805071568119293 0.674773733104741 0.404489454168494 0.566285235835892 0.674893345560384 0.705394521749532 0.549180654678841 0.565328336190742 0.495275308002073 0.341972010685379 0.27403213587975 0.255173238706591 0.229775527291575 0.178541525457518 0.101391491567322 0.255173238706591 0.10218890793828 0.178382042183326 0.255173238706591 0.255173238706591 0.255173238706591 0.229775527291575 0 0.102149037119732 0.255173238706591 0.363263027789961 0.672062517443483 0.355009768350544 0.171604003030182 0.862007097005702 1 1 0.940114030541047 1 1 1 1 1
1 1 1 1 1 1 0.923487899206571 0.338064670467685 0.681990351261911 1 1 1 1 1 1 0.505601850005981 0.302539771141502 0.255173238706591 0.33435668434273 0.757705035684383 -9999 0.70009170288266 0.585941549380009 0.304573182887445 0.57222598779953 0.623300506359396 0.674095929189426 0.534946772457239 0.498026394481879 0.805071568119293 0.588134444400144 0.721143495075954 0.921932937283202 0.940114030541047 0.163510226864958 0.821857182727961 0.637614130218093 0.323033371875125 0.255173238706591 0.255173238706591 0.255173238706591 0.152864718312667 0.255173238706591 0.204098720146725 0.152984330768311 0 0.0760336509708544 0.0760336509708544 0.229775527291575 0.255173238706591 0.178541525457518 0.0766715840676209 0.255173238706591 0.27403213587975 0.348391212471592 0.359993620669032 0.694908496471432 1 1 1 0.974243451218053 0.974363063673697 1 1 1 1
1 1 1 0.974602288584985 0.948885610621586 0.948885610621586 0.546868147203062 1 1 0.974602288584985 1 1 1 1 0.550815358239305 0.102348391212472 0.229775527291575 0.255173238706591 0.556716239384395 0.802041385909653 0.700011961245564 0.700370798612496 0.821857182727961 0.597823053307284 0.57222598779953 0.57222598779953 0.57222598779953 0.386707069096129 0.430086519676249 0.480961684143375 0.680236035245804 0.826003747856943 0.88126470236434 0.940114030541047 0.532355169251625 0.841712850364818 0.63996650851242 0.245723854710737 0.255173238706591 0.255173238706591 0.255173238706591 0.204138590965273 0.203899366053985 0.255173238706591 0.255173238706591 0 0 0.127387265260556 0.153103943223954 0.102109166301184 0.0510346477413181 0.127387265260556 0.255173238706591 0.255173238706591 0.27383278178701 0.220525497388461 0.901638690642319 1 0.855587895219489 1 1 1 1 1 1 1
1 1 1 1 1 0.598261632311311 0.974283322036601 1 1 1 1 1 1 1 0.204537299150752 0.255173238706591 0.204537299150752 0.179139587735736 0.406801961644273 0.57222598779953 0.895538455404489 -9999 0.679518360511941 0.981818906742155 0.758861289422272 0.728360113233125 0.235756150073761 0.261153861488776 0.467246122562896 0.602168972529006 0.719189824967107 0.640564570790638 1 0.771061759897931 0.861409034727483 0.711534627805909 0.783461584466329 0.385710298632431 0.208843347553925 0.255173238706591 0.255173238706591 0.255173238706591 0.178740879550257 0.255173238706591 0.255173238706591 0.0767513257047167 0 0.22949643156174 0.127467006897652 0.255173238706591 0.255173238706591 0.255173238706591 0.255173238706591 0.27403213587975 0.284956740161876 0.283441649057055 0.551214066424784 0.849926238985686 1 1 1 1 1 1 1 1
1 1 0.572265858618077 0.725688768390415 0.347035604640963 0.821617957816674 1 1 1 1 1 1 1 0.367569076193134 0.378772776205095 0.0253578405964674 0.0768310673418125 0.127825844264583 0.523743072445277 1 0.974283322036601 0.889717315896495 0.608986882500698 0.673936445915235 0.761572505083529 0.305211115984211 0.260874765758941 0.557832622303736 0.620828515609425 0.754036920377975 0.286551572903792 0.784538096567122 0.849328176707468 0.863043738287947 0.95985008572226 0.681192934890953 0.764762170567362 0.385710298632431 0.297635660460109 0.203939236872533 0.255173238706591 0.255173238706591 0.255173238706591 0.204138590965273 0.127467006897652 0.229576173198836 0 0 0.255173238706591 0.255173238706591 0.255173238706591 0.255173238706591 0.255173238706591 0.348391212471592 0.424305250986803 0.674733862286193 0.980144332363143 1 1 1 1 1 1 1 1 1
1 0.546868147203062 0.649535504963917 0.605478250468482 1 1 0.923208803476735 1 1 1 1 0.95985008572226 0.602886647262868 0.367569076193134 0.764762170567362 0.194091144691201 0.0446154459551055 0.229935010565767 0.486623340377178 0.681990351261911 1 0.869901519078187 0.651728399984052 0.590805789242853 0.887125712690882 0.254176468242893 0.286551572903792 0.740161875523304 0.764443204018979 0.441968023603525 0.600932977154021 1 0.802041385909653 0.959969698177904 0.980144332363143 0.560703321239185 0.662493520991986 0.672461225628962 0.271759499222519 0.19524739842909 0.255173238706591 0.152784976675571 0.255173238706591 0.255173238706591 0.229775527291575 0.178541525457518 0.127467006897652 0 0.229416689924644 0.255173238706591 0.255173238706591 0.255173238706591 0.348391212471592 0.404489454168494 0.695745783660939 1 1 1 1 1 1 1 1 1 1 1
1 0.64929628005263 0.554084765360233 0.7821059766357 1 1 1 1 1 1 0.95985008572226 0.940114030541047 0.27403213587975 0.62074877397233 0.576811131932539 0.362784577967386 0.658825405685579 0.502930505163271 0.603165742992704 0.681990351261911 1 0.974761771859176 0.53530560982417 0.645149714923647 0.864080379570193 0.305211115984211 0.402137075874168 0.857820661058172 0.74709939795064 0.586140903472748 0.923368286750927 0.974363063673697 1 0.90048243690443 -9999 0.805071568119293 0.746860173039352 0.637255292851162 0.404489454168494 0.348391212471592 0.255173238706591 0.255173238706591 0.178182688090587 0.255173238706591 0.255173238706591 0.153024201586859 0.051074518559866 0.0764722299748814 0.255173238706591 0.255173238706591 0.189745225469479 0.348391212471592 0.404489454168494 0.921494358279176 1 1 1 1 1 1 1 1 1 1 0.871855189187034 0.923129061839639
0.897771221243172 0.554084765360233 0.649535504963917 1 1 1 1 0.974323192855149 1 1 0.95985008572226 0.660380367608947 0.255173238706591 0.601411426976596 0.802041385909653 0.651808141621147 0.700011961245564 0.491607192695666 0.621147482157809 0.897731350424624 1 1 0.898249671065747 0.694469917467406 0.850444559626809 0.175032893425302 0.254176468242893 0.516247358558271 0.286551572903792 0.340576532036203 1 1 -9999 0.623499860452135 -9999 0.980144332363143 0.861409034727483 0.721183365894502 0.619353295323153 0.492803317252103 0.292691678960169 0.229536302380288 0.255173238706591 0.255173238706591 0.255173238706591 0.255173238706591 0.255173238706591 -9999 0.255173238706591 0.292013875044855 0.367329851281847 0.628364100314979 0.783461584466329 1 1 1 1 1 1 1 1 1 1 1 0.974323192855149 0.699812607152825
0.674773733104741 0.674534508193453 0.648777959411507 1 1 1 1 0.974323192855149 1 0.981818906742155 0.660380367608947 0.255173238706591 0.255173238706591 0.558390813763407 0.821857182727961 0.776803157768829 0.688449423866672 0.662254296080699 0.461225628962163 0.923727124117858 1 1 0.725808380846059 0.833060882739923 0.491926159244049 0.235796020892309 0.541924165703122 0.739842908974921 0.260954507396037 0.699932219608469 1 1 -9999 0.656592639846896 0.796459471312946 0.84167297954627 0.802041385909653 0.746860173039352 0.841712850364818 0.803277381284638 0.348391212471592 0.310673418125274 0.255173238706591 0.255173238706591 0.255173238706591 0.255173238706591 -9999 0.273154977871696 0.329731669391173 0.334835134165304 0.404489454168494 0.586459870021132 1 1 1 1 1 1 1 1 1 1 1 0.897452254694789 0.65424026155257 0.0252382281408237
0.674534508193453 0.546868147203062 0.598221761492763 0.923129061839639 1 1 1 0.974323192855149 1 1 0.385550815358239 0.229935010565767 0.248793907738926 0.456401259917866 0.674255412463618 1 0.879988836170807 0.846975798413141 0.788804274151748 0.915433993859894 1 0.897571867150433 0.821538216179578 0.923527770025119 0.648937442685698 0.670826522068498 0.807463817232168 0.846935927594594 0.645069973286552 1 1 0.923487899206571 1 1 0.883975918025597 0.776803157768829 0.90048243690443 0.9010406283641 1 0.841712850364818 0.694111080100474 0.385710298632431 0.348391212471592 0.348391212471592 0.27383278178701 -9999 0.255173238706591 0.367329851281847 0.385710298632431 0.327419161915394 0.921494358279176 1 1 1 1 1 1 1 1 1 1 1 0.700171444519756 0.0257565487819465 0 0
0.597982536581476 0.546868147203062 0.699892348789921 0.923487899206571 1 1 1 1 1 1 0.882301343646585 0.367569076193134 0.293010645508552 0.0566165623380248 0.555839081376341 1 0.821617957816674 0.622861927355369 0.923607511662214 0.739842908974921 1 0.948925481440134 0.795901279853275 0.872333639009609 1 1 1 0.795901279853275 0.949403931262709 1 0.674534508193453 0.923607511662214 0.974602288584985 1 1 0.897452254694789 0.974323192855149 0.948925481440134 1 0.980144332363143 0.841712850364818 0.694111080100474 0.639328575415653 0.366771659822176 -9999 -9999 0.241338064670468 0.397472190104063 0.941230413460388 0.941230413460388 1 1 1 1 1 1 1 1 1 1 0.974602288584985 0.726047605757346 0 0 0.0252382281408237 0.0253977114150154
0.597982536581476 0.597982536581476 0.546868147203062 0.846537219409114 1 1 1 1 1 0.923527770025119 0.974323192855149 0.640564570790638 0.404489454168494 0.311789801044615 0.404489454168494 0.737291176587855 0.974283322036601 0.846975798413141 0.571787408795503 0.974761771859176 0.623300506359396 0.923168932658187 1 0.846935927594594 1 1 0.948845739803038 1 0.546868147203062 1 0.898090187791555 1 1 1 1 1 1 0.872134284916869 1 1 0.980144332363143 0.980144332363143 0.841712850364818 0.841712850364818 -9999 -9999 0.921494358279176 0.941230413460388 1 1 1 1 1 1 1 1 1 1 1 0.846776444320402 0.475220286272477 0.0252382281408237 0.0252382281408237 0.0252382281408237 0.0252382281408237 0.296040827718193
0.0257166779633986 0.572624695985009 0.546868147203062 0.674534508193453 1 1 1 1 1 1 0.897930704517364 0.981818906742155 0.640564570790638 0.441768669510785 0.254216339061441 0.626370559387584 1 0.87289183046928 0.158964953550496 0.107970176627726 0.184083569235676 0.424863442446473 0.923487899206571 1 0.87269247637654 1 1 0.637972967585025 0.795901279853275 1 0.949244447988517 1 1 1 1 1 1 1 1 1 1 1 1 0.95985008572226 -9999 0.862007097005702 1 1 1 1 1 1 1 1 1 1 1 1 0.649176667596986 0 0 0 0 0.0506359395558391 0.265021330887923 0.699812607152825
0.181651449304254 0.554084765360233 0.623619472907779 0.546868147203062 0.974283322036601 1 1 1 1 1 1 0.923567640843667 1 0.82245524500618 0.436306367369722 0.624137793548902 0.872612734739444 0.898369283521391 0.107970176627726 0.101630716478609 0.0889517961803756 0.203221562138671 1 1 0.821099637175551 1 1 0.974243451218053 1 0.846656831864758 0.795861409034727 1 1 1 1 1 1 1 1 1 1 1 1 0.979705753359116 1 1 1 1 1 1 1 1 1 1 1 1 1 0.598142019855668 0 0 0 0 0 0.329492444479885 0.725569155934771 0.948845739803038
