data-raw/DATASET_PNE/a_DATA/PFGS/ENVSUIT_A1B/HS_f75_C2_VaccUli.asc
NCOLS 619 
NROWS 782 
XLLCORNER 876826 
YLLCORNER 1947424 
CELLSIZE 100 
NODATA_value -9999 
[rows 240 to 263 of 782, columns 270 to 323 of 619]
0 0.029133141040802 0.106846816837788 0.204493701457977 0.215272508561611 0.293274626135826 0.537300735712051 0.73185059428215 0.914118707180023 0.935615599155426 0.957036584615707 0.94622740149498 0.957264304161072 0.946531027555466 0.967967212200165 0.892652213573456 0.9677394926548 1 1 1 1 1 1 0.989175647497177 0.989175647497177 0.989175647497177 0.989175647497177 1 0.956975847482681 0.978563845157623 0.978639751672745 0.903036296367645 0.903188079595566 0.93543341755867 0.946424782276154 0.925869137048721 0.841627448797226 0.841384530067444 0.893699705600739 0.810642182826996 0.872263550758362 0.946257770061493 0.924624264240265 0.872066169977188 0.935615599155426 0.946424782276154 0.872263550758362 0.946424782276154 0.91393655538559 0.892637014389038 0.903355091810226 0.967952013015747 0.956975847482681 0.956975847482681
0.0215879771858454 0.0107788071036339 0.127356916666031 0.204493701457977 0.204493701457977 0.225049339234829 0.419993922114372 0.712296932935715 0.855108559131622 0.946470320224762 0.946212261915207 0.978548645973206 0.957036584615707 0.935570061206818 0.892758458852768 0.956975877285004 0.967754691839218 1 0.967587679624557 1 0.989190816879272 1 1 1 0.989175647497177 0.989175647497177 0.978563845157623 0.935539692640305 0.978563845157623 0.956930339336395 0.967754691839218 0.88194927573204 0.892743289470673 0.946212232112885 0.924791246652603 0.947290122509003 0.915135890245438 0.597145885229111 0.894549876451492 0.915318042039871 0.862243831157684 0.947290122509003 0.957036584615707 0.946652472019196 0.947290122509003 0.946424782276154 0.915014415979385 0.894625782966614 0.946424782276154 0.92460909485817 0.881812661886215 0.957264304161072 0.957082122564316 0.967754662036896
0 0 0.00982237700372934 0.34419309347868 0.204493701457977 0.225884310901165 0.312539845705032 0.651753440499306 0.815515398979187 0.904372245073318 0.946652472019196 0.94622740149498 0.946424782276154 0.914027631282806 0.9035524725914 0.924502819776535 0.935539692640305 0.978563845157623 0.978563845157623 0.978609383106232 0.967754662036896 0.946364045143127 0.967587679624557 0.989388197660446 0.93543341755867 0.956930309534073 0.978563845157623 0.924927860498428 0.9355548620224 0.946318507194519 0.956930309534073 0.967739462852478 0.957036584615707 0.967845767736435 0.935615599155426 0.915166229009628 0.896068006753922 0.816350370645523 0.816350370645523 0.74470928311348 0.784940034151077 0.92673447728157 0.959025353193283 0.989388197660446 0.905404597520828 0.779702454805374 0.969864904880524 0.680142730474472 0.946424782276154 0.872172474861145 0.882875353097916 0.903279185295105 0.957233965396881 0.946424782276154
0.150781843811274 0 0 0.333353562280536 0.204493701457977 0.204493701457977 0.32207378000021 0.39143767952919 0.702383488416672 0.855989068746567 0.915211766958237 0.9358129799366 0.935600429773331 0.957036584615707 0.903233647346497 0.946424782276154 0.924715340137482 0.946364045143127 0.956930339336395 0.978594213724136 0.978563845157623 0.978563845157623 0.978563845157623 0.989388197660446 0.946303337812424 0.989388197660446 0.924806416034698 0.957066923379898 0.957066923379898 0.946424782276154 0.957233965396881 0.978548645973206 0.924851983785629 0.915135860443115 0.946561396121979 0.914862602949142 0.855989068746567 0.776195526123047 0.609807193279266 0.69474720954895 0.745377242565155 0.776195526123047 0.795521467924118 0.813708811998367 0.947290122509003 0.896827071905136 0.79629573225975 0.629558205604553 0.742659777402878 0.814589321613312 0.936496138572693 0.946424782276154 0.94622740149498 0.94622740149498
0.387019895017147 0.0895248204469681 0 0.265037186443806 0.0983604043722153 0.290481247007847 0.268832542002201 0.437801718711853 0.478670105338097 0.598208591341972 0.762410789728165 0.904372245073318 0.946470320224762 0.913997262716293 0.91408833861351 0.957036584615707 0.946379244327545 0.967739462852478 0.935524493455887 0.903446167707443 0.978579014539719 0.978563845157623 0.946364045143127 0.935858517885208 0.914164274930954 0.935463786125183 0.946212232112885 0.882875353097916 0.892621845006943 0.924821615219116 0.94622740149498 0.936480939388275 0.957036584615707 0.935721874237061 0.958129644393921 0.824517995119095 0.797677248716354 0.664232581853867 0.591665416955948 0.777759224176407 0.777759224176407 0.766919702291489 0.748367995023727 0.758144825696945 0.710186749696732 0.826233476400375 0.826233476400375 0.69474720954895 0.69474720954895 0.713298946619034 0.763928949832916 0.949127078056335 0.957036584615707 0.957036584615707
0.277713678777218 0.445301353931427 0.344177920371294 0.140534387901425 0.10675573348999 0.00982237700372934 0.258402917534113 0.215272508561611 0.38158492743969 0.429512679576874 0.716213762760162 0.721071809530258 0.904372245073318 0.935767412185669 0.914149075746536 0.94622740149498 0.93543341755867 0.946212232112885 0.957036584615707 0.914164274930954 0.957264304161072 0.957036584615707 0.957036584615707 0.946212232112885 0.881994843482971 0.903188079595566 0.957233965396881 0.903218448162079 0.924821615219116 0.903446167707443 0.676013380289078 0.820373475551605 0.957036584615707 0.917230904102325 0.816487014293671 0.756262332201004 0.640230745077133 0.665948092937469 0.779580980539322 0.693380892276764 0.427797183394432 0.395597398281097 0.42656746506691 0.423015043139458 0.759161978960037 0.723941087722778 0.745301336050034 0.737558811903 0.705404579639435 0.776954621076584 0.776089251041412 0.846151500940323 0.915894955396652 0.968802183866501
0.043100044131279 0.0108395321294665 0.365492641925812 0.354698654264212 0.365598894655704 0.240822836756706 0.226020952686667 0.226020952686667 0.215272508561611 0.47655987739563 0.479338079690933 0.672111749649048 0.703567653894424 0.799271285533905 0.851616829633713 0.924927890300751 0.94622740149498 0.946424782276154 0.957036584615707 0.93543341755867 0.968073487281799 0.957036584615707 0.968073487281799 0.978685289621353 0.957036584615707 0.935600429773331 0.924821615219116 0.946470320224762 0.935767412185669 0.893502354621887 0.837452560663223 0.825352966785431 0.846986502408981 0.806664645671844 0.787657499313354 0.779641717672348 0.587399423122406 0.318733874708414 0.311386056244373 0.146045237779617 0.175163194537163 0.214270532131195 0.299635648727417 0.299407929182053 0.245665706694126 0.267253682017326 0.299271296709776 0.383072718977928 0.662365257740021 0.624350994825363 0.601199328899384 0.680977702140808 0.817246079444885 0.837194472551346
0.0107788071036339 0 0 0.326764836907387 0.280841052532196 0.192758457735181 0.172385005280375 0.116578109562397 0.138166086748242 0.225884310901165 0.266130249947309 0.525899514555931 0.745437979698181 0.683938056230545 0.567997559905052 0.681736767292023 0.903446167707443 0.924821615219116 0.924776047468185 0.92463943362236 0.946212232112885 0.924821615219116 0.924821615219116 0.924609065055847 0.935418248176575 0.946212232112885 0.924609065055847 0.935767412185669 0.936526477336884 0.661606192588806 0.682146668434143 0.756095349788666 0.766919702291489 0.758144825696945 0.688841670751572 0.277895860373974 0.27908000536263 0.279808714985847 0.116578109562397 0.0584484599530697 0.0584484599530697 0.116578109562397 0.204493701457977 0.214270532131195 0.204493701457977 0.204493701457977 0.204493701457977 0.214270532131195 0.214270532131195 0.318946395069361 0.354395017027855 0.453468948602676 0.604023069143295 0.663427948951721
0.182192201726139 0.107529984787107 0 0 0.214483069255948 0.349294066429138 0.229406403377652 0.00982237700372934 0.0970244407653809 0.139076966792345 0.215272508561611 0.234841354191303 0.422210425138474 0.747290104627609 0.734689563512802 0.775907099246979 0.856565952301025 0.924715340137482 0.935767412185669 0.92476087808609 0.882875353097916 0.935858488082886 0.914103537797928 0.914103537797928 0.76945498585701 0.914999216794968 0.935767412185669 0.835296809673309 0.846075594425201 0.69474720954895 0.68481856584549 0.777759224176407 0.790071368217468 0.529740393161774 0.354258380830288 0.333490204066038 0.281038403511047 0.156793683767319 0.106846816837788 0.0291179604828358 0.00982237700372934 0.00982237700372934 0.00982237700372934 0.00982237700372934 0.00982237700372934 0.00982237700372934 0.0777136757969856 0.116578109562397 0.146045237779617 0.214270532131195 0.214270532131195 0.214270532131195 0.224108085036278 0.254334287717938
0.201609234325588 0.227265827357769 0 0 0.132700771093369 0.204599961638451 0.397829048335552 0.129467129707336 0.116578109562397 0 0.0788826495409012 0.204493701457977 0.236723842099309 0.234886892139912 0.515697598457336 0.584196135401726 0.693547874689102 0.659966588020325 0.710186749696732 0.863898575305939 0.679171085357666 0.935767412185669 0.792940646409988 0.957826018333435 0.957826018333435 0.967876106500626 0.826263844966888 0.745437979698181 0.787627160549164 0.688006669282913 0.799817830324173 0.72143617272377 0.311279803514481 0.27967207878828 0.241096096113324 0.138105362653732 0.117625623941422 0.0485805384814739 0.00982237700372934 0.00982237700372934 0.00982237700372934 0.00982237700372934 0.0291179604828358 0.165416732430458 0.106846816837788 0.00982237700372934 0.00982237700372934 0.0777136757969856 0.0971155315637589 0.0194777585566044 0.00982237700372934 0.00982237700372934 0.00982237700372934 0.00982237700372934
0.387217231094837 0.398026406764984 0.118415057659149 0 0 0.155093367211521 0.267162587493658 0.291543945670128 0.314862601459026 0.116578109562397 0.106846816837788 0.138196447864175 0.204493701457977 0.204493701457977 0.252876881510019 0.393608614802361 0.539577960968018 0.694519519805908 0.639911964535713 0.607727348804474 0.59711554646492 0.765932887792587 0.836253225803375 0.775907099246979 0.736480951309204 0.756095349788666 0.766904503107071 0.799362361431122 0.750584483146667 0.699499011039734 0.490982234477997 0.290283881127834 0.305131323635578 0.127326548099518 0.0194777585566044 0.00982237700372934 0.00982237700372934 0.00982237700372934 0.146045237779617 0.204493701457977 0.398497030138969 0.408957041800022 0.425489604473114 0.423850014805794 0.613951712846756 0.450872927904129 0.614088356494904 0.450159400701523 0.25324122607708 0.214270532131195 0.204493701457977 0.0971155315637589 0.0971155315637589 0.0777136757969856
0.376210704445839 0.314756337553263 0.264217399060726 0.0300440266728401 0 0 0.150872932747006 0.368954002857208 0.108076512813568 0.116578109562397 0.00982237700372934 0.127356916666031 0.127356916666031 0.204493701457977 0.146060422062874 0.25311978161335 0.382678002119064 0.441172018647194 0.662486732006073 0.704372227191925 0.796660095453262 0.82687109708786 0.766904503107071 0.736480951309204 0.788568377494812 0.809078514575958 0.820525288581848 0.810778796672821 0.639805674552917 0.36467282474041 0.106846816837788 0.0972977057099342 0.0194777585566044 0 0.00982237700372934 0.116578109562397 0.24763928540051 0.611522674560547 0.731061190366745 0.76008802652359 0.713116735219955 0.756262332201004 0.712388038635254 0.776954621076584 0.726901471614838 0.766904503107071 0.746288120746613 0.673887968063354 0.549506589770317 0.612054049968719 0.591832414269447 0.425686955451965 0.37189919501543 0.243373304605484
0.367526941001415 0.225853953510523 0.193654166534543 0.183057541958988 0.0968270841985941 0 0.0108395321294665 0.398026406764984 0.130712004378438 0.25441019423306 0.0582359209656715 0.127356916666031 0.128374068066478 0.0875664204359055 0.13614696264267 0.204493701457977 0.204493701457977 0.298284493386745 0.487353891134262 0.565644443035126 0.747290104627609 0.698132693767548 0.770381063222885 0.701563686132431 0.740701377391815 0.612873837351799 0.404311519116163 0.474692568182945 0.22032792121172 0.162031278014183 0.0206011841073632 0 0 0.00982237700372934 0.194899037480354 0.299499005079269 0.709533929824829 0.72377410531044 0.777728855609894 0.847851812839508 0.917276442050934 0.947290122509003 0.917519360780716 0.866616070270538 0.868240475654602 0.866616070270538 0.868240475654602 0.848459094762802 0.796902984380722 0.705495655536652 0.69474720954895 0.68404433131218 0.481083944439888 0.581068754196167
0.322665862739086 0.0603613182902336 0.348185829818249 0.222969479858875 0.139608319848776 0.0107788071036339 0.0817671194672585 0.0108395321294665 0.397829048335552 0.343995753675699 0.107803247869015 0.0970244407653809 0.106846816837788 0.19770760089159 0.215272508561611 0.106846816837788 0.215287685394287 0.243236679583788 0.215272508561611 0.731941699981689 0.740716576576233 0.74187034368515 0.533748298883438 0.418293595314026 0.436572022736073 0.212251402437687 0.225018974393606 0.197221800684929 0.0302565656602383 0 0 0 0.116578109562397 0.386503718793392 0.678730845451355 0.737179279327393 0.702504932880402 0.80667981505394 0.926521927118301 0.917549699544907 0.979413986206055 0.989190816879272 0.978487908840179 0.968711078166962 0.83792319893837 0.960619390010834 0.989190816879272 0.96966752409935 0.910050094127655 0.939927130937576 0.918612390756607 0.888902366161346 0.726005762815475 0.58873538672924
0.146940946578979 0.268893273547292 0.344162747263908 0.282845001667738 0.182951271533966 0.0754364654421806 0.252709875814617 0.139486874453723 0 0.246257785707712 0.397829048335552 0.255169276148081 0.255275543779135 0.245741605758667 0.158448465168476 0.386033080518246 0.535812973976135 0.54206770658493 0.640807658433914 0.720601171255112 0.701001971960068 0.363989681005478 0.396872617304325 0.142158795148134 0.348960071802139 0.205996662378311 0.0323364213109016 0 0 0.0970244407653809 0.106846816837788 0.248656438663602 0.386306345462799 0.615925312042236 0.756095349788666 0.786731451749802 0.919174134731293 0.947305291891098 0.935539692640305 0.93658721446991 0.914984047412872 0.893532693386078 0.903279185295105 0.903188079595566 0.872172445058823 0.924730509519577 0.935418248176575 0.924927890300751 0.924715340137482 0.935539692640305 0.924927890300751 0.950751483440399 0.859693318605423 0.777637779712677
0.00982237700372934 0.322559578344226 0.356611505150795 0.463898584246635 0.301290422677994 0.397829048335552 0.29058750718832 0.290541986934841 0.387217231094837 0.0323516018688679 0 0.223683012649417 0.397829048335552 0.387217231094837 0.26251707971096 0.41729162633419 0.46477909386158 0.502793371677399 0.39307726919651 0.443661749362946 0.354683455079794 0.354941539466381 0.226172760128975 0 0 0 0 0.0215879771858454 0 0.0972977057099342 0.350827381014824 0.375481992959976 0.5483528226614 0.756095349788666 0.866099894046783 0.928176701068878 0.924943059682846 0.924927890300751 0.913951694965363 0.92476087808609 0.903279185295105 0.882875353097916 0.924851983785629 0.92463943362236 0.92476087808609 0.957036584615707 0.957036584615707 0.935418248176575 0.93543341755867 0.92463943362236 0.914892971515656 0.893532693386078 0.93658721446991 0.949870944023132
0.24729011207819 0.682404726743698 0.673174440860748 0.670487314462662 0.691741287708282 0.690967053174973 0.691786825656891 0.466388344764709 0.397829048335552 0.397829048335552 0.396872617304325 0 0 0.183254895731807 0.151237281039357 0.306770905852318 0.336222857236862 0.387004695832729 0.278533481061459 0.302429022267461 0.0322301499545574 0.010611810721457 0 0 0 0 0.0323364213109016 0.039866404607892 0.117625623941422 0.215272508561611 0.397009253501892 0.422969475388527 0.766889333724976 0.895764380693436 0.968711078166962 0.924715340137482 0.914027631282806 0.914164245128632 0.946470320224762 0.946242600679398 0.946242600679398 0.978685289621353 0.957036584615707 0.957036584615707 0.957036584615707 0.935463786125183 0.914057999849319 0.957036584615707 0.946257770061493 0.946257770061493 0.946257770061493 0.8935327231884 0.904235601425171 0.904190063476562
0.790359795093536 0.820677071809769 0.820677071809769 0.759860336780548 0.517792627215385 0.486412614583969 0.731030821800232 0.680157870054245 0.701578855514526 0.602656751871109 0.397829048335552 0.279747994616628 0.232852588407695 0.0323516018688679 0 0 0.0216335207223892 0 0.0192652195692062 0 0.0312129948288202 0.235904052853584 0.223956283181906 0.245407626032829 0.245741605758667 0.170305144041777 0.240701384842396 0.279960514977574 0.418703503906727 0.513648107647896 0.684180974960327 0.777698487043381 0.929877012968063 0.937376648187637 0.881903737783432 0.914164245128632 0.935630798339844 0.946242600679398 0.978685289621353 0.978685289621353 0.989297091960907 1 1 0.989297091960907 0.989297091960907 0.978685289621353 1 0.989297091960907 0.978685289621353 0.989297091960907 0.978685289621353 0.957036584615707 0.946242600679398 0.882875353097916
0.910323351621628 0.949521780014038 0.910323351621628 0.900531321763992 0.850857734680176 0.739168047904968 0.554835289716721 0.397206619381905 0.322514034807682 0.51411871612072 0.483755886554718 0.445453152060509 0.397829048335552 0.387035056948662 0.213314096443355 0 0.0751935616135597 0 0.0291179604828358 0.19898284226656 0.267056316137314 0.254364654421806 0.273113705217838 0.312980115413666 0.27967207878828 0.301017167046666 0.692242294549942 0.720252007246017 0.647138297557831 0.739183217287064 0.838424175977707 0.958387732505798 0.978487908840179 0.872157275676727 0.92463943362236 0.935630798339844 0.989388197660446 0.989297091960907 1 1 0.989388197660446 0.978776395320892 0.978776395320892 1 1 1 1 1 1 1 0.978685289621353 0.978685289621353 0.957036584615707 0.935418248176575
0.959268242120743 0.956991046667099 0.900394707918167 0.839942306280136 0.81086990237236 0.728389233350754 0.595976918935776 0.457036584615707 0.387429788708687 0.473022609949112 0.483194157481194 0.420859269797802 0.34419309347868 0.376377701759338 0.407681785523891 0.191756493411958 0.314817074686289 0.397829048335552 0.397829048335552 0.425018966197968 0.485304370522499 0.322605144232512 0.301032338291407 0.311659337952733 0.482192203402519 0.681524187326431 0.695157140493393 0.789539992809296 0.869819343090057 0.8995141685009 0.929877042770386 0.935767412185669 0.903446167707443 0.914012461900711 0.935418248176575 0.957036584615707 0.967845767736435 1 1 0.978563845157623 0.989175647497177 1 1 0.978563845157623 0.989388197660446 1 0.989388197660446 1 1 1 1 0.978685289621353 0.989297091960907 0.924821615219116
0.956991046667099 0.924715340137482 0.8859723508358 0.680248975753784 0.693532705307007 0.725899517536163 0.758676171302795 0.554987102746964 0.496933355927467 0.467709124088287 0.595005333423615 0.504599958658218 0.301062695682049 0.333308044821024 0.614103525876999 0.0970244407653809 0 0.333353562280536 0.642189145088196 0.751616805791855 0.78119021654129 0.728966146707535 0.632017612457275 0.630104750394821 0.727614998817444 0.768665552139282 0.77663579583168 0.929877042770386 0.979140728712082 0.956991046667099 0.924715340137482 0.92463943362236 0.842006981372833 0.882875353097916 0.946424782276154 0.967876106500626 0.989190816879272 1 0.967785030603409 1 1 1 0.989388197660446 1 1 0.989388197660446 1 1 1 0.989388197660446 1 0.967876106500626 0.957051783800125 0.935630798339844
0.935949593782425 0.882875353097916 0.842796415090561 0.812266558408737 0.70074388384819 0.7042356133461 0.735888868570328 0.715925306081772 0.584408700466156 0.554987102746964 0.565644443035126 0.678169101476669 0.462198257446289 0.106846816837788 0.457082130014896 0.235448610037565 0.0970244407653809 0.196978904306889 0.504599958658218 0.721481680870056 0.647866994142532 0.830696821212769 0.799924075603485 0.78911492228508 0.889798074960709 0.960163950920105 0.968528926372528 0.924715340137482 0.924715340137482 0.935418248176575 0.935418248176575 0.914877772331238 0.872051000595093 0.892621845006943 0.967845767736435 0.978685289621353 1 1 1 0.967587679624557 0.967587679624557 1 1 1 1 1 1 1 1 1 1 1 0.968073487281799 0.924821615219116
0.946242600679398 0.989175647497177 0.956854403018951 0.957036584615707 0.884180963039398 0.732260525226593 0.845893412828445 0.693532705307007 0.715925306081772 0.706011831760406 0.554987102746964 0.585608005523682 0.658600270748138 0.421026259660721 0.158448465168476 0.269014731049538 0 0.322559578344226 0.604159697890282 0.721253961324692 0.565644443035126 0.604083806276321 0.849552154541016 0.979140728712082 0.935539692640305 0.892895102500916 0.914452701807022 0.913982093334198 0.93543341755867 0.882875353097916 0.957036584615707 0.924851983785629 0.957036584615707 0.967845767736435 0.989297091960907 0.989297091960907 1 1 1 0.989175647497177 0.989175647497177 0.967785030603409 0.956975847482681 1 1 1 1 1 1 0.989388197660446 1 1 0.978685289621353 0.935630798339844
1 0.989297091960907 0.946424782276154 0.989190816879272 0.957036584615707 0.915621668100357 0.802960366010666 0.711583405733109 0.639911949634552 0.629345670342445 0.61246395111084 0.677197486162186 0.69811749458313 0.479231804609299 0.247274937108159 0.247654471546412 0.00982237700372934 0.269895242527127 0.463473498821259 0.699939250946045 0.739001035690308 0.642826765775681 0.617504179477692 0.913936525583267 0.925155609846115 0.914361596107483 0.947290122509003 0.95718839764595 0.978487938642502 0.946409583091736 0.967663586139679 0.935752242803574 0.957051783800125 0.978685289621353 1 1 1 1 1 1 0.967785030603409 0.989388197660446 1 1 1 1 1 0.978563845157623 0.978366494178772 1 1 1 0.978685289621353 0.946242600679398
