data-raw/DATASET_PNE/a_DATA/PFGS/ENVSUIT_A1B/HS_f30_H1_alpines.asc
NCOLS 619 
NROWS 782 
XLLCORNER 876826 
YLLCORNER 1947424 
CELLSIZE 100 
NODATA_value -9999 
[rows 462 to 494 of 782, columns 525 to 599 of 619]
0 0 0 0.115868220399942 0.587541360955258 0.706430729391454 1 1 1 1 0.847446410588405 0.956322831247303 1 0.934599338224716 1 1 1 1 1 1 0.847129909365559 0.890807078118256 0.912501798302403 0.803711696158826 0.825320097827651 0.781786793267156 0.781786793267156 0.781786793267156 0.781786793267156 0.742943461372464 0.781786793267156 0.781786793267156 0.781786793267156 0.175140267587398 0 0 0 0 0 0 0 0 0 0 0 0 0 0 0 0 0 0 0 0 0 0 0 0 0 0 0 0 0 0 0 0 0 0 -9999 -9999 -9999 -9999 -9999 -9999 -9999
0 0 0 0.0963026902603942 0.606819162710401 0.684534599338225 1 1 1 0.803510286289743 0.825722917565818 1 1 1 1 1 1 -9999 1 1 1 0.869169903610991 0.912645662494605 0.869054812257229 0.781786793267156 0.781786793267156 0.934771975255359 0.934771975255359 0.891066033664221 0.869457631995396 0.891066033664221 0.891353762048626 0.803654150481945 0.723665659617321 0 0 0 0 0 0 0 0 0 0 0 0 0 0 0 0 0 0 0 0 0 0 0 0 0 0 0 0 0 0 0 0 0 0 0 -9999 -9999 -9999 -9999 -9999 -9999
0 0 0 0.233405265429435 0.587541360955258 0.745360379801467 1 1 1 0.781786793267156 1 1 1 1 -9999 -9999 1 -9999 -9999 1 -9999 1 0.97807509710833 0.847331319234642 0.978247734138973 0.912645662494605 0.803682923320386 1 1 0.934570565386275 0.891066033664221 0.913163573586534 0.934771975255359 0.781786793267156 0.0192778017551431 0 0 0 0 0 0 0 0 0 0 0 0 0 0 0 0 0 0 0 0 0 0 0 0 0 0 0 0 0 0 0 0 0 0 -9999 -9999 -9999 -9999 -9999 -9999
0 0 0 0.429290749532441 0.645374766220688 0.74550424399367 1 1 1 0.781786793267156 1 1 1 1 -9999 -9999 -9999 -9999 -9999 -9999 -9999 -9999 -9999 1 1 0.912847072363689 0.97807509710833 1 1 1 0.956524241116386 0.91293339087901 0.978247734138973 0.781786793267156 0.585440943749101 0 0 0 0 0 0 0 0 0 0 0 0 0 0 0 0 0 0 0 0 0 0 0 0 0 0 0 0 0 0 0 0 0 0 0 -9999 -9999 -9999 -9999 -9999
0.0398503812401093 0 0 0.195568982880161 0.586246583225435 0.723464249748238 1 1 1 0.825550280535175 0.847446410588405 1 1 1 1 1 1 -9999 -9999 -9999 -9999 -9999 -9999 -9999 -9999 1 0.890807078118256 0.97807509710833 1 1 1 0.934771975255359 1 0.91293339087901 0.704186447993094 0.0966191914832398 0 0 0 0 0 0 0 0 0 0 0 0 0 0 0 0 0 0 0 0 0 0 0 0 0 0 0 0 0 0 0 0 0 0 -9999 -9999 -9999 -9999 -9999
0.528039131060279 0.0200834412314775 0 0.428945475471155 0.371773845489858 0.684534599338225 1 1 1 1 0.781786793267156 1 1 1 1 1 1 1 1 -9999 -9999 -9999 -9999 -9999 -9999 1 1 0.97807509710833 0.956437922601065 1 1 1 1 1 0.891324989210186 0.585440943749101 0.0967055099985614 0.0967055099985614 0 0 0 0 0 0 0 0 0 0 0 0 0 0 0 0 -9999 0 0 0 0 0 0 0 0 0 0 0 0 0 0 0 0 -9999 -9999 -9999 -9999
0.684534599338225 0.27472306143001 0 0.704186447993094 0.255848079413034 0.566997554308733 0.917796000575457 1 1 1 0.803510286289743 1 1 1 1 1 1 1 1 1 -9999 -9999 -9999 -9999 -9999 -9999 -9999 -9999 0.934599338224716 1 1 1 0.978247734138973 0.934771975255359 0.912962163717451 0.762106171773846 0 0.193411019997123 0 0 0 0 0 0 0 0 0 0 0 0 0 0 0 0 -9999 -9999 0 0 0 0 0 0 0 0 0 0 0 0 0 0 0 0 -9999 -9999 -9999
0.810588404546108 0.430240253200978 0 0.762624082865775 0.547921162422673 0.352150769673428 0.74550424399367 0.85222270176953 1 1 0.890605668249173 0.825722917565818 1 1 1 1 1 1 1 1 -9999 -9999 -9999 -9999 -9999 -9999 1 1 1 1 0.978132642785211 1 1 0.934771975255359 0.956495468277946 0.847647820457488 0.271299093655589 0.0771399798590131 0 0 0 0 0 0 0 0 0 0 0 0 0 0 0 0 0 -9999 -9999 0 0 0 0 0 0 0 0 0 0 0 0 0 0 0 -9999 -9999 -9999
0.917796000575457 0.411451589699324 0 0.726025032369443 0.704186447993094 0.626471011365271 0.723464249748238 0.852424111638613 0.956495468277946 1 0.93428283700187 0.781786793267156 0.97807509710833 1 1 1 1 1 1 1 1 -9999 -9999 -9999 -9999 -9999 1 1 1 1 1 1 1 0.934771975255359 1 0.934771975255359 0.704186447993094 0.252395338800173 0.330110775427996 0 0 0 0 0 0 0 0 0 0 0 0 0 0 0 0 0 -9999 0 0 0 0 0 0 0 0 0 0 0 0 0 0 0 -9999 -9999 -9999
0.85452452884477 0.352726226442238 0.0398503812401093 0.726111350884765 0.791828513882894 0.704186447993094 0.745389152639908 0.850266148755575 1 0.890519349733851 1 1 0.869054812257229 1 1 1 1 1 1 1 1 1 1 1 1 1 1 1 1 0.803682923320386 0.9123579341102 1 0.956524241116386 0.978247734138973 1 0.978247734138973 0.956524241116386 0.704186447993094 0.213034095813552 0.115868220399942 0 0 0 0 0 0 0 0 0 0 0 0 0 0 0 0 0 0 0 0 0 0 0 0 0 0 0 0 0 0 0 0 -9999 -9999 -9999
0.837749964033952 0.353129046180406 0.684534599338225 0.769788519637462 0.726053805207884 0.704186447993094 0.808545533016832 0.868997266580348 1 0.723464249748238 1 1 0.781786793267156 0.956466695439505 1 1 1 1 1 1 1 1 1 1 1 1 1 1 1 1 0.956207739893541 1 0.934685656740037 0.956524241116386 0.978247734138973 1 1 0.808574305855273 0.566019277801755 0 0 0 0 0 0 0 0 0 0 0 0 0 0 0 0 0 0 0 0 0 0 0 0 0 0 0 0 0 0 0 0 0 -9999 -9999 -9999
0.530513595166163 0.726226442238527 0.789066321392605 0.74550424399367 0.74550424399367 0.810933678607395 0.917796000575457 0.97810386994677 1 0.912415479787081 0.89103726082578 1 1 0.869169903610991 1 1 1 1 1 1 1 1 1 1 1 1 1 1 1 1 1 1 1 0.934771975255359 0.978276506977413 1 1 0.956524241116386 0.704186447993094 0 0 0 0 0 0 0 0 0 0 0 0 0 0 0 0 0 0 0 0 0 0 0 0 0 0 0 0 0 0 0 0 0 0 -9999 -9999
0.774363400949504 0.956351604085743 0.895899870522227 0.789066321392605 0.723464249748238 0.890519349733851 0.978247734138973 0.978247734138973 0.890663213926054 0.847245000719321 0.956322831247303 1 1 1 1 1 1 1 1 1 1 1 1 1 1 1 1 1 1 1 1 1 1 0.934570565386275 1 1 0.934656883901597 0.956524241116386 0.723464249748238 0.350222989497914 0.310804200834412 0 0 0 0 0 0 0 0 0 0 0 0 0 0 0 0 0 0 0 0 0 0 0 0 0 0 0 0 0 0 0 0 -9999 -9999
1 0.97810386994677 0.978247734138973 0.890663213926054 0.847245000719321 0.847245000719321 0.890605668249173 0.93428283700187 0.890893396633578 0.803539059128183 1 1 1 1 0.956322831247303 1 1 1 1 1 1 1 1 1 1 1 1 1 1 1 1 1 1 1 1 0.978247734138973 0.978276506977413 0.978247734138973 0.891066033664221 0.684534599338225 0.388951230038843 0 0 0 0 0 0 0 0 0 0 0 0 0 0 0 0 0 0 0 0 0 0 0 0 0 0 0 0 0 0 0 0 -9999 -9999
1 1 1 0.847245000719321 0.890893396633578 0.781786793267156 0.781786793267156 0.781786793267156 0.890576895410732 1 1 1 1 1 1 1 1 1 1 1 1 1 1 1 1 1 1 1 1 1 1 1 1 1 1 1 1 1 0.978247734138973 0.891066033664221 0.527348582937707 0.36912674435333 0 0 0 0 0 0 0 0 0 0 0 0 0 0 0 0 0 0 0 0 0 0 0 0 0 0 0 0 0 0 0 0 -9999
1 1 0.912473025463962 0.781786793267156 0.781786793267156 0.781786793267156 0.781786793267156 0.846928499496475 1 1 1 1 1 1 1 0.956322831247303 1 1 0.956524241116386 1 1 1 1 1 1 1 1 1 1 1 1 1 0.956351604085743 1 1 1 1 0.978247734138973 1 0.956524241116386 0.704186447993094 0.408718170047475 0.173960581211337 0 0 0 0 0 0 0 0 0 0 0 0 0 0 0 0 0 0 0 0 0 0 0 0 0 0 0 0 0 0 0 -9999
0.890576895410732 0.869169903610991 0.956380376924184 1 0.978247734138973 0.934570565386275 0.978247734138973 0.978247734138973 1 1 1 1 1 1 1 1 1 1 1 1 1 1 1 1 1 1 1 1 1 1 1 1 1 0.868853402388146 1 1 1 1 1 0.956524241116386 0.781786793267156 0.684534599338225 0.468508128326859 0.271874550424399 0.173960581211337 0 0 0 0 0 0 0 0 0 0 0 0 0 0 0 0 0 0 0 0 0 0 0 0 0 0 0 0 0 0
0.934541792547835 0.97807509710833 1 1 1 1 0.978247734138973 1 1 1 1 1 1 1 1 1 1 1 1 1 1 1 1 1 1 1 1 1 1 1 1 1 1 1 0.890605668249173 1 1 1 1 0.890749532441375 0.781786793267156 0.723464249748238 0.684534599338225 0.546194792116242 0 0 0 0 0 0 0 0 0 0 0 0 0 0 0 0 0 0 0 0 0 0 0 0 0 0 0 0 0 -9999 -9999
1 1 1 1 1 1 1 1 1 1 1 1 1 1 1 1 1 1 1 1 1 1 1 1 1 1 1 1 1 1 1 1 1 1 1 0.97807509710833 1 1 1 1 0.956524241116386 0.781786793267156 0.781786793267156 0.762106171773846 0.585440943749101 0.115868220399942 0.0771399798590131 0 0 0 0 0 0 0 0 0 0 0 0 0 0 0 0 0 0 0 0 0 0 0 0 0 0 -9999 -9999
1 1 1 1 1 1 1 1 1 1 1 1 1 1 1 1 1 1 1 1 1 1 1 1 1 1 1 1 1 1 1 1 1 1 1 1 1 1 1 1 1 0.978276506977413 0.847101136527118 0.891324989210186 0.869515177672277 0.645115810674723 0.0771399798590131 0 0 0 0 0 0 0 0 0 0 0 0 0 0 0 0 0 0 0 0 0 0 0 0 0 0 -9999 -9999
1 1 1 1 1 1 1 1 1 1 1 1 1 1 1 1 1 1 1 1 1 1 1 1 1 1 1 1 1 1 1 1 1 1 1 1 1 1 1 1 1 1 0.84721622788088 0.781786793267156 0.825722917565818 0.723665659617321 0.0387282405409294 0 0 0 0 0 0 0 0 0 0 0 0 0 0 0 0 0 0 0 0 0 0 0 0 0 0 -9999 -9999
1 1 1 1 1 1 1 1 1 1 1 1 1 1 1 1 1 1 1 1 1 1 1 1 1 1 1 1 1 1 1 1 1 1 0.956351604085743 1 1 1 1 1 1 1 0.82529132498921 0.781786793267156 0.891066033664221 0.847331319234642 0.271960868939721 0 0 0 -9999 -9999 0 0 0 0 0 0 0 0 0 0 0 0 0 0 0 0 0 0 0 0 0 -9999 -9999
1 1 1 1 1 1 1 1 1 1 1 1 1 1 1 1 1 1 1 1 1 1 1 1 1 1 1 1 1 1 1 1 1 1 1 1 1 1 1 1 1 1 0.803682923320386 0.781786793267156 0.912847072363689 0.742943461372464 0 0 0 0 0 0 0 -9999 0 0 0 0 0 0 0 0 0 0 0 0 0 0 0 0 0 0 0 -9999 -9999
1 1 1 1 1 1 1 1 1 1 1 1 1 1 1 1 1 1 1 1 1 1 1 1 1 1 1 0.97810386994677 1 1 1 0.97807509710833 1 1 1 1 1 1 1 1 1 0.93425406416343 0.781786793267156 0.869141130772551 0.978247734138973 0.742943461372464 0 0 0 0 0 0 0 0 0 0 0 0 0 0 0 0 0 0 0 0 0 0 0 0 0 0 -9999 -9999 -9999
1 1 1 1 1 1 1 1 1 1 1 1 1 1 1 1 1 1 1 1 1 1 1 1 1 1 1 1 1 1 0.97807509710833 1 1 1 1 1 1 1 1 0.89100848798734 0.84721622788088 1 0.781786793267156 0.825521507696734 0.956524241116386 0.723665659617321 0 0.0386994677024889 0 0 0 0 0 0 0 0 0 0 0 0 0 0 0 0 0 0 0 0 0 0 0 0 0 -9999 -9999
1 1 1 1 1 1 1 1 1 1 1 1 1 1 1 1 1 1 1 1 1 1 1 1 0.956639332470148 1 1 1 1 1 1 1 1 1 1 0.978247734138973 0.934656883901597 0.912818299525248 0.934685656740037 0.781786793267156 0.781786793267156 0.781786793267156 0.781786793267156 0.781786793267156 0.825435189181413 0.349877715436628 0 0.0192490289167026 0 0 0 0 0 0 0 0 0 0 0 0 0 0 0 0 0 0 0 0 0 0 0 0 0 -9999 -9999
1 1 1 1 1 1 1 1 1 1 1 1 1 1 1 1 1 1 1 1 1 0.956495468277946 1 1 1 1 1 1 1 1 1 1 1 1 1 0.934685656740037 0.956524241116386 0.847532729103726 0.847129909365559 0.781786793267156 0.723464249748238 0.742943461372464 0.742943461372464 0.704186447993094 0.723665659617321 0 0.0967055099985614 0 0 0 0 0 0 0 0 0 0 0 0 0 0 0 0 0 0 0 0 0 0 0 0 0 0 -9999 -9999
1 1 1 1 1 1 1 1 1 1 1 1 1 1 1 1 1 1 1 1 1 1 1 1 1 1 1 1 1 1 1 1 1 1 0.781786793267156 0.847561501942167 0.847532729103726 0.709049057689541 0.723665659617321 0.704186447993094 0.684534599338225 0.606819162710401 0.587541360955258 0.232628398791541 0 0.0580060422960725 0.0192490289167026 0 0 0 0 0 0 0 0 0 0 0 0 0 0 0 0 0 0 0 0 0 0 0 0 0 -9999 -9999 -9999
1 1 1 1 1 1 1 1 1 1 1 1 1 1 1 1 1 1 1 1 1 1 1 1 1 1 1 0.97807509710833 1 1 1 1 0.956207739893541 0.825435189181413 0.781786793267156 0.723464249748238 0.723464249748238 0.786908358509567 0.742943461372464 0.664451158106747 0.52694576319954 0.389123867069486 0 0.173960581211337 0.36912674435333 0 0 0 0 0 0 0 0 0 0 0 0 0 0 0 0 0 0 0 0 0 0 0 -9999 -9999 -9999 -9999 -9999 -9999 -9999
1 1 1 1 1 1 1 1 1 1 1 1 1 1 1 1 1 1 1 1 1 1 1 1 1 1 1 1 1 1 1 0.97807509710833 0.781786793267156 0.781786793267156 0.742943461372464 0.723464249748238 0.745274061286146 0.847388864911523 0.781786793267156 0.60506401956553 0.447101136527118 0.0194504387857862 0 0 0 0 0 0 0 0 0 0 0 0 0 0 0 0 0 0 0 0 0 0 0 0 0 -9999 -9999 -9999 -9999 -9999 -9999 -9999 -9999
1 1 1 1 1 1 1 1 1 1 1 1 1 1 1 1 1 1 1 1 1 1 1 1 1 1 1 1 1 1 1 0.934484246870954 0.781786793267156 0.781786793267156 0.764753272910373 0.808718170047475 0.956351604085743 0.934915839447562 0.808804488562797 0.742943461372464 0.704186447993094 0.448079413034096 0 0 0 0 0 0 0 0 0 0 0 0 0 0 0 0 0 0 0 0 0 0 0 0 0 -9999 -9999 -9999 -9999 -9999 -9999 -9999 -9999
1 1 1 1 1 1 1 1 1 1 1 1 1 1 1 1 1 1 1 1 1 1 1 1 1 1 1 1 1 1 1 0.956409149762624 0.934685656740037 0.869256222126313 0.978247734138973 0.956409149762624 0.847561501942167 0.913077255071213 0.869457631995396 0.869457631995396 0.847532729103726 0.723665659617321 0.645115810674723 0.565501366709826 0.505711408430442 0.388951230038843 0 0 0 0 0 0 0 0 0 0 0 0 0 0 0 0 0 0 0 0 0 -9999 -9999 -9999 -9999 -9999 -9999 -9999 -9999
1 1 1 1 1 1 1 1 1 1 1 1 1 1 1 1 1 1 1 1 1 1 1 1 1 1 1 1 1 1 1 1 0.803826787512588 0.847561501942167 0.956409149762624 0.803826787512588 0.934685656740037 0.912818299525248 0.912818299525248 0.781786793267156 0.869313767803194 0.913163573586534 0.803711696158826 0.781786793267156 0.781786793267156 0.781786793267156 0.0386419220256078 0 0 0 0 0 0 0 0 0 0 0 0 0 0 0 0 0 0 0 0 -9999 -9999 -9999 -9999 -9999 -9999 -9999 -9999
