data-raw/DATASET_PNE/a_DATA/PFGS/ENVSUIT_A1B/HS_f15_H1_alpines.asc
NCOLS 619 
NROWS 782 
XLLCORNER 876826 
YLLCORNER 1947424 
CELLSIZE 100 
NODATA_value -9999 
[rows 450 to 479 of 782, columns 272 to 339 of 619]
-9999 1 1 -9999 1 0.945461094379425 0.967357218265533 1 0.94527405500412 0.912688821554184 0.912688821554184 0.923564940690994 0.686591863632202 0.676722779870033 0.871198385953903 0.890893399715424 0.890893399715424 0.956308454275131 0.923636883497238 0.891051650047302 0.97826212644577 1 1 -9999 -9999 0.98912388086319 1 1 0.989051938056946 1 0.989037543535233 0.978118270635605 0.945403546094894 0.890893399715424 0.890893399715424 0.901855856180191 1 1 1 1 1 1 1 1 1 1 1 1 1 1 0.98912388086319 0.945518642663956 0.90197092294693 0.901927769184113 0.815580487251282 0.753272920846939 0.587196096777916 0.598158553242683 0.743533313274384 0.765415042638779 0.587196096777916 0.568982899188995 0.451431453227997 0.430873259902 0.456394754350185 0.401697605848312 0.412818303331733 0.196417778730392
-9999 1 1 0.989138245582581 1 0.989195793867111 0.978132635354996 0.890893399715424 0.945417910814285 0.945331603288651 0.923564940690994 0.923564940690994 0.847331315279007 0.786663800477982 0.881067484617233 0.945288449525833 0.901769518852234 0.890893399715424 0.901812702417374 0.869198650121689 0.967242121696472 1 1 -9999 -9999 1 1 1 0.989051938056946 0.945590555667877 1 0.978190183639526 0.890893399715424 0.890893399715424 0.912717580795288 0.890893399715424 0.890893399715424 0.945403546094894 1 0.91261687874794 1 1 1 1 1 1 1 1 1 1 1 0.934498637914658 0.858322530984879 0.84833836555481 0.782894551753998 0.766321390867233 0.490346699953079 0.490346729755402 0.501280389726162 0.531261697411537 0.561559483408928 0.461099125444889 0.401913397014141 0.401913397014141 0.434441089630127 0.401697605848312 0.229276359081268 0.142080277204514
1 1 1 1 1 0.912746369838715 0.978290885686874 0.956437915563583 0.890893399715424 0.912717580795288 0.956265270709991 0.945403546094894 0.923564940690994 -9999 0.923708826303482 1 0.901769518852234 0.890893399715424 0.923550575971603 0.98912388086319 0.98912388086319 1 1 1 1 1 1 1 1 0.923708826303482 1 1 0.890893399715424 0.912674427032471 0.901755154132843 0.901755154132843 0.890893399715424 0.890893399715424 0.912775129079819 0.912660032510757 1 1 1 1 1 1 1 1 1 1 0.98912388086319 0.97826212644577 0.891037255525589 0.892029911279678 0.753272920846939 0.599136799573898 0.533851236104965 0.491756588220596 0.452697440981865 0.430873259902 0.422457203269005 0.401913397014141 0.401697605848312 0.478175816126168 0.448180112987757 0.226542949676514 0.120126602239907 0.120126602239907
-9999 1 1 1 1 0.989195793867111 1 0.923694431781769 0.890893399715424 0.945417910814285 0.93445548415184 0.92353618144989 0.923579335212708 -9999 0.978247731924057 0.978247731924057 0.901755154132843 0.912703216075897 0.967357218265533 0.97826212644577 1 1 1 1 1 1 1 1 1 0.945389151573181 0.978319674730301 0.901755154132843 0.890893399715424 0.912775129079819 0.956265270709991 0.96728527545929 0.96728527545929 0.901755154132843 0.890893399715424 0.934498637914658 0.945374757051468 1 1 1 0.956394761800766 1 1 1 1 1 1 0.934498637914658 0.978233337402344 0.88105309009552 0.722788095474243 0.600431591272354 0.430873259902 0.581297650933266 0.506071083247662 0.434656888246536 0.390893399715424 0.401798305101693 0.457646390423179 0.354208019562066 0.0982880191877484 0.0982880191877484 0.0982880191877484 0.0982880191877484
-9999 1 1 1 1 0.989195793867111 0.989195793867111 -9999 0.923737585544586 0.901812702417374 0.890893399715424 0.890893399715424 0.934642493724823 -9999 -9999 0.923737585544586 0.912775129079819 0.989195793867111 1 0.97826212644577 1 1 1 1 1 1 1 1 1 1 0.945374757051468 0.923550575971603 0.901812702417374 0.890893399715424 0.901755154132843 0.923579335212708 1 0.989037543535233 0.901812702417374 0.825463950634003 0.956250905990601 0.989051938056946 1 1 0.98912388086319 0.95646670460701 1 1 1 1 1 0.978118270635605 0.890893399715424 0.868867784738541 0.752409726381302 0.599295064806938 0.481542229652405 0.390893399715424 0.532743506133556 0.336613450199366 0.285153207369149 0.354208019562066 0.353431162424386 0.0790821462869644 0.0873831138014793 0.0873831138014793 0.306171774864197 0.57751403003931
-9999 1 1 1 1 -9999 -9999 1 0.989195793867111 0.978319674730301 0.967414766550064 0.890893399715424 0.901812702417374 -9999 -9999 0.923708826303482 0.967385977506638 1 0.97826212644577 1 1 1 1 1 1 1 1 1 1 1 1 0.967242121696472 0.934426695108414 0.890850245952606 0.923680037260056 0.901755154132843 0.923579335212708 1 0.901755154132843 0.847432017326355 0.901812702417374 0.923478633165359 0.923550575971603 0.967170178890228 0.967170178890228 0.934484243392944 1 0.98912388086319 1 1 1 0.934426695108414 0.869155526161194 0.869155526161194 0.771975249052048 0.618702352046967 0.461099125444889 0.41261687874794 0.363242708146572 0.206143006682396 0.156553015112877 0.0792260095477104 0.0792260095477104 0.0886922748759389 0.0873831138014793 0.161372467875481 0.291598320007324 0.638555601239204
-9999 1 1 0.989051938056946 1 1 1 0.923579335212708 0.967242121696472 1 0.967371612787247 0.989195793867111 0.890893399715424 -9999 0.945461094379425 0.978319674730301 1 1 1 1 1 1 1 1 1 1 1 1 1 1 1 0.945446699857712 0.934498637914658 0.96711266040802 0.89109480381012 0.890893399715424 0.869155526161194 0.901755154132843 0.923550575971603 0.880017250776291 0.847187459468842 0.890893399715424 0.890893399715424 0.890893399715424 0.86908358335495 0.934498637914658 1 0.98912388086319 1 1 0.978118270635605 0.923550575971603 0.858193069696426 0.837562918663025 0.784031063318253 0.498662069439888 0.410171201452613 0.41261687874794 0.424845358356833 0.224715873599052 0.0873831138014793 0.0873831138014793 0.0984031111001968 0.145619332790375 0.291598320007324 0.291598320007324 0.592274487018585 0.330297803506255
1 1 1 1 1 0.989195793867111 0.989195793867111 0.93462809920311 0.98912388086319 0.98912388086319 1 1 0.934426695108414 0.934426695108414 1 1 0.945489853620529 0.989138245582581 1 1 1 1 1 1 1 1 1 1 1 1 1 1 0.956366002559662 1 0.956250905990601 0.825564682483673 0.901812702417374 0.880031645298004 0.847374469041824 0.826542943716049 0.859329611063004 0.87013378739357 0.869155526161194 0.869198679924011 0.890893399715424 0.89087900519371 0.923550575971603 0.989138245582581 0.978118270635605 1 0.923550575971603 0.923493027687073 0.869155526161194 0.815580487251282 0.799050509929657 0.439217381179333 0.390893399715424 0.511019997298717 0.37580203730613 0.0485973246395588 0.0873831138014793 0.131031513214111 0.120112210512161 0.291598320007324 0.291598320007324 0.408344127237797 0.309566980227828 0.109164145775139
1 1 1 1 1 1 0.989195793867111 1 1 1 1 1 0.978247731924057 1 -9999 0.989051938056946 1 0.98912388086319 0.912847071886063 1 1 1 1 1 1 1 1 1 1 1 1 1 1 0.923579335212708 1 0.84734570980072 0.901956558227539 0.83642640709877 0.81573873758316 0.837562918663025 0.805912792682648 0.826571702957153 0.793828219175339 0.826542943716049 0.858279377222061 0.890634447336197 0.890893399715424 0.912688821554184 0.901812702417374 0.978190183639526 0.890893399715424 0.836296945810318 0.825392037630081 0.782894551753998 0.600258961319923 0.453704496845603 0.478233337402344 0.512214064598083 0.21477484703064 0.0693856999278069 0.0873831138014793 0.252726227045059 0.0982592403888702 0.174550428986549 0.521824203431606 0.170910656452179 0.0982880191877484 0.163918863981962
1 1 1 1 1 1 1 1 1 1 1 1 1 0.97826212644577 1 1 1 1 1 1 1 1 1 1 1 1 1 1 1 1 1 1 1 0.96734282374382 0.978103876113892 0.956250905990601 0.890994101762772 0.837562918663025 0.870205730199814 0.695123001933098 0.607998862862587 0.810991227626801 0.791699051856995 0.881081849336624 0.782894551753998 0.847259402275085 0.890893399715424 0.858193069696426 0.890893399715424 0.890893399715424 0.890950947999954 0.825392037630081 0.815580487251282 0.63582219183445 0.45983312278986 0.559272035956383 0.489037543535233 0.364868369884789 0.0596173219382763 0.0583657026290894 0.0873831138014793 0.262422680854797 0.0995396375656128 0.291598320007324 0.14189325273037 0.10922169405967 0.141864482313395 0.229276359081268
1 1 1 1 1 1 1 1 1 1 1 1 1 1 1 -9999 1 1 1 1 1 1 1 1 1 1 1 1 -9999 -9999 -9999 1 0.989195793867111 0.923766374588013 0.97826212644577 0.956250905990601 0.923694431781769 0.870220124721527 0.881081849336624 0.599554024636745 0.657056540250778 0.636325716972351 0.599554024636745 0.685829371213913 0.802675873041153 0.804776281118393 0.81573873758316 0.869155526161194 0.869069188833237 0.879930943250656 0.868896543979645 0.826499789953232 0.745417922735214 0.569946765899658 0.560566823929548 0.467414759099483 0.413882901892066 0.100820027291775 0.0679614469408989 0.0910660326480865 0.110415764153004 0.272162288427353 0.281858712434769 0.291598320007324 0.0778017565608025 0.0982880191877484 0.262753561139107 0.218256363645196
1 1 1 1 1 1 1 1 1 1 1 1 1 1 1 -9999 1 1 1 1 1 -9999 1 1 1 1 1 1 -9999 -9999 1 1 1 0.967314064502716 0.97826212644577 0.803740471601486 0.891253054141998 0.947791695594788 0.83167889714241 0.598345562815666 0.576506994664669 0.774866938591003 0.620140999555588 0.587469436228275 0.609365560114384 0.530240252614021 0.826456606388092 0.782894551753998 0.836570292711258 0.836498349905014 0.890893399715424 0.758264988660812 0.60896272957325 0.563962012529373 0.41271760314703 0.456365995109081 0.285613593645394 0.0873831138014793 0.0898431912064552 0.0387713983654976 0.0583657026290894 0.291598320007324 0.538800165057182 0.0778017565608025 0.0887066619470716 0.196590423583984 0.229276359081268 0.38508129119873
1 1 1 1 1 1 1 1 1 1 1 1 1 1 1 1 -9999 1 1 1 1 -9999 1 1 1 1 -9999 -9999 -9999 1 1 1 1 0.98912388086319 0.97826212644577 0.825521528720856 0.848424673080444 0.97926914691925 0.783095955848694 0.598345562815666 0.577888078987598 0.836512744426727 0.566767372190952 0.588749825954437 0.598331183195114 0.577888078987598 0.639059141278267 0.837390303611755 0.826701194047928 0.782894551753998 0.859329581260681 0.581499069929123 0.611307725310326 0.486663799732924 0.401913397014141 0.405898422002792 0.1266148686409 0.0873831138014793 0.0485397800803185 0.00963890086859465 0.0390447415411472 0.588476479053497 0.281858712434769 0.0897424854338169 0.18696590512991 0.174723066389561 0.229276359081268 0.403193792328238
0.967242121696472 0.956337213516235 0.989138245582581 1 1 1 1 1 1 1 1 -9999 1 -9999 1 1 1 1 1 1 1 -9999 1 1 1 -9999 -9999 -9999 1 1 1 1 1 1 0.967385977506638 0.869141131639481 0.847532719373703 0.837548553943634 0.881081849336624 0.598345562815666 0.577888078987598 0.587368734180927 0.535117253661156 0.548511020839214 0.567947059869766 0.568047769367695 0.470982603728771 0.509308025240898 0.599064886569977 0.548108205199242 0.625967502593994 0.501222848892212 0.595439493656158 0.390893399715424 0.401913397014141 0.356135815382004 0.0972665771842003 0.0583657026290894 0.0194504391402006 0.00963890086859465 0.155387714505196 0.599395781755447 0.088677890598774 0.0897424854338169 0.19646093994379 0.251043014228344 0.288016110658646 0.423751980066299
1 0.945374757051468 0.978161424398422 0.978334039449692 1 1 1 1 1 1 1 -9999 -9999 -9999 -9999 -9999 1 -9999 -9999 -9999 1 -9999 -9999 1 1 -9999 -9999 1 1 1 1 1 0.989195793867111 0.989138245582581 0.956366002559662 0.945374757051468 0.89087900519371 0.870292067527771 0.81568118929863 0.76078262925148 0.578981444239616 0.491598345339298 0.642871543765068 0.515652429312468 0.492849938571453 0.525535903871059 0.518083736300468 0.486620642244816 0.497511139139533 0.474550411105156 0.44046900048852 0.474579200148582 0.451503369957209 0.401913397014141 0.50005754083395 0.295986196026206 0.0873831138014793 0.0485397800803185 0.00963890086859465 0.0292188171297312 0.291598320007324 0.469213053584099 0.088677890598774 0.0679614469408989 0.185599192976952 0.22039994224906 0.386232193559408 0.412818303331733
0.901812702417374 0.934570550918579 0.956236511468887 0.978017538785934 1 1 1 1 1 1 1 1 1 1 1 -9999 -9999 -9999 -9999 -9999 1 -9999 -9999 -9999 1 -9999 -9999 1 1 1 1 1 1 1 0.934541791677475 0.934498637914658 0.890893399715424 0.858279377222061 0.826571702957153 0.747906774282455 0.502057269215584 0.441576739773154 0.482980877161026 0.62340672314167 0.558293782174587 0.475830819457769 0.467357210814953 0.423737578094006 0.434570573270321 0.445446692407131 0.390893399715424 0.41271760314703 0.401913397014141 0.390893399715424 0.41271760314703 0.334498641081154 0.0679614469408989 0.0304704364389181 0 0.0486404821276665 0.359430283308029 0.417652130126953 0.088677890598774 0.0897424854338169 0.130125157535076 0.269328158348799 0.4139404296875 0.412818303331733
0.890893399715424 0.923708826303482 0.978118270635605 0.96711266040802 0.956279665231705 1 1 1 1 1 1 1 1 1 1 -9999 -9999 -9999 -9999 -9999 1 -9999 -9999 -9999 1 1 1 1 1 1 1 1 1 1 0.978103876113892 0.934498637914658 0.901812702417374 0.858034819364548 0.826758742332458 0.838699460029602 0.479484967887402 0.547187462449074 0.434541784226894 0.456452321261168 0.54727378487587 0.5751978084445 0.42353618517518 0.373140566051006 0.361746519804001 0.412818303331733 0.401913397014141 0.41271760314703 0.41271760314703 0.412818303331733 0.229276359081268 0.197583076544106 0.0387713983654976 0 0 0.0582793839275837 0.32070204615593 0.291598320007324 0.0679614469408989 0.0595597773790359 0.211480360478163 0.414055526256561 0.423751980066299 0.401913397014141
0.890893399715424 0.890893399715424 0.912674427032471 1 0.967242121696472 1 1 1 1 1 1 1 1 1 1 1 -9999 1 -9999 -9999 1 -9999 -9999 -9999 1 1 1 1 1 1 1 1 1 1 0.989138245582581 1 0.945374757051468 0.934628129005432 0.858250617980957 0.804848223924637 0.627075240015984 0.504675585776567 0.390893399715424 0.445518635213375 0.456351615488529 0.667400375008583 0.543562069535255 0.446698322892189 0.370119422674179 0.297223418951035 0.375571846961975 0.32602502964437 0.355085611343384 0.296432167291641 0.108171482570469 0.108027619309723 0.0386994667351246 0 0 0.145446702837944 0.291598320007324 0.223550572991371 0.0292188171297312 0.0679614469408989 0.211480360478163 0.412818303331733 0.412818303331733 0.432110492140055
0.881081849336624 0.890893399715424 0.890893399715424 0.978089481592178 0.934498637914658 1 1 1 1 1 1 -9999 -9999 1 1 1 1 1 -9999 -9999 1 1 -9999 -9999 1 1 1 1 1 1 1 1 1 1 0.989051938056946 0.98912388086319 0.945374757051468 0.923622488975525 0.880031645298004 0.836483955383301 0.62496043741703 0.501222848892212 0.429449003189802 0.401913397014141 0.456365995109081 0.467256516218185 0.405840896070004 0.468652009963989 0.532542072236538 0.448021866381168 0.226902600377798 0.138670694082975 0.0778017565608025 0.0679614469408989 0.0679614469408989 0.0679614469408989 0 0 0 0.281858712434769 0.291598320007324 0.0496187582612038 0.0484966188669205 0.0679614469408989 0.211480360478163 0.414055526256561 0.412818303331733 0.42380952835083
0.890893399715424 0.890893399715424 0.945389151573181 0.988979995250702 0.945446699857712 1 1 1 1 1 1 1 1 1 1 1 1 1 1 1 1 1 -9999 -9999 1 1 1 1 1 1 1 1 1 1 1 0.97826212644577 0.945374757051468 0.847360104322433 0.92357936501503 0.890893399715424 0.806042283773422 0.516616314649582 0.45023737847805 0.401913397014141 0.434685669839382 0.423737606033683 0.478103868663311 0.38270752876997 0.354323109611869 0.248338365927339 0.217436339706182 0.217062290757895 0.263127595186234 0.106891095638275 0.0679614469408989 0.030326571315527 0 0 0.243116095662117 0.272277384996414 0.291598320007324 0 0.0583225451409817 0.0789814442396164 0.193022593855858 0.423751980066299 0.412818303331733 0.441749390214682
0.890893399715424 0.901812702417374 0.934426695108414 0.967242121696472 1 1 1 1 1 1 1 1 1 1 1 1 1 1 1 1 1 1 -9999 1 1 1 1 1 1 1 1 1 1 1 1 0.98912388086319 0.956279665231705 0.967242121696472 0.978118240833282 0.890735149383545 0.826715558767319 0.644468426704407 0.489080712199211 0.45023737847805 0.439217381179333 0.401913397014141 0.401913397014141 0.445446690544486 0.401913397014141 0.393641207367182 0.290015831589699 0.17935548722744 0.0778017565608025 0.0778017565608025 0.0778017565608025 0 0 0 0.204243987798691 0.272277384996414 0.281858712434769 0.0326427854597569 0.0292188171297312 0.0679614469408989 0.193022593855858 0.423751980066299 0.412818303331733 0.432110492140055
0.890893399715424 0.901812702417374 0.890893399715424 0.98912388086319 1 1 1 1 1 1 1 1 1 1 1 1 1 1 1 1 1 1 1 1 1 1 1 1 1 1 1 1 1 1 1 0.988979995250702 0.98912388086319 0.956279665231705 0.923622488975525 0.890706360340118 0.879758298397064 0.815810650587082 0.634642496705055 0.52763631939888 0.458883613348007 0.45017983391881 0.44046900048852 0.42378075607121 0.423795150592923 0.412818303331733 0.403193792328238 0.289958279579878 0.0873831138014793 0.0581355206668377 0.059372752904892 0.0583225451409817 0.0604948922991753 0.0291756577789783 0.135807797312737 0.262437045574188 0.30140985827893 0 0.0292188171297312 0.0704359114170074 0.286606255918741 0.445518638938665 0.412818303331733 0.419766943901777
0.890893399715424 0.91261687874794 0.9344123005867 0.978103876113892 1 1 1 1 1 1 -9999 1 1 1 1 1 1 1 1 1 1 1 1 1 1 1 1 1 1 1 1 1 1 1 1 1 1 0.988979995250702 0.956279665231705 0.923493027687073 0.912573724985123 0.890893399715424 0.858106762170792 0.773126184940338 0.723622500896454 0.702704638242722 0.605020865797997 0.557833418250084 0.510645933449268 0.445576179772615 0.51947920024395 0.490274786949158 0.235002157278359 0.0485397800803185 0.0194504391402006 0 0 0.135807797312737 0.262437045574188 0.155056819319725 0.281858712434769 0 0 0.0607970058917999 0.280909217894077 0.445518638938665 0.456452310085297 0.444238241761923
0.890893399715424 0.956250905990601 0.988979995250702 1 1 1 1 1 1 1 -9999 1 1 1 1 1 1 1 1 1 1 1 1 1 1 1 1 1 1 1 1 1 1 1 1 1 1 1 0.989138245582581 0.967385977506638 0.901884615421295 0.890893399715424 0.880031645298004 0.858121126890182 0.86908358335495 0.85820746421814 0.782894551753998 0.743245601654053 0.646899744868279 0.559142589569092 0.412875847890973 0.41271760314703 0.446640759706497 0.164810821413994 0.0206588972359896 0 0 0.00959574151784182 0.272277384996414 0.243001013994217 0.281858712434769 0.262437045574188 0 0.0206588972359896 0.228312481194735 0.219479206949472 0.389900729060173 0.423751980066299
0.890893399715424 1 0.967242121696472 1 1 1 1 1 1 1 -9999 1 1 1 1 1 1 1 1 1 1 1 1 1 1 1 1 1 1 1 1 1 1 1 1 1 1 1 0.98912388086319 0.98912388086319 0.989138245582581 0.945533007383347 0.934513032436371 0.890893399715424 0.890893399715424 0.890893399715424 0.890893399715424 0.815594881772995 0.722586691379547 0.557991653680801 0.401913397014141 0.401913397014141 0.364163419231772 0.207380227744579 0.00963890086859465 0 0 0 0.155056819319725 0.13560639321804 0.369227439165115 0.439605802297592 0 0.00963890086859465 0.223795130848885 0.211638614535332 0.393511712551117 0.468508131802082
0.956322818994522 1 1 1 1 1 1 1 1 1 -9999 1 1 1 1 1 1 1 1 1 1 1 1 1 1 1 1 1 1 1 1 1 1 1 1 1 1 1 0.989195793867111 0.978175789117813 0.97826212644577 0.956279665231705 0.934498637914658 0.934426695108414 0.890893399715424 0.901769518852234 0.880031645298004 0.868982881307602 0.80586963891983 0.545849516987801 0.461027190089226 0.401913397014141 0.375183433294296 0.132542084902525 0.00963890086859465 0 0 0 0 0.13560639321804 0.535232335329056 0.460235923528671 0 0 0.0860451757907867 0.120702058076859 0.293324701488018 0.380247458815575
0.978017538785934 1 1 1 1 1 1 1 1 1 1 1 1 1 1 1 1 1 1 1 1 1 1 1 1 1 1 1 1 1 1 1 1 1 1 1 1 1 1 1 1 0.98912388086319 0.956366002559662 0.97826212644577 0.901812702417374 0.890893399715424 0.901769518852234 0.890893399715424 0.815810650587082 0.556869521737099 0.44046900048852 0.412818303331733 0.434498630464077 0.228139836341143 0.0581355206668377 0 0 0 0 0.233290180563927 0.592475920915604 0.30140985827893 0.0108042005449533 0.00963890086859465 0.0110199972987175 0.133390873670578 0.36312759667635 0.363170772790909
0.945331603288651 0.967242121696472 1 1 1 1 1 1 1 1 1 1 1 1 1 1 1 1 1 1 1 1 1 1 1 1 1 1 1 1 1 1 1 1 1 1 1 1 1 1 1 1 1 1 0.988979995250702 0.956481069326401 0.890893399715424 0.912573724985123 0.826456606388092 0.547201842069626 0.439217381179333 0.390893399715424 0.46734282374382 0.18933967128396 0.0581355206668377 0.00963890086859465 0 0 0 0.194590702652931 0.581513464450836 0.30140985827893 0 0 0.0110199972987175 0.133390873670578 0.117292478680611 0.403208166360855
0.967242121696472 1 1 1 1 1 1 1 1 1 1 1 1 1 1 1 1 1 1 1 1 1 1 1 1 1 1 1 1 1 1 1 1 1 1 1 1 1 1 1 1 1 1 1 0.988979995250702 0.988979995250702 0.934426695108414 0.891037255525589 0.83747661113739 0.628470718860626 0.439217381179333 0.390893399715424 0.456394761800766 0.198331169784069 0.0484966188669205 0.00963890086859465 0 0 0 0.126212060451508 0.525636583566666 0.525636583566666 0.272277384996414 0 0 0.0110199972987175 0.0898000299930573 0.285599187016487
0.988979995250702 0.956337213516235 0.967242121696472 1 1 1 1 1 1 1 1 1 1 1 1 1 1 1 1 1 1 1 1 1 1 1 1 1 1 1 1 1 1 1 1 1 1 1 1 1 1 1 1 0.988979995250702 1 1 0.901812702417374 0.868982881307602 0.815580487251282 0.637447848916054 0.41150913760066 0.390893399715424 0.412818305194378 0.20671845600009 0.0389008782804012 0.0388145595788956 0 0 0 0 0.492907494306564 0.482031345367432 0.492893099784851 0 0 0 0.0789238959550858 0.0978995859622955
