data-raw/DATASET_PNE/a_DATA/PFGS/ENVSUIT_A1B/HS_f90_H1_alpines.asc
NCOLS 619 
NROWS 782 
XLLCORNER 876826 
YLLCORNER 1947424 
CELLSIZE 100 
NODATA_value -9999 
[rows 70 to 104 of 782, columns 237 to 315 of 619]
0 0 0 0 0 0 0 0 0 0 0 0 0 0 0 0 0 0 0 0 0 0 0 0 0 0 0.473802330599914 0.617091066033664 0.783225435189181 0.961358077974392 1 1 1 1 1 1 1 1 0.941677456481082 0.882952093223996 0.663559200115091 0.644022442813984 0.539260538052079 0.378161415623651 0.212775140267587 0.193583657027766 0.193583657027766 0.23481513451302 0.744525967486693 0.824025320097828 0.934570565386275 1 1 1 1 1 1 1 1 1 1 1 0.961156668105309 0.919781326427852 0.510746655157531 0.471730686232197 0.491267443533305 0.430269026039419 0.154596460940872 0.076852251474608 0.174219536757301 0.388951230038843 0.488706660912099 0.388951230038843 0.232398216084017 0.38874982016976 0.470176952956409 0.813580779743922 0.361617033520357
0 0 0 0 0 0 0 0 0 0 0 0 0 0 0 0 0 0 0 0 0 0 0 0 0 0.0191914832398216 0.515321536469573 0.724442526255215 0.822270176952956 0.980520788375773 1 1 1 1 1 1 0.941677456481082 0.863300244569127 0.622270176952956 0.251819882031362 0.193411019997123 0.174219536757301 0.154596460940872 0.131146597611854 0.0577183139116674 0 0.0384117393180837 0.156783196662351 0.212775140267587 0.7640627247878 0.980837289598619 0.978190188462092 1 1 1 1 1 1 1 1 1 1 0.980837289598619 0.919752553589412 0.554308732556467 0.532556466695439 0.515235217954251 0.291094806502662 0.369414472737736 0.349762624082866 0.293482952093224 0.4303265717163 0.532124874118832 0.0218098115379082 0.254265573298806 0.646007768666379 0.798618903754855 0.339807221982449 0.0986620630125162
0 0 0 0 0 0 0 0 0 0 0 0 0 0 0 0 0 0 0 0 0 0 0 0 0.0434469860451734 0.0191914832398216 0.554395051071788 0.763861314918717 0.902172349302259 0.961358077974392 1 1 1 0.961358077974392 0.941677456481082 0.941677456481082 0.824025320097828 0.522169472018415 0.212775140267587 0.0963026902603942 0 0 0 0 0 0 0 0.0577183139116674 0.193583657027766 0.659473457056539 0.941677456481082 1 1 1 1 1 1 1 1 1 1 1 0.980837289598619 0.898144151920587 0.679038987196087 0.554308732556467 0.473773557761473 0.174219536757301 0.27190332326284 0.391166738598763 0.410703495899871 0.410703495899871 0.388951230038843 0.0218098115379082 0.174219536757301 0.273687239246152 0.120845921450151 0.0409437491008488 0
0 0 0 0 0 0 0 0 0 0 0 0 0 0 0 0 0 0 0 0 0 0 0 0 0.0407998849086462 0.497655013667098 0.597813264278521 0.902172349302259 0.941677456481082 0.941677456481082 0.941677456481082 0.941677456481082 0.922399654725939 0.883757732700331 0.665630844482808 0.643878578621781 0.212775140267587 0.195971802618328 0.0384117393180837 0 0 0 0 0 0 0 0 0 0.193583657027766 0.528355632283125 0.862667242123435 1 1 1 1 1 1 1 1 1 1 1 0.980837289598619 0.941677456481082 0.818414616601928 0.574363400949504 0.512962163717451 0.271299093655589 0.371514889943893 0.371514889943893 0.193583657027766 0.410703495899871 0.310602790965329 0 0 0.076852251474608 0.0218098115379082 0 0
0 0 0 0 0 0 0 0 0 0 0 0 0 0 0 0 0 0 0 0 0 0 0 0 0.212832685944468 0.554136095525824 0.66068191627104 0.961358077974392 0.902172349302259 0.72418357070925 0.704445403539059 0.704445403539059 0.554395051071788 0.212775140267587 0.212775140267587 0.174219536757301 0.0191627104013811 0.0654006617752841 0 0 0 0 0 0 0 0 0 0 0.174219536757301 0.275989066321393 0.824025320097828 1 1 1 1 1 1 1 1 1 1 1 0.980837289598619 0.941677456481082 0.876305567544238 0.593727521219968 0.510746655157531 0.512962163717451 0.368954107322687 0.254236800460365 0.174219536757301 0.259185728672134 0.488706660912099 0.0217522658610272 0 0.0191627104013811 0.0191627104013811 0 0
0 0 0 0 0 0 0 0 0 0 0 0 0 0 0 0 0 0 0 0 0 0.0218385843763487 0 0.0435333045604949 0.436426413465688 0.619565530139548 0.941677456481082 0.699755430873256 0.619565530139548 0.576003452740613 0.639073514602216 0.534714429578478 0.135030930801324 0.0963026902603942 0 0 0.0216084016688246 0 0 0 0 0 0 0 0 0 0 0 0.174219536757301 0.336958710976838 0.863760609984175 0.978190188462092 1 1 1 1 1 1 1 1 1 1 0.980837289598619 0.941677456481082 0.85449575600633 0.593727521219968 0.532556466695439 0.493425406416343 0.329938138397353 0.193583657027766 0.076852251474608 0.195971802618328 0.410703495899871 0.120414328873543 0.0217522658610272 0.0962739174219537 0.0409149762624083 0.0409149762624083 0.0191627104013811
0 0 0 0 0 0 0 0 0 0 0 0 0 0 0 0 0 0 0 0 0 0.0217522658610272 0.0216084016688246 0.169184290030211 0.514976262408287 0.680391310602791 0.941677456481082 0.556610559631708 0.408142713278665 0.578449144008056 0.534685656740037 0.408142713278665 0 0 0 0 0 0 0 0 0 0 0 0 0 0 0 0 0.176348726801899 0.419335347432024 0.863760609984175 0.978190188462092 1 1 1 1 1 1 1 1 1 1 1 0.941677456481082 0.854697165875414 0.77695295640915 0.532498921018558 0.53482952093224 0.368954107322687 0.193583657027766 0.0191627104013811 0.0409149762624083 0.276046611998274 0.193583657027766 0 0 0.0217522658610272 0.0217522658610272 0.174219536757301
0 0 0 0 0 0 0 0 0 0 0 0 0 0 0 0 0 0 0 0 0 0 0.0434469860451734 0.120356783196662 0.408142713278665 0.592634153359229 0.408142713278665 0.388605955977557 0.388605955977557 0.310545245288448 0.408142713278665 0 0.0433606675298518 0 0 0 0 0 0 0 0 0 0 0 0 0 0 0 0.174219536757301 0.499928067903899 0.863760609984175 1 1 1 1 1 1 1 1 1 1 1 1 0.980837289598619 0.85449575600633 0.748036253776435 0.488994389296504 0.53710257516904 0.232196806214933 0.0963026902603942 0 0.0962739174219537 0.256567400374047 0.252078837577327 0.193583657027766 0 0 0.0577183139116674 0.388951230038843
0 0 0 0 0 0 0 0 0 0 0 0 0 0 0 0 0 0 0 0 0 0 0.0218961300532298 0.0434469860451734 0.213005322975111 0.135030930801324 0.0384692849949648 0.076852251474608 0.349762624082866 0.174219536757301 0.27190332326284 0 0 0 0 0 0 0 0 0 0 0 0 0 0 0 0 0 0.217580204287153 0.598187311178248 0.859674866925622 0.978190188462092 1 1 1 1 1 1 1 1 1 1 1 0.980837289598619 0.897856423536182 0.687584520212919 0.469457631995396 0.517450726514171 0.193411019997123 0.076852251474608 0.174219536757301 0.393324701481801 0.412976550136671 0.200633002445691 0 0.369414472737736 0.369414472737736 0.193583657027766 0.388951230038843
0 0 0 0 0 0 0 0 0 0 0 0 0 0 0 0 0 0 0 0.0652567975830816 0 0 0 0.0437347144295785 0 0 0 0.0384692849949648 0.193583657027766 0.213005322975111 0 0 0 0 0 0 0 0 0 0 0 0 0 0 0 0 0 0 0.193583657027766 0.744525967486693 0.835361818443389 0.978190188462092 1 1 1 1 1 1 1 1 1 1 1 1 0.941677456481082 0.687584520212919 0.513019709394332 0.478434757588836 0.329938138397353 0.193583657027766 0.154596460940872 0.118026183282981 0.281081858725363 0.295640914976262 0.0191627104013811 0 0.176204862609696 0.193583657027766 0.388951230038843
0 0 0 0 0 0 0 0 0 0 0 0 0 0 0 0 0 0 0 0.0216084016688246 0 0 0.108847647820457 0.0869227449287872 0 0 0.0191627104013811 0.076852251474608 0.11572435620774 0.193583657027766 0.0872104733131923 0 0 0 0 0 0 0 0 0 0 0 0 0 0 0 0 0 0.261343691555172 0.722629837433463 0.857114084304417 1 1 1 1 1 1 1 1 1 1 1 1 1 0.917623363544814 0.706948640483384 0.576176089771256 0.600460365415048 0.493310315062581 0.563343403826787 0.195971802618328 0.076852251474608 0.259185728672134 0.432513307437779 0.393324701481801 0.118313911667386 0.0382966479643217 0 0.291123579341102
0 0 0 0 0 0 0 0 0 0 0 0 0 0 0 0 0 0 0 0 0 0 0 0 0 0 0 0 0.369414472737736 0.0872392461516329 0 0 0 0 0 0 0 0 0 0 0 0 0 0 0 0 0 0 0.258811681772407 0.80448856279672 0.791684649690692 1 1 1 1 1 1 1 1 1 1 1 1 1 0.912818299525248 0.725909941015681 0.687584520212919 0.554452596748669 0.641605524384981 0.622155085599194 0.448136958710977 0.0191627104013811 0.174219536757301 0.393324701481801 0.412976550136671 0.22019853258524 0.0191627104013811 0 0
0 0 0 0 0 0 0 0 0 0 0 0 0 0 0 0 0 0 0 0 0 0 0 0 0 0 0 0.135289886347288 0.0191627104013811 0 0 0 0 0 0 0 0 0 0 0 0 0 0 0 0 0 0 0.062811106315638 0.234527406128615 0.824025320097828 1 1 1 1 1 1 1 1 1 1 1 1 1 1 1 0.828197381671702 0.587455042439937 0.687584520212919 0.772378075097108 0.598072219824486 0.600460365415048 0.285685512875845 0.176348726801899 0.343921737879442 0.432513307437779 0.478521076104158 0.154596460940872 0 0
0 0 0 0 0 0 0 0 0 0 0 0 0 0 0 0 0 0 0 0 0 0 0 0 0 0 0 0 0 0 0 0 0 0 0 0 0 0 0 0 0 0 0 0 0 0 0.0577183139116674 0.215335922888793 0.645978995827938 0.752956409149763 1 1 1 1 1 1 1 1 1 1 1 1 1 1 1 0.847360092073083 0.745130197093943 0.547834843907351 0.726226442238527 0.769903610991224 0.660969644655445 0.458495180549561 0.280995540210042 0.348956984606531 0.565875413609553 0.432513307437779 0.319982736296936 0 0
0 0 0 0 0 0 0 0 0 0 0 0 0 0 0 0 0 0 0 0 0 0 0 0 0 0 0 0 0 0 0 0 0 0 0 0 0 0 0 0 0 0 0 0 0 0 0.241720615738743 0.528557042152208 0.780290605668249 0.959228887929794 1 1 1 1 1 1 1 1 1 1 1 1 1 1 1 1 0.847302546396202 0.686577470867501 0.626096964465545 0.704186447993094 0.769903610991224 0.774910084879873 0.622298949791397 0.406847935548842 0.368148467846353 0.563688677888074 0.458811681772407 0.076852251474608 0.0575456768810243
0 0 0 0 0 0 0 0 0 0 0 0 0 0 0 0 0 0 0 0 0 0 0 0 0 0 0 0 0 0 0 0 0 0 0 0 0 0 0 0 0 0 0 0.0218098115379082 0 0.195971802618328 0.50671845777586 0.824025320097828 0.978391598331175 1 1 1 1 1 1 1 1 1 1 0.959228887929794 1 1 1 1 1 1 1 0.890663213926054 0.850064738886491 0.74550424399367 0.74774852539203 0.748093799453316 0.682808229031794 0.663444108761329 0.346309883470004 0.448136958710977 0.237375917134225 0.11572435620774 0.193583657027766
0 0 0 0 0 0 0 0 0 0 0 0 0 0 0 0 0 0 0 0 0 0 0 0 0 0 0 0 0 0 0 0 0 0 0 0 0 0 0 0 0 0 0 0.174564810818587 0.280535174794994 0.584980578334053 0.709308013235506 0.978247734138973 1 1 1 1 1 1 1 1 1 0.980837289598619 0.980837289598619 1 1 1 1 1 1 1 1 0.956466695439505 0.934714429578478 0.764983455617897 0.723464249748238 0.791655876852251 0.750625809236081 0.682808229031794 0.602762192490289 0.324500071932096 0.351057401812689 0.0191627104013811 0.217810386994677
0 0 0 0 0 0 0 0 0 0 0 0 0 0 0 0 0 0 0 0 0 0 0 0 0 0 0 0 0 0 0 0 0 0 0 0 0 0 0 0 0 0.0218098115379082 0.131146597611854 0.215335922888793 0.62414041145159 0.709308013235506 0.959228887929794 1 1 1 1 1 1 1 1 1 0.980837289598619 0.941677456481082 0.980837289598619 1 1 1 1 1 1 1 1 1 0.934570565386275 0.825694144727377 0.764983455617897 0.704186447993094 0.769615882606819 0.750625809236081 0.689915120126601 0.326686807653575 0.169500791253057 0 0.0216084016688246
0 0 0 0 0 0 0 0 0 0 0 0 0 0 0 0 0 0 0 0 0 0 0 0 0 0 0 0 0 0 0 0 0 0 0 0 0 0 0 0 0.0218098115379082 0.109250467558625 0.142540641634297 0.584980578334053 0.802215508559919 0.895957416199108 1 1 1 1 1 1 1 1 1 0.961156668105309 0.941677456481082 0.941677456481082 1 1 1 1 1 1 1 1 1 1 0.956466695439505 1 0.803826787512588 0.742943461372464 0.745274061286146 0.725996259531003 0.728815997698173 0.368062149331031 0.172090346712703 0.0217522658610272 0.0216084016688246
0 0 0 0 0 0 0 0 0 0 0 0 0 0 0 0 0 0 0 0 0 0 0 0 0 0 0 0 0 0 0 0 0 0 0 0 0 0 0 0 0.0437347144295785 0.196460940871817 0.404891382534887 0.837836282549273 0.980837289598619 1 1 1 1 1 1 1 1 1 0.980837289598619 0.941677456481082 0.941677456481082 1 1 1 1 1 1 1 1 1 1 1 1 0.956639332470148 0.89100848798734 0.847388864911523 0.786620630125162 0.745331606963027 0.706459502229895 0.374910084879873 0.268393036973097 0.0847647820457488 0
0 0 0 0 0 0 0 0 0 0 0 0 0 0 0 0 0 0 0 0 0 0 0 0 0 0 0 0 0 0 0 0 0 0 0 0 0 0 0 0 0.0437347144295785 0.166594734570565 0.625895554596461 0.919752553589412 1 1 1 1 1 1 1 1 1 1 0.941677456481082 0.941677456481082 0.919781326427852 0.956351604085743 1 1 1 1 1 1 1 1 1 1 1 1 0.934743202416918 0.847388864911523 0.786620630125162 0.767141418500935 0.704186447993094 0.51742195367573 0.368148467846353 0.131089051934973 0.06517047906776
0 0 0 0 0 0 0 0 0 0 0 0 0 0 0 0 0 0 0 0 0 0 0 0 0 0 0 0 0 0 0 0 0 0 0 0 0 0 0 0 0.131089051934973 0.191166738598763 0.631218529707956 0.898000287728384 1 1 1 1 1 1 1 1 0.939548266436484 0.941677456481082 0.876248021867357 0.876449431736441 0.97810386994677 0.939260538052079 1 1 1 1 1 1 1 1 1 1 1 1 1 0.825463962019853 0.786620630125162 0.767141418500935 0.725996259531003 0.684908646237951 0.440914976262408 0.309653287296792 0.268651992519062
0 0 0 0 0 0 0 0 0 0 0 0 0 0 0 0 0 0 0 0 0 0 0 0 0 0 0 0 0 0 0 0 0 0 0 0 0 0 0 0 0.0654869802906057 0.186073946194792 0.650870378362825 0.941677456481082 1 1 1 1 1 1 1 0.897856423536182 0.898144151920587 0.941677456481082 0.919781326427852 0.97810386994677 0.941677456481082 0.980837289598619 1 1 1 1 1 1 1 1 1 1 1 1 1 0.891094806502661 0.825348870666091 0.786620630125162 0.723464249748238 0.704186447993094 0.556121421378219 0.368148467846353 0.38990073370738
0 0 0 0 0 0 0 0 0 0 0 0 0 0 0 0 0 0 0 0 0 0 0 0 0 0 0 0 0 0 0 0 0 0 0 0 0 0 0 0 0.109250467558625 0.280966767371601 0.689771255934398 0.941677456481082 1 1 1 0.961156668105309 0.941677456481082 0.898144151920587 0.898144151920587 0.898144151920587 0.920069054812257 0.97810386994677 0.847503956265286 0.958941159545389 0.920069054812257 1 1 1 1 1 1 1 1 1 1 1 1 1 1 0.891094806502661 0.803826787512588 0.742943461372464 0.745331606963027 0.74774852539203 0.688591569558337 0.536268162854266 0.379657603222558
0 0 0 0 0 0 0 0 0 0 0 0 0 0 0 0 0 0 0 0 0 0 0 0 0 0 0 0 0 0 0 0 0 0 0 0 0 0 0 0 0.152754999280679 0.34383541936412 0.689771255934398 0.961156668105309 0.980837289598619 0.961156668105309 0.941677456481082 0.941677456481082 0.837692418357071 0.791655876852251 0.876132930513595 0.919781326427852 0.91290461804057 0.891152352179542 0.97810386994677 0.854610847360092 0.917652136383254 1 1 1 1 1 1 1 1 1 1 1 1 1 1 0.912703208171486 0.803826787512588 0.781786793267156 0.764753272910373 0.723464249748238 0.684189325276939 0.769615882606819 0.713422529132499
0 0 0 0 0 0 0 0 0 0 0 0 0 0 0 0 0 0 0 0 0 0 0 0 0 0 0 0 0 0 0 0 0 0 0 0 0 0 0 0.118112501798302 0.207970076248022 0.322227017695296 0.750222989497914 0.961156668105309 0.941677456481082 0.941677456481082 0.941677456481082 0.876449431736441 0.876449431736441 0.919781326427852 0.97810386994677 0.919781326427852 0.898172924759027 0.876449431736441 0.876449431736441 0.876449431736441 0.939260538052079 1 1 1 1 1 1 1 1 1 1 1 0.97810386994677 1 0.97807509710833 1 0.891094806502661 0.825348870666091 0.825348870666091 0.742943461372464 0.704186447993094 0.769615882606819 0.747806071068911
0 0 0 0 0 0 0 0 0 0 0 0 0 0 0 0 0 0 0 0 0 0 0 0 0 0 0 0 0 0 0 0 0 0 0 0 0 0 0.0963026902603942 0.210473313192346 0.278405984750396 0.359142569414473 0.941677456481082 0.941677456481082 0.941677456481082 0.898345561789671 0.832858581499065 0.901999712271616 1 0.891181125017983 0.919781326427852 0.854610847360092 0.854409437491008 0.876449431736441 0.854409437491008 0.876449431736441 0.895928643360667 0.895928643360667 1 1 1 1 1 1 1 1 1 1 1 0.934887066609121 0.956322831247303 0.97807509710833 0.891094806502661 0.803539059128183 0.825348870666091 0.803539059128183 0.723464249748238 0.704186447993094 0.769615882606819
0 0 0 0 0 0 0 0 0 0 0 0 0 0 0 0 0 0 0 0 0 0 0 0 0 0 0 0 0 0 0 0 0 0 0 0 0 0.106488275068335 0.215566105596317 0.324500071932096 0.56964465544526 0.941677456481082 0.941677456481082 0.920069054812257 0.898115379082146 0.832858581499065 0.854466983167889 1 1 0.830786937131348 0.832858581499065 0.832858581499065 0.789066321392605 0.789066321392605 0.789066321392605 0.847388864911523 0.850266148755575 0.767141418500935 0.786620630125162 0.97810386994677 1 1 1 1 1 0.97810386994677 1 1 0.978391598331175 0.891152352179542 0.978247734138973 0.97807509710833 0.97807509710833 0.803539059128183 0.825348870666091 0.781786793267156 0.742943461372464 0.745331606963027 0.747806071068911
0 0 0 0 0 0 0 0 0 0 0 0 0 0 0 0 0 0 0 0 0 0 0 0 0 0 0 0 0 0 0 0 0 0 0 0 0.0218098115379082 0.270723636886779 0.251532153646957 0.470435908502374 0.941677456481082 0.941677456481082 0.941677456481082 0.842785210761042 0.862063012516185 0.901827075240972 1 0.825636599050496 0.895899870522227 0.854466983167889 0.810933678607395 0.810933678607395 0.767141418500935 0.767141418500935 0.767141418500935 0.767141418500935 0.767141418500935 0.745274061286146 0.767141418500935 0.828053517479499 0.934771975255359 1 1 0.97807509710833 1 1 1 1 1 1 1 0.934426701194073 0.781786793267156 0.869227449287872 0.781786793267156 0.825348870666091 0.781786793267156 0.742943461372464 0.704186447993094
0 0 0 0 0 0 0 0 0 0 0 0 0 0 0 0 0 0 0 0 0 0 0 0 0 0 0 0 0 0 0 0 0 0 0 0 0.0218098115379082 0.311868795856711 0.271068910948065 0.724327434901453 0.941677456481082 0.941677456481082 0.823133362106172 0.823133362106172 0.941677456481082 0.978161415623651 0.956409149762624 0.891181125017983 0.876219249028917 0.854466983167889 0.854466983167889 0.810933678607395 0.791655876852251 0.767141418500935 0.745331606963027 0.745274061286146 0.745274061286146 0.767141418500935 0.767141418500935 0.828053517479499 0.84721622788088 0.934771975255359 1 0.97807509710833 1 1 1 1 1 1 1 0.97807509710833 0.9561789670551 0.847273773557761 0.781786793267156 0.825694144727377 0.781786793267156 0.781786793267156 0.704186447993094
0 0 0 0 0 0 0 0 0 0 0 0 0 0 0 0 0 0 0 0 0 0 0 0 0 0 0 0 0 0 0 0 0 0 0 0.0218098115379082 0.0409725219392893 0.389785642353618 0.32921881743634 0.922399654725939 0.941677456481082 0.919838872104733 0.842785210761042 0.941677456481082 0.956409149762624 0.891152352179542 0.912760753848367 1 0.941677456481082 0.832714717306862 0.835189181412746 0.835189181412746 0.878837577327003 0.878837577327003 0.813436915551719 0.810789814415192 0.811106315638038 0.767141418500935 0.786620630125162 0.806301251618472 0.84721622788088 0.84721622788088 1 0.97807509710833 0.97807509710833 1 0.97807509710833 0.97807509710833 0.97807509710833 0.97807509710833 0.9561789670551 0.97807509710833 1 0.934340382678751 0.847273773557761 0.781786793267156 0.781786793267156 0.847388864911523 0.786678175802043
0 0 0 0 0 0 0 0 0 0 0 0 0 0 0 0 0 0 0 0 0 0 0 0 0 0 0 0 0 0 0 0 0 0 0 0.0218098115379082 0.0795281254495756 0.367860739461948 0.509250467558625 0.919838872104733 1 0.90056107034959 0.842785210761042 1 0.912990936555891 0.934599338224716 0.934484246870954 0.956409149762624 1 0.882146453747662 0.857085311465976 0.857085311465976 0.876363113221119 0.915522946338656 0.89604373471443 0.854610847360092 0.876363113221119 0.767141418500935 0.767141418500935 0.786620630125162 0.825463962019853 0.825463962019853 0.84721622788088 0.934628111063156 1 0.868623219680621 0.9561789670551 0.9561789670551 0.934369155517192 0.89043303121853 0.890576895410732 0.912616889656164 0.934340382678751 1 0.847503956265286 0.781786793267156 0.781786793267156 0.781786793267156 0.781786793267156
0 0 0 0 0 0 0 0 0 0 0 0 0 0 0 0 0 0 0 0 0 0 0 0 0 0 0 0 0 0 0 0 0 0 0 0.0218098115379082 0.142454323118976 0.256567400374047 0.922399654725939 0.898115379082146 0.919838872104733 0.878837577327003 0.823133362106172 1 1 1 0.912875845202129 0.912760753848367 0.934685656740037 1 0.978247734138973 0.86911235793411 0.847503956265286 0.825694144727377 0.825694144727377 0.854610847360092 0.789181412746367 0.767141418500935 0.767141418500935 0.786620630125162 0.786620630125162 0.764810818587254 0.781786793267156 0.825636599050496 0.781786793267156 0.803826787512588 0.803539059128183 0.803539059128183 0.781786793267156 0.781786793267156 0.825147460797008 0.912616889656164 0.847503956265286 1 1 0.869256222126313 0.781786793267156 0.781786793267156 0.781786793267156
0 0 0 0 0 0 0 0 0 0 0 0 0 0 0 0 0 0 0 0 0 0 0 0 0 0 0 0 0 0 0 0 0 0 0 0.0218098115379082 0.0795281254495756 0.237404689972666 0.863933247014818 0.919838872104733 0.919838872104733 0.878837577327003 0.813408142713279 0.878837577327003 1 1 0.978276506977413 0.912760753848367 0.934685656740037 0.912760753848367 1 0.978276506977413 0.89103726082578 0.825694144727377 0.847503956265286 0.854610847360092 0.791512012660049 0.767141418500935 0.745331606963027 0.745331606963027 0.745331606963027 0.767141418500935 0.742943461372464 0.781786793267156 0.781786793267156 0.781786793267156 0.781786793267156 0.781786793267156 0.781786793267156 0.781786793267156 0.781786793267156 0.847503956265286 0.86911235793411 1 1 1 0.978247734138973 0.781786793267156 0.781786793267156
0 0 0 0 0 0 0 0 0 0 0 0 0 0 0 0 0 0 0 0 0 0 0 0 0 0 0 0 0 0 0 0 0 0 0 0 0.0384117393180837 0.19381383973529 0.623248453459934 0.898115379082146 0.919838872104733 0.898115379082146 0.878837577327003 0.90056107034959 0.91293339087901 0.961358077974392 0.939605812113365 1 0.978276506977413 0.878981441519206 0.820658898000288 0.839764062724788 0.934685656740037 0.89103726082578 0.893770680477629 0.835189181412746 0.769903610991224 0.767141418500935 0.788893684361962 0.767141418500935 0.767141418500935 0.723464249748238 0.723464249748238 0.723464249748238 0.742943461372464 0.742943461372464 0.781786793267156 0.781786793267156 0.803596604805064 0.825463962019853 0.781786793267156 0.847072363688678 0.847503956265286 1 1 1 0.978247734138973 0.847446410588405 0.781786793267156
