data-raw/DATASET_PNE/a_DATA/PFGS/ENVSUIT_A1B/HS_f30_H1_alpines.asc
NCOLS 619 
NROWS 782 
XLLCORNER 876826 
YLLCORNER 1947424 
CELLSIZE 100 
NODATA_value -9999 
[rows 561 to 593 of 782, columns 300 to 374 of 619]
0 0 0 0 0 0 0 0 0 0 0 0 0 0 0 0 0 0 0 0 0 0 0 0 0 0 0 0 0 0 0 0.0217522658610272 0.0218961300532298 0 0 0.0217234930225867 0.0652567975830816 0.0654582074521651 0.0655445259674867 0.153042727665084 0 0.0218673572147892 0 0.0218673572147892 0.0218673572147892 0.0219249028916703 0.10896273917422 0.128010358221839 0.343979283556323 0.805006473888649 0.765990504963315 0.567774420946626 0.802618328298087 0.802618328298087 0.547719752553589 0.315120126600489 0.276593295928643 0.295756006330024 0.528355632283125 0.547719752553589 1 1 1 1 1 1 1 1 1 1 1 1 1 1 1
0 0 0 0 0 0 0 0 0 0 0 0 0 0 0 0 0 0 0 0 0 0 0 0 0 0 0 0 0 0 0 0 0 0 0 0.0219249028916703 0.10896273917422 0.131002733419652 0.174564810818587 0.0872967918285139 0.0218673572147892 0.281139404402244 0 0 0.043763487268019 0.0872967918285139 0.130657459358366 0.256941447273774 0.297885196374622 0.528355632283125 0.980463242698892 0.547719752553589 0.862437059415911 0.862437059415911 0.822298949791397 0.567774420946626 0.315235217954251 0.334397928355632 0.548410300676162 0.82192490289167 0.978161415623651 0.978247734138973 1 1 1 1 1 1 1 1 1 1 1 0.978161415623651 1
0 0 0 0 0 0 0 0 0 0 0 0 0 0 0 0 0 0 0 0 0 0 0 0 0 0 0 0 0 0 0 0.152639907926917 0 0 0.0655445259674867 0.152754999280679 0.193785066896849 0.237404689972666 0.152754999280679 0.0655445259674867 0.043763487268019 0.215451014242555 0.0577183139116674 0.0218673572147892 0.0656883901596892 0.0874118831822759 0.172061573874263 0.256941447273774 0.384951805495612 0.547719752553589 1 0.78541217091066 1 1 0.824830959574162 0.78541217091066 0.547719752553589 0.547719752553589 0.956437922601065 0.978161415623651 0.934599338224716 1 1 1 1 1 1 1 1 1 1 1 1 1 0.978247734138973
0 0 0 0 0 0 0 0 0 0 0 0 0 0 0 0 0 0 0 0 0 0 0 0 0 0 0 0 0 0 0 0.130772550712128 0 0 0.152754999280679 0.215652424111639 0.215652424111639 0.470176952956409 0.152754999280679 0.0438210329449 0.043763487268019 0.0628974248309596 0.281110631563804 0.193583657027766 0.109164149043303 0.174564810818587 0.237404689972666 0.256941447273774 0.363228312473025 0.549705078405985 1 1 1 1 1 1 1 0.978276506977413 0.934599338224716 0.934599338224716 1 1 1 1 1 1 1 1 1 1 1 1 1 1 1
0 0 0 0 0 0 0 0 0 0 0 0 0 0 0 0 0 0 0 0 0 0 0 0 0 0 0 0 0 0 0 0.0871241547978708 0 0.0219249028916703 0.131002733419652 0.256941447273774 0.256941447273774 0.295727233491584 0.150194216659473 0.130945187742771 0.0874406560207164 0.0436483959142569 0.193583657027766 0.193583657027766 0.200719320961013 0.389958279384261 0.276075384836714 0.276593295928643 0.276593295928643 0.571629981297655 1 1 1 1 1 1 0.978276506977413 1 0.978161415623651 1 1 1 1 1 1 1 1 1 1 1 1 1 1 1 0.956409149762624
0 0 0 0 0 0 0 0 0 0 0 0 0 0 0 0 0 0 0 0 0 0 0 0 0 0 0 0 0 0.0217522658610272 0 0 0 0.0438210329449 0.215652424111639 0.489454754711552 0.256941447273774 0.276593295928643 0.237404689972666 0.152754999280679 0.109192921881744 0.0655732988059272 0.120817148611711 0.193583657027766 0.283556322831247 0.430988347000432 0.353618184433894 0.276593295928643 0.470435908502374 0.593669975543087 1 1 1 1 1 1 1 0.978161415623651 1 1 1 1 1 1 1 1 1 1 1 1 1 1 1 1 0.978161415623651
0 0 0 0 0 0 0 0 0 0 0 0 0 0 0 0 0 0 0 0 0 0 0 0 0 0 0 0 0 0.109049057689541 0 0.167227737016257 0.196460940871817 0.215652424111639 0.256941447273774 0.295957416199108 0.276593295928643 0.489541073226874 0.470176952956409 0.237404689972666 0.0630125161847216 0.290231621349446 0.278348439073515 0.300071932096101 0.36797583081571 0.489598618903755 0.295957416199108 0.354049777010502 0.552467270896274 0.936814846784635 1 1 1 1 1 1 1 1 1 1 1 1 1 1 1 1 1 1 1 1 1 1 1 1 0.956409149762624
0 0 0 0 0 0 0 0 0 0 0 0 0 0 0 0 0 0 0 0 0 0 0 0 0 0 0 0 0.0655445259674867 0.109250467558625 0.324557617608977 0.290720759602935 0.346223564954683 0.385124442526255 0.271126456624946 0.273514602215509 0.431160984031075 0.665889800028773 0.743087325564667 0.470176952956409 0.470176952956409 0.470176952956409 0.509077830527982 0.237404689972666 0.256941447273774 0.276593295928643 0.334513019709394 0.409351172493166 0.832944900014386 1 1 1 1 1 1 1 1 1 1 1 1 1 1 1 1 1 1 1 1 1 1 1 1 1 1
0 0 0 0 0 0 0 0 0 0 0 0 0 0 0 0 0 0 0 0 0 0 0 0 0 0 0.0436196230758164 0.174334628111063 0.196173212487412 0.0655157531290462 0.348813120414329 0.387483815278377 0.528355632283125 0.52809667673716 0.511149474895698 0.469860451733564 0.354136095525824 0.665889800028773 0.802532009782765 0.508818874982017 0.684649690691987 0.489541073226874 0.431506258092361 0.235074090058984 0.508818874982017 0.353704502949216 0.489167026327147 0.654668393036973 0.956351604085743 0.956466695439505 1 1 1 1 1 1 1 1 1 1 1 1 1 1 1 1 1 1 1 1 1 1 1 1 1
0 0 0 0 0 0 0 0 0 0 0 0 0 0 0 0 0 0 0 0 0 0 0 0 0.0436771687526974 0.0655732988059272 0.174334628111063 0.174334628111063 0 0.232858581499065 0.172004028197382 0.450525104301539 0.549705078405985 0.758567112645662 0.549705078405985 0.61795425118688 0.354136095525824 0.354136095525824 0.411854409437491 0.56742914688534 0.56742914688534 0.508818874982017 0.372982304704359 0.489454754711552 0.822298949791397 0.822298949791397 0.844310171198389 0.978161415623651 0.978190188462092 1 1 1 1 1 1 1 1 1 1 1 1 1 1 1 1 1 1 1 1 1 1 1 1 1 1
0 0 0 0 0 0 0 0 0 0 0 0 0 0 0 0 0 0 0 0 0 0 0 0 0.196173212487412 0 0 0.0436483959142569 0.174852539202992 0.213062868651993 0.404603654150482 0.673687239246152 0.695439505107179 0.919608689397209 1 0.494029636023594 0.921852970795569 0.567774420946626 0.354136095525824 0.547719752553589 0.528355632283125 0.450611422816861 0.469860451733564 0.431160984031075 0.528355632283125 0.746309883470004 0.882923320385556 0.956351604085743 1 1 1 1 1 1 1 1 1 1 1 1 1 1 1 1 1 1 1 1 1 1 1 1 1 1 1
0 0 0 0 0 0 0 0 0 0 0 0 0 0 0 0 0 0 0 0 0 0 0 0 0.0219249028916703 0 0.15281254495756 0.268306718457776 0.406876708387282 0.446237951373903 0.919925190620055 1 0.978161415623651 1 1 1 1 0.74662638469285 0.659070637318371 0.637318371457344 0.571745072651417 0.615278377211912 0.63257085311466 0.802215508559919 0.941447273773558 0.978161415623651 0.956351604085743 0.934599338224716 1 1 1 1 1 1 1 1 1 1 1 1 1 1 1 1 1 1 1 1 1 1 1 1 1 1 1
0 0 0 0 0 0 0 0 0 0 0 0 0 0 0 0 0 0 0 0 0 0 0 0.0436196230758164 0 0.324557617608977 0.290058984318803 0.470176952956409 0.791454466983168 1 1 1 0.956351604085743 0.978276506977413 1 1 1 1 1 0.978161415623651 0.912875845202129 0.956351604085743 0.956351604085743 0.956351604085743 0.956351604085743 1 0.956466695439505 1 1 1 1 0.978161415623651 0.978247734138973 1 1 1 1 1 1 1 1 1 1 1 1 1 1 1 1 1 1 1 1 1 1
0 0 0 0 0 0 0 0 0 0 0 0 0 0 0 0 0 0 0 0 0 0 0 0.0436196230758164 0 0.365875413609553 0.319608689397209 0.630297798877859 0.978161415623651 1 1 1 0.956351604085743 0.956351604085743 0.912674435333046 1 1 0.956466695439505 1 0.956351604085743 0.934599338224716 0.956437922601065 0.934599338224716 1 0.956524241116386 1 1 1 1 1 1 0.869054812257229 0.934714429578478 1 1 0.956466695439505 1 1 1 1 1 1 1 1 1 1 1 1 1 1 1 1 1 1 1
0 0 0 0 0 0 0 0 0 0 0 0 0 0 0 0 0 0 0 0 0 0 0.0655445259674867 0.130772550712128 0.0437347144295785 0.409236081139404 0.791454466983168 1 0.978190188462092 1 1 1 1 1 1 1 1 0.978247734138973 1 1 1 1 1 1 1 1 1 1 1 1 1 1 1 1 1 1 1 1 1 1 0.978247734138973 1 1 1 1 1 1 1 1 1 1 1 1 1 1
0 0 0 0 0 0 0 0 0 0 0 0 0 0 0 0 0 0 0 0 0 0 0.130772550712128 0.130973960581211 0.13091641490433 0.450525104301539 0.917767227737016 1 0.978276506977413 1 1 1 1 1 1 1 1 1 1 1 1 1 1 1 1 1 1 1 1 0.956437922601065 1 1 1 1 1 1 1 1 0.978276506977413 1 1 1 1 0.978247734138973 0.978276506977413 1 1 1 1 1 1 1 1 1 1
0 0 0 0 0 0 0 0 0 0 0 0 0 0 0 0 0 0 0 0 0 0.152582362250036 0 0.0654582074521651 0.365587685225147 0.714141850093512 1 1 1 1 1 1 1 1 1 1 1 1 1 1 1 1 0.934714429578478 1 0.934599338224716 1 1 1 0.956351604085743 0.917162998129765 1 0.86347288159977 0.744008056394763 0.883095957416199 0.844079988490865 1 1 1 1 1 1 1 1 1 1 0.978190188462092 1 1 1 1 1 1 1 1 1
0 0 0 0 0 0 0 0 0 0 0 0 0 0 0 0 0 0 0 0.0437922601064595 0.174334628111063 0.174334628111063 0 0.235102862897425 0.266091209897856 0.767112645662495 1 1 1 1 1 1 1 1 1 1 1 1 1 1 1 0.978247734138973 0.978276506977413 1 0.956351604085743 0.956351604085743 0.956351604085743 0.978190188462092 0.77865055387714 0.804632426988922 0.980837289598619 0.626471011365271 0.685484103006762 0.528355632283125 0.354049777010502 0.844079988490865 0.739404402244281 0.936814846784635 1 1 1 0.921795425118688 1 1 1 1 1 1 1 1 1 1 1 1 1
0 0 0 0 0 0 0 0 0 0 0 0 0 0 0 0 0 0 0.130973960581211 0.218213206732844 0.152582362250036 0.0436771687526974 0.196460940871817 0.246353042727665 0.489800028772838 0.832628398791541 0.934599338224716 0.956351604085743 0.978190188462092 1 1 1 1 1 1 1 1 0.978247734138973 0.956351604085743 1 0.978161415623651 1 0.739404402244281 0.765990504963315 0.547719752553589 0.571572435620774 0.902402532009783 0.610732268738311 0.579082146453748 0.72694576319954 0.547719752553589 0.373241260250324 0.431247302546396 0.256941447273774 0.276593295928643 0.567774420946626 0.601007049345418 0.593612429866206 1 0.819824485685513 0.980837289598619 0.547719752553589 0.659070637318371 1 1 1 1 1 1 1 1 1 1 1 1
0 0 0 0 0 0.0196230758164293 0 0 0 0 0 0 0 0 0 0 0 0.130973960581211 0.152582362250036 0.218213206732844 0.0218098115379082 0.215652424111639 0.387483815278377 0.489800028772838 0.65901309164149 0.937332757876564 1 1 1 1 1 0.956437922601065 0.956524241116386 1 1 1 1 0.956351604085743 1 0.978161415623651 0.899956840742339 0.574334628111063 0.528441950798446 0.296216371745073 0.334685656740037 0.448597324126025 0.448597324126025 0.448597324126025 0.296216371745073 0.508790102143576 0.47023449863329 0.276593295928643 0.39269169903611 0.276593295928643 0.431160984031075 0.334714429578478 0.354136095525824 0.637289598618904 0.785325852395339 0.547719752553589 0.528355632283125 0.508790102143576 0.528355632283125 0.567141418500935 1 1 1 1 1 1 1 1 1 1 1
0 0 0 0 0 -9999 0 0 0 0 0 0 0 0 0 0 0.130973960581211 0.174334628111063 0.174334628111063 0.174420946626385 0.0654869802906057 0.128010358221839 0.385181988203136 0.509164149043303 0.743087325564667 0.684736009207308 0.57922601064595 0.815566105596317 0.652193928931089 0.956495468277946 1 0.956351604085743 0.956351604085743 0.978247734138973 1 1 1 0.934656883901597 0.919551143720328 0.746309883470004 0.353992231333621 0.296216371745073 0.27357214789239 0.215652424111639 0.215652424111639 0.215652424111639 0.215652424111639 0.237404689972666 0.256941447273774 0.276593295928643 0.315062580923608 0.411624226729967 0.333880017263703 0.0846209178535462 0.237404689972666 0.215652424111639 0.296216371745073 0.509077830527982 0.47023449863329 0.295410732268738 0.315379082146454 0.315379082146454 0.373241260250324 0.509077830527982 0.586735721478924 1 1 1 0.978161415623651 0.912875845202129 1 1 1 1 1
0 0 0 0 0 0 0 0 0 0 0 0 0 0 0 0 0.196173212487412 0.196173212487412 0.174334628111063 0.109077830527982 0.0218098115379082 0.215652424111639 0.150136670982592 0.191339375629406 0.246439361242987 0.309624514458351 0.235102862897425 0.450525104301539 0.489800028772838 0.76345849518055 0.934599338224716 0.890950942310459 0.956351604085743 0.978247734138973 1 1 1 1 0.760955258236225 0.373270033088764 0.296216371745073 0.256941447273774 0.237404689972666 0.128384405121565 0 0.109192921881744 0.130715005035247 0.0846209178535462 0.215594878434758 0.237404689972666 0.430988347000432 0.171975255358941 0.0438210329449 0.10899151201266 0.130743777873687 0.215652424111639 0.237404689972666 0.470435908502374 0.234728815997698 0.215652424111639 0.237404689972666 0.237404689972666 0.237404689972666 0.353819594302978 0.626471011365271 0.547719752553589 1 1 1 0.978247734138973 1 1 1 1 1
0 0 0 0 0 0 0 0 0 0 0 0 0 0 0.0217522658610272 0.152524816573155 0.174420946626385 0.174334628111063 0.174334628111063 0.174334628111063 0.0869802906056683 0.0868939720903467 0.0217234930225867 0.0218098115379082 0.0218098115379082 0 0.0436196230758164 0.193612429866206 0.193612429866206 0.411537908214645 0.489800028772838 0.637260825780463 0.978161415623651 1 0.978247734138973 0.956524241116386 1 1 0.637318371457344 0.46796144439649 0.256941447273774 0.237404689972666 0.0873831103438354 0 0 0 0.0216084016688246 0 0.0438210329449 0.106373183714573 0.0658610271903323 0.0216084016688246 0 0.0218098115379082 0.196374622356495 0 0.213206732844195 0.256941447273774 0.215652424111639 0.152754999280679 0.152754999280679 0.150222989497914 0.215652424111639 0.256941447273774 0.528441950798446 0.842037116961588 1 1 1 1 0.912875845202129 1 1 1 1
0 0 0 0 0 0 0 0 0 0 0 0 0 0.109192921881744 0.174334628111063 0.196460940871817 0.174420946626385 0.174334628111063 0.218213206732844 0.218213206732844 0.210329449000144 0.174334628111063 0.196374622356495 0.196374622356495 0.152582362250036 0.0219249028916703 0.0435908502373759 0 0.0870378362825493 0.0217234930225867 0.193612429866206 0.46799021723493 0.554970507840598 0.761127895266868 1 0.978247734138973 0.652222701769529 0.717652136383254 0.724586390447418 0.47023449863329 0.171802618328298 0 0 0.0870953819594303 0.174478492303266 0.174334628111063 0.152438498057833 0.10896273917422 0.0218098115379082 0.0218098115379082 0.0218098115379082 0.0651417062293195 0.152582362250036 0.0218098115379082 0.130686232196806 0.06517047906776 0 0.237404689972666 0 0.0219249028916703 0.0218098115379082 0.207998849086462 0.152754999280679 0.237404689972666 0.470435908502374 0.842037116961588 1 1 1 1 1 1 1 1 1
0 0 0 0 0 0 0 0 0 0 0 0 0 0 0.109164149043303 0.196374622356495 0.218213206732844 0.290058984318803 0.174334628111063 0.218213206732844 0.218213206732844 0.174334628111063 0.174334628111063 0.174334628111063 0.152582362250036 0.218213206732844 0.174334628111063 0.174334628111063 0.130973960581211 0 0 0.387196086893972 0.383282980866062 0.446151632858581 0.637318371457344 0.637260825780463 0.489483527549993 0.412314774852539 0.450870378362825 0.256941447273774 0.193785066896849 0 0.196374622356495 0.174334628111063 0.152582362250036 0.152611135088476 0.108847647820457 0.174334628111063 0.174334628111063 0.196374622356495 0.130715005035247 0.130686232196806 0.174334628111063 0.218213206732844 0 0 0 0.0439648971371026 0 0.0218098115379082 0.0436771687526974 0.259300820025896 0.0872680189900734 0.215652424111639 0.489800028772838 0.961358077974392 0.961358077974392 1 1 1 1 1 1 1 1
0 0 0 0 0 0 0 0 0 0 0 0 0 0.0217522658610272 0.0218098115379082 0.130973960581211 0.218213206732844 0.218213206732844 0.196173212487412 0.174334628111063 0.130973960581211 0.130973960581211 0.152726226442239 0 0 0 0 0.0655445259674867 0.130628686519925 0.152582362250036 0 0 0.106401956553014 0.213350597036398 0.329621637174507 0.296216371745073 0.274377787368724 0.235102862897425 0.215652424111639 0.237404689972666 0.10899151201266 0.130657459358366 0.196173212487412 0.174334628111063 0 0 0 0 0.0217522658610272 0.152582362250036 0.174334628111063 0.152582362250036 0.0436196230758164 0.196173212487412 0.174334628111063 0.0217522658610272 0.108818874982017 0.0217522658610272 0.0433606675298518 0.0870953819594303 0.174478492303266 0 0 0.237404689972666 0.489800028772838 0.941677456481082 0.802503236944325 1 1 1 1 1 1 1 1
0 0 0 0 0 0 0 0 0 0 0 0 0 0 0 0 0.131002733419652 0.130973960581211 0.0873543375053949 0.109250467558625 0 0 0 0 0 0 0 0 0 0.174334628111063 0.218213206732844 0 0.06517047906776 0.171745072651417 0.193698748381528 0.193698748381528 0.106373183714573 0.171745072651417 0.0435333045604949 0.109279240397065 0.0218098115379082 0.218213206732844 0.174334628111063 0 0 0 0 0 0 0 0 0 0.0436196230758164 0.0655445259674867 0.218213206732844 0.196173212487412 0.0870953819594303 0.196173212487412 0.174334628111063 0.174334628111063 0.130715005035247 0 0.087469428859157 0.237404689972666 0.334685656740037 0.842037116961588 0.980837289598619 1 1 1 0.956524241116386 1 1 1 1
0 0 0 0 0 0 0 0 0 0 0 0 0 0 0 0 0 0 0 0 0 0 0 0 0 0 0 0 0 0 0.174334628111063 0.174420946626385 0.108905193497339 0.0218098115379082 0.0651417062293195 0.0218098115379082 0.0218098115379082 0.0218098115379082 0.0218098115379082 0.0434182132067328 0.174334628111063 0.174334628111063 0.0217522658610272 0 0 0 0 0 0 0 0 0 0 0 0.0436196230758164 0.109192921881744 0.0436196230758164 0.0869802906056683 0.130858869227449 0.152611135088476 0.0870666091209898 0 0.171975255358941 0.237404689972666 0.450870378362825 0.842037116961588 1 1 1 1 1 1 1 1 1
0 0 0 0 0 0 0 0 0 0 0 0 0 0 0 0 0 0 0 0 0 0 0 0 0 0 0 0 0 0 0.0217522658610272 0.152726226442239 0.218213206732844 0.218213206732844 0.174334628111063 0.174334628111063 0.174334628111063 0.196374622356495 0.174334628111063 0.174334628111063 0.196173212487412 0.0436196230758164 0 0 0 0 0 0 0 0 0 0 0 0 0 0.0218673572147892 0.0436196230758164 0.0655445259674867 0.174334628111063 0.152611135088476 0.0433606675298518 0.28315350309308 0.193727521219968 0.256941447273774 0.547719752553589 0.842037116961588 1 1 1 1 1 1 1 1 1
0 0 0 0 0 0 0 0 0 0 0 0 0 0 0 0 0 0 0 0 0 0 0 0 0 0 0 0 0 0 0 0.0217522658610272 0.0436196230758164 0.174334628111063 0.109192921881744 0.152639907926917 0.0872967918285139 0.130830096389009 0.0436771687526974 0 0 0 0 0 0 0 0 0 0 0 0 0 0 0 0 0 0 0.0436196230758164 0.0436196230758164 0.196173212487412 0.0216084016688246 0.302517623363545 0.150136670982592 0.237404689972666 0.334685656740037 0.567774420946626 1 1 1 1 1 1 1 1 1
0 0 0 0 0 0 0 0 0 0 0 0 0 0 0 0 0 0 0 0 0 0 0 0 0 0 0 0 0 0 0 0 0 0 0 0 0 0 0 0 0 0 0 0 0 0 0 0 0 0 0 0 0 0 0 0 0 0.0655445259674867 0 0.174334628111063 0.0218098115379082 0.0870378362825493 0.171946482520501 0.237404689972666 0.450870378362825 0.626471011365271 1 1 1 1 1 1 1 1 1
0 0 0 0 0 0 0 0 0 0 0 0 0 0 0 0 0 0 0 0 0 0 0 0 0 0 0 0 0 0 0 0 0 0 0 0 0 0 0 0 0 0 0 0 0 0 0 0 0 0 0 0 0 0 0 0 0 0.0218673572147892 0 0.196173212487412 0.0434182132067328 0 0.171975255358941 0.237404689972666 0.315379082146454 0.489800028772838 0.547719752553589 1 1 1 0.978247734138973 1 1 1 1
0 0 0 0 0 0 0 0 0 0 0 0 0 0 0 0 0 0 0 0 0 0 0 0 0 0 0 0 0 0 0 0 0 0 0 0 0 0 0 0 0 0 0 0 0 0 0 0 0 0 0 0 0 0 0 0 0.174219536757301 0.0219249028916703 0 0.196173212487412 0.06517047906776 0 0.131002733419652 0.704445403539059 0.685167601783916 0.373241260250324 0.470435908502374 0.606876708387282 0.86347288159977 1 1 1 1 1 1
