data-raw/DATASET_PNE/a_DATA/PFGS/ENVSUIT_A1B/HS_f0_C4_shrubs.asc
NCOLS 619 
NROWS 782 
XLLCORNER 876826 
YLLCORNER 1947424 
CELLSIZE 100 
NODATA_value -9999 
[rows 510 to 539 of 782, columns 264 to 329 of 619]
0 0 0 0.0253977114150154 0 0 0 0 0 0 0 0 0 0 0 0 0 0 0 0 0 0 0 0 0 0 0 0 0 0 0 0 0 0 0 0 0 0 0 0 0 0 0 0 0 0 0 0 0 0 0 0 0 0 0 0 0 0 0 0 0 0 0 0 0 0
0 0 0 0 0 0.127028427893625 0 0 0 0 0 0 0 0 0 0 0 0 0 0 0 0 0 0 0 0 0 0 0 0 0 0 0 0 0 0 0 0 0 0 0 0 0 0 0 0 0 0 0 0 0 0 0 0 0 0 0 0 0 0 0 0 0 0 0 0.0511542601969618
0 0 0 0 0 0.0252382281408237 0 0 0 0.0513934851082493 -9999 0 0 0 0 0 0 0 0 0 0 0 0 0 0 0 0 0 0 0 0 0 0 0 0 0 0 0 0 0 0 0 0 0 0 0 0 0 0 0 0 0 0 0 0 0 0 0 0 0 0 0 0 0 0 0.333678880427415
0 0 0.0253977114150154 0 0 0 0.0252382281408237 0 0 -9999 0.0252382281408237 0 0 0 0 0 0 0 0 0 0 0 0 0 0 0 0 0 0 0 0 0 0 0 0 0 0 0 0 0 0 0 0 0 0 0 0 0 0 0 0 0 0 0 0 0 0 0 0 0 0 0 0.178980104461545 0.0257565487819465 0.190064192017862 0.406482995095889
0 0 0.0257166779633986 0 0 0 0 0.0252382281408237 0 0 0 0 0 0 0 0 0 0 0 0 0 0 0 0 0 0 0 0 0 0 0 0 0 0 0 0 0 0 0 0 0 0 0 0 0 0 0 0 0 0 0 0 0.0178222558909134 0.0355647701447311 0 0 0 0.0355647701447311 0 0 0.12806506917587 0.336150871177385 0.448865675212312 0.181970415852637 0.497827040389139 0.691399864439217
0 0 0 0 0 0.0509947769227702 0.0256768071448507 0.0177425142538176 0 0 0 0 0 0 0 0 0 0 0 0 0 0 0 0 0 0 0 0 0 0 0 0 0 0 0 0 0 0 0 0 0 0 0 0 0 0 0 0 0 0 0.215103066065946 0.204617040787847 0.0718870858418723 0 0.0355647701447311 0.107691080897891 0 0.143694430046649 0.125553207607352 0.143694430046649 0.178980104461545 0.0257565487819465 0.113352737131693 0.274351102428133 0.646305968661537 0.844264582751884
0 0 0 0 0 0.0512738726526056 0 0.0892308919102109 0 0 0 0 0 0 0 0 0 0 0 0 0 0 0 0 0 0 0 0 0 0 0 0 0 0 0 0 0 0 0 0 0 0 0 0 0 0 0 0.0510346477413181 0 0.0257565487819465 0.0257565487819465 0.332323272596786 0 0.178980104461545 0.0718870858418723 0.178980104461545 0.204577169969299 0.161197719389179 0.0718870858418723 0.143694430046649 0.28487699852478 0.22036601411427 0.0362824448785934 0.178980104461545 0.25708703799689 0.688608907140864
0 0 0 0 0 0 0 0.178980104461545 0 0 0 0 0 0 0 0 0 0 0 0 0 0 0 0 0 0 0 0 0 0 0 0 0 0 0 0 0 0 0 0 0 0 0 0.0255970655077549 0 0 0 0.0257565487819465 0 0 0 0.178980104461545 0.281727203859495 0.230134364658506 0.0511542601969618 0.102468003668115 0.178980104461545 0.178980104461545 0 0.178980104461545 0 0.0184601889876799 0.0541445715880547 0.0362824448785934 0.379012001116383 0.816036043219967
0 0 0 0 0 0.0766715840676209 0.140584506199912 0.178980104461545 0.26984569993222 0.0790638331804952 0.0792233164546868 0 0 0 0.0257166779633986 0 0 0 0 0 0 0 0 0 0 0 0 0 0 0 0 0 0 0 0 0 0 0 0 0 0 0 0 0.0255970655077549 0 0 0 0 0 0.0256768071448507 0.0256768071448507 0.204656911606395 0.313623858697819 0.0790638331804952 0.0355647701447311 0.223316454686815 0.204577169969299 0 0 0 0 0.0541445715880547 0 0 0.0920617200271122 0.759299868426299
0 0 0 0 0 0.051074518559866 0.680156293608708 0.24871416610183 0.0533870260356445 0.178980104461545 0.204656911606395 0 0 0 0 0 0 0 0 0 0 0 0 0 0 0 0 0 0 0 0 0 0 0 0 0 0 0 0 0 0 0 0 0.127785973446035 0 0 0.0256768071448507 0 0 0.0256768071448507 0 0.0512738726526056 0.28124875403692 0.462342011881504 0.0510346477413181 0.306646465451936 0.0256768071448507 0.0790638331804952 0.178980104461545 0 0 0.255412463617878 0.0362824448785934 0 0 0.653323232725968
0 0 0 0.0256768071448507 0 0.0257166779633986 0.647462222399426 0.717076671584068 0 0.204736653243491 0.179897133288146 0.128144810812966 0 0 0 0 0 0 0 0.0767114548861688 0 0 0 0 0 0 0 0 0 0 0.0253977114150154 0.0253977114150154 0 0 0 0 0 0 0 0 0 0 0 0.127785973446035 0.0255970655077549 0 0.0434193213986683 0.0256768071448507 0 0 0 0.178980104461545 0.287947051552968 0.487939077389259 0.204656911606395 0 0 0.0256768071448507 0.507116941110801 0 0.202464016586261 0.19771938917906 0.143614688409553 0 0 0.262668952593597
0 0 0 0.0511542601969618 0 0 0.539053466767673 0.872214026553965 0.0533870260356445 0.223475937961006 0.259399545472669 0.159682628284359 0 0 0 0.0362824448785934 0 0 0 0.0253977114150154 0 0 0 0.102109166301184 0 0 0 0 0 0 0 0 0 0 0 0 0 0 0 0 0 0 0 0 0.0718870858418723 0.178980104461545 0.302699254415693 0.263267014871815 0 0 0 0 0.0897093417327858 0.40436984171285 0.287947051552968 0 0 0 0.57888441449703 0.255651688529166 0.28124875403692 0.28124875403692 0.178980104461545 0 0 0.615445955105458
0 0 0 0 0 0 0.570192576053586 0.592121526254934 0 0.27459032733942 0.435429209361668 0.328695028108927 0.0895498584585942 0.0362824448785934 0.19771938917906 0.223316454686815 0 0 0.102747099397951 0 0.0767114548861688 0 0 0 0.102747099397951 0.128144810812966 0 0 0 0 0.19696184362665 0.0513934851082493 0.0771500338901958 0 0 0 0 0 0 0 0 0 0 0 0.143694430046649 0.143694430046649 0.266616163629839 0.487739723296519 0.178980104461545 0.143614688409553 0 0.178980104461545 0 0.379012001116383 0 0.0355647701447311 0 0.125832303337188 0.779673856704278 0.557314301662613 0.385630556995335 0 0.178980104461545 0.145608229336948 0 0
0 0 0 0 0 0 0.312666959052669 0.261632311311351 0 0.19771938917906 0.561261512698856 0.23368286750927 0.161117977752083 0.248993261831665 0.315059208165544 0.161117977752083 0 0 0 0 0 0 0 0.128144810812966 0 0.0513934851082493 0 0.0256768071448507 0 0.195287269247638 0.223436067142458 0.300346876121367 0 0 0.0253977114150154 0 0 0 0 0 0 0 0 0.178980104461545 0 0.379091742753479 0.495355049639169 0.385630556995335 0.379012001116383 0.379012001116383 0 0.214225908057892 0.275148518799091 0.398787927116144 0.0355647701447311 0.0253578405964674 0.0177425142538176 0.242853155775288 0.463219169889558 0.797416370958096 0.379012001116383 0 0 0.242853155775288 0.217495315178821 0
0 0 0 0 0 0 0.19771938917906 0.287030022726367 0 0.640923408157569 0.865475858219369 0.582512658984889 0.26697500099677 0.422152226785216 0.494557633268211 0 0.14329572186117 0 0 0.102747099397951 0 0 0.0769905506160042 0.108289143176109 0.19771938917906 0 0 0.0362824448785934 0.0362824448785934 0.19771938917906 0.253777760057414 0.14329572186117 0.140943343566843 0.0771500338901958 0.0509947769227702 0.119452972369523 0 0 0 0 0 0 0 0.0257565487819465 0.536103026195128 0.155456321518281 0.436665204736653 0.360272716398868 0.360272716398868 0.360272716398868 0.143694430046649 0 0.385869781906623 0.494637374905307 0.13320840476855 0.0253578405964674 0.481041425780471 0.653682070092899 0.385431202902596 0.735018539930625 0.703600334914876 0.360272716398868 0 0 0.0511143893784139 0
0.271719628403971 0.300705713488298 0 0 0 0 0 0.496431561739963 0 0.351580877955424 0.647302739125234 0.846776444320402 0.790638331804952 0.764921653841553 0.809497228978111 0 0.223316454686815 0 0 0 0 0 0 0.307643235915633 0.243172122323671 0.19771938917906 0.19771938917906 0.19771938917906 0 0.344962322076472 0.416849407918345 0 0.19771938917906 0.0256768071448507 0.0177823850723655 0.252661377138073 0 0 0 0 0 0 0 0.351381523862685 0.57222598779953 0.353654160519915 0.178980104461545 0 0 0 0.227821857182728 0.217495315178821 0.394123041346039 0.704756588652765 0.255173238706591 0.506199912284199 0.832143853913321 0.851122363542124 0.72712411785814 0.72712411785814 0.866911207687094 0.548662334037718 0 0 0.204337945058012 0.19771938917906
0.776922770224473 0.92368725329931 0.92368725329931 0.261632311311351 0 0 0 0.404808420716877 0.486463857102986 0.310434193213987 0.492404609066624 0.777122124317212 0.713887006100235 0.885929588134444 0.0533870260356445 0.19771938917906 0.223316454686815 0 0 0 0 0 0 0.268848929468522 0.795941150671823 0.19771938917906 0.19771938917906 0.406443124277341 0.19771938917906 0.633068856903632 0.377496910011563 0.178980104461545 0.217575056815916 0.0434990630357641 0.179179458554284 0.296957856544795 0.54862246321917 0.308679877197879 0 0 0 0 0.25613013835174 0.462740720066983 0.615445955105458 0.299868426298792 0.404688808261234 0.360272716398868 0.324588333798493 0 0.325465491806547 0.841752721183366 0.475379769546669 0.746222239942586 0.526015709102508 0.222917746501336 0.611259519157928 0.867110561779833 0.566046010924604 0.690243610701328 0.797097404409713 0.398787927116144 0 0.078744866632112 0.6764881783023 0.653921295004186
0.266456680355648 0.0253977114150154 0.161317331844823 0.198317451457278 0 0 0 0.356644471911008 1 0 0.0253977114150154 0.320282285395319 0.274949164706351 0.0355647701447311 0 0.485267732546549 0.178980104461545 0 0 0 0.0362824448785934 0.178980104461545 0.178980104461545 0.19771938917906 0.846776444320402 0.19771938917906 0.683266217455444 0.354451576890874 0.720944140983214 0.948885610621586 0.662971970814561 0.75794426059567 0.270284278936247 0.326701487181532 0.679877197878872 0.729356883696822 0.67497308719748 0.67497308719748 0.682070092899007 0.589968502053347 0.462461624337148 0.0767911965232646 0 0 0 0.521111598421116 0.379012001116383 0.379012001116383 0.360272716398868 0.178980104461545 0.127825844264583 0.746222239942586 0.728200629958933 0.461544595510546 0.713847135281687 0.546788405565966 0.770822534986643 0.248315457916351 0.20417846178382 0.974363063673697 0.653323232725968 0.130138351740361 0 0.480483234320801 0.80000797416371 0.487380885929588
0.0441369961325306 0 0 0.0253977114150154 0 0 0 0 0.948885610621586 0 0 0.219728081017503 0 0 0.397113352737132 0.78382042183326 0 0 0 0 0 0.19771938917906 0.19771938917906 0.463059686615366 0.897571867150433 0.739523942426538 0.739523942426538 0.236752920537459 0.8724931222838 1 1 0.923248674295283 0.923248674295283 0.94900522307723 0.821538216179578 0.744826761293409 0.744826761293409 0.691878314261792 0.743112316095849 0.831067341812528 0.812487540369204 0.705274909293888 0.486623340377178 0.223436067142458 0.0256768071448507 0 0.0722857940273514 0.237271241178581 0.255930784259001 0.217495315178821 0.0507555520114828 0.427494916470635 0.974602288584985 0.229576173198836 0.860332522626689 0.374147761253539 0.248315457916351 0.229576173198836 0.229576173198836 0.753598341373948 0.881623539731271 1 0.426099437821458 0.832143853913321 0.962202464016586 0.648618476137315
0 0.0253977114150154 0 0 0.0253977114150154 0.0952513855109445 0.465491806546788 0 1 0.142697659582951 0.0947330648698218 0.639448187871297 0 0 0.930146325904071 0.974243451218053 0.503209600893106 0.19771938917906 0.161117977752083 0.0362824448785934 0.19771938917906 0.665364219927435 0.910888720545433 0.897531996331885 0.948566644073203 0.87935090307404 0.87935090307404 0.859535106255731 0.948885610621586 0.923129061839639 1 0.796100633946015 0.796100633946015 0.79582153821618 0.948885610621586 0.948885610621586 1 1 0.872612734739444 0.770423826801164 0.846776444320402 0.717116542402616 0.673099158725729 0.542960806985367 0.474741836449902 0 0.0184601889876799 0.0184601889876799 0.19771938917906 0.182129899126829 0.217495315178821 0.688250069773932 0.872413380646705 0.827758063873051 0.944220724851481 0.62549340137953 0.283880228061082 0.153263426498146 0.248315457916351 0.767154419680236 0.658586180774291 0.872253897372513 0.82149834536103 0.974363063673697 0.770224472708425 0.776882899405925
0.0253977114150154 0.0253977114150154 0.0253977114150154 0.0253977114150154 0.0564969498823811 0.185877756070332 0.675252182927315 0.553606315537658 0.872612734739444 1 0.185877756070332 0.948925481440134 0.0253977114150154 0.0253977114150154 0.981061361189745 0.770304214345521 0.609545073960368 0.349427853753838 0.312108767592999 0.802559706550776 0.821059766357003 0.974243451218053 0.974243451218053 0.974243451218053 0.948885610621586 0.593995454726686 0.678840556596627 0.974323192855149 1 1 1 1 0.834296878114908 0.949204577169969 1 0.79582153821618 0.847135281687333 0.974642159403533 0.974243451218053 0.872612734739444 0.821817311909414 0.923766994936406 0.974642159403533 0.923248674295283 0.691878314261792 0.178980104461545 0.217535185997369 0.321996730592879 0.746022885849846 0.815677205853036 0.770224472708425 0.948885610621586 0.974323192855149 0.923208803476735 1 1 0.319564610661457 0.17850165463897 0.393126270882341 0.601850005980623 0.713049718910729 0.811530640724054 0.830429408715761 0.848769985247797 0.955703520593278 0.770224472708425
0.153103943223954 0.127865715083131 0.107491726805151 0.0564969498823811 0.460308600135561 0.0564969498823811 0.544316414815996 0.847215023324429 0.79219329372832 1 0.0564969498823811 1 0.156054383796499 0.452693273792911 0.878633228340178 0.806427175949922 0.868466169610462 0.615007376101431 0.358558271201308 0.458913121486384 1 0.974602288584985 0.92368725329931 0.776882899405925 0.615844663290937 0.685498983294127 1 1 1 1 1 1 1 1 1 1 1 1 1 0.948845739803038 1 1 0.897531996331885 0.872253897372513 0.82149834536103 0.89801044615446 0.73473944420079 0.764921653841553 0.764642558111718 0.79562218412344 0.948885610621586 0.948885610621586 1 0.871974801642678 1 0.974642159403533 0.229576173198836 0.153103943223954 0.764722299748814 1 1 1 0.981061361189745 0.701287827439097 0.872413380646705 0.949045093895778
0.119293489095331 0.183963956780033 0.170726845022128 0.183963956780033 0.158566245365017 0.209600893106335 0.430166261313345 0.948925481440134 0.423467963797297 1 0.0822534986643276 1 0.625054822375503 0.0187392847175153 0.507316295203541 0.443044535704318 0.527969379211355 0.557354172481161 1 1 1 0.981061361189745 0.386388102547745 0.981061361189745 0.679279135600654 0.657310314580758 1 1 1 1 1 1 1 1 1 1 1 1 1 0.974323192855149 0.89781109206172 1 1 0.897771221243172 1 0.847454248235716 0.923248674295283 0.974243451218053 0.795941150671823 0.872214026553965 0.948885610621586 1 1 0.923487899206571 0.871974801642678 1 0.286073123081217 0.416570312188509 0.700171444519756 1 1 1 1 1 1 0.770224472708425
0.349228499661098 0.188708584187233 0.349228499661098 0.349228499661098 0.209600893106335 0.158566245365017 0.5042861129939 1 0.369881583668913 1 0.549818587775607 0.760177026434353 0.778278378055101 0.0564969498823811 0.0887125712690882 0.0701726406443124 0.0187392847175153 0.199553446832263 1 1 0.503129859256011 0.0994776922770225 1 1 1 1 1 1 1 1 0.674933216378932 1 0.802041385909653 0.365575535265739 0.275427614528926 0.404967903991069 0.954866233403772 0.974323192855149 0.954866233403772 0.374905306805949 0.563255053626251 0.898169929428651 1 1 1 1 1 1 0.974243451218053 1 0.974323192855149 0.923208803476735 1 0.948885610621586 0.974323192855149 1 0.286073123081217 0.576651648658347 0.725569155934771 1 0.948885610621586 1 1 0.948885610621586 1 0.974642159403533
0.260715282484749 0.305171245165663 0.0889119253618277 0.0187791555360632 0.190622383477533 0.183963956780033 0.658665922411387 1 1 1 1 0.453331206889677 1 0.153103943223954 0.102069295482636 0.102069295482636 0.102069295482636 0.102069295482636 1 0.961205693552889 0.165224672062517 0.0822534986643276 1 0.523663330808182 0.256449104900124 0.177265659263985 1 1 0.974323192855149 0.841593237909174 0.595988995654081 0.707228579402735 0.17088632829632 0.107611339260795 0.133367888042742 0.158765599457757 0.0940552609545074 0.529165503767792 1 1 0.390813763406563 0.707986124955145 1 1 1 1 1 1 0.89781109206172 0.974323192855149 1 1 1 1 1 1 0.235237829432638 1 0.923487899206571 1 1 1 1 0.820860412264264 0.744826761293409 0.301463259040708
0.272556915593477 0.272556915593477 0.16518480124397 0.197559905904868 0.069933415733025 0.216259319803836 0.344762967983733 1 0.974642159403533 0.173597543957577 1 0.927674335154101 0.601810135162075 0.0511542601969618 0.209600893106335 0.153103943223954 0.101790199752801 0.226984569993222 0.948965352258682 0.480084526135322 0.126629719708146 0.17335831904629 0.974642159403533 0.586818707388063 0.390813763406563 0.293768191060963 0.363900960886727 1 0.815956301582871 0.695386946294007 0.372433316055979 0.597862924125832 0.544156931541805 0.120968063474343 0.127347394442008 0.178780750368805 0.177146046808341 0.542243132251505 0.542243132251505 1 0.841593237909174 0.544316414815996 1 1 1 1 1 1 1 1 1 1 1 1 1 0.872174155735417 1 1 1 1 1 1 1 1 0.841593237909174 0.700211315338304
0.341852398229736 0.370080937761652 0.335193971532236 0.146485387345002 0.177305530082533 0.298273593556876 0.407718990470874 0.441090865595471 0.114309636776843 0.290738008851322 0.344762967983733 1 0.183963956780033 0.550695745783661 0.0765519716119772 0 0.2378693034568 0.705474263386627 1 0.181212870300227 1 1 1 0.725569155934771 0.434671663809258 0.389139189027551 0.802041385909653 1 1 0.415772895817551 0.57964196004944 0.572624695985009 1 0.197559905904868 0 0 0.323870659064631 0.560105258960967 0.372433316055979 0.722778198636418 0.682309317810295 0.77640444958335 1 1 1 1 1 1 1 1 1 1 1 1 1 1 1 1 1 1 1 1 1 1 0.974323192855149 1
0.404728679079781 0.496710657469798 0.674494637374905 0.623858697819066 0.442964794067222 0.16518480124397 0.370080937761652 0.363422511064152 0.298153981101232 0.316095849447789 0.270005183206411 0.0445357043180096 1 0.23519795861409 0 0.0445357043180096 0.974642159403533 1 1 1 1 1 1 0.725609026753319 0.623579602089231 0.30979626011722 1 1 0.700011961245564 0.567600972847973 0.67154419680236 0.941190542641841 1 0.379370838483314 0.36079103703999 0.725449543479128 0.685698337386867 1 0.739444200789442 0.700251186156852 0.648977313504246 1 -9999 -9999 0.623579602089231 0.883975918025597 1 1 1 1 1 1 1 1 1 1 1 1 1 1 0.700211315338304 0.785455125393724 1 0.974323192855149 1 1
0.407001315737012 0.178740879550257 0.229775527291575 0.319684223117101 0.407001315737012 0.229775527291575 0.223196842231171 0.423109126430366 0.451935728240501 0.309676647661576 0.0698138032773813 0.254495434791276 0.191938120489614 0.0445357043180096 0.101630716478609 0.0187791555360632 1 0.821857182727961 1 1 1 0.649256409234082 1 1 1 0.353773772975559 1 0.77640444958335 0.150831306566724 0.321119572584825 0.638690642318887 1 1 1 0.802041385909653 1 1 1 0.974602288584985 0.623260635540848 -9999 -9999 -9999 -9999 0.542362744707149 0.623938439456162 0.699932219608469 1 1 1 1 1 1 1 1 1 1 1 1 1 0.740122004704757 0.700011961245564 0.745424823571628 1 1 1
0.183326023683266 0.0507954228300307 0.0253977114150154 0.0253977114150154 0.178740879550257 0.190582512658985 0.258283162553327 0.353973127068299 0.36079103703999 0.323870659064631 0.334516167616921 0.320401897850963 0.190622383477533 0.0187791555360632 0.0187791555360632 0.0187791555360632 0.700171444519756 1 0.751046608986882 1 0.63139428252462 0.685698337386867 0.751006738168335 0.667796339858857 0.821777441090866 0.649615246601013 0.597862924125832 0.597862924125832 0.572624695985009 0.623579602089231 0.648977313504246 1 1 1 1 1 1 1 0.699932219608469 1 -9999 1 -9999 -9999 0.465691160639528 0.572265858618077 0.598181890674216 0.699932219608469 1 1 1 1 1 1 1 1 1 1 1 1 1 1 1 1 1 1
