data-raw/DATASET_PNE/a_DATA/PFGS/ENVSUIT_A1B/HS_f30_H1_alpines.asc
NCOLS 619 
NROWS 782 
XLLCORNER 876826 
YLLCORNER 1947424 
CELLSIZE 100 
NODATA_value -9999 
[rows 429 to 461 of 782, columns 225 to 299 of 619]
0.978190188462092 0.868795856711264 0.825435189181413 0.742396777442095 0.742396777442095 0.742396777442095 0.742396777442095 0.742396777442095 0.847101136527118 1 0.847043590850237 0.890749532441375 0.912473025463962 0.978190188462092 1 1 1 1 1 0.978190188462092 1 1 1 0.912501798302403 0.912789526686808 0.934426701194073 0.956265285570421 1 0.84718745504244 0.781786793267156 0.781786793267156 0.764235361818443 0.742396777442095 0.825377643504532 0.84718745504244 0.781786793267156 0.934426701194073 0.846986045173356 1 0.956639332470148 0.956639332470148 1 1 1 1 1 1 0.869313767803194 0.978391598331175 1 0.97807509710833 0.978190188462092 0.978190188462092 0.912789526686808 0.783973528988635 0.683498777154366 0.272536325708531 0.213523234067041 0.154222414041145 0.116386131491872 0 0 0.466378938282262 -9999 0.0196806214933103 0.116386131491872 0.155574737447849 0.545101424255503 0.742396777442095 0.871241547978708 0.956437922601065 0.934397928355632 1 0.956639332470148 0.934714429578478
0.912731981009927 0.84718745504244 0.84718745504244 0.825550280535175 0.825550280535175 0.764321680333765 0.803711696158826 0.803539059128183 1 0.978190188462092 0.978190188462092 0.978190188462092 0.978190188462092 1 0.934426701194073 1 0.891324989210186 1 0.978247734138973 1 0.956524241116386 1 1 0.956150194216659 1 0.956265285570421 0.934513019709394 1 1 0.84718745504244 0.956092648539778 0.825550280535175 0.847417637749964 0.847417637749964 0.912501798302403 0.956322831247303 -9999 1 1 0.847388864911523 0.956524241116386 1 1 1 1 0.978276506977413 0.913163573586534 0.978391598331175 0.978391598331175 1 0.978190188462092 0.89103726082578 0.912789526686808 0.762134944612286 0.783973528988635 0.488620342396777 0.253776435045317 0.194245432311898 0.155574737447849 0.155574737447849 0 0 0.290605668249173 0.0196806214933103 0.0582362250035966 -9999 -9999 0.546971658754136 0.785757444971946 0.869169903610991 0.934513019709394 1 0.978391598331175 0.956639332470148 0.978391598331175
0.978190188462092 1 0.956207739893541 0.84718745504244 0.84718745504244 0.84718745504244 0.978132642785211 0.956437922601065 0.978190188462092 1 1 1 1 1 1 0.891324989210186 1 1 1 1 1 0.934887066609121 0.847475183426845 1 1 1 0.912645662494605 1 0.956207739893541 1 0.912789526686808 0.956437922601065 0.978190188462092 0.956322831247303 0.869284994964753 0.978190188462092 -9999 -9999 -9999 0.913163573586534 1 1 1 1 1 0.956668105308589 1 0.978391598331175 1 0.956265285570421 0.956322831247303 0.825377643504532 0.781786793267156 0.762134944612286 0.742396777442095 0.60615738742627 0.48879297942742 0.213552006905481 0.194245432311898 0.155574737447849 0 0 0.0582362250035966 0.0778593008200259 0.0385556035102863 0.155574737447849 0.274492878722486 0.547029204431017 0.764321680333765 -9999 -9999 -9999 -9999 0.913163573586534 1
1 0.956265285570421 1 1 1 0.934397928355632 0.978190188462092 1 0.978247734138973 1 0.978247734138973 1 1 0.978247734138973 0.978247734138973 1 1 1 1 1 1 1 1 0.956495468277946 0.891152352179542 1 1 1 0.97807509710833 0.956265285570421 0.978190188462092 0.978190188462092 1 1 1 1 1 -9999 -9999 1 1 1 1 1 1 1 1 1 0.956265285570421 1 0.956322831247303 0.978391598331175 0.781786793267156 0.762134944612286 0.762134944612286 0.723090202848511 0.547806071068911 0.313681484678464 0.194245432311898 0.155574737447849 0 0 0 0.097022011221407 0.0385556035102863 0.19945331606963 0.274492878722486 0.566681053085887 0.762134944612286 0.781786793267156 0.978190188462092 1 0.978391598331175 0.934887066609121 1
1 1 0.956265285570421 0.956265285570421 0.956265285570421 0.978190188462092 1 0.978247734138973 0.956495468277946 0.978161415623651 0.978161415623651 0.978161415623651 1 1 1 0.978161415623651 1 1 1 1 1 1 1 1 0.956639332470148 0.869515177672277 0.978161415623651 1 1 1 1 1 0.978391598331175 0.934915839447562 0.869428859156956 0.825550280535175 0.89103726082578 0.847388864911523 0.956524241116386 1 1 1 1 1 1 1 1 1 0.956265285570421 1 1 1 0.781786793267156 0.825579053373615 0.762134944612286 0.762134944612286 0.742396777442095 0.567515465400662 0.194245432311898 0.175025176233635 0.135491296216372 0 0 0.136037980146741 0 0.136037980146741 0.27193209610128 0.566681053085887 0.803539059128183 0.934397928355632 0.890778305279816 1 0.847388864911523 0.978247734138973 1
1 1 1 1 1 1 1 1 0.956553013954827 1 0.978161415623651 1 1 1 1 1 1 1 1 1 1 1 1 1 1 0.978247734138973 0.912789526686808 1 0.891123579341102 0.956639332470148 0.956639332470148 0.869313767803194 0.869313767803194 0.956639332470148 0.913163573586534 0.934915839447562 0.934887066609121 0.912962163717451 1 1 1 1 1 1 1 0.978391598331175 0.978391598331175 1 1 1 1 1 1 0.890922169472018 0.803654150481945 0.784059847503956 0.762134944612286 0.742396777442095 0.35338800172637 0.251877427708243 0.155229463386563 0.0192778017551431 0.0582362250035966 0.349158394475615 0.116386131491872 0.0972234210904906 0.290950942310459 0.742396777442095 0.847245000719321 0.781786793267156 0.890778305279816 0.956322831247303 1 0.869313767803194 0.978276506977413
1 1 0.825550280535175 0.890979715148899 1 1 1 1 1 1 1 1 1 1 1 1 1 1 1 1 1 1 1 1 1 0.956639332470148 0.978391598331175 0.825550280535175 0.913077255071213 0.978391598331175 0.869515177672277 0.978391598331175 1 1 1 1 1 1 1 1 0.978276506977413 1 1 1 0.978391598331175 0.956639332470148 1 1 0.934599338224716 1 1 1 1 1 0.912645662494605 0.847417637749964 0.762134944612286 0.742396777442095 0.37249316645087 0.349158394475615 0.194159113796576 0.0385556035102863 0.0778593008200259 0.233261401237232 0.097022011221407 0.136037980146741 0.251877427708243 0.742396777442095 0.803539059128183 0.803625377643505 0.891066033664221 0.803625377643505 0.912674435333046 0.956639332470148 1
1 1 1 1 1 1 1 1 1 1 1 1 1 1 1 1 1 1 1 1 1 1 1 1 1 1 1 1 1 1 1 1 0.9348007480938 1 1 1 0.847417637749964 1 1 1 0.890576895410732 1 1 1 0.978391598331175 0.978391598331175 0.97807509710833 1 1 1 1 1 1 1 1 0.869169903610991 0.781786793267156 0.762134944612286 0.566681053085887 0.194216659473457 0.257603222557905 0.0385556035102863 0.116386131491872 0.387829089339663 0.155574737447849 0.177413321824198 0.194331750827219 0.742396777442095 0.589267731261689 0.956495468277946 1 0.891181125017983 0.956581786793267 0.978391598331175 1
1 1 1 1 1 1 1 1 1 1 1 1 1 1 1 1 1 1 1 1 1 1 1 1 0.934484246870954 0.978391598331175 0.978161415623651 0.956495468277946 0.978391598331175 0.956553013954827 1 1 1 1 1 1 1 1 1 1 1 1 0.978247734138973 0.956524241116386 0.978391598331175 0.934714429578478 0.978391598331175 1 1 1 1 1 1 1 1 0.934599338224716 0.977960005754568 0.762134944612286 0.742396777442095 0.174766220687671 0.238210329449 0.0972234210904906 0.116386131491872 0.349043303121853 0.136037980146741 0.221205581930657 0.368349877715437 0.644425262552151 0.549964033951949 0.956495468277946 0.891066033664221 0.890807078118256 1 0.978391598331175 1
1 1 1 1 1 1 1 1 1 1 1 1 1 1 1 1 1 1 1 1 1 1 1 1 1 1 1 1 1 0.956035102862898 1 1 1 1 1 1 1 1 1 1 1 0.93428283700187 1 0.978276506977413 0.978391598331175 0.934714429578478 1 1 1 1 1 1 1 1 0.869284994964753 0.978132642785211 1 0.849518054956121 0.742396777442095 0.312616889656165 0.271817004747518 0.116386131491872 0.155574737447849 0.387829089339663 0.155574737447849 0.174766220687671 0.194245432311898 0.624830959574162 0.499266292619767 0.956495468277946 0.869227449287872 0.912875845202129 1 0.978391598331175 0.956553013954827
1 1 1 1 1 1 1 1 1 1 1 1 1 1 1 1 1 1 1 1 1 1 1 0.978247734138973 1 1 1 1 1 1 1 1 1 1 1 1 1 1 1 1 1 0.91238670694864 1 0.978276506977413 0.978391598331175 0.912962163717451 1 1 1 1 1 1 0.934771975255359 0.956581786793267 1 0.869026039418789 0.978391598331175 0.869169903610991 0.742396777442095 0.526916990361099 0.251877427708243 0.179916558768522 0.155574737447849 0.572665803481514 0.261919148323982 0.276708387282405 0.388605955977557 0.742396777442095 0.586649402963602 0.978391598331175 0.956495468277946 0.934771975255359 0.978391598331175 1 1
1 1 0.956351604085743 1 1 1 1 1 1 1 1 1 1 1 0.956639332470148 0.934887066609121 0.956639332470148 0.89103726082578 1 1 1 1 1 1 1 1 1 1 0.956495468277946 1 1 1 1 1 1 1 1 1 1 1 1 0.93428283700187 0.847503956265286 0.978276506977413 0.869428859156956 0.978391598331175 1 1 1 0.934771975255359 0.956639332470148 0.934714429578478 0.934714429578478 0.869198676449432 0.934714429578478 0.97807509710833 0.891066033664221 0.890835850956697 0.742396777442095 0.663846928499497 0.251877427708243 0.194159113796576 0.174766220687671 0.303323262839879 0.346914113077255 0.409955402100417 0.23369299381384 0.742396777442095 0.611048769961157 1 0.956495468277946 0.93482952093224 1 0.912818299525248 0.978247734138973
1 1 1 1 1 1 1 1 1 1 1 1 0.956495468277946 0.978247734138973 0.891353762048626 0.93482952093224 0.913077255071213 1 1 1 1 0.891353762048626 0.891353762048626 0.891353762048626 0.913106027909653 0.956639332470148 1 0.934685656740037 0.956524241116386 0.934887066609121 0.978247734138973 1 1 1 0.978247734138973 1 1 1 1 1 1 0.890576895410732 0.891324989210186 0.869313767803194 0.978391598331175 1 1 1 0.978391598331175 0.978391598331175 0.978391598331175 0.912789526686808 0.956639332470148 0.978391598331175 1 0.978190188462092 0.956437922601065 0.781786793267156 0.742396777442095 0.566565961732125 0.194331750827219 0.155344554740325 0.196518486548698 0.390562508991512 0.281686088332614 0.259646094087182 0.23369299381384 0.762134944612286 0.669457631995396 1 0.934628111063156 0.891238670694864 0.978391598331175 0.956207739893541 1
1 1 1 1 1 1 1 1 0.978391598331175 1 1 1 1 1 0.847417637749964 0.912703208171486 0.781786793267156 0.825435189181413 0.978190188462092 1 0.956466695439505 1 1 1 0.934426701194073 0.846986045173356 0.846986045173356 1 0.978190188462092 0.890922169472018 0.869515177672277 0.891353762048626 0.891353762048626 0.956524241116386 1 0.956524241116386 1 1 1 1 1 1 0.825463962019853 0.847503956265286 0.956668105308589 0.978391598331175 0.978391598331175 1 1 1 0.912731981009927 0.978276506977413 0.956524241116386 1 1 0.978190188462092 0.956437922601065 0.781786793267156 0.786131491871673 0.33313192346425 0.174766220687671 0.155574737447849 0.196518486548698 0.518803049920875 0.237721191195511 0.23369299381384 0.764149043303122 0.781786793267156 0.825579053373615 0.978190188462092 0.956236512731981 1 0.825492734858294 0.978247734138973 1
1 1 1 1 1 1 0.978391598331175 1 1 1 1 1 1 0.978190188462092 0.978190188462092 0.978190188462092 1 0.956437922601065 0.978190188462092 0.978190188462092 0.978190188462092 0.978190188462092 0.978190188462092 0.978190188462092 0.978190188462092 0.978190188462092 0.978247734138973 0.978190188462092 0.978190188462092 0.846986045173356 0.825233779312329 0.978247734138973 0.825550280535175 0.825550280535175 0.934771975255359 1 1 1 1 1 1 1 1 0.847503956265286 0.825550280535175 1 1 1 1 1 1 1 0.978276506977413 0.825377643504532 1 0.890778305279816 0.978247734138973 0.86911235793411 0.78595885484103 0.566565961732125 0.194245432311898 0.194245432311898 0.429118112501798 0.670263271471731 0.259761185440944 0.23369299381384 0.441058840454611 0.611048769961157 0.980578334052654 1 1 0.978391598331175 0.825492734858294 0.978247734138973 1
1 1 1 1 1 0.934887066609121 1 1 0.978190188462092 0.956265285570421 0.978190188462092 0.978190188462092 0.978190188462092 0.978190188462092 0.978247734138973 0.978247734138973 0.825579053373615 0.847417637749964 0.847417637749964 0.803654150481945 0.912501798302403 0.869026039418789 0.847417637749964 0.890778305279816 0.781786793267156 0.803654150481945 0.803654150481945 0.847417637749964 0.934513019709394 0.956437922601065 0.978190188462092 0.978190188462092 1 1 0.956639332470148 0.956495468277946 1 1 1 1 1 1 0.97807509710833 1 0.847503956265286 1 1 1 1 1 1 1 0.913163573586534 0.891152352179542 0.934714429578478 0.890778305279816 0.781786793267156 0.781786793267156 0.8078837577327 0.588490864623795 0.293856998992951 0.215997698172925 0.281312041432887 0.474895698460653 0.41458782908934 0.353445547403251 0.781786793267156 0.781786793267156 0.803654150481945 0.956495468277946 1 0.978391598331175 1 1 1
0.978391598331175 1 1 1 1 1 1 1 0.978190188462092 0.978190188462092 0.956466695439505 0.978247734138973 0.978247734138973 0.934311609840311 0.805495612142138 0.936555891238671 0.784059847503956 0.762134944612286 0.784059847503956 0.762134944612286 0.805581930657459 0.764235361818443 0.742396777442095 0.742396777442095 0.742396777442095 0.805898431880305 0.784059847503956 0.784059847503956 0.805898431880305 0.890922169472018 0.890720759602935 0.956322831247303 0.978190188462092 0.890519349733851 1 0.869428859156956 0.978276506977413 1 1 1 0.934311609840311 1 1 1 0.89100848798734 0.825406416342972 0.869256222126313 1 1 1 1 1 0.869313767803194 0.978391598331175 0.868997266580348 0.891066033664221 0.781786793267156 0.781786793267156 0.586131491871673 0.688534023881456 0.291699036109912 0.213926053805208 0.670263271471731 0.499554021004172 0.273744784923033 0.781786793267156 1 0.934685656740037 0.978190188462092 0.825233779312329 0.847475183426845 0.978391598331175 1 1 1
1 1 1 1 1 1 1 0.912473025463962 0.934714429578478 0.912674435333046 0.781786793267156 0.784059847503956 0.892849949647533 0.742396777442095 0.60448856279672 0.663098834700043 0.50671845777586 0.564666954395051 0.505164724500072 0.622730542368005 0.466465256797583 0.603740468997267 0.663098834700043 0.585066896849374 0.644252625521508 0.742396777442095 0.762134944612286 0.762134944612286 0.825377643504532 0.825377643504532 0.825377643504532 0.825377643504532 0.912588116817724 0.934397928355632 1 0.913106027909653 0.934915839447562 0.956524241116386 1 1 1 1 1 1 1 1 1 1 1 1 1 0.934685656740037 0.891066033664221 0.847388864911523 0.934714429578478 0.869313767803194 0.82526255215077 0.742396777442095 0.786160264710114 0.722975111494749 0.330254639620199 0.436340094950367 0.780779743921738 0.375140267587397 0.506401956553014 0.849259099410157 0.893339087901021 0.847417637749964 0.803625377643505 0.91293339087901 0.803625377643505 0.956294058408862 1 1 0.913077255071213
0.934225291324989 1 1 1 1 1 1 0.934397928355632 0.978247734138973 0.781786793267156 0.764321680333765 0.722342109049058 0.682808229031794 0.485685512875845 0.290663213926054 0.21294777729823 0.194245432311898 0.329535318659186 0.348928211768091 0.368349877715437 0.253057114084304 0.233779312329161 0.253776435045317 0.293626816285427 0.586620630125162 0.781786793267156 0.846986045173356 0.825377643504532 0.847129909365559 0.956236512731981 0.868738311034383 0.868853402388146 0.956265285570421 1 0.825550280535175 0.97807509710833 0.978391598331175 1 1 1 1 1 1 1 1 1 1 1 1 1 0.825550280535175 0.956524241116386 0.978391598331175 0.912818299525248 0.869227449287872 1 0.781786793267156 0.762134944612286 0.762134944612286 0.353445547403251 0.257977269457632 0.436340094950367 0.416630700618616 0.392835563228312 0.433894403682923 0.827621924902892 0.869227449287872 0.912875845202129 0.803625377643505 0.978391598331175 0.956524241116386 0.956553013954827 1 1 1
0.956265285570421 1 1 1 1 1 1 0.934397928355632 0.934570565386275 0.742396777442095 0.702632714717307 0.349647532729104 0.213523234067041 0.232225579053374 0.0963026902603942 0 0.0192778017551431 0.193583657027766 0.193583657027766 0.174766220687671 0.215997698172925 0.978276506977413 0.825406416342972 0.803539059128183 0.825406416342972 0.803539059128183 0.803539059128183 0.803539059128183 0.847129909365559 0.847129909365559 0.825377643504532 0.846986045173356 1 0.803826787512588 0.956207739893541 0.956639332470148 0.978391598331175 1 1 1 1 1 1 1 1 1 1 1 1 1 1 0.978391598331175 1 0.912962163717451 0.803539059128183 0.912962163717451 1 0.805697022011221 0.629261976694001 0.375370450294922 0.335606387570134 0.755430873255647 0.41458782908934 0.373183714573443 0.781786793267156 0.781786793267156 0.847417637749964 0.891066033664221 0.978247734138973 1 1 1 -9999 1 1
0.978190188462092 0.978190188462092 1 1 1 1 0.978190188462092 0.978190188462092 0.868853402388146 0.722342109049058 0.505164724500072 0.290231621349446 0.097079556898288 0.0580060422960725 0 0 0 0.0389008775715724 0.174766220687671 0.416659473457057 0.958221838584376 0.725679758308157 0.370680477629118 0.664537476622069 0.742396777442095 0.805898431880305 0.805898431880305 0.803625377643505 0.781786793267156 0.80339519493598 0.846986045173356 0.890576895410732 0.846957272334916 0.803682923320386 0.956207739893541 1 0.869342540641634 1 1 -9999 -9999 -9999 -9999 1 1 1 -9999 1 1 1 1 1 0.956495468277946 0.9123579341102 1 1 0.803596604805064 0.847129909365559 0.868939720903467 0.353445547403251 0.333736153071501 0.41458782908934 0.395108617465113 0.80339519493598 0.890778305279816 0.869284994964753 0.847273773557761 0.934513019709394 1 1 -9999 -9999 -9999 1 1
0.956437922601065 0.978190188462092 1 1 1 0.869026039418789 0.978190188462092 1 0.807596029348295 0.622730542368005 0.309883470004316 0.135146022155086 0.0963026902603942 0 0.0196230758164293 0.0971658754136095 0.368349877715437 0.174766220687671 0.194245432311898 0.194245432311898 0.350280535174795 0.702632714717307 0.958308157099698 0.98034815134513 1 1 0.978247734138973 0.80339519493598 0.912645662494605 0.978190188462092 0.978190188462092 0.868910948065027 0.891066033664221 0.825550280535175 0.89103726082578 0.803654150481945 0.956639332470148 1 -9999 -9999 -9999 -9999 -9999 -9999 -9999 -9999 -9999 -9999 1 1 -9999 1 0.890922169472018 0.934714429578478 1 0.890548122572292 0.825377643504532 0.825377643504532 0.847129909365559 0.373183714573443 0.353445547403251 0.742396777442095 0.781786793267156 0.781786793267156 0.912616889656164 0.847273773557761 0.825550280535175 0.956524241116386 1 1 -9999 -9999 0.978247734138973 1 1
0.978247734138973 0.978190188462092 0.978190188462092 0.978190188462092 0.934513019709394 0.978190188462092 0.978247734138973 0.781786793267156 0.644856855128758 0.368464969069199 0.173960581211337 0.135232340670407 0 0 0 0.154654006617753 0.0584376348726802 0.097079556898288 0.174766220687671 0.290548122572292 0.704186447993094 0.936555891238671 1 1 1 0.912674435333046 0.912674435333046 0.978190188462092 0.978190188462092 0.934426701194073 0.912674435333046 0.803625377643505 0.781786793267156 0.93482952093224 0.891353762048626 0.847446410588405 0.978276506977413 1 -9999 -9999 -9999 -9999 -9999 -9999 -9999 -9999 -9999 -9999 1 1 0.978276506977413 1 0.978391598331175 0.956265285570421 0.781786793267156 0.890835850956697 0.890663213926054 0.847129909365559 0.847129909365559 0.694662638469285 0.573327578765645 0.762134944612286 0.890576895410732 0.803539059128183 0.781786793267156 0.803625377643505 0.869141130772551 0.934484246870954 1 1 -9999 -9999 1 1 1
0.781786793267156 0.978247734138973 0.978190188462092 0.978190188462092 1 0.978247734138973 0.785757444971946 0.642727665084161 0.466494029636024 0.115580492015537 0 0 0 0 0.251934973385124 0.039159833117537 0.0389008775715724 0.097079556898288 0.407682347863617 0.726514170622932 0.936555891238671 0.934541792547835 0.956437922601065 0.978190188462092 0.825377643504532 0.803625377643505 0.847273773557761 0.825233779312329 0.825492734858294 0.825492734858294 1 0.803654150481945 0.847532729103726 0.913163573586534 1 0.978276506977413 1 1 1 1 -9999 -9999 -9999 -9999 -9999 -9999 1 1 1 1 1 1 0.825492734858294 0.956581786793267 0.912875845202129 0.781786793267156 0.825435189181413 0.912530571140843 0.890807078118256 0.847129909365559 -9999 0.847417637749964 1 0.803539059128183 0.781786793267156 0.847101136527118 0.978247734138973 0.978247734138973 1 1 1 1 1 1 1
0.781786793267156 0.80339519493598 0.847072363688678 0.978247734138973 0.785757444971946 0.62301827075241 0.524902891670263 0.408229031793986 0.34941735002158 0.13537620486261 0 0 0 0 0 0 0.0192778017551431 0.468795856711265 0.746223564954683 0.892849949647533 1 1 0.846986045173356 0.803539059128183 0.978391598331175 0.891353762048626 0.847475183426845 0.847388864911523 0.912760753848367 0.781786793267156 0.891181125017983 0.847417637749964 1 0.978276506977413 1 1 1 0.847417637749964 1 1 1 -9999 -9999 -9999 -9999 -9999 1 -9999 1 1 1 1 0.978391598331175 1 0.847388864911523 0.781786793267156 0.890835850956697 0.868910948065027 0.847072363688678 0.847158682203999 -9999 0.956495468277946 0.956495468277946 0.803510286289743 0.825406416342972 0.956639332470148 0.956524241116386 1 1 1 1 1 1 1 1
0.603251330743778 0.722342109049058 0.722342109049058 0.722342109049058 0.603251330743778 0.290663213926054 0.135146022155086 0.116069630269026 0.116069630269026 0 0 0 0 0 0 0 0.097022011221407 0.608286577470868 0.783887210473313 0.934541792547835 0.978190188462092 0.846986045173356 0.869198676449432 0.803654150481945 0.891066033664221 0.978247734138973 0.913163573586534 0.978247734138973 0.803654150481945 0.847619047619047 1 1 1 1 1 1 0.825377643504532 1 1 1 1 1 -9999 -9999 -9999 -9999 -9999 -9999 1 1 1 1 0.978391598331175 0.978391598331175 -9999 0.847475183426845 0.803625377643505 0.781786793267156 0.781786793267156 0.869284994964753 -9999 -9999 0.847475183426845 0.825550280535175 0.978391598331175 1 0.956524241116386 1 1 1 1 1 1 1 1
0.505711408430442 0.62301827075241 0.603251330743778 0.603251330743778 0.329621637174507 0.0194504387857862 0 0 0 0 0 0 0 0 0 0.0192778017551431 0.135922888792979 0.62301827075241 0.958624658322543 1 0.869026039418789 1 0.869428859156956 0.847475183426845 0.891324989210186 1 0.956524241116386 1 1 1 1 1 1 1 0.97807509710833 1 1 1 1 1 1 1 1 1 1 1 1 -9999 1 1 1 1 -9999 -9999 1 0.978391598331175 0.956639332470148 0.93482952093224 0.781786793267156 0.803625377643505 -9999 -9999 0.847417637749964 0.934771975255359 1 0.956524241116386 1 1 1 1 1 1 1 1 1
0.407970076248022 0.505222270176953 0.309854697165875 0.329621637174507 0.154538915263991 0 0 0 0 0 0 0 0 0 0 0.0389008775715724 0.15560351028629 0.642497482376637 0.98034815134513 0.956437922601065 0.803625377643505 0.934915839447562 0.847590274780607 0.978247734138973 1 0.978247734138973 0.978247734138973 1 0.978247734138973 0.956351604085743 1 1 1 1 1 1 1 1 1 1 1 1 1 1 1 1 1 -9999 1 1 0.97810386994677 1 1 1 0.847158682203999 0.934484246870954 1 0.934743202416918 0.978391598331175 0.781786793267156 -9999 0.890922169472018 0.956639332470148 1 1 1 1 1 1 1 1 1 1 1 1
0.0826068191627104 0.116558768522515 0.0389008775715724 0.0580060422960725 0 0 0 0 0 0 0 0 0 0 0 0.0389008775715724 0.271471730686232 0.722342109049058 1 0.956437922601065 0.825550280535175 0.956495468277946 0.978247734138973 0.869313767803194 0.978247734138973 1 1 1 1 1 1 1 1 1 1 1 1 1 1 1 1 1 1 1 1 1 1 1 1 1 1 1 0.978391598331175 0.978391598331175 0.869256222126313 0.978247734138973 0.978247734138973 1 1 0.868853402388146 0.868853402388146 1 1 0.890979715148899 0.978276506977413 1 1 1 1 1 1 1 1 1 1
0 0 0 0 0 0 0 0 0 0 0 0 0 0 0 0.097079556898288 0.544151920586966 0.742396777442095 1 0.781786793267156 0.91290461804057 0.869428859156956 0.956553013954827 1 1 1 1 1 1 1 1 1 1 1 1 1 1 1 -9999 -9999 1 1 1 1 1 1 1 1 1 1 1 1 1 0.978391598331175 1 1 1 1 1 0.956495468277946 1 -9999 0.97810386994677 1 0.978247734138973 0.825694144727377 1 1 1 1 1 1 1 1 1
0 0.0580060422960725 0 0 0 0 0 0 0 0 0 0 0 0 0 0.213062868651993 0.622730542368005 0.827305423680046 1 -9999 -9999 -9999 -9999 1 1 1 1 1 0.978247734138973 1 1 0.956035102862898 1 1 1 1 -9999 1 1 -9999 1 1 1 1 1 1 1 1 1 1 1 1 1 1 1 1 1 1 1 1 0.956524241116386 1 1 1 1 1 1 1 1 1 1 1 1 1 1
0 0 0 0 0 0 0 0 0 0 0 0 0 0 0.0582649978420371 0.329449000143864 0.682203999424543 1 -9999 0.869026039418789 -9999 -9999 -9999 1 1 1 1 1 0.956207739893541 1 1 1 1 1 1 1 1 1 1 1 1 1 1 1 1 1 1 1 1 1 1 1 1 1 1 1 1 1 1 1 1 1 -9999 1 1 1 1 1 1 1 1 1 1 1 1
0 0 0 0 0 0 0 0 0 0 0 0 0 0 0.155085599194361 0.62301827075241 0.764149043303122 1 -9999 1 0.847388864911523 -9999 -9999 0.913163573586534 0.934915839447562 1 1 1 0.891209897856423 0.956524241116386 1 1 1 1 1 1 1 1 1 1 1 1 1 1 1 1 1 1 1 1 1 1 1 1 1 1 1 1 1 1 1 1 -9999 1 1 1 1 1 -9999 1 1 1 1 1 1
