data-raw/DATASET_PNE/a_DATA/PFGS/ENVSUIT_A1B/HS_f30_P7_acer.asc
NCOLS 619 
NROWS 782 
XLLCORNER 876826 
YLLCORNER 1947424 
CELLSIZE 100 
NODATA_value -9999 
[rows 165 to 197 of 782, columns 150 to 224 of 619]
0.539765607724626 0.72082995503796 1 0.950615463993514 1 1 1 1 1 1 1 1 1 0.881403405321737 0.818935652686666 0.805741873664038 0.331318640819636 0.540908085796418 0.793764280975897 0.715007002284956 0.20354536743569 1 1 1 1 1 1 0.974902336551927 1 0.950320630942729 0.931967273531363 0.90686961008329 0.931967273531363 1 1 0.882214196211395 0.8575587823395 0.97504975307732 0.97504975307732 0.950394339205425 1 0.974902336551927 1 0.97504975307732 0.97504975307732 0.735018795606987 0.777327338394634 0.796012382988133 0.0563499668312818 0.355826638166138 0.240030957470332 0.183128178668829 0 0 0 0 0 0 0 0 0 0 0 0 0 0.220056018279649 0.129431709294612 0 0 0 0.0186113363308027 0.0186113363308027 0 0 0
0.932372668976192 0.981646642588634 0.981646642588634 1 1 1 1 1 1 1 0.975270877865409 1 1 1 0.799845212648338 0.799845212648338 0.374216849708852 0.257831502911476 0.793764280975897 0.805741873664038 0.678742537038402 1 0.975270877865409 1 1 1 1 0.975270877865409 1 0.931967273531363 0.931967273531363 0.931967273531363 0.931967273531363 0.981646642588634 0.981646642588634 0.90727500552812 0.9322252524508 0.9381219134665 0.913687624382693 0.90727500552812 0.97504975307732 1 0.956696395665954 0.981646642588634 0.9381219134665 0.777327338394634 0.549642514925923 0.618596594678263 0.43340458465394 0.318456548979141 0.240030957470332 0.0741505122724257 0 0 0 0 0 0 0 0 0 0 0 0 0 0.201739514999631 0.201739514999631 0 0 0 0.0186113363308027 0.0186113363308027 0 0 0
0.981646642588634 1 1 1 1 1 1 0.963440701702661 0.927176236456107 1 0.975270877865409 0.975270877865409 1 1 0.881403405321737 0.799845212648338 0.491707820446672 0.491707820446672 0.765902557676716 0.818898798555318 0.943281491855237 1 0.975270877865409 1 1 1 1 0.850740768040097 0.931967273531363 0.91317166654382 0.659394118080637 0.801651065084396 0.913429645463256 0.913687624382693 0.89489201739515 0.857411365814108 0.807731996756836 0.850740768040097 0.820778359254072 0.796122945382177 0.981646642588634 0.981646642588634 0.956917520454043 0.913429645463256 0.89489201739515 0.764612663079531 0.210989901968011 0.452273899904179 0.355826638166138 0.220056018279649 0.220056018279649 0 0 0 0 0 0 0 0 0 0 0 0 0 0 0.201739514999631 0.220056018279649 0 0 0 0.0186113363308027 0.0186113363308027 0 0 0
0.981646642588634 1 1 1 1 1 1 1 1 0.975344586128105 0.975270877865409 0.975270877865409 0.950615463993514 1 1 0.856711137318493 0.467052406574777 0.467052406574777 0.491707820446672 0.805741873664038 1 1 1 1 1 1 1 0.727942802388148 0.814181469742758 0.888295127883836 0.295533279280607 0.276405985110931 0.57308174246333 0.600132674872853 0.452273899904179 0.394634038475713 0.374806515810422 0.600132674872853 0.637613326453896 0.770804157146016 0.913429645463256 0.9322252524508 0.80176162747844 0.706346281418147 0.74636986806221 0.696874769661679 0.0810790889658731 0.375469890174689 0 0.240030957470332 0.183128178668829 0 0 0 0 0 0 0 0 0 0 0 0 0 0 0.201739514999631 0.220056018279649 0 0 0 0.0186113363308027 0.0186113363308027 0 0 0
0.907311859659468 0.956512125009214 1 1 1 1 1 1 0.950615463993514 0.975270877865409 0.975270877865409 1 1 1 1 0.905837694405543 0.491707820446672 0.412545146310902 0.20354536743569 0.793764280975897 1 0.975270877865409 1 1 1 1 1 0.839279133190831 0.490602196506228 0.869757499815729 0.340679590182059 0.4312301909044 0.394634038475713 0.375469890174689 0.43458391685708 0.43458391685708 0.337215301835336 0.278801503648559 0.355826638166138 0.600132674872853 0.618596594678263 0.755325421979804 0.545109456770104 0.677858037886047 0.677858037886047 0.0373700891869979 0 0.240030957470332 0 0 0 0 0 0 0 0 0 0 0 0 0 0 0 0 0 0.201739514999631 0.220056018279649 0 0 0 0.0186113363308027 0.0186113363308027 0 0 0
0.981646642588634 0.981646642588634 1 1 1 1 1 1 1 1 1 1 1 1 1 0.799845212648338 0.57249207636176 0.363492297486548 0.184712906316798 0.900162158177932 1 0.925665217070834 0.925665217070834 1 1 1 1 0.839279133190831 0.0936463477555834 0.463293285177268 0.397140119407386 0.526756099358738 0.355826638166138 0.201739514999631 0.220056018279649 0.240030957470332 0.240030957470332 0.240030957470332 0.318456548979141 0.318456548979141 0.355826638166138 0.452273899904179 0.355826638166138 0.454558856047763 0.0373700891869979 0 0.201739514999631 0 0.16444313407533 0 0 0 0 0 0 0 0 0 0 0 0 0 0 0 0 0.201739514999631 0.220056018279649 0.0372963809243016 0 0 0.0186113363308027 0 0 0 0
1 0.974902336551927 1 1 1 1 1 1 1 1 1 1 0.975270877865409 1 1 0.282560625046068 0.689872484705536 0.425849487727574 0.289710326527604 0.881403405321737 1 1 1 1 1 1 1 1 0.0936463477555834 0.276405985110931 0.586865187587528 0.488096115574556 0.220056018279649 0.0186113363308027 0 0 0 0.182759637355348 0.240030957470332 0.220056018279649 0.220056018279649 0.338099800987691 0.240030957470332 0.240030957470332 0 0.0919142035822216 0 0 0 0 0 0 0 0 0 0 0 0 0 0 0 0 0 0 0 0.220056018279649 0.220056018279649 0.0372963809243016 0 0 0.0186113363308027 0 0 0 0
1 1 1 1 1 1 1 1 1 1 1 1 0.975270877865409 0.925665217070834 1 0.799845212648338 0.57249207636176 0.468637134222746 0.339352841453527 0.413798186776738 0.962408786024913 1 0.925665217070834 1 1 1 1 1 0.68939338099801 0.0746664701112995 0.468194884646569 0.639419178889954 0.110894081226505 0.0186113363308027 0 0 0 0 0.128694626667649 0.201444681948846 0.201444681948846 0.220056018279649 0.201444681948846 0.201444681948846 0.0185744821994546 0 0 0 0 0 0 0 0 0 0 0 0 0 0 0 0 0 0 0.110451831650328 0.16444313407533 0.220056018279649 0.220056018279649 0.0372963809243016 0 0 0.0372963809243016 0.0186113363308027 0 0 0
1 1 1 1 1 1 1 1 1 1 1 1 1 0.975270877865409 1 1 0.511093093535785 0.505270140782782 0.166359548905432 0.320815213385421 0.339352841453527 1 1 1 1 1 1 0.981462371931894 0.90727500552812 0.0936463477555834 0.832977076730301 0.795680695806 0.432446377238888 0.220056018279649 0 0 0 0 0 0 0 0.0922827448957028 0.0185744821994546 0 0 0 0 0 0 0 0 0 0 0 0 0 0 0 0 0 0 0 0 0.182759637355348 0.220056018279649 0.220056018279649 0.201739514999631 0 0 0.0372963809243016 0.0372963809243016 0.0186113363308027 0 0 0
1 1 1 1 1 1 1 1 0.981462371931894 0.963440701702661 1 1 1 0.975270877865409 0.975270877865409 1 1 0.20354536743569 0.333161347387042 0.364008255325422 0.401157219724331 1 0.950615463993514 0.925665217070834 0.950615463993514 1 1 1 0.875875285619518 0.315360801945898 0.820151839021154 0.833050784992998 0.740067811601681 0.677858037886047 0.110894081226505 0 0 0 0 0 0 0 0 0 0 0 0 0 0 0 0 0 0 0 0 0 0 0 0 0 0 0 0 0.201444681948846 0.220056018279649 0.220056018279649 0.0372963809243016 0 0 0 0.0186113363308027 0.0186113363308027 0 0 0
1 1 1 1 1 1 1 0.975270877865409 1 1 0.975270877865409 1 0.975344586128105 1 0.975270877865409 0.975270877865409 1 0.943281491855237 0.166359548905432 0.413798186776738 0.769809095599617 0.881403405321737 1 0.925665217070834 0.925665217070834 0.975270877865409 1 1 1 0.795680695806 0.931967273531363 0.882619591656225 0.932483231370237 0.833271909781086 0.240030957470332 0 0 0 0 0 0 0 0 0 0 0 0 0 0 0 0 0 0 0 0 0 0 0 0 0 0 0.037112110267561 0.182759637355348 0.201444681948846 0.220056018279649 0.201739514999631 0 0 0 0 0.0186113363308027 0.0186113363308027 0 0 0
0.833161347387042 1 1 1 1 0.900936094936242 0.826453895481683 0.734208004717329 0.734208004717329 0.734208004717329 0.900936094936242 1 1 1 1 0.975270877865409 1 1 0.30806368393897 0.308542787646495 0.544372374143141 0.608277437900789 1 1 0.925665217070834 1 1 1 1 1 1 1 0.907790963366993 0.759158251640009 0.29627036190757 0.201444681948846 0 0 0 0 0 0 0 0 0.0497899314513157 0 0.0497899314513157 0 0 0 0 0 0 0 0 0 0 0 0 0 0 0.16444313407533 0.16444313407533 0.201739514999631 0.201739514999631 0.0372963809243016 0 0 0 0 0.0186113363308027 0 0 0 0
0.888700523328665 1 1 1 0.975270877865409 0.975270877865409 1 0.981646642588634 0.734208004717329 0.374548536890985 0.77721677600059 1 1 1 1 0.975270877865409 0.925665217070834 1 1 0.160057492444903 0.689909338836884 0.738851625267193 1 1 1 1 1 1 1 1 1 0.826085354168202 1 0.932483231370237 0.482236308690204 0.220056018279649 0 0 0 0 0 0 0 0 0 0 0 0 0 0 0 0 0 0 0 0 0 0 0 0 0.0921353283703103 0.201444681948846 0.183128178668829 0.220056018279649 0.0372963809243016 0.0372963809243016 0 0 0 0 0.0186113363308027 0 0 0 0
1 1 0.975270877865409 1 1 1 0.729380113510725 0.34263285914351 0.1247512346134 0.56718508144763 1 1 1 1 0.975344586128105 0.975270877865409 0.901120365592983 1 1 0.962408786024913 0.962408786024913 0.881403405321737 0.689651359917447 1 1 1 1 1 1 1 1 1 1 0.932483231370237 0.12456696395666 0 0 0 0 0 0 0 0 0 0 0 0 0 0 0 0 0 0 0 0 0 0 0 0 0.16444313407533 0.201444681948846 0.183128178668829 0.220056018279649 0.220056018279649 0.165991007591951 0.0372963809243016 0 0 0 0 0.0186113363308027 0 0 0 0
0.900493845360065 0.777327338394634 0.777327338394634 1 1 0.342006338910592 0.118891427729048 0.0624677526350704 0.137429055797155 0.981646642588634 0.882877570575662 0.676715559814255 0.833161347387042 1 1 1 0.975270877865409 0.925665217070834 1 1 0.962408786024913 0.856711137318493 0.641298739588708 1 1 0.975270877865409 1 1 1 1 1 1 0.777327338394634 0.580194589813518 0.378823616127368 0 0 0 0 0 0 0 0 0 0 0 0 0 0 0 0 0 0 0 0 0 0 0 0 0 0.220313997199086 0.220056018279649 0.257352399203951 0.220056018279649 0 0 0 0 0 0 0.0186113363308027 0.0186113363308027 0 0 0
0.734208004717329 0.57485074076804 0.676715559814255 0.41022333603597 0.255951942212722 0.137429055797155 0.0377386305004791 0 0.118891427729048 0.354131348124125 0.907311859659468 0.950615463993514 0.832829660204909 1 1 1 0.975270877865409 0.975270877865409 0.975270877865409 1 1 1 0.61100464362055 0.583142920321368 1 0.950615463993514 1 1 1 1 1 0.875396181911992 0.850777622171445 0.925923195990271 0.599358738114543 0.397434952458171 0.149296086091251 0.220056018279649 0 0 0 0 0 0 0 0 0 0 0 0 0 0 0 0 0 0.0186850445934989 0 0 0.0753666986069138 0.0940517432004128 0.0563499668312818 0 0 0 0 0 0 0 0 0.0372963809243016 0.0186113363308027 0 0 0 0
0.726837178447704 0.715670376649222 0.888221419621139 0.23044888331982 0.0377386305004791 0 0 0 0.0377386305004791 0.100095820741505 0.260300729711801 0.658362202402889 1 1 1 1 1 0.975270877865409 1 1 1 1 1 0.333345618043783 1 1 1 1 1 1 1 1 1 1 0.870236603523255 0.814807989975676 0.453158399056534 0.329144247070097 0.0753666986069138 0.220056018279649 0.183128178668829 0 0 0 0 0 0 0 0 0 0 0 0 0 0 0.0186850445934989 0.220056018279649 0 0.0753666986069138 0.360101717402521 0.957212353504828 0.37230043487875 0.143325716812855 0 0.0186850445934989 0 0 0 0 0.0372963809243016 0.0372963809243016 0.0186850445934989 0 0 0
0.707820446672072 0.638571533868947 0.586128104960566 0.0377386305004791 0 0 0 0 0 0.118891427729048 0.30452568732955 1 1 1 1 1 1 0.975270877865409 0.975270877865409 1 1 1 1 0.732660131200707 0.768924596447262 1 1 1 0.975344586128105 1 1 1 1 1 1 1 0.870457728311344 0.599321883983195 0.957212353504828 0.644541903147343 0.220056018279649 0 0 0 0 0 0 0 0 0 0 0 0 0 0.0186850445934989 0.220056018279649 0.220056018279649 0.702402889363898 0.347755583400899 0.734208004717329 0.956954374585391 0.882877570575662 0.932483231370237 0.186592467015552 0.0810053807031768 0.0810053807031768 0.238483083953711 0.0372963809243016 0.0372963809243016 0.0372963809243016 0.0372963809243016 0.0372963809243016 0 0 0
0.502137539618191 0.442986658804452 0 0 0 0 0 0 0 0.0567553622761112 0.268777179921869 0.622171445419031 1 1 1 1 1 0.975270877865409 0.975270877865409 1 1 1 1 0.881403405321737 0.738040834377534 1 1 0.975344586128105 0.925665217070834 1 1 1 1 1 1 1 1 1 0.734208004717329 0.957212353504828 0.174541166064716 0 0 0 0 0 0 0 0 0 0 0 0 0 0.220056018279649 0.220056018279649 0.372226726616054 0.74596447261738 0.783850519643252 1 1 0.85796417778433 0.907090734871379 0.882656445787573 0.148780128252377 0.353541682022555 0.285324684897177 0.0186113363308027 0.0372963809243016 0.0372963809243016 0.0372963809243016 0.201739514999631 0.16444313407533 0 0
0.136507702513452 0.38663669197317 0.201444681948846 0 0 0 0 0 0 0 0.181211763838726 0.564384167465173 0.888700523328665 1 1 1 1 0.975270877865409 1 1 1 1 1 1 0.881403405321737 1 1 1 0.950615463993514 1 1 1 1 1 1 1 0.925444092282745 0.777106213606545 0.981646642588634 0.832829660204909 0.397434952458171 0.0810790889658731 0 0 0 0 0 0 0 0 0 0 0 0.0563499668312818 0.276921942949805 0.240030957470332 0.825421979803936 0.833050784992998 0.826195916562247 0.975344586128105 0.80176162747844 0.801651065084396 0.95068917225621 0.93181985700597 0.777327338394634 0.79645463256431 0.543340458465394 0.211026756099359 0.432446377238888 0.0372963809243016 0.0372963809243016 0.220056018279649 0.201444681948846 0 0
0.211100464362055 0 0 0 0 0 0 0 0 0 0.118891427729048 0.527530036117049 0.814807989975676 1 1 1 1 1 1 1 1 1 1 1 1 1 1 1 1 1 1 1 1 1 1 1 1 0.975270877865409 0.777106213606545 0.777327338394634 0.532321073192305 0.37230043487875 0.0753666986069138 0 0 0 0 0 0 0 0 0.0187587528561952 0.0624677526350704 0.17936905727132 0.360101717402521 0.800766565932041 0.844880961155746 0.759305668165401 0.925186113363308 0.777106213606545 1 0.950578609862165 0.777106213606545 0.814807989975676 0.944829365371858 0.814807989975676 0.777327338394634 0.686408196358812 0.696874769661679 0 0.0372963809243016 0.220056018279649 0.201444681948846 0 0
0 0 0 0 0 0 0 0 0 0 0.298149922606324 0.472949067590477 0.870089186997863 1 1 1 1 1 1 1 1 1 1 1 1 1 1 1 1 1 1 0.975344586128105 0.950394339205425 0.975344586128105 1 1 1 1 0.975270877865409 1 0.815287093683202 0.63849782560625 0.37230043487875 0.180769514262549 0.0753666986069138 0.0187587528561952 0 0 0 0 0.118780865335004 0.205867177710621 0.397434952458171 0.599985258347461 0.907606692710253 0.734208004717329 0.907348713790816 0.925702071202182 0.925923195990271 0.950578609862165 0.900936094936242 1 0.901009803198939 0.963440701702661 1 0.926365445566448 0.814807989975676 0.93181985700597 0.24813886636692 0.374806515810422 0.165991007591951 0.0372963809243016 0.0186850445934989 0 0
0 0 0 0 0 0 0 0 0 0 0.149738335667428 0.361244195474313 0.622171445419031 0.963440701702661 1 1 1 1 1 1 1 1 1 1 1 1 1 1 1 1 1 1 0.925296675757352 0.950394339205425 1 1 1 1 1 1 1 1 0.814807989975676 0.64203582221567 0.502874622245154 0.453158399056534 0.434915604039213 0.230412029188472 0.156114100390654 0.205867177710621 0.224478514041424 0.410260190167318 0.79645463256431 0.975344586128105 0.956696395665954 0.832940222598953 1 0.777106213606545 0.975307731996757 0.975270877865409 1 1 0.975455148522149 0.950578609862165 1 1 1 1 0.409117712095526 0.782228937863935 0.240030957470332 0.0372963809243016 0 0 0
0 0 0 0 0 0 0 0 0 0 0 0.17446745780202 0.41022333603597 0.814807989975676 0.981462371931894 1 1 1 1 1 1 1 1 1 1 1 1 1 1 1 1 1 1 0.925665217070834 1 1 1 1 1 1 1 1 1 1 0.833161347387042 0.790152576103781 0.796491486695659 0.58505933515147 0.428502985184639 0.492813444387116 0.530515220756247 0.814807989975676 1 0.826085354168202 0.801651065084396 0.950394339205425 0.777106213606545 0.875912139750866 0.975270877865409 1 1 1 1 1 1 0.907901525761038 0.777106213606545 1 0.734208004717329 0.919879118449178 0.240030957470332 0.0372963809243016 0 0 0
0 0 0 0 0 0 0 0 0 0 0 0 0.255951942212722 0.659062430898504 0.925996904252967 1 1 1 1 1 1 1 1 1 1 1 1 1 1 1 1 1 1 1 0.925665217070834 0.950394339205425 1 1 1 1 1 1 1 1 1 1 1 0.870199749391907 0.790152576103781 0.808505933515147 1 1 1 0.925444092282745 0.925480946414093 0.975270877865409 0.950836588781602 0.950726026387558 0.975455148522149 1 1 1 1 1 1 1 0.875801577356822 1 0.932483231370237 0.53910223336036 0.220056018279649 0.0186850445934989 0 0 0
0 0 0 0 0 0 0 0 0 0 0 0 0.17446745780202 0.602786172329918 0.833161347387042 1 1 1 1 1 1 1 1 1 1 1 1 1 1 1 1 0.975565710916194 1 1 1 0.925665217070834 0.950394339205425 0.975344586128105 1 1 1 1 1 1 1 1 1 0.950431193336773 1 1 1 1 0.901157219724331 1 1 1 1 1 1 1 1 1 1 1 1 1 0.801651065084396 0.981646642588634 0.323100169529004 0.0940517432004128 0 0 0 0 0
0 0 0 0 0 0 0 0 0 0 0 0 0.17446745780202 0.471327485811159 0.814807989975676 1 1 1 0.975270877865409 1 1 1 1 1 1 1 1 0.962408786024913 1 1 1 1 1 1 1 1 1 1 1 1 1 1 1 1 1 1 1 1 1 1 0.975344586128105 1 1 1 1 1 1 1 1 1 1 1 1 1 1 1 0.925591508808137 1 0.378823616127368 0.0940517432004128 0 0 0 0 0
0 0 0 0 0 0 0 0 0 0 0 0 0.149738335667428 0.434915604039213 0.814807989975676 1 1 1 1 1 1 1 1 1 1 1 1 1 1 1 1 1 1 1 1 1 1 1 1 1 1 1 1 1 1 1 1 1 1 1 1 1 1 1 1 1 1 1 1 1 1 1 1 1 1 1 1 0.826932999189209 0.557050195326896 0.118780865335004 0 0 0 0 0
0 0 0 0 0 0 0 0 0 0 0 0 0.149738335667428 0.41022333603597 0.814807989975676 1 1 1 1 1 1 1 1 1 1 1 1 1 1 1 1 0.975565710916194 0.924596447261738 1 1 1 1 1 1 0.925665217070834 1 1 1 1 1 1 1 1 1 1 1 1 1 1 1 1 1 1 1 1 1 1 1 1 1 1 1 0.956806958059998 0.814807989975676 0.347755583400899 0.0563499668312818 0 0 0 0
0 0 0 0 0 0 0 0 0 0 0 0 0.149738335667428 0.41022333603597 0.640745927618486 0.907127589002727 1 1 1 1 0.975270877865409 1 1 1 1 1 1 1 1 1 1 1 1 1 1 1 1 1 1 1 1 1 1 1 1 1 1 1 1 1 1 1 1 1 1 1 1 1 1 1 1 1 1 1 1 1 1 1 0.907127589002727 0.778838357779907 0.347645021006855 0.118780865335004 0.0563499668312818 0.0563499668312818 0
0 0 0 0 0 0 0 0 0 0 0 0 0.0377386305004791 0.231296528340827 0.434915604039213 0.678226579199528 0.963366993439965 1 1 1 1 1 0.975270877865409 1 1 1 1 1 1 1 1 1 1 1 1 1 1 1 1 1 1 1 1 1 1 1 1 1 1 1 1 1 1 1 1 1 1 1 1 1 1 1 1 1 1 1 1 1 1 0.833161347387042 0.814807989975676 0.760300729711801 0.378823616127368 0.385236234981942 0.174725436721456
0 0 0 0 0 0 0 0 0 0 0 0 0 0.118891427729048 0.255951942212722 0.41022333603597 0.493955922458908 0.735903294759342 1 1 1 1 1 1 1 1 1 1 1 1 1 1 1 1 1 1 1 1 1 1 0.734392275374069 1 1 1 1 1 1 1 1 1 1 1 1 1 1 1 1 1 1 1 1 1 1 1 1 1 1 1 1 1 1 0.901341490381072 0.851588413061104 0.814807989975676 0.814807989975676
0 0 0 0 0 0 0 0 0 0 0 0 0 0.0189798776442839 0.112847350187956 0.248802240731186 0.292511240510061 0.493955922458908 0.696543082479546 0.888663669197317 1 1 1 1 1 1 1 1 1 1 1 1 1 1 1 1 1 1 1 1 1 1 1 0.302277585317314 0.171334856637429 0.277179921869242 1 1 1 1 1 1 1 1 1 1 1 1 1 1 1 1 1 1 1 1 1 1 1 1 1 1 1 1 1
