data-raw/DATASET_PNE/a_DATA/PFGS/ENVSUIT_A1B/HS_f90_P7_acer.asc
NCOLS 619 
NROWS 782 
XLLCORNER 876826 
YLLCORNER 1947424 
CELLSIZE 100 
NODATA_value -9999 
[rows 392 to 419 of 782, columns 441 to 503 of 619]
0 0 0 0 0 0 0 0 -9999 -9999 -9999 -9999 0 0 0 0 0 0 0 0 0 0 0 0 0 0 0 0 0 0 0 0 0 0 0 0 0 0 0 0 0 0 0 0 0 0 0 0 0 0 0 0 0 0 0.0500847645021007 0.043635291516179 0.0747770325053438 0.131163853467974 0.211247880887447 0.211247880887447 0.285545809685266 0.304157146016068 0.310864597921427
0 0.0246922680032432 0 0 0 0 0 0 -9999 -9999 -9999 0 0 0 0 0 0 0 0 0 0 0 0 0 0 0 0 0 0 0 0 0 0 0 0 0 0 0 0 0 0 0 0 0 0 0 0 0 0 0 0 0 0 0.02495024692268 0.0993955922458908 0.118117490970738 0.118338615758827 0.241763101643694 0.391648853836515 0.612294538217734 0.632048352620329 0.632048352620329 0.632048352620329
0 0 0 0 0 0 0 0 -9999 -9999 0 0 0 0 -9999 -9999 -9999 0 0 0 0 0 0 0 0 0 0 0 0 0 0 0 0 0 0 0 0 0 0 0 0 0 0 0 0 0 0 0 0 0 0 0 0 0.0189798776442839 0.0933883688361465 0.14303088376207 0.285545809685266 0.612294538217734 0.632048352620329 0.632048352620329 0.556571091619371 0.632048352620329 0.632048352620329
0.0496425149259232 0 0 0 -9999 -9999 0 0 0 0 0 0 0 0 0 -9999 -9999 0 0 0 0 0 0 0 0 0 0 0 0 0 0 0 0 0 0 0 0 0 0 0 0 0 0 0 0 0 0 0 0 0 0 0 0.068585538438859 0.118338615758827 0.335851698975455 0.523476081668755 0.632048352620329 0.632048352620329 0.632048352620329 0.632048352620329 0.632048352620329 0.632048352620329 0.632048352620329
0 0 0 0 -9999 -9999 0 0 0 0 0 0 0 0 0 0 0 0 0 0 0 0 0 0 0 0 0 0 0 0 0 0 0 0 0.024655413871895 0 0 0 0 0 0 0 0 0 0 0 0 0 0.024655413871895 0.0496056607945751 0.123829881329697 0.0690277880150365 0.124419547431267 0.286209184049532 0.573118596594678 0.632048352620329 0.632048352620329 0.632048352620329 0.632048352620329 0.632048352620329 0.632048352620329 0.632048352620329 0.632048352620329
0 0 0 0 0 0 0 0 0 0 0 0 0 0 0 -9999 -9999 -9999 0 0 0 0 0 0 0 0 0 0 0 0 0 0 0 0 0 0 0 0 0 0 0 0 0 0 0 0 0 0.0189798776442839 0.0189798776442839 0.0690277880150365 0.131163853467974 0.131163853467974 0.266418515515589 0.523476081668755 0.632048352620329 0.632048352620329 0.632048352620329 0.632048352620329 0.632048352620329 0.632048352620329 0.632048352620329 0.632048352620329 0.632048352620329
0 0 0 0 0 0 0 0 0 0 0 0 0 -9999 -9999 0 0 0 0 0 0 0 0 0 0 0 0 0 0 0 0 0 0 0 0 0 0 0 0 0 0 0 0 0 0.0189798776442839 0.0997272794280239 0.0747770325053438 0.149296086091251 0.211247880887447 0.254698901746886 0.285545809685266 0.223409744232328 0.498415272352031 0.632048352620329 0.632048352620329 0.632048352620329 0.632048352620329 0.632048352620329 0.632048352620329 0.632048352620329 0.632048352620329 0.632048352620329 0.632048352620329
0 0 0 0 0 0 0 0 0 0 0 0 -9999 -9999 0 0 0 0 0 0 0 0 0 0 0 0 0 0 0 0 0 0 0 0 0 0 0 0 0 0 0 0 0 0 0.02495024692268 0 0.204798407901526 0.285545809685266 0.567959018205941 0.612294538217734 0.587196874769662 0.632048352620329 0.632048352620329 0.632048352620329 0.632048352620329 0.632048352620329 0.632048352620329 0.632048352620329 0.632048352620329 0.650659688951131 0.650659688951131 0.669013046362497 0.643915382914425
0 0 0 0 0 0 0 0 0 0 0 0 0 0 -9999 -9999 -9999 0 0 0 0 0 0 0 0 0 0 0 0 0 0 0 0 0 0 0 0 0 0 0 0 0 0 0 0.02495024692268 0.148374732807548 0.286393454706273 0.381956217291958 0.575698385789047 0.632048352620329 0.632048352620329 0.632048352620329 0.632048352620329 0.632048352620329 0.632048352620329 0.632048352620329 0.632048352620329 0.669013046362497 0.755141151323063 0.871895039433921 0.845949730964841 0.864782192083733 0.938011351072455
0 0 0 0 0 0 0 0 0 0 0 0 0 0 0 0 0 0 0 0 0 0 0 0 0 0 0 0 0 0 0 0 0 0 0 0.02495024692268 0 0 0 0.0189798776442839 0 0.02495024692268 0 0.0189798776442839 0.235497899314513 0.305152207562468 0.305152207562468 0.519606397877202 0.613031620844697 0.632048352620329 0.632048352620329 0.632048352620329 0.632048352620329 0.632048352620329 0.632048352620329 0.632048352620329 0.669013046362497 0.668939338099801 0.668902483968453 0.632048352620329 0.981683496719982 0.919584285398393 0.938048205203803
0 0 0 0 0 0 0 0 0 0 0 0 0 0 0 0 0 0 0 0 0 0 0 0 0 0 0 0 0 0 0 0 0 0 0 0.0496425149259232 0 0 0.0189798776442839 0.0189798776442839 0.02495024692268 0.02495024692268 0 0.364487359032948 0.401783739957249 0.538217734208005 0.632048352620329 0.632048352620329 0.632048352620329 0.632048352620329 0.632048352620329 0.632048352620329 0.632048352620329 0.632048352620329 0.632048352620329 0.643915382914425 0.755141151323063 0.724220535121987 0.632048352620329 0.632048352620329 0.632048352620329 0.632048352620329 0.650328001768998
0 0 0 0 0 0 0 0 0 0 0 0 0 0 0 0 0 0 0 0 0 0 0 0 0 0 0 0 0 0 0 0.0492002653497457 0 0.148485295201592 0 0 0 0.0189798776442839 0.0189798776442839 0.02495024692268 0.02495024692268 0.0189798776442839 0.230817424633301 0.46266676494435 0.518574482199455 0.632048352620329 0.632048352620329 0.632048352620329 0.632048352620329 0.632048352620329 0.632048352620329 0.632048352620329 0.632048352620329 0.632048352620329 0.643362570944203 0.753556423675094 0.883356674283187 0.729490675904769 0.838984300140046 0.833529888700523 0.685929092651286 0.632048352620329 0.594236013857153
0 0 0 0 0 0 0 0 0 0 0 0 0 0 0 0 0 0 0 0 0 0 0 0 0 0 0 0 0 0 0 0.0747770325053438 0 0 0 0 0.068585538438859 0.162010761406354 0.0189798776442839 0 0.074224220535122 0.442802388147711 0.538217734208005 0.538217734208005 0.632048352620329 0.632048352620329 0.632048352620329 0.632048352620329 0.632048352620329 0.632048352620329 0.632048352620329 0.669013046362497 0.755141151323063 0.808874474828628 0.938048205203803 1 0.919731701923786 0.796786319746444 0.606582147858775 0.765312891575146 0.721898724847055 0.632048352620329 0.594236013857153
0 0 0 0 0 0 0 0 0 0 0 0 0 0 0 0 0 0 0 0 0 0 0 0 0 0 0 0 0 0.0246922680032432 0 0 0 0.0189798776442839 0.0623940443723741 0.0377386305004791 0.0813739220166581 0.112220829955038 0.286393454706273 0.143731112257684 0.297191715191273 0.488169823837252 0.632048352620329 0.632048352620329 0.632048352620329 0.632048352620329 0.632048352620329 0.632048352620329 0.650659688951131 0.687845507481389 0.669013046362497 0.771983489349156 0.974902336551927 1 0.974902336551927 0.962998452126483 0.685929092651286 0.632048352620329 0.632048352620329 0.632048352620329 0.650622834819783 0.61336330802683 0.594236013857153
0 0 0 0 0 0 0 0 0 0 0 0 0 0 0 0 0 0 0 0 0 0 0 0 0 0 0 0 0 0 0 0.0377386305004791 0.0626888774231591 0.0626888774231591 0.0626888774231591 0.0813739220166581 0.289673472396256 0.371895039433921 0.288199307142331 0.276995651212501 0.24596447261738 0.632048352620329 0.632048352620329 0.632048352620329 0.632048352620329 0.632048352620329 0.632048352620329 0.669013046362497 0.669013046362497 0.845949730964841 0.913097958281123 1 1 1 0.962998452126483 0.632048352620329 0.632048352620329 0.557271320114985 0.224810201223557 0.186408196358812 0.143141446156114 0.142183238741063 0.229932925480946
0 0 0 0 0 0 0 0 0 0 0 0 0 0 0 0 0 0 0 0 0 0 0 0 0.0246922680032432 0.0246922680032432 0 0 0 0 0.0377386305004791 0.0626888774231591 0.211469005675536 0.0626888774231591 0.0377386305004791 0.0377386305004791 0.368467605218545 0.442802388147711 0.513120070759932 0.513120070759932 0.632048352620329 0.632048352620329 0.632048352620329 0.632048352620329 0.632048352620329 0.650659688951131 0.706714822731628 0.835520011793322 0.981683496719982 1 1 1 0.974902336551927 0.870457728311344 0.594236013857153 0.557271320114985 0.38250902926218 0.557271320114985 0.557271320114985 0.557271320114985 0.117638387263212 0 0.308211100464362
0 0 0 0 0 0 0 0 0 0 0 0 0 0 0 0 0 0 0 0 0 0 0 0.0496425149259232 0 0 0 0 0 0.0189798776442839 0.236198127810128 0.248102012235572 0.155450726026388 0.212427213090587 0.0975160315471364 0.344033316134739 0.500921353283703 0.513120070759932 0.556755362276111 0.632048352620329 0.632048352620329 0.632048352620329 0.632048352620329 0.632048352620329 0.632048352620329 0.632048352620329 0.743900641261885 0.761332645389548 1 1 1 1 0.724183680990639 0.594236013857153 0.358037886047026 0.246222451536817 0.575624677526351 0.575624677526351 0.557271320114985 0.557271320114985 0.538475713127442 0.401230927987027 0.705609198791185
0 0 0 0 0 0 0 0 0 0 0 0 0 0 0.123756173067001 0.0498267855826638 0.0246922680032432 0 0 0 0 0 0 0 0 0 0 0.02495024692268 0.02495024692268 0.230154050269035 0.233618338615759 0.199196579936611 0.290779096336699 0.389769293137761 0.439043266750203 0.513120070759932 0.513120070759932 0.556755362276111 0.632048352620329 0.632048352620329 0.632048352620329 0.632048352620329 0.632048352620329 0.632048352620329 0.632048352620329 0.632048352620329 0.90845433773126 1 0.974902336551927 0.974902336551927 0.92651286209184 0.632048352620329 0.204945824426918 0.137097368615022 0.161752782486917 0.39607134959829 0.594236013857153 0.594236013857153 0.594236013857153 0.594236013857153 0.632048352620329 0.655561288420432 0.797855089555539
0 0 0 0 0 0 0 0 0 0 0 0 0 0 0 0 0 0 0 0 0 0 0 0 0 0 0.0437089997788752 0.0377386305004791 0.0377386305004791 0.155450726026388 0.0776885088818457 0.432520085501585 0.531657698828039 0.550453305815582 0.606950689172256 0.531657698828039 0.556755362276111 0.613694995208963 0.632048352620329 0.632048352620329 0.632048352620329 0.632048352620329 0.632048352620329 0.632048352620329 0.632048352620329 0.981683496719982 1 1 1 0.814807989975676 0.263728163927176 0 0 0.0186113363308027 0.201592098474239 0.557271320114985 0.632048352620329 0.632048352620329 0.632048352620329 0.778838357779907 1 0.698606913835041 0.55756615316577
0 0 0 0 0 0 0 0 0 0 0 0 0 0 0 0 0 0 0.02495024692268 0.0377386305004791 0.0747770325053438 0.0626888774231591 0.0626888774231591 0.0187587528561952 0.236198127810128 0.0873442912950542 0.0377386305004791 0.339979361686445 0.290779096336699 0.457212353504828 0.432520085501585 0.451168275963736 0.569470037591214 0.613694995208963 0.632048352620329 0.632048352620329 0.632048352620329 0.632048352620329 0.632048352620329 0.632048352620329 0.632048352620329 0.632048352620329 0.632048352620329 0.835630574187366 0.974902336551927 0.974902336551927 1 1 0.632048352620329 0.277695879708115 0.0493845360064863 0.112552517137171 0.343148816982384 0.723594014889069 0.632048352620329 0.632048352620329 0.632048352620329 0.632048352620329 0.889363897692931 0.95658583327191 0.685634259600501 0.632048352620329 0.632048352620329
0 0 0 0 0 0 0 0 0 0 0.0437089997788752 0.0626888774231591 0.0437089997788752 0 0 0.02495024692268 0.02495024692268 0.236198127810128 0.254883172403626 0.354094493992777 0.360543966978698 0.445419031473428 0.239699270288199 0.392901894302351 0.299771504385642 0.231812486179701 0.290779096336699 0.532726468637134 0.446119259969043 0.457286061767524 0.569470037591214 0.58859733176089 0.613694995208963 0.632048352620329 0.556755362276111 0.632048352620329 0.632048352620329 0.632048352620329 0.632048352620329 0.632048352620329 0.687845507481389 0.669492150070023 0.945455885604776 0.981683496719982 0.956364708483821 1 1 0.594236013857153 0.283481978329771 0.531326011645906 0.943871157956807 0.632048352620329 0.632048352620329 0.632048352620329 0.687071570723078 0.632048352620329 0.72514188840569 0.81042234834525 0.890580084027419 0.669013046362497 0.669013046362497 0.650659688951131 0.632048352620329
0 0 0 0 0 0 0 0 0 0 0.236198127810128 0.0744821994545588 0.0247291221345913 0.217218250165844 0.217218250165844 0.236198127810128 0.378639345470627 0.349192894523476 0.272867988501511 0.266823910960419 0.409265128620918 0.409265128620918 0.352767745264244 0.434399646200339 0.458833935284145 0.508292179553328 0.582221567037665 0.606950689172256 0.56364708483821 0.557308174246333 0.606950689172256 0.613694995208963 0.613694995208963 0.632048352620329 0.556755362276111 0.556755362276111 0.594567701039286 0.632048352620329 0.632048352620329 0.817240362644652 0.79214269919658 0.945455885604776 0.882177342080047 0.974902336551927 1 0.632048352620329 0.420616201076141 0.0186113363308027 0.25304046583622 0.594236013857153 0.632048352620329 0.632048352620329 0.944681948846466 0.981683496719982 0.687882361612737 0.687845507481389 0.632048352620329 0.632048352620329 0.761627478440333 0.669013046362497 0.632048352620329 0.632048352620329 0.632048352620329
0 0 0 0 0 0 0 0 0 0.02495024692268 0.24165253924965 0.12456696395666 0.02495024692268 0.118596594678263 0.245264244121766 0.406906464214638 0.483784182206825 0.409265128620918 0.507444534532321 0.501068769809096 0.500921353283703 0.475823689835631 0.513120070759932 0.532579052111742 0.582000442249576 0.606950689172256 0.632048352620329 0.613694995208963 0.556755362276111 0.556755362276111 0.556755362276111 0.613694995208963 0.613694995208963 0.613694995208963 0.594567701039286 0.556755362276111 0.632048352620329 0.632048352620329 0.817240362644652 0.865077025134518 0.95658583327191 1 0.974902336551927 0.632048352620329 0.278174983415641 0.0579715486105992 0.268703471659173 0.594236013857153 0.594236013857153 0.632048352620329 0.632048352620329 0.981683496719982 0.945455885604776 0.817240362644652 0.632048352620329 0.668460234392275 0.632048352620329 0.632048352620329 0.632048352620329 0.632048352620329 0.632048352620329 0.632048352620329 0.632048352620329
0 0 0 0 0 0 0 0 0 0 0.266197390727501 0.0994324463772389 0 0.0930935357853615 0.450984005306995 0.582221567037665 0.557676715559814 0.606950689172256 0.606950689172256 0.556755362276111 0.500921353283703 0.45127883835778 0.544925186113363 0.606950689172256 0.632048352620329 0.632048352620329 0.613694995208963 0.575772094051743 0.613694995208963 0.613694995208963 0.632048352620329 0.632048352620329 0.632048352620329 0.632048352620329 0.632048352620329 0.632048352620329 0.817240362644652 0.817240362644652 0.901783739957249 0.95658583327191 1 0.742500184270657 0.612921058450652 0.562983710473944 0.191825753666986 0.17701039286504 0.612921058450652 0.632048352620329 0.632048352620329 0.724220535121987 0.817240362644652 0.817240362644652 0.632048352620329 0.650659688951131 0.632048352620329 0.632048352620329 0.632048352620329 0.632048352620329 0.632048352620329 0.632048352620329 0.632048352620329 0.632048352620329 0.557271320114985
0 0 0 0 0 0 0 0 0.02495024692268 0.217218250165844 0.266197390727501 0.167207193926439 0.142072676347019 0.469853320557234 0.532542197980394 0.607319230485737 0.582000442249576 0.519827522665291 0.519532689614506 0.426181174909707 0.439338099800988 0.613694995208963 0.632048352620329 0.632048352620329 0.632048352620329 0.632048352620329 0.632048352620329 0.632048352620329 0.687845507481389 0.669013046362497 0.687845507481389 0.817240362644652 0.817240362644652 0.798702734576546 0.817240362644652 0.909191420358222 0.908343775337215 0.895039433920543 0.974902336551927 1 0.632048352620329 0.339942507555097 0.463514409965357 0.980872705830324 0.632048352620329 0.632048352620329 0.632048352620329 0.632048352620329 0.945455885604776 0.669013046362497 0.687845507481389 0.632048352620329 0.632048352620329 0.632048352620329 0.632048352620329 0.632048352620329 0.632048352620329 0.632048352620329 0.632048352620329 0.632048352620329 0.582221567037665 0.582221567037665 0.385051964325201
0 0 0 0 0 0 0 0 0 0.0744821994545588 0.266197390727501 0.167170339795091 0.451168275963736 0.632048352620329 0.632048352620329 0.569875433036043 0.482567995872337 0.377091471954006 0.362497235940149 0.594567701039286 0.632048352620329 0.632048352620329 0.632048352620329 0.817240362644652 0.817240362644652 0.835520011793322 0.872410997272794 0.890948625340901 0.909117712095526 0.945455885604776 0.945455885604776 0.945455885604776 0.963109014520528 0.974902336551927 0.974902336551927 1 0.974902336551927 1 0.632048352620329 0.488648927544778 0.612921058450652 0.612921058450652 0.632048352620329 0.632048352620329 1 1 1 0.927360507112847 0.669013046362497 0.669013046362497 0.632048352620329 0.632048352620329 0.632048352620329 0.632048352620329 0.632048352620329 0.607319230485737 0.532579052111742 0.557271320114985 0.582221567037665 0.582221567037665 0.557676715559814 0.402889363897693 0.150328001768998
0 0 0.02495024692268 0 0 0 0 0.12397729785509 0.0994324463772389 0.266197390727501 0.285177268371784 0.475786835704282 0.582221567037665 0.632048352620329 0.613694995208963 0.352472912213459 0.402299697796123 0.439669786983121 0.594567701039286 0.650659688951131 0.650659688951131 0.872632122060883 0.945455885604776 0.964030367804231 1 1 1 1 0.925775779464878 1 1 1 0.950468047468121 1 1 0.889327043561583 0.612921058450652 0.205351219871748 0.943760595562763 0.632048352620329 0.632048352620329 0.632048352620329 0.632048352620329 0.724220535121987 0.945455885604776 0.854094493992777 0.817240362644652 0.632048352620329 0.632048352620329 0.632048352620329 0.632048352620329 0.632048352620329 0.632048352620329 0.607319230485737 0.355826638166138 0.236566669123609 0.0933883688361465 0.267818972506818 0.331171224294243 0.30706862239257 0.043930124566964 0.0933883688361465 0.0936832018869315
0 0 0 0.02495024692268 0.0247291221345913 0.12456696395666 0.217218250165844 0.24165253924965 0.285177268371784 0.39430235129358 0.239330728974718 0.475934252229675 0.582221567037665 0.582258421169013 0.482052038033464 0.377570575661532 0.414719540060441 0.632048352620329 0.669492150070023 0.779833419326306 0.798960713495983 0.927544777769588 0.797486548242058 0.668902483968453 0.92651286209184 1 1 1 0.98153608019459 0.908159504680475 0.632048352620329 0.833419326306479 0.632048352620329 1 0.271393823247586 0.0186113363308027 0.0830692120586718 0.296122945382177 0.612921058450652 0.632048352620329 0.632048352620329 0.632048352620329 0.632048352620329 0.650659688951131 0.650659688951131 0.632048352620329 0.632048352620329 0.632048352620329 0.632048352620329 0.632048352620329 0.632048352620329 0.557529299034422 0.444239699270288 0.193889585022481 0.0747770325053438 0.0747770325053438 0.056423675093978 0.0997272794280239 0.235903294759343 0.0626888774231591 0.043930124566964 0.0997272794280239 0.0189798776442839
