data-raw/DATASET_PNE/a_DATA/PFGS/ENVSUIT_A1B/HS_f60_C2_VaccUli.asc
NCOLS 619 
NROWS 782 
XLLCORNER 876826 
YLLCORNER 1947424 
CELLSIZE 100 
NODATA_value -9999 
[rows 130 to 155 of 782, columns 472 to 530 of 619]
1 1 1 1 1 1 1 1 1 1 1 1 1 1 1 1 1 0.980689236374677 1 1 1 1 1 1 1 1 1 1 1 1 1 1 1 1 1 1 1 1 1 -9999 -9999 -9999 -9999 -9999 -9999 -9999 -9999 -9999 -9999 -9999 -9999 -9999 -9999 -9999 -9999 -9999 -9999 -9999 -9999
1 1 0.978776377713678 1 1 1 1 1 1 1 1 1 1 1 1 0.980689236374677 0.980689236374677 0.941065735539699 0.980689236374677 1 1 1 1 1 1 1 1 1 1 1 1 1 1 1 1 1 1 1 1 -9999 -9999 -9999 -9999 -9999 -9999 -9999 -9999 -9999 -9999 -9999 -9999 -9999 -9999 -9999 -9999 -9999 -9999 -9999 -9999
1 1 1 0.978776377713678 1 1 1 1 1 1 1 1 1 1 1 0.980689236374677 0.939577956581145 0.633065128282982 0.798785486564445 0.980689236374677 1 1 1 1 1 1 1 1 1 0.960801578867466 1 1 1 1 1 1 1 1 1 -9999 -9999 -9999 -9999 -9999 -9999 -9999 -9999 -9999 -9999 -9999 -9999 -9999 -9999 -9999 -9999 -9999 -9999 -9999 -9999
1 1 1 1 1 1 1 1 1 1 1 1 1 0.980689236374677 0.980689236374677 0.959465614088356 0.878457567936845 0.591437680279338 0.798785486564445 0.980689236374677 1 1 1 1 1 1 1 1 1 0.960801578867466 1 1 1 1 1 1 1 1 1 -9999 -9999 -9999 -9999 -9999 -9999 -9999 -9999 -9999 -9999 -9999 -9999 -9999 -9999 -9999 -9999 -9999 -9999 -9999 -9999
0.980689236374677 1 1 1 1 1 1 1 1 1 1 1 1 0.980689236374677 0.980689236374677 0.919842113253378 0.919842113253378 0.571671474115682 0.798785486564445 0.980689236374677 1 1 1 1 1 1 1 1 1 0.941065735539699 1 1 1 1 1 1 1 1 -9999 -9999 -9999 -9999 -9999 -9999 -9999 -9999 -9999 -9999 -9999 -9999 -9999 -9999 -9999 -9999 -9999 -9999 -9999 -9999 -9999
0.941065735539699 0.980689236374677 1 1 1 1 1 1 1 1 1 1 1 0.980689236374677 0.980689236374677 0.878457567936845 0.818521329892212 0.549870957947472 0.798785486564445 0.980689236374677 1 1 1 1 1 0.960801578867466 0.921086989524821 0.941065735539699 0.921086989524821 0.941065735539699 1 1 1 1 1 1 1 1 -9999 -9999 -9999 -9999 -9999 -9999 -9999 -9999 -9999 -9999 -9999 -9999 -9999 -9999 -9999 -9999 -9999 -9999 -9999 -9999 -9999
0.880036435403067 0.880157886746622 0.937908000607257 0.978442386518901 1 1 1 1 1 1 1 1 0.980689236374677 0.980689236374677 0.980689236374677 0.815242143616214 0.799028389251556 0.507150447851829 0.880036435403067 0.937908000607257 1 1 1 1 0.980689236374677 0.941065735539699 0.941065735539699 0.980689236374677 0.921086989524821 0.941065735539699 1 1 1 1 1 1 1 -9999 -9999 -9999 -9999 -9999 -9999 -9999 -9999 -9999 -9999 -9999 -9999 -9999 -9999 -9999 -9999 -9999 -9999 -9999 -9999 -9999 -9999
0.71601639593138 0.550630028844694 0.898284499772279 0.957218764232579 1 1 1 1 1 1 1 1 0.980689236374677 0.980689236374677 0.838985881281312 0.755518445422802 0.674358585091848 0.448367997570973 0.836890845604979 0.894671322301503 0.980689236374677 0.980689236374677 0.980689236374677 0.980689236374677 0.980689236374677 0.980689236374677 1 0.980689236374677 0.921086989524821 0.980689236374677 1 1 1 1 1 1 1 -9999 -9999 -9999 -9999 -9999 -9999 -9999 -9999 -9999 -9999 -9999 -9999 -9999 -9999 -9999 -9999 -9999 -9999 -9999 -9999 -9999 -9999
0.552299984818582 0.719720661909822 0.858600273265523 0.918020343100045 0.957218764232579 1 1 1 1 1 1 1 1 0.980689236374677 0.795749202975558 0.777167147411568 0.678184302413845 0.448367997570973 0.734112646121148 0.873052983148626 0.894671322301503 0.959465614088356 0.959465614088356 0.959465614088356 0.980689236374677 0.980689236374677 0.960953393046911 0.960801578867466 0.921086989524821 1 1 1 1 1 1 1 -9999 -9999 -9999 -9999 -9999 -9999 -9999 -9999 -9999 -9999 -9999 -9999 -9999 -9999 -9999 -9999 -9999 -9999 -9999 -9999 -9999 -9999 -9999
0.7396994079247 0.469682708364961 0.739274328222256 0.793623804463337 0.773766509792015 0.894671322301503 0.959131622893578 1 1 1 1 1 1 0.939577956581145 0.795749202975558 0.714042811598603 0.759253074237134 0.448367997570973 0.467921663883407 0.815242143616214 0.811750417488993 0.855047821466525 0.853165325641415 0.894671322301503 0.959131622893578 0.919842113253378 0.980689236374677 0.980689236374677 0.980689236374677 1 1 1 1 1 1 1 -9999 -9999 -9999 -9999 -9999 -9999 -9999 -9999 -9999 -9999 -9999 -9999 -9999 -9999 -9999 -9999 -9999 -9999 -9999 -9999 -9999 -9999 -9999
0.553909215120692 0.471383027174738 0.679793532715956 0.699347199028389 0.696159101260058 0.754030666464248 0.816760285410657 0.93754364657659 1 1 1 1 0.980689236374677 0.959465614088356 0.755548808258691 0.795384848944891 0.778928191893123 0.696766357977835 0.448367997570973 0.656899954455746 0.732412327311371 0.773766509792015 0.793623804463337 0.855047821466525 0.8998633672385 0.941065735539699 0.980689236374677 0.980689236374677 0.980689236374677 1 1 1 1 1 1 1 1 -9999 -9999 -9999 -9999 -9999 -9999 -9999 -9999 -9999 -9999 -9999 -9999 -9999 -9999 -9999 -9999 -9999 -9999 -9999 -9999 -9999 -9999
0.252831334446637 0.449886139365417 0.598785486564445 0.638621527250645 0.593745255806892 0.652892060118415 0.833429482313648 0.873052983148626 0.894671322301503 1 0.980689236374677 0.939486868073478 0.921086989524821 0.919842113253378 0.754212843479581 0.714042811598603 0.798846212236223 0.777804766965234 0.469864885380294 0.469864885380294 0.448367997570973 0.467921663883407 0.467921663883407 0.548504630332473 0.941065735539699 0.980689236374677 1 1 1 1 1 1 1 1 1 1 1 -9999 -9999 -9999 -9999 -9999 -9999 -9999 -9999 -9999 -9999 -9999 -9999 -9999 -9999 -9999 -9999 -9999 -9999 -9999 -9999 -9999 -9999
0.351905267952027 0.449886139365417 0.449977227873083 0.638621527250645 0.615272506452103 0.613663276149992 0.733687566418703 0.873052983148626 0.873052983148626 0.913982085926826 0.894671322301503 0.734537725823592 0.741946257780477 0.855047821466525 0.855047821466525 0.811750417488993 0.833429482313648 0.773918323971459 0.491179596174283 0.408926673751328 0.448367997570973 0.467921663883407 0.467921663883407 0.876696523455291 1 1 1 1 1 1 1 1 1 1 1 1 1 -9999 -9999 -9999 -9999 -9999 -9999 -9999 -9999 -9999 -9999 -9999 -9999 -9999 -9999 -9999 -9999 -9999 -9999 -9999 -9999 -9999 -9999
0.233247305298315 0.389342644603006 0.492971003491726 0.618824958251101 0.53134962805526 0.572126916654015 0.613298922119326 0.753666312433581 0.754030666464248 0.873052983148626 0.892363746773949 0.870684681949294 0.939577956581145 0.811750417488993 0.833429482313648 0.833429482313648 0.773918323971459 0.49260664946106 0.451465006831638 0.491179596174283 0.570760589039016 0.631850614847427 0.835069075451647 0.959465614088356 1 1 1 1 1 1 1 1 1 1 1 1 1 -9999 -9999 -9999 -9999 -9999 -9999 -9999 -9999 -9999 -9999 -9999 -9999 -9999 -9999 -9999 -9999 -9999 -9999 -9999 -9999 -9999 -9999
0.213511461970548 0.311401244876271 0.389342644603006 0.578928191893123 0.471656292697738 0.49151358736906 0.618824958251101 0.636860482769091 0.678214665249734 0.754091392136025 0.833429482313648 0.873052983148626 0.873052983148626 0.833429482313648 0.833429482313648 0.813572187642326 0.7396994079247 0.451465006831638 0.45006831638075 0.67645362076818 0.734203734628814 0.835069075451647 0.894671322301503 1 1 1 1 1 1 1 1 1 1 1 1 1 1 1 -9999 -9999 -9999 -9999 -9999 -9999 -9999 -9999 -9999 -9999 -9999 -9999 -9999 -9999 -9999 -9999 -9999 -9999 -9999 -9999 -9999
0.097282526187946 0.213511461970548 0.389342644603006 0.389342644603006 0.557613481099135 0.578928191893123 0.578928191893123 0.618824958251101 0.680279338090178 0.757674206770912 0.712312129952938 0.855078184302414 0.853165325641415 0.83525125246698 0.775740094124791 0.777774404129346 0.472961894640959 0.471109761651738 0.656899954455746 0.735995141946258 0.771944739638682 0.874783664794292 0.915894944587824 1 1 1 1 1 1 1 1 0.978412023683012 1 1 1 1 1 1 1 -9999 -9999 -9999 -9999 -9999 -9999 -9999 -9999 -9999 -9999 -9999 -9999 -9999 -9999 -9999 -9999 -9999 -9999 -9999 -9999
0.0390162441172005 0 0.0390162441172005 0.155275542735691 0.411021709427661 0.389342644603006 0.410566266889327 0.578928191893123 0.640443297403978 0.660482769090633 0.736086230453924 0.736086230453924 0.775740094124791 0.756186427812358 0.680279338090178 0.680279338090178 0.412357674206771 0.512403218460604 0.696766357977835 0.716107484439047 0.815242143616214 0.874783664794292 0.916320024290269 1 1 1 1 1 1 1 1 1 1 1 1 1 1 1 1 1 -9999 -9999 -9999 -9999 -9999 -9999 -9999 -9999 -9999 -9999 -9999 -9999 -9999 -9999 -9999 -9999 -9999 -9999 -9999
0.315226962198269 0.077819948383179 0 0 0.0193107636253226 0.313223015029604 0.0390162441172005 0.331045999696372 0.496553818126613 0.410566266889327 0.618824958251101 0.655290724153636 0.694337331106725 0.756186427812358 0.638621527250645 0.598785486564445 0.431880977683316 0.598724760892667 0.696766357977835 0.735995141946258 0.734203734628814 0.874783664794292 0.959465614088356 1 1 1 1 1 1 1 1 1 1 1 1 1 1 1 -9999 -9999 1 -9999 -9999 -9999 -9999 -9999 -9999 -9999 -9999 -9999 -9999 -9999 -9999 -9999 -9999 -9999 -9999 -9999 -9999
0.658660998937301 0.559283437073023 0.371337482920905 0.0587217246090785 0 0.389342644603006 0.135964779110369 0.214027630180659 0.389342644603006 0.389342644603006 0.389342644603006 0.536025504782147 0.553909215120692 0.633611659328981 0.714437528465159 0.638621527250645 0.336268407469258 0.557279489904357 0.696766357977835 0.757309852740246 0.671079398815849 0.835069075451647 0.937908000607257 1 1 1 1 1 1 1 1 1 1 1 1 1 1 1 -9999 1 -9999 -9999 -9999 -9999 -9999 -9999 -9999 -9999 -9999 -9999 -9999 -9999 -9999 -9999 -9999 -9999 -9999 -9999 -9999
0.718081068771823 0.720145741612267 0.660482769090633 0.256231972066191 0.116593289813269 0 0.135964779110369 0.0390162441172005 0.077577045696068 0.214027630180659 0.389342644603006 0.389342644603006 0.389342644603006 0.449977227873083 0.491270684681949 0.612054045847882 0.640443297403978 0.741703355093366 0.777774404129346 0.754091392136025 0.65140428115986 0.835069075451647 0.876696523455291 0.93754364657659 1 1 1 1 1 1 0.980689236374677 0.980689236374677 1 1 1 1 1 1 1 1 1 -9999 -9999 -9999 -9999 -9999 -9999 -9999 -9999 -9999 -9999 -9999 -9999 -9999 -9999 -9999 -9999 -9999 -9999
0.720145741612267 0.700258084105055 0.680461515105511 0.660482769090633 0.557431304083801 0.077819948383179 0 0.0193107636253226 0.0390162441172005 0.135964779110369 0.135964779110369 0.155700622438136 0.389342644603006 0.389342644603006 0.410930620919994 0.493062091999393 0.617033550933657 0.696614543798391 0.716107484439047 0.756186427812358 0.674814027630181 0.775618642781236 0.876605434947624 0.894671322301503 1 1 1 1 1 1 0.980689236374677 0.980689236374677 0.960801578867466 0.980689236374677 1 1 1 1 1 1 1 -9999 -9999 -9999 -9999 -9999 -9999 -9999 -9999 -9999 -9999 -9999 -9999 -9999 -9999 -9999 -9999 -9999 -9999
0.7396994079247 0.720145741612267 0.700258084105055 0.700258084105055 0.615424320631547 0.49151358736906 0.135812964930925 0.0390162441172005 0.0390162441172005 0.0390162441172005 0.0390162441172005 0.0193107636253226 0.0390162441172005 0.097039623500835 0.194291786852892 0.389342644603006 0.514710793988159 0.577410050098679 0.613663276149992 0.799392743282223 0.656626688932746 0.712858660998937 0.855047821466525 0.855047821466525 0.915894944587824 1 1 1 1 1 0.980689236374677 0.980689236374677 0.960801578867466 0.980689236374677 1 1 1 1 0.978503112190679 1 1 1 1 1 1 -9999 -9999 -9999 -9999 -9999 -9999 -9999 -9999 -9999 -9999 -9999 -9999 -9999 -9999
0.818946409594656 0.7396994079247 0.7396994079247 0.700258084105055 0.720145741612267 0.615424320631547 0.491270684681949 0.350022772126917 0.0390162441172005 0.0390162441172005 0 0 0 0.077577045696068 0.389342644603006 0.389342644603006 0.389342644603006 0.451829360862305 0.552391073326249 0.63230605738576 0.635676332169425 0.570760589039016 0.775982996811902 0.876605434947624 0.894671322301503 0.980689236374677 1 1 1 1 0.980689236374677 0.960801578867466 0.960801578867466 0.980689236374677 1 1 1 1 0.978503112190679 1 1 1 1 1 1 1 1 -9999 -9999 -9999 -9999 -9999 -9999 -9999 -9999 -9999 -9999 -9999 -9999
0.838621527250645 0.779292545923789 0.7396994079247 0.532503415819037 0.618824958251101 0.720145741612267 0.511310156368605 0.469773796872628 0.0193107636253226 0.0193107636253226 0 0 0 0.389342644603006 0.389342644603006 0.410930620919994 0.389342644603006 0.389342644603006 0.471899195384849 0.634977986943981 0.674844390466069 0.469682708364961 0.489418551692728 0.653529679672081 0.89825413693639 0.894671322301503 0.915894944587824 0.980689236374677 1 0.980689236374677 0.980689236374677 0.941065735539699 0.960801578867466 0.980689236374677 1 1 1 1 1 1 1 1 0.978412023683012 1 1 1 1 -9999 -9999 -9999 -9999 -9999 -9999 -9999 -9999 -9999 -9999 -9999 -9999
0.878427205100956 0.838621527250645 0.7396994079247 0.615424320631547 0.532503415819037 0.680461515105511 0.595627751632002 0.469773796872628 0.449977227873083 0 0 0 0 0.389342644603006 0.389342644603006 0.389342644603006 0.432336420221649 0.389342644603006 0.428571428571429 0.530681645665705 0.795354486109003 0.658660998937301 0.532139061788371 0.592439653863671 0.793897069986337 0.894671322301503 0.894671322301503 0.915894944587824 0.980689236374677 0.980689236374677 0.980689236374677 0.941065735539699 0.960801578867466 0.980689236374677 0.980689236374677 1 1 1 1 1 1 1 1 1 1 1 1 1 1 -9999 -9999 -9999 -9999 -9999 -9999 -9999 -9999 -9999 -9999
0.876696523455291 0.878427205100956 0.818946409594656 0.7396994079247 -9999 0.660482769090633 0.680461515105511 0.491270684681949 0.449977227873083 0.45383330803097 0 0 0 0 0.13648094732048 0.389342644603006 0.410930620919994 0.473629877030515 0.389342644603006 0.448367997570973 0.656626688932746 0.653529679672081 0.656899954455746 0.610626992561105 0.712858660998937 0.79219675117656 0.874783664794292 0.894671322301503 0.915894944587824 0.937452558068924 0.980689236374677 0.980689236374677 0.980689236374677 0.980689236374677 0.980689236374677 0.980689236374677 1 1 1 1 0.978503112190679 1 1 1 1 1 1 1 1 1 -9999 -9999 -9999 -9999 -9999 -9999 -9999 -9999 -9999
