data-raw/DATASET_PNE/a_DATA/PFGS/ENVSUIT_A1B/HS_f0_C4_shrubs.asc
NCOLS 619 
NROWS 782 
XLLCORNER 876826 
YLLCORNER 1947424 
CELLSIZE 100 
NODATA_value -9999 
[rows 360 to 389 of 782, columns 132 to 197 of 619]
-9999 -9999 -9999 -9999 -9999 -9999 -9999 -9999 -9999 -9999 -9999 -9999 -9999 -9999 -9999 -9999 -9999 -9999 0 0.0764323591563335 0.255173238706591 0.0513934851082493 0.0514732267453451 0.127865715083131 0.255173238706591 0.22949643156174 0.255173238706591 0.255173238706591 0.255173238706591 0.27383278178701 0.672939675451537 0.763366691918185 0.667756469040309 0.153781747139269 0.601291814520952 0.329651927754077 0.422989513974722 0.292013875044855 0.178701008731709 0.255173238706591 0.255173238706591 0.102468003668115 0 0 0 0 0.101869941389897 0.178701008731709 0.255173238706591 0.255173238706591 0.255173238706591 0.255173238706591 0.255173238706591 0.329651927754077 0.255173238706591 0.255173238706591 0.255173238706591 0.255173238706591 0.255173238706591 0.255173238706591 0.178701008731709 0.127706231808939 0.152665364219927 0.051074518559866 0 0
-9999 -9999 -9999 -9999 -9999 -9999 -9999 -9999 -9999 -9999 -9999 -9999 -9999 -9999 -9999 -9999 -9999 -9999 -9999 0.255173238706591 0.0764323591563335 0.0510346477413181 0.127905585901679 0.255173238706591 0.255173238706591 0.255173238706591 0.255173238706591 0.255173238706591 0.255173238706591 0.255173238706591 0.385710298632431 0.618795103863482 0.689805031697301 0.10238826203102 0.448427096208285 0.385710298632431 0.440771899047087 0.292013875044855 0.178701008731709 0.127586619353295 0.255173238706591 0 0 0 0 0 0.0762728758821419 0.179019975280093 0.255173238706591 0.255173238706591 0.255173238706591 0.255173238706591 0.255173238706591 0.292013875044855 0.255173238706591 0.255173238706591 0.255173238706591 0.255173238706591 0.255173238706591 0.255173238706591 0.229775527291575 0.0257166779633986 0 0 0 0
-9999 -9999 -9999 -9999 -9999 -9999 -9999 -9999 -9999 -9999 -9999 -9999 -9999 -9999 -9999 -9999 -9999 -9999 -9999 0.0255970655077549 0 0 0.20437781587656 0.178701008731709 0.178701008731709 0.255173238706591 0.255173238706591 0.255173238706591 0.255173238706591 0.255173238706591 0.311670188588972 0.601291814520952 0.709541086878514 0.27403213587975 0.27383278178701 0.311670188588972 0.440771899047087 0.255173238706591 0.255173238706591 0.153343168135242 0.255173238706591 0 0 0 0 0 0 0.179019975280093 0.255173238706591 0.102507874486663 0.153143814042502 0.255173238706591 0.255173238706591 0.255173238706591 0.255173238706591 0.255173238706591 0.255173238706591 0.255173238706591 0.255173238706591 0.127267652804912 0.179019975280093 0 0 0 0 0
-9999 -9999 -9999 -9999 -9999 -9999 -9999 -9999 -9999 -9999 -9999 -9999 -9999 -9999 -9999 -9999 -9999 -9999 -9999 0 0.0256369363263028 0.15338303895379 0.20417846178382 0.255173238706591 0.204098720146725 0.229775527291575 0.255173238706591 0.255173238706591 0.255173238706591 0.255173238706591 0.27383278178701 0.385710298632431 0.544196802360353 0.292691678960169 0.255173238706591 0.27383278178701 0.292691678960169 0.292013875044855 0.255173238706591 0.153343168135242 0.0769506797974562 0 0 0 0 0 0 0.0767513257047167 0 0 0.255173238706591 0.178701008731709 0.255173238706591 0.255173238706591 0.255173238706591 0.255173238706591 0.255173238706591 0.178541525457518 0.0257166779633986 0 0.0253977114150154 0.12806506917587 0 0 0 0
-9999 -9999 -9999 -9999 -9999 -9999 -9999 -9999 -9999 -9999 -9999 -9999 -9999 -9999 -9999 -9999 -9999 -9999 -9999 0 0 0 0 0.255173238706591 0.255173238706591 0.204098720146725 0.255173238706591 0.255173238706591 0.22949643156174 0.255173238706591 0.255173238706591 0.292691678960169 0.563932857541565 0.255173238706591 0.229775527291575 0.102109166301184 0.292691678960169 0.292013875044855 0.255173238706591 0.255173238706591 0.153343168135242 0.102707228579403 0 0 0 0 0 0 0 0 0.255173238706591 0.178701008731709 0.127905585901679 0.0768709381603604 0.127746102627487 0.255173238706591 0.229576173198836 0.0514732267453451 0 0 0 0 0 0 0 0
-9999 -9999 -9999 -9999 -9999 -9999 -9999 -9999 -9999 -9999 -9999 -9999 -9999 -9999 -9999 -9999 -9999 -9999 -9999 -9999 0 0 0 0 0.229775527291575 0.255173238706591 0.255173238706591 0.255173238706591 0.255173238706591 0.255173238706591 0.255173238706591 0.311670188588972 0.385710298632431 0.255173238706591 0.229775527291575 0.255173238706591 0.292691678960169 0.292013875044855 0.255173238706591 0.255173238706591 0.204098720146725 0.153343168135242 0 0 0 0 0 0 0 0 0 0.178701008731709 0.127905585901679 0 0.0257565487819465 0.0768709381603604 0 0 0 0 0 0 0 0 0 0
-9999 -9999 -9999 -9999 -9999 -9999 -9999 -9999 -9999 -9999 -9999 -9999 -9999 -9999 -9999 -9999 -9999 -9999 -9999 -9999 -9999 0 0.20417846178382 0.255173238706591 0.255173238706591 0.255173238706591 0.255173238706591 0.0511542601969618 0.22949643156174 0.255173238706591 0.255173238706591 0.385710298632431 0.422989513974722 0.255173238706591 0.229775527291575 0.229775527291575 0.27383278178701 0.367329851281847 0.255173238706591 0.255173238706591 0.255173238706591 0.255173238706591 0.0256369363263028 0 0 0 0 0 0 0 0 0.127626490171843 0.0513137434711535 0 0 0 0.0507954228300307 0.0253977114150154 0 0 0 0 0 0 0 0
-9999 -9999 -9999 -9999 -9999 -9999 -9999 -9999 -9999 -9999 -9999 -9999 -9999 -9999 -9999 -9999 -9999 -9999 -9999 -9999 -9999 0.15318368486105 0.0256369363263028 0 0 0.0257565487819465 0.0257565487819465 0.0257565487819465 0 0.255173238706591 0.255173238706591 0.329651927754077 0.385710298632431 0.204018978509629 0.255173238706591 0.229775527291575 0.255173238706591 0.348590566564332 0.255173238706591 0.255173238706591 0.255173238706591 0.255173238706591 0.255173238706591 0 0 0 0 0 0 0 0 0 0.153303297316694 0 0 0 0.0253977114150154 0.102029424664088 0 0 0 0 0 0 0 0
-9999 -9999 -9999 -9999 -9999 -9999 -9999 -9999 -9999 -9999 -9999 -9999 -9999 -9999 -9999 -9999 -9999 -9999 -9999 0.0256369363263028 0 0 0 0.0765918424305251 0.0256369363263028 0 0.153143814042502 0.204098720146725 0.102228778756828 0.255173238706591 0.255173238706591 0.27383278178701 0.292691678960169 0.204018978509629 0.178142817272039 0.229775527291575 0.255173238706591 0.292691678960169 0.255173238706591 0.255173238706591 0.255173238706591 0.255173238706591 0.255173238706591 0.0256369363263028 0 0 0 0 0 0 0 0 0.0256369363263028 0 0 0 0 0 0 0 0 0 0 0 0 0
-9999 -9999 -9999 -9999 -9999 -9999 -9999 -9999 -9999 -9999 -9999 -9999 -9999 -9999 0 -9999 -9999 -9999 0 0.153343168135242 0.20417846178382 0 0 0.0510346477413181 0.204537299150752 0.255173238706591 0.255173238706591 0.229775527291575 0.255173238706591 0.255173238706591 0.255173238706591 0.255173238706591 0.255173238706591 0.255173238706591 0.178142817272039 0.204098720146725 0.229775527291575 0.255173238706591 0.255173238706591 0.255173238706591 0.255173238706591 0.255173238706591 0.255173238706591 0.153303297316694 0 0 0 0 0 0 0 0 0 0 0 0 0 0 0 0 0 0 0 0 0 0
-9999 -9999 -9999 -9999 -9999 -9999 -9999 -9999 -9999 -9999 -9999 -9999 0.102228778756828 0.255173238706591 0.255173238706591 0.153303297316694 0 0.0257565487819465 0.0257565487819465 0.229775527291575 0.229775527291575 0 0 0 0.204337945058012 0.229935010565767 0.255173238706591 0.204098720146725 0.229775527291575 0.255173238706591 0.255173238706591 0.255173238706591 0.255173238706591 0.255173238706591 0.203899366053985 0.255173238706591 0.204138590965273 0.255173238706591 0.255173238706591 0.255173238706591 0.255173238706591 0.255173238706591 0.255173238706591 0.179019975280093 0 0 0 0 0 0 0 0 0 0 0 0 0 0 0 0 0 0 0 0 0 0
-9999 -9999 -9999 -9999 -9999 -9999 -9999 -9999 -9999 -9999 0 0.22949643156174 0.22949643156174 0.255173238706591 0.255173238706591 0.255173238706591 0.0767911965232646 0.0257565487819465 0.0257565487819465 0.229775527291575 0.20437781587656 0.153263426498146 0 0 0 0.204337945058012 0.255173238706591 0.229416689924644 0.22949643156174 0.255173238706591 0.255173238706591 0.255173238706591 0.255173238706591 0.255173238706591 0.204218332602368 0.255173238706591 0.15338303895379 0.255173238706591 0.255173238706591 0.255173238706591 0.255173238706591 0.255173238706591 0.255173238706591 0.255173238706591 0.229775527291575 0.0256369363263028 0 0 0 0 0 0 0 0 0 0 0 0 0 0 0 0 0 0 0 0
-9999 -9999 -9999 -9999 -9999 -9999 -9999 -9999 -9999 0.22949643156174 0.255173238706591 0.255173238706591 0.255173238706591 0.255173238706591 0.255173238706591 0.255173238706591 0.255173238706591 0.229576173198836 0 0.0257565487819465 0.127945456720226 0.204537299150752 0.178940233642997 0 0 0.0257166779633986 0.255173238706591 0.255173238706591 0.0253977114150154 0.255173238706591 0.255173238706591 0.255173238706591 0.255173238706591 0.255173238706591 0.255173238706591 0.255173238706591 0.229775527291575 0.229775527291575 0.255173238706591 0.255173238706591 0.255173238706591 0.255173238706591 0.255173238706591 0.255173238706591 0.229775527291575 0.229775527291575 0 0 0 0 0 0 0 0 0 0 0 0 0 0 0 0 0 0 0 0
-9999 -9999 -9999 -9999 -9999 -9999 -9999 -9999 0.22949643156174 0.255173238706591 0.255173238706591 0.255173238706591 0.255173238706591 0.255173238706591 0.255173238706591 0.255173238706591 0.255173238706591 0.255173238706591 0.102228778756828 0.0257565487819465 0.255173238706591 0.178701008731709 0.0253977114150154 0 0 0 0.179139587735736 0 0 0.255173238706591 0.255173238706591 0.255173238706591 0.292013875044855 0.292013875044855 0.255173238706591 0.255173238706591 0.229775527291575 0.229775527291575 0.22949643156174 0.255173238706591 0.255173238706591 0.255173238706591 0.255173238706591 0.229775527291575 0.0256369363263028 0.101670587297157 0.102707228579403 0 0 0 0 0 0 0 0 0 0 0 0 0 0 0 0 0 0 0
-9999 -9999 -9999 -9999 -9999 -9999 -9999 0.0253578405964674 0.255173238706591 0.255173238706591 0.255173238706591 0.255173238706591 0.255173238706591 0.255173238706591 0.255173238706591 0.255173238706591 0.255173238706591 0.255173238706591 0.255173238706591 0.127865715083131 0.255173238706591 0.204098720146725 0.0253977114150154 0 0 0 0 0 0 0.255173238706591 0.229576173198836 0.255173238706591 0.255173238706591 0.255173238706591 0.255173238706591 0.255173238706591 0.255173238706591 0.178701008731709 0.127825844264583 0.22949643156174 0.255173238706591 0.255173238706591 0.229576173198836 0.255173238706591 0.127905585901679 0.178541525457518 0.0510346477413181 0 0 0 0 0 0 0 0 0 0 0 0 0 0 0 0 0 0 0
-9999 -9999 -9999 -9999 -9999 -9999 -9999 0.255173238706591 0.255173238706591 0.255173238706591 0.255173238706591 0.255173238706591 0.255173238706591 0.255173238706591 0.255173238706591 0.255173238706591 0.255173238706591 0.255173238706591 0.255173238706591 0.255173238706591 0.255173238706591 0.255173238706591 0.0253977114150154 0.255173238706591 0 0 0 0 0.0256369363263028 0.0764323591563335 0.255173238706591 0.178701008731709 0.153343168135242 0.255173238706591 0.255173238706591 0.255173238706591 0.255173238706591 0.255173238706591 0.22949643156174 0.204258203420916 0.22949643156174 0.178860492005901 0.255173238706591 0.203899366053985 0.178541525457518 0.153024201586859 0.0510346477413181 0 0 0 0 0 0 0 0 0 0 0 0 0 0 0 0 0 0 0
-9999 -9999 -9999 -9999 -9999 -9999 0.153462780590886 0.255173238706591 0.255173238706591 0.255173238706591 0.255173238706591 0.0505960687372912 0.255173238706591 0.166141700889119 0.229576173198836 0.255173238706591 0.255173238706591 0.255173238706591 0.255173238706591 0.255173238706591 0.255173238706591 0.255173238706591 0.15262549340138 0.255173238706591 0.12806506917587 0 0 0 0 0 0.178940233642997 0.20437781587656 0.178701008731709 0.255173238706591 0.273154977871696 0.292013875044855 0.255173238706591 0.255173238706591 0.22949643156174 0.22949643156174 0 0 0.229576173198836 0.255173238706591 0.255173238706591 0.255173238706591 0.127427136079104 0 0 0 0 0 0 0 0 0 0 0 0 0 0 0 0 0 0 0
-9999 -9999 -9999 -9999 -9999 0 0.255173238706591 0.255173238706591 0.255173238706591 0.255173238706591 0.229416689924644 0.255173238706591 0.255173238706591 0.306526852996292 0.20417846178382 0.255173238706591 0.255173238706591 0.255173238706591 0.255173238706591 0.255173238706591 0.255173238706591 0.204098720146725 0 0 0.204337945058012 0.0771101630716479 0 0 0 0 0 0.178701008731709 0.153343168135242 0.255173238706591 0.204098720146725 0.21446513296918 0.229775527291575 0.229576173198836 0.204098720146725 0.178701008731709 0.127706231808939 0 0.255173238706591 0.153343168135242 0.0253977114150154 0.204138590965273 0 0 0 0 0 0 0 0 0 0 0 0 0 0 0 0 0 0 0 0
-9999 -9999 -9999 -9999 -9999 0.127865715083131 0.255173238706591 0.255173238706591 0.255173238706591 0.255173238706591 0.255173238706591 0.255173238706591 0.255173238706591 0.445317172361549 0.255173238706591 0.34500219289502 0.201507116941111 0.255173238706591 0.255173238706591 0.255173238706591 0.255173238706591 0.0767114548861688 0.0767114548861688 0 0.255173238706591 0.204337945058012 0.0256369363263028 0 0 0 0 0 0.127945456720226 0.0253977114150154 0.204058849328177 0.229775527291575 0.178701008731709 0.102308520393924 0.255173238706591 0.203899366053985 0.255173238706591 0.255173238706591 0.255173238706591 0.255173238706591 0 0.178740879550257 0 0 0 0 0 0 0 0 0 0 0 0 0 0 0 0 0 0 0 0
-9999 -9999 -9999 -9999 -9999 0.255173238706591 0.255173238706591 0.255173238706591 0.255173238706591 0.229775527291575 0.17830230054623 0.153462780590886 0.255173238706591 0.518799090945337 0.252302539771142 0.390415055221084 0.17850165463897 0.255173238706591 0.255173238706591 0.255173238706591 0.255173238706591 0.255173238706591 0.178740879550257 0.203859495235437 0.255173238706591 0.229935010565767 0.0771101630716479 0 0 0 0 0 0 0 0.0771101630716479 0.153462780590886 0.272955623778956 0.178701008731709 0.178701008731709 0.204098720146725 0.255173238706591 0.22949643156174 0 0 0.22949643156174 0.127586619353295 0 0 0 0 0 0 0 0 0 0 0 0 0 0 0 0 0 0 0 0
-9999 -9999 -9999 -9999 -9999 0.255173238706591 0.255173238706591 0.255173238706591 0.311670188588972 0.330050635939556 0.544196802360353 0.561779833339978 0.279414696383717 0.562776603803676 0.416769666281249 0.204736653243491 0.0510346477413181 0.292691678960169 0.255173238706591 0.255173238706591 0.255173238706591 0.255173238706591 0.255173238706591 0.255173238706591 0.255173238706591 0.255173238706591 0.204537299150752 0 0 0 0 0 0 0 0 0 0.0771101630716479 0.255173238706591 0.255173238706591 0.255173238706591 0.0764323591563335 0 0 0.127427136079104 0.22949643156174 0 0 0 0 0 0 0 0 0 0 0 0 0 0 0 0.0252382281408237 0 0 0 0 0
-9999 -9999 -9999 -9999 0 0.255173238706591 0.255173238706591 0.27403213587975 0.311670188588972 0.441768669510785 0.543200031896655 0.330050635939556 0.253498664327579 0.460906662413779 0.321877118137235 0.190662254296081 0.33148598540728 0.292691678960169 0.27383278178701 0.27383278178701 0.255173238706591 0.255173238706591 0.255173238706591 0.255173238706591 0.255173238706591 0.255173238706591 0.153462780590886 0.178661137913161 0 0 0 0 0 0 0 0 0 0.10218890793828 0.255173238706591 0.204098720146725 0 0 0.0507954228300307 0.127427136079104 0 0 0 0 0 0 0 0 0 0 0 0 0 0 0.0506359395558391 0.0760336509708544 0.255173238706591 0.255173238706591 0.0769905506160042 0 0 0
-9999 -9999 -9999 -9999 0 0.255173238706591 0.255173238706591 0.380726446313943 0.292691678960169 0.385710298632431 0.543200031896655 0.404489454168494 0.304373828794705 0.583589171085682 0.22359555041665 0.255173238706591 0.330050635939556 0.267293967545154 0.292691678960169 0.292691678960169 0.255173238706591 0.255173238706591 0.255173238706591 0.255173238706591 0.255173238706591 0.22949643156174 0.229775527291575 0.178860492005901 0.0771101630716479 0 0 0 0 0 0 0 0 0 0.0513934851082493 0 0 0 0 0 0 0 0 0 0 0 0 0 0 0 0 0 0 0 0.10143136238587 0.12710816953072 0.255173238706591 0.255173238706591 0.229775527291575 0.255173238706591 0.126789202982337 0.0253977114150154
-9999 -9999 -9999 0 0.153024201586859 0.255173238706591 0.255173238706591 0.361867549140784 0.490650293050516 0.348789920657071 0.485347474183645 0.404489454168494 0.779195406881703 0.355767313902954 0.583589171085682 0.291296200310992 0.158606116183565 0.165264542881065 0.292691678960169 0.27383278178701 0.255173238706591 0.255173238706591 0.255173238706591 0.255173238706591 0.255173238706591 0.22949643156174 0.153343168135242 0.178701008731709 0.102468003668115 0.0767513257047167 0 0 0 0 0 0 0 0 0 0 0 0 0 0 0 0 0 0 0 0 0 0 0 0 0 0 0 0.153781747139269 0.152944459949763 0.0507954228300307 0.178541525457518 0.229576173198836 0.255173238706591 0.255173238706591 0.255173238706591 0.178382042183326
-9999 -9999 -9999 0 0.255173238706591 0.255173238706591 0.255173238706591 0.453530560982417 0.490650293050516 0.943941629121646 0.504126629719708 0.368047526015709 0.855069574578366 0.31151070531478 0.141102826841035 0.278736892468402 0.184003827598581 0.22949643156174 0.255173238706591 0.240939356484989 0.285475060802998 0.183804473505841 0.272995494597504 0.255173238706591 0.255173238706591 0.255173238706591 0.255173238706591 0.255173238706591 0.255173238706591 0.229935010565767 0.178661137913161 0 0 0 0 0 0 0 0 0 0 0 0 0 0 0 0 0 0 0 0 0 0 0 0 0.0767911965232646 0.179019975280093 0.255173238706591 0.255173238706591 0.0763526175192377 0.255173238706591 0.255173238706591 0.255173238706591 0.255173238706591 0.255173238706591 0.255173238706591
-9999 -9999 -9999 0 0.255173238706591 0.203939236872533 0.255173238706591 0.490650293050516 0.745983015031299 0.943941629121646 0.348789920657071 0.304373828794705 0.75870180614808 0.664566803556477 0.221163430485228 0.50504365854631 0.216299190622383 0.22949643156174 0.434153343168135 0.303696024879391 0.635341493560863 0.311670188588972 0.387424743829991 0.255173238706591 0.255173238706591 0.255173238706591 0.255173238706591 0.102308520393924 0.255173238706591 0.255173238706591 0.0256369363263028 0 0 0 0 0 0 0 0 0 0 0 0 0 0 0 0 0 0 0 0 0 0 0 0 0.229456560743192 0.229775527291575 0.178701008731709 0.255173238706591 0.255173238706591 0.255173238706591 0.255173238706591 0.229416689924644 0.255173238706591 0.255173238706591 0.255173238706591
-9999 -9999 -9999 0.0768709381603604 0.203939236872533 0.203939236872533 0.255173238706591 0.471671783421714 0.802041385909653 0.782704038913919 0.843985487022049 0.685339500019935 0.802041385909653 0.821857182727961 0.31151070531478 0.549180654678841 0.22359555041665 0.0513934851082493 0.158845341094853 0.204736653243491 0.377098201826084 0.671942904987839 0.292691678960169 0.354770543439257 0.255173238706591 0.255173238706591 0.255173238706591 0.255173238706591 0.153343168135242 0.178701008731709 0.255173238706591 0 0 0 0 0 0 0 0 0 0 0 0 0 0 0 0 0 0 0 0 0 0 0.0505960687372912 0.229775527291575 0.255173238706591 0.178701008731709 0.255173238706591 0.255173238706591 0.255173238706591 0.255173238706591 0.255173238706591 0.255173238706591 0.255173238706591 0.255173238706591 0.255173238706591
-9999 -9999 0 0.102228778756828 0.203939236872533 0.178621267094613 0.229576173198836 0.286073123081217 0.404489454168494 0.854630995574339 0.818707388062677 0.467923926478211 0.84167297954627 0.802041385909653 0.469239663490291 0.802041385909653 0.406841832462821 0.0513934851082493 0.0257565487819465 0.241497547944659 0.178980104461545 0.178980104461545 0.101949683026993 0.0763127467006898 0.255173238706591 0.255173238706591 0.255173238706591 0.255173238706591 0.255173238706591 0.153343168135242 0.255173238706591 0.178940233642997 0 0 0 0 0 0 0 0 0 0 0 0 0 0 0 0 0 0 0 0 0.0513536142897014 0.179019975280093 0.20437781587656 0.178701008731709 0.255173238706591 0.255173238706591 0.255173238706591 0.255173238706591 0.255173238706591 0.292013875044855 0.255173238706591 0.292013875044855 0.255173238706591 0.255173238706591
-9999 -9999 0 0.153024201586859 0.153024201586859 0.204337945058012 0.248235716279255 0.330050635939556 0.746381723216778 0.872732347195088 0.798971332881464 0.595510545831506 0.980224074000239 0.835572744308441 0.537697858937044 1 0.625892109565009 0.0435788046728599 0.22359555041665 0.0257565487819465 0.0257565487819465 0.186595430804194 0.280929787488537 0.255173238706591 0.255173238706591 0.255173238706591 0.255173238706591 0.178461783820422 0.102109166301184 0.204098720146725 0.178701008731709 0.255173238706591 0.0767911965232646 0 0 0 0 0 0 -9999 -9999 0 0 0 0 0 0 0 0 0 0 0.127148040349268 0.20437781587656 0.229775527291575 0.255173238706591 0.255173238706591 0.255173238706591 0.255173238706591 0.20417846178382 0.22949643156174 0.348391212471592 0.348391212471592 0.348391212471592 0.766237390853634 0.255173238706591 0.255173238706591
0.203939236872533 0.0761532634264982 0.0507555520114828 0.178701008731709 0.204337945058012 0.178621267094613 0.267094613452414 0.404489454168494 0.854630995574339 0.872732347195088 0.94366253339181 1 0.940193772178143 0.835572744308441 0.293010645508552 1 0.714126231011523 0.0513934851082493 0.355607830628763 0.370758741676967 0.281328495674016 0.361628324229496 0.477772018659543 0.0763127467006898 0.255173238706591 0.255173238706591 0.229416689924644 0.101710458115705 0.153143814042502 0.102109166301184 0.255173238706591 0.229775527291575 0.153303297316694 0 0 0 0 0 0 -9999 -9999 0 0 0 0 0 0 0 0 0 0 0.127546748534747 0.0253977114150154 0.203899366053985 0.0763924883377856 0.255173238706591 0.255173238706591 0.255173238706591 0.255173238706591 0.255173238706591 0.27383278178701 0.292691678960169 0.348391212471592 0.693792113552091 0.348391212471592 0.475180415453929
