data-raw/DATASET_PNE/a_DATA/PFGS/ENVSUIT_A1B/HS_f75_H9_NardStri.asc
NCOLS 619 
NROWS 782 
XLLCORNER 876826 
YLLCORNER 1947424 
CELLSIZE 100 
NODATA_value -9999 
[rows 392 to 419 of 782, columns 455 to 519 of 619]
1 1 0.955062597990036 0.966624528169632 0.876780539751053 0.932801991701126 0.943993955850601 0.921640872955322 0.888080418109894 0.899272382259369 0.888080418109894 0.78729110956192 0.865665674209595 0.865835249423981 0.843420475721359 0.788848102092743 0.766464203596115 0.766464203596115 0.776160836219788 0.776160836219788 0.776160836219788 0.776160836219788 0.776160836219788 0.766464203596115 0.53977307677269 0.510868221521378 0.636292174458504 0.656070798635483 0.666291564702988 0.616960600018501 0.636292174458504 0.656070798635483 0.646004199981689 0.646004199981689 0.669359296560287 0.669359296560287 0.809782952070236 0.832136034965515 0.749275475740433 0.679549247026443 0.52093480527401 0.349648505449295 0.310445815324783 0.279629409313202 0.201994821429253 0.153742983937263 0.143059745430946 0.123820684850216 0.0474193729460239 0.0189153365790844 0 0.00941912829875946 0 0 -9999 -9999 -9999 0 0 0 0 0 0 0 0
1 0.955185920000076 0.966377884149551 0.899334043264389 0.910572230815887 0.977708578109741 0.955293834209442 0.888080418109894 0.910572230815887 0.899380266666412 0.87698096036911 0.85447371006012 0.843420505523682 0.82088240981102 0.821051955223083 0.798544734716415 0.766464203596115 0.766464203596115 0.776160836219788 0.776160836219788 0.776160836219788 0.776160836219788 0.776160836219788 0.646004199981689 0.597844839096069 0.646004199981689 0.676373571157455 0.676373571157455 0.657134473323822 0.657134473323822 0.646004199981689 0.707667857408524 0.687318861484528 0.686840981245041 0.658105671405792 0.832274794578552 0.766464203596115 0.696553021669388 0.679549247026443 0.530107289552689 0.377921314910054 0.339612752199173 0.231007590889931 0.211676016449928 0.0568385012447834 0.0474193729460239 0.0094345435500145 0.0378460884094238 0 0 0 0 -9999 -9999 -9999 -9999 -9999 -9999 0 0 0 0 -9999 0 0
-9999 -9999 -9999 1 0.966192871332169 0.944040209054947 0.932894498109818 0.888080418109894 0.910572230815887 0.899334043264389 0.865727335214615 0.832120627164841 0.843420505523682 0.854581624269485 0.809752106666565 0.776160836219788 0.776160836219788 0.776160836219788 0.776160836219788 0.776160836219788 0.776160836219788 0.726382821798325 0.636292174458504 0.636292174458504 0.687318861484528 0.767497062683105 0.747764676809311 0.687318861484528 0.687318861484528 0.778689026832581 0.788786441087723 0.759342044591904 0.706665843725204 0.809736698865891 0.832120627164841 0.696553021669388 0.646004199981689 0.636292174458504 0.559227973222733 0.349648505449295 0.271212309598923 0.211614355444908 0.123820684850216 0.0378460884094238 0 0 0.0760467424988747 0.0283344630151987 0 0 0 0 -9999 -9999 -9999 -9999 -9999 -9999 -9999 -9999 -9999 -9999 -9999 -9999 -9999
0.899318605661392 -9999 -9999 0.96628537774086 0.921717941761017 1 0.955293834209442 0.899272382259369 0.888080418109894 0.899380266666412 0.876826792955399 0.822331488132477 0.854519963264465 0.832166880369186 0.79856014251709 0.798560172319412 0.776160836219788 0.787460684776306 0.776160836219788 0.798544734716415 0.646004199981689 0.607556864619255 0.716886609792709 0.791962146759033 0.788740187883377 0.799839675426483 0.744434833526611 0.687318861484528 0.71725657582283 0.698418349027634 0.689631253480911 0.696907550096512 0.809752106666565 0.800040066242218 0.636292174458504 0.597844839096069 0.588225305080414 0.444163531064987 0.349648505449295 0.261916518211365 0.182000368833542 0.0474193729460239 0 0 0 0 0 0 0 0 0 0 0 -9999 -9999 -9999 -9999 -9999 -9999 -9999 -9999 -9999 -9999 -9999 0
0.966192871332169 0.977384835481644 0.966192871332169 0.932848244905472 1 1 1 0.955293834209442 0.910402655601501 0.888080418109894 0.888080418109894 0.821036577224731 0.854519963264465 0.854581624269485 0.809752106666565 0.798560172319412 0.877135097980499 0.821036577224731 0.767497062683105 0.706665843725204 0.698264181613922 0.822408586740494 0.79843682050705 0.83343094587326 0.82088240981102 0.843420505523682 0.843420505523682 0.798544734716415 0.776160836219788 0.766464203596115 0.776160836219788 0.746762663125992 0.578467041254044 0.501942411065102 0.406363692134619 0.387432938441634 0.377921314910054 0.349648505449295 0.280153542757034 0.172380834817886 0.0474193729460239 0 0 0 0 0 0 0 0 0 0 0 0 0 0 0 0 -9999 -9999 -9999 -9999 -9999 -9999 0 0
1 -9999 -9999 -9999 1 1 0.988684713840485 1 0.943993955850601 0.921656280755997 0.888080418109894 0.85447371006012 0.865619421005249 0.876765131950378 0.832136034965515 0.820728242397308 0.79843682050705 0.811185777187347 0.74727138876915 0.769824862480164 0.776160836219788 0.821098238229752 0.787460684776306 0.798529326915741 0.832136034965515 0.888280808925629 0.811077862977982 0.646004199981689 0.626688048243523 0.550040081143379 0.501942411065102 0.435006469488144 0.396821226924658 0.35908304899931 0.349648505449295 0.298976391553879 0.259342044591904 0.249630019068718 0.181861624121666 0.0284269601106644 0 0 0 0 0 0 0 0 0 0 0 0 0 0 0 0 0 0 0 0 0 0 0 0 0
-9999 1 1 1 0.910464316606522 0.910464316606522 0.910464316606522 0.865465253591537 0.94396311044693 0.94396311044693 0.888080418109894 0.888080418109894 0.876934707164764 0.865634828805923 0.854442864656448 0.77771782875061 0.758525013923645 0.758525013923645 0.798513919115067 0.821267813444138 0.787414461374283 0.776160836219788 0.809628784656525 0.888080418109894 0.82088240981102 0.711968898773193 0.636292174458504 0.626580134034157 0.646004199981689 0.646004199981689 0.368378849700093 0.330455683171749 0.320481598377228 0.28007647395134 0.211614355444908 0.124098166823387 0.104859098792076 0.238977611064911 0.152833446860313 0.0283344630151987 0 0 0 0 0 0 0 0 0 0 0 0 0 0 0 0 0 0 0 0 0 0 0 0 0
0.899318605661392 0.955062597990036 1 0.988684713840485 0.977384835481644 0.899318605661392 0.899318605661392 0.888080418109894 0.876780539751053 0.84314301609993 0.84314301609993 0.84314301609993 0.854458302259445 0.86565026640892 0.84314301609993 0.824104309082031 0.846611559391022 0.814669787883759 0.824273884296417 0.8319973051548 0.85447371006012 0.888080418109894 0.821036577224731 0.706665843725204 0.646004199981689 0.588163644075394 0.511176541447639 0.657134473323822 0.686532646417618 0.74727138876915 0.636723786592484 0.472883395850658 0.257923781871796 0.152833446860313 0.0472960472106934 0 0 0.0283344630151987 0.018853671848774 0 0 0 0 0 0 0 0 0 0 0 0 0 0 0 0 0 0 0 0 0 0 0 0 0 0
-9999 -9999 -9999 0.94396311044693 1 1 0.899318605661392 0.910418093204498 0.888080418109894 0.854458302259445 0.84314301609993 0.84314301609993 0.84314301609993 0.833538889884949 0.84314301609993 0.84314301609993 0.876780539751053 0.899272382259369 0.888080418109894 0.888080418109894 0.876934707164764 0.766464203596115 0.737173974514008 0.646004199981689 0.597875669598579 0.463279269635677 0.434744402766228 0.646882891654968 0.746701002120972 0.666152805089951 0.636292174458504 0.50163409113884 0.356585681438446 0.238977611064911 0.10465869307518 0.00941912829875946 0 0 0 0 0 0 0 0 0 0 0 0 0 0 0 0 0 0 0 0 0 0 0 0 0 0 0 0 0
0.899318605661392 0.899318605661392 0.888188302516937 1 1 1 1 1 0.921594619750977 1 1 1 0.988854289054871 0.988854289054871 0.966362446546555 1 0.955293834209442 0.888080418109894 0.798729747533798 0.768113732337952 0.74727138876915 0.706665843725204 0.646004199981689 0.597875669598579 0.483073309063911 0.396913729608059 0.568647086620331 0.627042606472969 0.444163531064987 0.36574275046587 0.267990380525589 0.337053701281548 0.348492316901684 0.248689651489258 0.0568385012447834 0.00941912829875946 0 0 0 0 0 0 0 0 0 0 0 0 0 0 0 0 0 0 0 0 0 0 0 0 0 0 0 0 0
0.865465253591537 0.888080418109894 0.921717941761017 0.899318605661392 0.899318605661392 0.899318605661392 0.899318605661392 0.954939275979996 0.899226129055023 0.910356402397156 0.865465253591537 0.84314301609993 0.84314301609993 0.8319973051548 0.854273289442062 0.856200277805328 0.836961209774017 0.836961209774017 0.856154024600983 0.74727138876915 0.646004199981689 0.646004199981689 0.578467041254044 0.435006469488144 0.387371264398098 0.425279028713703 0.607371881604195 0.588040322065353 0.472883395850658 0.267990380525589 0.248689651489258 0.229435160756111 0.0378460884094238 0 0 0 0 0 0 0 0 0 0 0 0 0 0 0 0 0 0 0 0 0 0 0 0 0 0 0 0 0 0 0 0
0.84314301609993 0.888080418109894 0.876780539751053 0.888080418109894 0.888080418109894 0.888080418109894 0.876765131950378 0.888080418109894 0.899226129055023 0.865465253591537 0.84314301609993 0.84314301609993 0.84314301609993 0.84314301609993 0.833615958690643 0.825815498828888 0.825815498828888 0.679919242858887 0.656086206436157 0.646004199981689 0.636292174458504 0.616960600018501 0.415690321475267 0.33807116933167 0.377921314910054 0.607371881604195 0.578806176781654 0.434836894273758 0.339057773351669 0.328174136579037 0.289680570363998 0.0568385012447834 0 0 0 0 0 0 0 0 0 0 0 0 0 0 0 0 0 0 0 0 0 0 0 0 0 0 0 0 0 0 0 0 0
0.910325556993484 0.91018682718277 0.921332538127899 0.84314301609993 0.84314301609993 0.84314301609993 0.84314301609993 0.84314301609993 0.84314301609993 0.84314301609993 0.845008313655853 0.809967935085297 0.821221560239792 0.758525013923645 0.825769245624542 0.667231917381287 0.646004199981689 0.636292174458504 0.57875993847847 0.568847507238388 0.462986372411251 0.444163531064987 0.36848677136004 0.359190970659256 0.444163531064987 0.578806176781654 0.549747169017792 0.358589760959148 0.238977611064911 0.219753965735435 0.133424803614616 0 0 0 0 0 0 0 0 0 0 0 0 0 0 0 0 0 0 0 0 0 0 0 0 0 0 0 0 0 0 0 0 0 0
0.84314301609993 0.84314301609993 0.888080418109894 0.84314301609993 0.854458302259445 0.84314301609993 0.854458302259445 0.84314301609993 0.84314301609993 0.843312591314316 0.77771782875061 0.756860107183456 0.865742743015289 0.74727138876915 0.646004199981689 0.636292174458504 0.636292174458504 0.511392369866371 0.406363692134619 0.368378849700093 0.349648505449295 0.349648505449295 0.26802122592926 0.278118640184402 0.434836894273758 0.492076210677624 0.47316088527441 0.238977611064911 0.114370718598366 0 0 0 0 0 0 0 0 0 0 0 0 0 0 0 0 0 0 0 0 0 0 0 0 0 0 0 0 0 0 0 0 0 0 0 0
0.821113646030426 0.854458302259445 0.865758150815964 0.821113646030426 0.876950114965439 0.888080418109894 0.888080418109894 0.787414461374283 0.787414461374283 0.769624471664429 0.74727138876915 0.656086206436157 0.646004199981689 0.656086206436157 0.636292174458504 0.549392610788345 0.415952395647764 0.358666839078069 0.36848677136004 0.299330949783325 0.298298090696335 0.24821175634861 0.267990380525589 0.238977611064911 0.308626741170883 0.454260960221291 0.39706788957119 0.123820684850216 0 0 0 0 0 0 0 0 0 0 0 0 0 0 0 0 0 0 0 0 0 0 0 0 0 0 0 0 0 0 0 0 0 0 0 0 0
0.865619421005249 0.888080418109894 0.854643285274506 0.789017677307129 0.832367271184921 0.833816349506378 0.822670638561249 0.74727138876915 0.756860107183456 0.656086206436157 0.646004199981689 0.597875669598579 0.5977523624897 0.636292174458504 0.472698397934437 0.396913729608059 0.349371038377285 0.299330949783325 0.298328906297684 0.327834973111749 0.396913729608059 0.328035406768322 0.38761793076992 0.359190970659256 0.299392610788345 0.289680570363998 0.123820684850216 0 0 0 0 0 0 0 0 0 0 0 0 0 0 0 0 0 0 0 0 0 0 0 0 0 0 0 0 0 0 0 0 0 0 0 0 0 0
0.801211714744568 0.768113732337952 0.666322380304337 0.656086206436157 0.782712578773499 0.766063392162323 0.695905536413193 0.636292174458504 0.636292174458504 0.636292174458504 0.636292174458504 0.472698397934437 0.406240362673998 0.434343591332436 0.472575090825558 0.357063567265868 0.288616895675659 0.259264975786209 0.298729717731476 0.268406599760056 0.36862551420927 0.36862551420927 0.359190970659256 0.270456939935684 0.231161743402481 0.10465869307518 0.00941912829875946 0 0 0 0 0 0 0 0 0 0 0 0 0 0 0 0 0 0 0 0 0 0 0 0 0 0 0 0 0 0 0 0 0 0 0 0 0 0
0.646004199981689 0.646004199981689 0.657149910926819 0.646004199981689 0.708053261041641 0.757353395223618 0.686887234449387 0.636292174458504 0.54071344435215 0.453567244112492 0.472575090825558 0.415474500507116 0.453443929553032 0.463356345891953 0.367885561659932 0.298328906297684 0.278488636016846 0.28820064663887 0.288246899843216 0.219753965735435 0.308626741170883 0.279999375343323 0.339057773351669 0.250077068805695 0.0568385012447834 0.0283344630151987 0 0 0 0 0 0 0 0 0 0 0 0 0 0 0 0 0 0 0 0 0 0 0 0 0 0 0 0 0 0 0 0 0 0 0 0 0 0 0
0.636292174458504 0.636292174458504 0.636292174458504 0.588040322065353 0.568585425615311 0.549515932798386 0.616914346814156 0.482287116348743 0.415474500507116 0.387247947975993 0.443932309746742 0.377813404425979 0.36848677136004 0.318539172410965 0.308441758155823 0.308441758155823 0.377921314910054 0.359190970659256 0.229296416044235 0.239948824048042 0.0568385012447834 0.21183018386364 0.231161743402481 0.17218042910099 0 0 0 0 0 0 0 0 0 0 0 0 0 0 0 0 0 0 0 0 0 0 0 0 0 0 0 0 0 0 0 0 0 0 0 0 0 0 0.0378460884094238 0.162514641880989 0.0475581176578999
0.656086206436157 0.696738004684448 0.578266620635986 0.387247947975993 0.328019985929132 0.339936494827271 0.330255299806595 0.339936494827271 0.317799219861627 0.277317026630044 0.358451018109918 0.348230252042413 0.318539172410965 0.229296416044235 0.24821175634861 0.359190970659256 0.359190970659256 0.359190970659256 0.260297834873199 0.250077068805695 0.0568385012447834 0.10465869307518 0.0663501247763634 0 0 0 0 0 0 0 0 0 0 0 0 0 0 0 0 0 0 0 0 0 0 0 0 0 0 -9999 0 0 0 0 0 0 0 0 0 0 0 0 0.248689651489258 0.219692304730415 0.229573905467987
0.589366093277931 0.626610979437828 0.357541477307677 0.30808717943728 0.238530561327934 0.279490649700165 0.260929882526398 0.260159105062485 0.238530561327934 0.219276070594788 0.228988096117973 0.278534859418869 0.268406599760056 0.219753965735435 0.219753965735435 0.249491274356842 0.259619534015656 0.250077068805695 0.2404575496912 0.0568385012447834 0.219753965735435 0.0378460884094238 0.0283344630151987 0 0 0 0 0 0 0 0 0 0 0 0 0 0 0 0 0 0 0 0 0 0 0 0 0 0 0 0 0 0 0 0 0 0 0 0 0 0 0.0283652953803539 0.191573664546013 0.0758925825357437 0.105552814900875
0.358327666297555 0.317799219861627 0.228988096117973 0.228988096117973 0.278935670852661 0.239054694771767 0.219753965735435 0.210041925311089 0.228988096117973 0.0664272084832191 0.0474656224250793 0.133609786629677 0.0953012257814407 0.0856508612632751 0.250077068805695 0.162514641880989 0.191635325551033 0.2404575496912 0.18150706589222 0.10465869307518 0.219753965735435 0.210458159446716 0.104519948363304 0.00941912829875946 0 0 0 0 0 0 0 0 0 0 0 0 0 0 0 0 0 0 0 0 0 0 0 0 0 0 0 0 0 0 0 0 0 0.0094345435500145 0.0094345435500145 0.0761392340064049 0.114709869027138 0.172350004315376 0.257923781871796 0.248689651489258 0.238977611064911
0.358451018109918 0.259264975786209 0.114432387053967 0.14282850921154 0.190802857279778 0.239116355776787 0.41612196713686 0.41612196713686 0.339474022388458 0.190802857279778 0.114370718598366 0.0953012257814407 0.0568385012447834 0.201701924204826 0.229820564389229 0.229820564389229 0.219753965735435 0.162514641880989 0.123820684850216 0.143105998635292 0.11410865187645 0.104519948363304 0.00941912829875946 0 0 0 0 0 0 0 0 0 0 0 0 0 0 0 0 0 0 0.0569772459566593 0 0 0 0 0 0 0 0 0 0 0 0 0 0.0094345435500145 0.0665967836976051 0.172350004315376 0.25975826382637 0.280030220746994 0.290112227201462 0.309135466814041 0.359190970659256 0.339057773351669 0.231007590889931
0.258740842342377 0.0571776516735554 0.0474656224250793 0.190802857279778 0.21013443171978 0.25872540473938 0.375578083097935 0.366035629063845 0.229820564389229 0 0.0568385012447834 0.152740955352783 0.191126599907875 0.210458159446716 0.152740955352783 0.11410865187645 0.0663501247763634 0.0759079977869987 0.0950699895620346 0 0 0 0 0 0 0 0 0 0 0 0 0 0 0 0 0 0 0 0 0 0.0854504555463791 0 0 0 0 0 0 0 0 0.0474656224250793 0.0570080764591694 0.0284269601106644 0.0472960472106934 0.0189153365790844 0.0094345435500145 0.0474656224250793 0.220108523964882 0.359190970659256 0.349648505449295 0.349648505449295 0.36848677136004 0.36848677136004 0.359190970659256 0.349648505449295 0.359190970659256
0.0854350402951241 0.0854350402951241 0.21013443171978 0.24918295443058 0.329314917325974 0.277224522083998 0.258309185504913 0.219753965735435 0 0 0 0 0 0 0 0 0 0 0 0 0 0 0 0 0 0 0 0 0 0 0 0 0 0 0 0 0 0 0 0.0760004967451096 0.143321827054024 0 0 0 0 0 0 0 0.0474656224250793 0.200715303421021 0.238669291138649 0.257923781871796 0.257923781871796 0.229435160756111 0.202195227146149 0.259866178035736 0.359190970659256 0.359190970659256 0.349648505449295 0.35908304899931 0.636292174458504 0.511716082692146 0.406502433121204 0.36848677136004 0.521073579788208
0.200422391295433 0.228988096117973 0.248597145080566 0.296278607100248 0.453998893499374 0.228988096117973 0 0 0 0 0 0 0 0 0 0 0 0 0 0 0 0 0 0 0 0 0 0 0 0 0 0 0 0 0 0 0 0 0.0094345435500145 0.277162849903107 0.143321827054024 0.0665196999907494 0.0570080764591694 0.0094345435500145 0 0.0378460884094238 0.0472960472106934 0.0761392340064049 0.182000368833542 0.349648505449295 0.396913729608059 0.359190970659256 0.359190970659256 0.33070233464241 0.339936494827271 0.359190970659256 0.359190970659256 0.35908304899931 0.387664169073105 0.406409930437803 0.71113646030426 0.646358758211136 0.646420419216156 0.676281064748764 0.636292174458504
0.219753965735435 0.325460929423571 0.296278607100248 0.238530561327934 0.219753965735435 0 0 0 0 0 0 0 0 0 0 0 0 0 0 0 0 0 0 0 0 0 0 0 0 0 0 0 0 0 0 0 0 0 0.0189153365790844 0.191712394356728 0.191712394356728 0.191712394356728 0.219753965735435 0.200715303421021 0.143167659640312 0.229435160756111 0.396913729608059 0.229435160756111 0.348970204591751 0.656502455472946 0.656487017869949 0.415952395647764 0.416121959686279 0.512070655822754 0.531001403927803 0.416121959686279 0.45441510528326 0.521967679262161 0.483319967985153 0.646775007247925 0.809736698865891 0.766464203596115 0.776160836219788 0.675710678100586 0.636292174458504
0.248597145080566 0.286828648298979 0.238530561327934 0.0663501247763634 0 0 0 0 0 0 0 0 0 0 0 0 0 0 0 0 0 0 0 0 0 0 0 0 0 0 0 0 0 0.0951008200645447 0 0.0094345435500145 0.0950391590595245 0.0094345435500145 0.171671703457832 0.230575934052467 0.33070233464241 0.33070233464241 0.339936494827271 0.339936494827271 0.28820064663887 0.297496447339654 0.326601719483733 0.33070233464241 0.425279028713703 0.748319685459137 0.67723685503006 0.706665843725204 0.686840981245041 0.686840981245041 0.658105671405792 0.686840981245041 0.686840981245041 0.766464203596115 0.832120627164841 0.746762663125992 0.607510641217232 0.616960600018501 0.387617917731404 0.349648505449295 0.359190970659256
