data-raw/DATASET_PNE/a_DATA/PFGS/ENVSUIT_A1B/HS_f15_H1_alpines.asc
NCOLS 619 
NROWS 782 
XLLCORNER 876826 
YLLCORNER 1947424 
CELLSIZE 100 
NODATA_value -9999 
[rows 180 to 209 of 782, columns 68 to 135 of 619]
0.0967918261885643 0.0967918261885643 0.145676881074905 0.204215213656425 0.213796570897102 0.422198235988617 0.432038545608521 0.48036253452301 0.5 0.606617756187916 0.684592142701149 0.543029792606831 0.607164435088634 0.655474036931992 0.50973960570991 0.5 0.319810092449188 0.412170916795731 0.257416188716888 0.117551431059837 0.00973960570991039 0 0 0 0 0.223636880517006 0.243087321519852 0.243087321519852 0.233448430895805 0.223636880517006 0.223636880517006 0.234584957361221 0.234584957361221 0.24439649283886 0.185023739933968 0.0389296486973763 0.0217666514217854 0.107811823487282 0.23711696267128 0.267831981182098 0.331909090280533 0.461171060800552 0.596791826188564 0.694892823696136 0.926053792238235 0.956222116947174 1 1 1 1 1 1 -9999 -9999 1 1 -9999 1 1 1 1 1 1 1 1 1 1 1
0 0 0.0967918261885643 0.0967918261885643 0.116357356309891 0.205164730548859 0.382261544466019 0.372018426656723 0.490361094474792 0.577269457280636 0.694475620985031 0.519781326875091 0.577283844351768 0.5 0.5 0.5 0.5 0.412170916795731 0.2248165756464 0.00973960570991039 0.00973960570991039 0 0 0 0 0.135721474885941 0.368882171809673 0.243087321519852 0.223636880517006 0.223636880517006 0.223636880517006 0.234584957361221 0.233448430895805 0.234584957361221 0.0291612725704908 0 0.0108042005449533 0.116328582167625 0.213048487901688 0.252395331859589 0.450338095426559 0.5 0.5 0.606603369116783 0.935822188854218 0.989095091819763 1 1 1 1 1 1 -9999 -9999 1 -9999 -9999 1 1 1 1 1 1 1 1 1 1 1
0 0.00973960570991039 -9999 -9999 0.10653143376112 0.10653143376112 0.148971363902092 0.303495913743973 0.411221414804459 0.5 0.596791826188564 0.635692700743675 0.50973960570991 0.5 0.5 0.5 0.451489001512527 0.402172356843948 0.19992807507515 0.00973960570991039 0.00973960570991039 0 0 0 0 0.00984031055122614 0.310861740261316 0.272119116038084 0.223636880517006 0.223636880517006 0.223636880517006 0.223636880517006 0.234584957361221 0.213940441608429 0.0109480647370219 0 0.0327147170901299 0.0423823893070221 0.239519491791725 0.226096957921982 0.330153942108154 0.461171060800552 0.5 0.655402094125748 0.865242421627045 0.956222116947174 1 1 1 1 1 1 -9999 -9999 -9999 1 -9999 1 1 1 1 1 1 1 1 1 1 1
0 0 0 -9999 0.0484966188669205 0.0967918261885643 0.0193209610879421 0.0509566962718964 0.148108184337616 0.5 0.5097252195701 0.596791826188564 0.50973960570991 0.567616172134876 0.5 0.470853120088577 0.422011226415634 0.228226155042648 0.128441944718361 0.0207020565867424 0.00973960570991039 0.00973960570991039 0 0 0 0 0.223636880517006 0.243087321519852 0.223636880517006 0.223636880517006 0.223636880517006 0.223636880517006 0.223636880517006 0.156740039587021 0.0327866487205029 0 0.0327147170901299 0.0629118084907532 0.0752265825867653 0.12225578725338 0.292806804180145 0.43175083398819 0.5 0.596791826188564 0.802819728851318 0.901841461658478 0.912789523601532 1 1 1 1 1 1 1 1 -9999 -9999 1 1 1 1 1 1 1 1 1 1 1
0 0.0291612725704908 0.0291612725704908 0.00973960570991039 0.00973960570991039 0.0194216668605804 0.0776722803711891 0.0193209610879421 0.197784498333931 0.393454194068909 0.5 0.616342969238758 0.50973960570991 0.404085755348206 0.5 0.26603364944458 0.27827650308609 0.0630125179886818 0.00973960570991039 0.0424543246626854 0.0108042005449533 0 0 0 0 0 0.223636880517006 0.223636880517006 0.223636880517006 0.223636880517006 0.223636880517006 0.223636880517006 0.223636880517006 0.184664070606232 0.0291612725704908 0.0291612725704908 0.0291612725704908 0.0291612725704908 0.0837721154093742 0.145935833454132 0.167846351861954 0.43175083398819 0.48063588142395 0.596791826188564 0.704689979553223 0.881297647953033 0.956351608037949 1 1 1 1 1 1 1 1 -9999 1 1 1 1 1 1 1 1 1 1 1 1
0 0 0.00973960570991039 0.174866929650307 0.0193209610879421 0.00973960570991039 0.0387857854366302 0.0193209610879421 0.0400374047458172 0.432369440793991 0.529003020375967 0.616342969238758 0.529161272570491 0.40284851193428 0.490361094474792 0.285599201917648 0.0815278366208076 0.111523523926735 0.0302834119647741 0.0969069227576256 0.0315062589943409 0.00973960570991039 0 0 0 0.145576179027557 0.223636880517006 0.223636880517006 0.223636880517006 0.223636880517006 0.223636880517006 0.233448430895805 0.223636880517006 0.184664070606232 0.204229608178139 0.116515606641769 0.0400949493050575 0.0326427854597569 0.0219824481755495 0.0704934522509575 0.187339946627617 0.391583949327469 0.48054956831038 0.665055394172668 0.645734429359436 0.861573874950409 0.890893399715424 1 1 1 1 1 1 1 1 1 1 -9999 -9999 -9999 1 1 1 1 1 1 1 1
0.0194648243486881 0 0 0.0388433337211609 0.00973960570991039 0.0412314757704735 0.029003020375967 0.116112791001797 0.0509998574852943 0.490361094474792 0.529003020375967 0.567616172134876 0.548798732459545 0.596791826188564 0.441519200801849 0.353862762451172 0.0838008895516396 0.0400374047458172 0.0193209610879421 0.00973960570991039 0.00973960570991039 0 0 0 0 0.0680909231305122 0.223636880517006 0.223636880517006 0.223636880517006 0.223636880517006 0.223636880517006 0.223636880517006 0.223636880517006 0.155373334884644 0.0291612725704908 0 0 0 0.0644799321889877 0.0605524368584156 0.29261976480484 0.461171060800552 0.518961310386658 0.596791826188564 0.597352899610996 0.871169626712799 0.890893399715424 1 1 1 1 1 1 1 1 1 1 1 -9999 -9999 1 1 1 1 1 1 1 1
0.0967918261885643 0.0484966188669205 0 0.00973960570991039 0.0486260987818241 0.0193209610879421 0.00973960570991039 0.10653143376112 0.37255072593689 0.490361094474792 0.5 0.577269457280636 0.50973960570991 0.50973960570991 0.64580637216568 0.362696021795273 0.31408429145813 0.252337783575058 0.0483671426773071 0.116328582167625 0.0207020565867424 0 0 0 0 0.00984031055122614 0.223636880517006 0.223636880517006 0.223636880517006 0.223636880517006 0.223636880517006 0.223636880517006 0.213940441608429 0.097093939781189 0 0 0 0.0315062589943409 0.0945619344711304 0.0958423241972923 0.244885623455048 0.5 0.5 0.5 0.597352899610996 0.871169626712799 0.901841461658478 1 1 1 1 1 1 1 1 1 1 -9999 -9999 1 1 1 1 1 1 1 1 1
0.184764787554741 0.0967918261885643 0.00973960570991039 0.00973960570991039 0.116371743381023 0.0291612725704908 0.07381671667099 0.10653143376112 0.215091347694397 0.432038545608521 0.5 0.596791826188564 0.596791826188564 0.558437634259462 0.684620916843414 0.53845489770174 0.367688089609146 0.245734423398972 0.00973960570991039 0.0823910236358643 0 0 0 0 0 0.00984031055122614 0.213897287845612 0.213897287845612 0.213897287845612 0.213940441608429 0.223636880517006 0.223636880517006 0.135836571455002 0.0194216668605804 0 0 0 0 0 0.107811823487282 0.21140843629837 0.44185009598732 0.5 0.5 0.597583077847958 0.901841461658478 0.901841461658478 0.989095091819763 1 1 1 1 1 1 1 1 1 -9999 -9999 1 1 1 1 1 1 1 1 1
0.279226006008685 0.18470723927021 0.00973960570991039 0.00973960570991039 0.0291612725704908 0.213926047086716 0.0291612725704908 0.0193209610879421 0.174794986844063 0.0874694287776947 0.441763788461685 0.548151344060898 0.557934109121561 0.548151344060898 0.538972809910774 0.596791826188564 0.419766927137971 0.32770824432373 0.185541644692421 0.128441944718361 0 0 0 0 0 0 0.213897287845612 0.213897287845612 0.213897287845612 0.204200834035873 0.204200834035873 0.213897287845612 0.125981867313385 0.0970076248049736 0 0 0 0 0 0.0969788506627083 0.203438356518745 0.382362246513367 0.49040424823761 0.5 0.57817580550909 0.901841461658478 0.901841461658478 0.978290885686874 1 1 1 1 1 1 1 1 1 1 1 1 1 1 1 1 1 1 1 1
0.459804348647594 0.204215213656425 0.10653143376112 0.0967918261885643 0.00973960570991039 0.272349298931658 0.0679326727986336 0.0193209610879421 0.10653143376112 0.24643936753273 0.432038545608521 0.5 0.5 0.5097252195701 0.50973960570991 0.5 0.37752839922905 0.350827217102051 0.10653143376112 0.107754282653332 0 0 0 0 0 0 0.213897287845612 0.213897287845612 0.213897287845612 0.174924477934837 0.135836571455002 0.213897287845612 0.213897287845612 0.204200834035873 0.00984031055122614 0 0.0109480647370219 0 0 0.0437347143888474 0.215724349021912 0.361674576997757 0.461171060800552 0.5 0.57817580550909 0.871169626712799 0.901841461658478 0.978075087070465 1 1 1 1 1 1 1 1 1 1 1 1 1 1 1 1 1 1 1 1
0.558006033301353 0.478923909366131 0.215019419789314 0.13593727350235 0 0.0777442082762718 0.30220112297684 0.0291612725704908 0.0776722803711891 0.224600777029991 0.367688089609146 0.470853120088577 0.5 0.5 0.5 0.5 0.346755862236023 0.258754134178162 0.196676731109619 0.126111343502998 0.057905338704586 0 0 0 0 0 0.213897287845612 0.194490000605583 0.213897287845612 0.204200834035873 0.116213493049145 0.125981867313385 0.204200834035873 0.125981867313385 0 0 0 0 0.0109624518081546 0.12733419239521 0.177139982581139 0.392001152038574 0.5 0.5 0.577269457280636 0.871169626712799 0.901841461658478 0.967155814170837 1 1 1 1 1 1 1 1 1 1 1 1 1 1 1 1 1 1 1 1
0.63599482178688 0.518990062177181 0.470738012343645 0.204215213656425 0.195727229118347 0.0193209610879421 0.62424111366272 0.204229608178139 0.0595022290945053 0.137951374053955 0.2248165756464 0.432038545608521 0.5 0.5 0.490361094474792 0.44185009598732 0.269630283117294 0.194475620985031 0.194475620985031 0.106560207903385 0 0 0 0 0 0.106632135808468 0.204200834035873 0.204200834035873 0.213897287845612 0.233347713947296 0.194490000605583 0.0970076248049736 0.087354339659214 0.0484534613788128 0.0861890390515327 0.0436483956873417 0 0 0.0290605667978525 0.138267874717712 0.291972368955612 0.430585533380508 0.5 0.519378507509828 0.635692700743675 0.8515465259552 0.901841461658478 0.978075087070465 1 1 1 1 1 1 1 1 1 1 1 1 1 1 0.967127025127411 1 1 1 1 1
0.694475620985031 0.567644953727722 0.509408704936504 0.215091347694397 0.174967631697655 0.0967918261885643 0.0291612725704908 0.233232632279396 0.0291612725704908 0.149302259087563 0.226111352443695 0.432038545608521 0.5 0.5 0.364479929208755 0.328801602125168 0.194475620985031 0.22719033062458 0.184620916843414 0.0869802907109261 0 0 0 0 0.184908643364906 0.213897287845612 0.213897287845612 0.223536178469658 0.213897287845612 0.213897287845612 0.213897287845612 0.16501222550869 0.0970076248049736 0 0 0 0 0 0.0967918261885643 0.12733419239521 0.411048769950867 0.440411448478699 0.5 0.5 0.596791826188564 0.871169626712799 0.901841461658478 0.978075087070465 0.989095091819763 1 1 1 1 1 1 1 1 1 1 1 1 1 1 1 1 1 1 1
0.694475620985031 0.64580637216568 0.519105151295662 0.25753128528595 0.116112791001797 0.10653143376112 0.10653143376112 0.0193209610879421 0.126686811447144 0.0485685504972935 0.204215213656425 0.28808805346489 0.509840310551226 0.468651980161667 0.276305556297302 0.176391884684563 0.107754282653332 0.164997845888138 0.0967918261885643 0 0 0 0 0.106632135808468 0.262422667816281 0.233347713947296 0.213897287845612 0.213897287845612 0.223536178469658 0.213897287845612 0.213897287845612 0.106632135808468 0.00984031055122614 0 0 0 0 0 0.0290605667978525 0.107811823487282 0.183585092425346 0.418587267398834 0.509840310551226 0.5 0.596791826188564 0.881038695573807 0.890893399715424 0.923636883497238 0.989095091819763 0.978218972682953 1 1 1 1 1 1 1 1 1 1 1 1 1 1 1 1 1 1
0.723651275038719 0.626154512166977 0.548424676060677 0.422198235988617 0.200187027454376 0.136829227209091 0.0897712558507919 0.0679326727986336 0.291943610645831 0.0779312327504158 0.0193209610879421 0.0826068222522736 0.529161272570491 0.5 0.51942166686058 0.29526686668396 0.0400230176746845 0.0967918261885643 0.0773989334702492 0 0 0 0 0.204200834035873 0.223536178469658 0.223536178469658 0.204200834035873 0.213897287845612 0.204200834035873 0.204200834035873 0.204200834035873 0.184664070606232 0.0293051358312368 0 0 0 0 0 0 0.107754282653332 0.127132788300514 0.431822746992111 0.5 0.5 0.596791826188564 0.792806804180145 0.901755154132843 0.901755154132843 0.989095091819763 0.989095091819763 0.967256516218185 1 1 1 1 1 1 1 1 1 1 1 1 1 1 1 1 1
0.704215213656425 0.616213500499725 0.518990062177181 0.372104734182358 0.421176820993423 0.166278228163719 0.10797007381916 0.262638479471207 0.301970929838717 0.262638479471207 0.0607682354748249 0.216875270009041 0.529161272570491 0.509840310551226 0.438685089349747 0.23341965675354 0.0207020565867424 0.0967918261885643 0.0194072797894478 0 0 0 0.00984031055122614 0.136052370071411 0.194490000605583 0.116400517523289 0.106632135808468 0.204200834035873 0.204200834035873 0.136052370071411 0.136052370071411 0.204200834035873 0.00984031055122614 0 0 0.0763487294316292 0.0109480647370219 0 0 0.107941307127476 0.150266155600548 0.422011226415634 0.5 0.51942166686058 0.548151344060898 0.734397932887077 0.871169626712799 0.890893399715424 0.945288449525833 0.945374757051468 0.978075087070465 1 1 1 1 1 1 1 1 1 1 1 1 1 1 1 1 1
0.674866929650307 0.596791826188564 0.480535179376602 0.410933673381805 0.47104012966156 0.31706228852272 0.156365990638733 0.136498346924782 0.0790965333580971 0.132426992058754 0.133592292666435 0.266278237104416 0.509840310551226 0.5 0.268393039703369 0.215019419789314 0.0967918261885643 0.126111343502998 0.0194072797894478 0 0 0 0.223536178469658 0.223536178469658 0.204200834035873 0.204200834035873 0.106632135808468 0.106632135808468 0.116400517523289 0.136052370071411 0.106632135808468 0.106632135808468 0 0.0654725953936577 0.0108617469668388 0.0872680172324181 0 0 0.0109624518081546 0.0981729254126549 0.170809954404831 0.323147743940353 0.51942166686058 0.51942166686058 0.5097252195701 0.607452161610126 0.831966608762741 0.871169626712799 0.912688821554184 0.945446699857712 0.945432305335999 0.967270910739899 0.967256516218185 1 1 1 1 1 1 1 1 1 1 1 1 1 1 1
0.635764643549919 0.558121133595705 0.5 0.479959726333618 0.314141839742661 0.390965342521667 0.411250174045563 0.239217385649681 0.220097824931145 0.363587975502014 0.402661502361298 0.490361094474792 0.5 0.44185009598732 0.350179821252823 0.216299816966057 0.216242268681526 0.0967918261885643 0 0 0 0 0.106632135808468 0.223536178469658 0.204200834035873 0.213839739561081 0.184664070606232 0.116400517523289 0.116400517523289 0.136052370071411 0.106632135808468 0 0 0.0108617469668388 0 0.0109480647370219 0 0.00968206021934748 0.0303697306662798 0.195770397782326 0.268335491418839 0.422126322984695 0.635764643549919 0.51942166686058 0.5 0.558250609785318 0.69463387131691 0.861314922571182 0.871169626712799 0.912688821554184 0.923550575971603 0.934513032436371 0.945475459098816 0.956351608037949 1 1 1 1 1 1 1 1 1 1 1 1 1 1
0.674564808607101 0.577629119157791 0.5 0.5 0.5 0.5 0.518990062177181 0.509408704936504 0.372406840324402 0.401855856180191 0.282506108283997 0.5 0.5 0.5 0.412170916795731 0.249014526605606 0.194475620985031 0.0967918261885643 0 0 0 0 0 0.126255214214325 0.106632135808468 0.126255214214325 0.145705655217171 0.116400517523289 0.106632135808468 0.126255214214325 0.126255214214325 0 0 0 0 0 0 0.126111343502998 0.118616029620171 0.258782923221588 0.412012666463852 0.62595309317112 0.62595309317112 0.529161272570491 0.509840310551226 0.51942166686058 0.567932672798634 0.597352899610996 0.782635599374771 0.871169626712799 0.871169626712799 0.890893399715424 0.901841461658478 0.956351608037949 1 1 1 1 1 1 1 1 1 1 1 1 1 1
0.704215213656425 -9999 0.538814559578896 0.5 0.529161272570491 0.529161272570491 0.577327005565166 -9999 0.5 0.5 0.5 0.5 0.519378507509828 0.51942166686058 0.418371472507715 0.238080844283104 0.0967918261885643 0.0967918261885643 0 0 0 0 0 0 0.106632135808468 0.106632135808468 0.106632135808468 0.106632135808468 0.106632135808468 0.106632135808468 0.106632135808468 0 0 0 0 0 0.0109624518081546 0.0763918831944466 0.139476329088211 0.156394764780998 0.35236656665802 0.616213493049145 0.567731261253357 0.449834555387497 0.509840310551226 0.5 0.51942166686058 0.51942166686058 0.616443678736687 0.674766227602959 0.713854119181633 0.841979563236237 0.923579335212708 0.967270910739899 1 1 1 1 1 1 1 1 1 1 1 1 1 1
0.723895847797394 0.704215213656425 0.626053810119629 0.538972809910774 0.597093939781189 0.626053810119629 0.694475620985031 -9999 -9999 -9999 -9999 0.694475620985031 0.664997845888138 0.548122577369213 0.544684231281281 0.216227874159813 0.0967918261885643 0 0 0 0 0 0 0 0.106632135808468 0.106632135808468 0.106632135808468 0.106632135808468 0.106632135808468 0.0290317945182323 0 0 0 0 0 0 0 0.0326427854597569 0.0643504559993744 0.156998991966248 0.203438356518745 0.389569848775864 0.470234513282776 0.480261832475662 0.5 0.5 0.5 0.509840310551226 0.51942166686058 0.51942166686058 0.704517334699631 0.694317370653152 0.890893399715424 0.956351608037949 0.989095091819763 1 1 1 1 1 1 1 1 1 1 1 1 1
0.796374619007111 0.772450000047684 0.597122713923454 0.78180119395256 -9999 0.772234201431274 0.733736157417297 0.704517334699631 0.704517334699631 0.704215213656425 0.713854119181633 0.733290180563927 0.61624226719141 0.596791826188564 0.547575891017914 0.216227874159813 0.0967918261885643 0 0 0 0 0 0 0 0 0.106632135808468 0.106632135808468 0.106632135808468 0.106632135808468 0.106632135808468 0.00968206021934748 0 0 0 0.0109336785972118 0 0 0 0.0217666514217854 0.0303697306662798 0.107811823487282 0.195007905364037 0.1673284471035 0.177139982581139 0.381671696901321 0.5 0.5 0.5 0.5 0.519378507509828 0.596791826188564 0.655459642410278 0.890893399715424 0.956409156322479 0.967414766550064 1 1 1 1 1 1 1 1 1 1 1 1 1
0.875672578811646 0.791598320007324 -9999 -9999 -9999 0.881038695573807 0.890893399715424 0.890893399715424 0.890893399715424 0.881038695573807 0.841317802667618 0.791598320007324 0.635764643549919 0.538569990545511 0.547547116875648 0.328729677945375 0.11855848133564 0 0 0 0 0 0 0 0 0.106632135808468 0.116400517523289 0.116400517523289 0.106632135808468 0.106632135808468 0.0679326727986336 0 0 0 0 0 0 0 0 0 0 0 0.043821033090353 0.117522656917572 0.166091203689575 0.254912972450256 0.451071798801422 0.49017408490181 0.5 0.5 0.509840310551226 0.577614732086658 0.851747959852219 0.978290885686874 0.989095091819763 1 1 1 1 1 1 1 1 1 1 1 1 1
1 -9999 -9999 -9999 -9999 -9999 1 1 1 0.989095091819763 0.881038695573807 0.7921162545681 0.664925903081894 0.558121133595705 0.480333771556616 0.414443954825401 0.145504251122475 0.0772694572806358 0 0 0 0 0 0 0 0.106632135808468 0.106632135808468 0.106632135808468 0.106632135808468 0.106632135808468 0.0290317945182323 0 0 0 0 0 0 0 0 0 0 0 0 0 0 0.138267874717712 0.264177829027176 0.412415474653244 0.43175083398819 0.5 0.5 0.538958422839642 0.832470148801804 0.935635149478912 1 1 1 1 1 1 1 1 1 1 1 1 1 1
1 1 0.93467128276825 0.893065750598907 -9999 1 1 1 1 1 0.967299669981003 0.80188462138176 0.733218237757683 0.577442094683647 0.5 0.533908799290657 0.216227874159813 0.0967918261885643 0 0 0 0 0 0 0 0.106632135808468 0.106632135808468 0.106632135808468 0.0775859579443932 0.0290317945182323 0.106632135808468 0 0 0 0 0.0436915569007397 0 0 0 0 0 0 0.00984031055122614 0.0291612725704908 0.0509854704141617 0.114357642829418 0.138267874717712 0.225535899400711 0.372075974941254 0.5 0.5 0.57745648175478 0.75383397936821 0.890893399715424 1 1 1 1 1 1 1 1 1 1 1 1 1 1
1 1 1 1 1 1 1 1 1 1 0.989095091819763 0.871442943811417 0.772234201431274 0.60653143376112 0.5 0.534743189811707 0.333966337144375 0.126111343502998 0 0 0 0 0 0 0 0.135894119739532 0.106632135808468 0.058121133595705 0.058121133595705 0.0483959130942822 0 0 0 0 0.0435764640569687 0 0 0 0 0 0.0194216668605804 0.0291612725704908 0.0389728099107742 0.0389728099107742 0.0716731399297714 0.104502946138382 0.148079410195351 0.115292765200138 0.265242397785187 0.49017408490181 0.5 0.586980290710926 0.714400812983513 0.841979563236237 1 0.978147029876709 0.98908069729805 1 1 1 1 1 1 1 1 1 1 1
1 1 1 1 1 1 1 1 1 1 1 0.871442943811417 0.801640063524246 0.645331606268883 0.596791826188564 0.586404830217361 0.422730535268784 0.194475620985031 0.0483383685350418 0 0 0 0 0 0 0.106632135808468 0.106632135808468 0.106632135808468 0.106632135808468 0.106632135808468 0 0 0 0.0764206573367119 0 0 0 0 0 0 0 0 0.0436627827584743 0.0509854704141617 0.0716731399297714 0.470824331045151 0.450913548469543 0.480261832475662 0.490116536617279 0.461171060800552 0.5 0.51942166686058 0.674507260322571 0.832239955663681 0.890893399715424 1 0.989095091819763 1 1 1 1 1 1 1 1 1 1 1
1 1 1 1 1 1 1 1 1 1 0.967299669981003 0.772450000047684 0.752438485622406 0.587440654635429 0.577327005565166 0.48538339138031 0.285023737698793 0.194475620985031 0.0967918261885643 0 0 0 0 0 0 0.116271041333675 0.106632135808468 0.116271041333675 0.106632135808468 0.08716731518507 0 0 0 0 0.0655445232987404 0 0 0 0.0109624518081546 0.0109624518081546 0.0654725953936577 0.0328585803508759 0.128427565097809 0.138267874717712 0.138267874717712 0.137059420347214 0.207452163100243 0.304675579071045 0.5 0.470435917377472 0.5 0.51942166686058 0.59687814861536 0.831391155719757 0.871169626712799 0.945374757051468 1 1 1 1 1 1 1 1 1 1 1 1
1 1 1 1 1 1 1 1 1 1 0.934700042009354 0.782002598047256 0.635764643549919 0.596791826188564 0.518990062177181 0.378449149429798 0.254797864705324 0.205279812216759 0.0967918261885643 0 0 0 0 0 0.00968206021934748 0.106632135808468 0.0970076248049736 0.058121133595705 0.135894119739532 0 0 0 0 0 0.0545245297253132 0 0 0.0218385849148035 0.0631276071071625 0.19303697347641 0.1673284471035 0.196360230445862 0.224183574318886 0.332743495702744 0.332743495702744 0.303798019886017 0.422111928462982 0.441432893276215 0.470435917377472 0.5 0.519378507509828 0.529218817129731 0.607121273875237 0.871169626712799 0.881024301052094 0.945417910814285 1 1 1 1 1 1 1 1 1 1 1 1
