data-raw/DATASET_PNE/a_DATA/PFGS/ENVSUIT_A1B/HS_f0_C3_cushion.asc
NCOLS 619 
NROWS 782 
XLLCORNER 876826 
YLLCORNER 1947424 
CELLSIZE 100 
NODATA_value -9999 
[rows 160 to 191 of 782, columns 511 to 583 of 619]
1 1 1 1 1 1 1 1 1 1 1 1 1 1 1 1 1 0.952189271338207 -9999 1 1 1 1 1 1 1 1 1 1 1 -9999 -9999 -9999 -9999 -9999 -9999 -9999 -9999 -9999 -9999 -9999 -9999 -9999 -9999 -9999 -9999 -9999 -9999 -9999 -9999 -9999 -9999 -9999 -9999 -9999 -9999 -9999 -9999 -9999 -9999 -9999 -9999 -9999 -9999 -9999 -9999 -9999 -9999 -9999 -9999 -9999 -9999 -9999
1 1 1 1 1 1 1 1 1 1 1 1 1 1 1 1 1 1 1 1 1 1 1 1 1 1 1 1 0.976217859196583 1 1 -9999 -9999 -9999 1 -9999 -9999 -9999 -9999 -9999 -9999 -9999 -9999 -9999 -9999 -9999 -9999 -9999 -9999 -9999 -9999 -9999 -9999 -9999 -9999 -9999 -9999 -9999 -9999 -9999 -9999 -9999 -9999 -9999 -9999 -9999 -9999 -9999 -9999 -9999 -9999 -9999 -9999
1 1 1 1 1 1 1 1 1 1 1 1 1 1 1 1 1 1 1 1 1 1 1 1 1 1 1 1 1 0.952024973301569 1 1 0.975807114104987 0.952024973301569 1 -9999 -9999 -9999 -9999 -9999 -9999 -9999 -9999 -9999 -9999 -9999 -9999 -9999 -9999 -9999 -9999 -9999 -9999 -9999 -9999 -9999 -9999 -9999 -9999 -9999 -9999 -9999 -9999 -9999 -9999 -9999 -9999 -9999 -9999 -9999 -9999 -9999 -9999
1 1 1 1 1 1 1 1 1 1 1 1 1 1 1 1 1 0.976012486650785 1 1 1 1 1 1 1 1 1 1 1 0.952024973301569 1 1 1 1 1 -9999 -9999 -9999 -9999 -9999 -9999 -9999 -9999 -9999 -9999 -9999 -9999 -9999 -9999 -9999 -9999 -9999 -9999 -9999 -9999 -9999 -9999 -9999 -9999 -9999 -9999 -9999 -9999 -9999 -9999 -9999 -9999 -9999 -9999 -9999 -9999 -9999 -9999
1 1 1 1 1 1 1 1 1 1 1 1 1 1 1 1 1 0.976012486650785 1 1 1 1 1 1 1 1 1 1 1 0.927873161915715 1 1 1 1 0.928201757988992 -9999 -9999 -9999 -9999 -9999 -9999 -9999 -9999 -9999 -9999 -9999 -9999 -9999 -9999 -9999 -9999 -9999 -9999 -9999 -9999 -9999 -9999 -9999 -9999 -9999 -9999 -9999 -9999 -9999 -9999 -9999 -9999 -9999 -9999 -9999 -9999 -9999 -9999
1 1 1 1 1 1 1 1 1 1 1 1 1 1 1 1 1 1 1 1 1 1 1 1 1 1 1 1 1 1 0.976217859196583 1 1 1 1 -9999 -9999 -9999 -9999 -9999 -9999 -9999 -9999 -9999 -9999 -9999 -9999 -9999 -9999 -9999 -9999 -9999 -9999 -9999 -9999 -9999 -9999 -9999 -9999 -9999 -9999 -9999 -9999 -9999 -9999 -9999 -9999 -9999 -9999 -9999 -9999 -9999 -9999
1 1 1 1 1 1 1 1 1 1 1 1 1 1 1 1 1 1 1 1 1 1 1 1 1 1 1 1 1 1 1 0.976217859196583 1 1 1 -9999 -9999 -9999 -9999 -9999 -9999 -9999 -9999 -9999 -9999 -9999 -9999 -9999 -9999 -9999 -9999 -9999 -9999 -9999 -9999 -9999 -9999 -9999 -9999 -9999 -9999 -9999 -9999 -9999 -9999 -9999 -9999 -9999 -9999 -9999 -9999 -9999 -9999
1 1 1 1 1 1 1 1 1 1 1 1 1 1 1 1 1 1 1 1 1 1 1 1 1 1 1 1 1 1 1 0.952024973301569 0.976217859196583 1 1 -9999 -9999 -9999 -9999 -9999 -9999 -9999 -9999 -9999 -9999 -9999 -9999 -9999 -9999 -9999 -9999 -9999 -9999 -9999 -9999 -9999 -9999 -9999 -9999 -9999 -9999 -9999 -9999 -9999 -9999 -9999 -9999 -9999 -9999 -9999 -9999 -9999 -9999
1 1 1 1 1 1 1 1 1 1 1 1 1 1 1 1 1 1 1 1 1 1 1 1 1 1 1 1 1 1 1 0.976217859196583 0.976217859196583 0.951983898792409 0.976176784687423 -9999 -9999 -9999 -9999 -9999 -9999 -9999 -9999 -9999 -9999 -9999 -9999 -9999 -9999 -9999 -9999 -9999 -9999 -9999 -9999 -9999 -9999 -9999 -9999 -9999 -9999 -9999 -9999 -9999 -9999 -9999 -9999 -9999 -9999 -9999 -9999 -9999 -9999
1 1 1 1 1 1 1 1 1 1 1 1 1 1 1 1 1 1 1 1 1 1 1 1 1 1 1 1 1 1 1 1 0.976217859196583 0.951983898792409 0.975807114104987 1 -9999 -9999 -9999 -9999 -9999 -9999 -9999 -9999 -9999 -9999 -9999 -9999 -9999 -9999 -9999 -9999 -9999 -9999 -9999 -9999 -9999 -9999 -9999 -9999 -9999 -9999 -9999 -9999 -9999 -9999 -9999 -9999 -9999 -9999 -9999 -9999 -9999
1 1 1 1 1 1 1 1 1 1 1 1 1 1 1 1 1 1 1 1 1 1 1 1 1 1 1 1 1 1 1 1 0.952024973301569 0.928201757988992 0.975807114104987 1 0.976012486650785 -9999 -9999 -9999 -9999 -9999 -9999 -9999 -9999 -9999 -9999 -9999 -9999 -9999 -9999 -9999 -9999 -9999 -9999 -9999 -9999 -9999 -9999 -9999 -9999 -9999 -9999 -9999 -9999 -9999 -9999 -9999 -9999 -9999 -9999 -9999 -9999
1 1 1 1 1 1 1 1 1 1 1 1 1 1 1 1 1 1 1 1 1 1 1 1 1 1 1 1 1 1 1 1 0.952024973301569 0.976217859196583 0.976176784687423 0.951983898792409 1 -9999 -9999 -9999 -9999 -9999 -9999 -9999 -9999 -9999 -9999 -9999 -9999 -9999 -9999 -9999 -9999 -9999 -9999 -9999 -9999 -9999 -9999 -9999 -9999 -9999 -9999 -9999 -9999 -9999 -9999 -9999 -9999 -9999 -9999 -9999 -9999
1 1 1 1 1 1 1 1 1 1 1 1 1 1 1 1 1 1 1 1 1 1 1 1 1 1 1 1 1 1 1 1 0.975807114104987 0.952024973301569 1 1 0.976176784687423 1 1 1 -9999 -9999 -9999 -9999 -9999 -9999 -9999 -9999 -9999 -9999 -9999 -9999 -9999 -9999 -9999 -9999 -9999 -9999 -9999 -9999 -9999 -9999 -9999 -9999 -9999 -9999 -9999 -9999 -9999 -9999 -9999 -9999 -9999
1 1 1 1 1 1 1 1 1 1 1 1 1 1 1 1 1 1 1 1 1 1 1 1 1 1 1 1 1 1 1 1 1 0.952024973301569 0.952024973301569 1 0.976176784687423 0.976176784687423 0.976176784687423 0.952394643884006 -9999 -9999 -9999 -9999 -9999 -9999 -9999 -9999 -9999 -9999 -9999 -9999 -9999 -9999 -9999 -9999 -9999 -9999 -9999 -9999 -9999 -9999 -9999 -9999 -9999 -9999 -9999 -9999 -9999 -9999 -9999 -9999 -9999
1 1 1 1 1 1 1 1 1 1 1 1 1 1 1 1 1 1 1 1 1 1 1 1 1 1 1 1 1 1 1 1 1 1 0.976217859196583 1 0.976176784687423 0.976012486650785 0.976176784687423 0.928201757988992 0.928201757988992 -9999 -9999 -9999 -9999 -9999 -9999 -9999 -9999 -9999 -9999 -9999 -9999 -9999 -9999 -9999 -9999 -9999 -9999 -9999 -9999 -9999 -9999 -9999 -9999 -9999 -9999 -9999 -9999 -9999 -9999 -9999 -9999
1 1 1 1 1 1 1 1 1 1 1 1 1 1 1 1 1 1 1 1 1 1 1 1 1 1 1 1 1 1 1 1 1 1 1 1 1 1 1 1 0.952024973301569 1 -9999 -9999 -9999 -9999 -9999 -9999 -9999 -9999 -9999 -9999 -9999 -9999 0.830937320299022 -9999 -9999 -9999 -9999 -9999 -9999 -9999 -9999 -9999 -9999 -9999 -9999 -9999 -9999 -9999 -9999 -9999 -9999
1 1 1 1 1 1 1 1 1 1 1 1 1 1 1 1 1 1 1 1 1 1 1 -9999 1 1 1 1 1 1 1 1 1 1 1 1 1 0.976217859196583 1 1 1 1 1 -9999 -9999 -9999 -9999 -9999 -9999 -9999 -9999 -9999 -9999 0.807155179495605 0.78316766614639 -9999 -9999 -9999 -9999 -9999 -9999 -9999 -9999 -9999 -9999 -9999 -9999 -9999 -9999 -9999 -9999 -9999 -9999
1 1 1 1 1 1 1 1 1 1 1 1 1 1 1 1 1 1 1 1 1 1 1 1 1 1 1 1 1 1 1 1 1 1 1 1 1 0.976217859196583 1 1 1 1 1 -9999 -9999 -9999 -9999 -9999 -9999 -9999 -9999 -9999 1 1 1 1 -9999 -9999 -9999 -9999 -9999 -9999 -9999 -9999 -9999 -9999 -9999 -9999 -9999 -9999 -9999 -9999 -9999
1 1 1 1 1 1 1 1 1 1 1 1 1 1 1 1 1 1 1 1 1 1 1 1 1 1 1 1 1 1 1 1 1 1 1 1 1 1 1 1 1 0.976217859196583 1 0.976217859196583 -9999 -9999 -9999 -9999 -9999 -9999 1 0.87924094307073 1 1 1 1 1 -9999 -9999 -9999 -9999 -9999 -9999 -9999 -9999 -9999 -9999 -9999 -9999 -9999 -9999 -9999 -9999
1 0.952024973301569 1 1 1 1 1 0.952024973301569 1 1 1 1 1 0.976176784687423 1 1 1 1 1 1 1 1 1 1 1 1 1 1 1 1 1 1 1 1 1 1 1 1 1 1 1 0.952024973301569 1 1 -9999 -9999 -9999 -9999 1 0.975848188614146 1 0.87924094307073 0.927749938388236 1 1 1 1 1 -9999 0.951573153700813 0.951573153700813 0.951573153700813 1 1 1 1 -9999 -9999 -9999 -9999 -9999 -9999 -9999
1 1 1 0.979750266984309 0.976176784687423 1 1 1 0.960650620225088 0.903023083874148 0.960650620225088 1 0.927462416824119 1 1 1 1 1 1 1 1 1 1 1 1 1 1 0.975807114104987 1 1 1 1 1 1 1 1 1 1 1 1 1 1 0.976217859196583 1 1 1 1 1 1 0.951983898792409 0.903269530929105 1 1 1 1 0.975766039595827 1 1 1 0.97543744352255 0.97543744352255 0.903269530929105 0.975766039595827 0.878912346997453 1 1 1 -9999 -9999 -9999 -9999 -9999 -9999
1 1 0.922410252197486 0.922410252197486 0.917234864043375 0.960650620225088 0.980900353240779 0.936827404912511 0.859319806128317 0.696089706728005 0.836687751581369 1 1 1 1 1 1 1 1 1 1 1 1 1 1 1 0.941509898956707 1 1 1 1 1 1 1 1 1 1 1 1 1 1 1 1 1 1 -9999 -9999 -9999 1 1 0.927503491333279 1 1 1 1 0.951203483118377 1 1 1 0.97543744352255 0.903269530929105 0.927051671732523 0.975766039595827 0.927010597223363 1 0.928571428571428 1 -9999 -9999 -9999 -9999 -9999 -9999
0.980900353240779 1 0.879199868561571 0.724718639612257 0.720693337714614 0.715600098578822 0.715600098578822 0.715600098578822 0.868479421670911 0.874394150989896 0.715600098578822 0.868849092253347 0.980900353240779 1 1 1 1 1 1 1 1 1 1 0.975807114104987 1 0.979750266984309 0.825515485089953 0.979750266984309 1 1 1 1 1 1 1 1 1 1 1 1 1 1 1 1 1 1 1 1 1 1 0.903269530929105 1 0.97543744352255 0.951285632136696 1 1 1 1 1 1 1 1 0.97543744352255 0.97543744352255 1 1 0.928571428571428 -9999 -9999 -9999 -9999 -9999 -9999
0.940934855828473 1 0.903392754456584 0.653906185821079 0.634765464552699 0.729770804238889 0.768421917358088 0.903392754456584 0.960650620225088 0.960650620225088 0.710671157479668 0.754004764643062 0.874024480407459 0.936827404912511 1 0.975848188614146 1 1 0.975807114104987 0.951983898792409 1 1 1 1 0.951983898792409 1 0.941509898956707 0.979750266984309 1 1 1 1 1 1 1 1 1 1 1 1 1 1 1 1 1 1 1 1 1 1 1 1 1 1 1 1 1 1 1 1 1 1 1 1 0.927708863879077 1 -9999 -9999 -9999 -9999 -9999 -9999 -9999
0.490059968783373 0.922163805142529 0.980900353240779 0.459829130041896 0.422287028670007 0.459829130041896 0.612790602152304 0.748007886305759 0.844327610285057 0.708083463402612 0.903392754456584 0.830814096771544 0.980900353240779 0.898587036884909 0.960650620225088 0.955927051671733 0.979750266984309 0.952024973301569 1 1 0.976176784687423 0.976176784687423 0.976176784687423 1 1 0.951983898792409 0.898299515320792 0.873736958843342 1 1 1 1 1 1 1 1 1 1 1 1 1 1 1 1 1 1 1 1 1 1 0.97543744352255 1 1 1 1 1 1 0.952353569374846 0.9765053807607 1 1 0.95194282428325 0.952723239957282 0.855623100303951 -9999 -9999 -9999 -9999 -9999 -9999 -9999 -9999 -9999
0.58654399079931 0.717777047564282 0.980284235603385 0.373778033352501 0.30230838741477 0.230345847367124 0.373778033352501 0.577589747802514 0.490470713874969 0.610490429639366 0.844327610285057 0.835619814343219 0.980900353240779 0.754004764643062 0.782264026944878 0.936827404912511 0.922410252197486 0.922410252197486 0.927462416824119 0.952024973301569 0.979750266984309 0.936334510802596 0.952024973301569 0.927462416824119 0.927462416824119 0.952024973301569 0.927832087406555 0.874147703934938 1 1 1 1 1 0.975766039595827 1 1 1 1 1 1 1 1 1 1 1 1 1 1 1 1 1 1 1 1 1 0.856321366959665 0.759673046907089 0.759673046907089 0.759673046907089 0.759673046907089 0.783660560256305 0.831758810482215 0.807606999096361 -9999 -9999 -9999 -9999 -9999 -9999 -9999 -9999 -9999 -9999
0.422287028670007 0.538158219009283 0.902160519181796 0.86326295900764 0.205742216380514 0.181960075577097 0.181960075577097 0.253881541115584 0.351063829787234 0.494947835373367 0.689271338207508 0.768421917358088 0.980900353240779 0.980900353240779 0.536186642569621 0.720323667132178 0.830403351679947 0.898587036884909 0.960650620225088 0.912675593526657 0.936827404912511 0.976176784687423 0.952024973301569 0.976176784687423 0.979750266984309 0.927462416824119 0.927462416824119 0.859648402201594 0.951983898792409 1 1 1 1 1 0.975807114104987 1 0.975807114104987 0.975807114104987 1 1 1 1 1 1 1 1 1 1 0.975807114104987 1 1 1 1 1 1 0.759673046907089 0.759673046907089 0.759673046907089 0.759673046907089 0.759673046907089 0.759673046907089 0.759673046907089 0.759673046907089 -9999 -9999 -9999 -9999 -9999 -9999 -9999 -9999 -9999 -9999
0.271132834962622 0.381787562638626 0.586338618253512 0.804033516799474 0.615501519756839 0.350283414113201 0.277540458391522 0.361209233549659 0.206111886962951 0.417933130699088 0.605643637558531 0.824611845888442 0.960650620225088 1 0.941058079355952 0.743078945206605 0.744146882444755 0.777294011336565 0.754045839152222 0.826254826254826 0.869506284399901 0.917234864043375 0.888770229195761 0.980900353240779 0.952024973301569 0.952024973301569 0.952024973301569 0.955598455598456 0.897970919247515 0.931775240285879 0.976176784687423 1 1 0.952024973301569 1 1 1 0.928201757988992 1 1 1 1 1 1 1 1 0.927749938388236 0.951983898792409 1 1 1 1 1 1 1 0.783660560256305 0.759673046907089 0.759673046907089 0.759673046907089 0.759673046907089 0.759673046907089 0.759673046907089 0.759673046907089 -9999 -9999 -9999 -9999 -9999 -9999 -9999 -9999 -9999 -9999
0.191941181302883 0.240326953092911 0.205454694816397 0.537911771954325 0.586338618253512 0.49675511377639 0.374517374517375 0.282674772036474 0.260330239053643 0.404008872093979 0.610490429639366 0.58654399079931 0.670171691448287 0.921219091431857 0.980900353240779 0.980900353240779 0.92204058161505 0.772734740819847 0.715600098578822 0.960650620225088 0.941058079355952 0.667460773843753 0.729852953257209 0.893083052657521 0.980900353240779 1 0.927462416824119 0.955927051671733 0.952024973301569 0.975848188614146 0.980900353240779 1 1 1 1 0.976176784687423 1 1 1 1 1 0.975766039595827 1 1 1 1 0.95194282428325 1 1 1 1 1 1 1 1 0.831799884991374 0.759673046907089 0.759673046907089 0.759673046907089 0.759673046907089 0.759673046907089 0.759673046907089 -9999 -9999 -9999 -9999 -9999 -9999 -9999 -9999 -9999 -9999 -9999
0.119978641255237 0.191941181302883 0.216092992688737 0.240326953092911 0.205454694816397 0.253388647005668 0.205454694816397 0.240326953092911 0.258769407705578 0.278115501519757 0.422287028670007 0.591514006407623 0.610490429639366 0.610490429639366 0.648977244721926 0.882116158711903 0.941468824447548 0.980900353240779 0.941058079355952 0.758851556723897 0.903392754456584 0.980900353240779 1 0.936457734330075 0.960650620225088 0.932925326542348 0.936827404912511 0.976176784687423 0.936827404912511 0.932925326542348 0.888113037049207 0.849872669021605 1 1 0.952024973301569 0.952024973301569 0.931775240285879 0.952024973301569 0.976176784687423 1 1 0.951983898792409 0.975807114104987 0.951983898792409 1 1 1 0.976176784687423 1 1 0.927749938388236 0.97543744352255 1 1 1 1 0.783865932802103 0.759673046907089 0.759673046907089 0.759673046907089 0.759673046907089 0.783824858292943 -9999 -9999 -9999 -9999 -9999 -9999 -9999 -9999 -9999 -9999 -9999
0.072332210630083 0.191941181302883 0.191941181302883 0.240326953092911 0.240326953092911 0.240326953092911 0.240326953092911 0.240326953092911 0.240326953092911 0.240326953092911 0.422287028670007 0.422287028670007 0.39846381335743 0.591514006407623 0.610490429639366 0.610490429639366 0.58654399079931 0.823215312577015 0.980900353240779 0.748007886305759 0.586338618253512 0.960650620225088 0.960650620225088 0.960650620225088 0.691407212683808 0.936827404912511 0.912675593526657 0.874024480407459 0.868479421670911 0.768093321284811 0.661628193543087 0.806990881458966 0.980900353240779 0.952024973301569 0.952024973301569 0.893534872258277 0.897970919247515 0.897970919247515 0.976176784687423 0.952024973301569 0.903598127002382 0.975766039595827 0.879815986198965 0.95194282428325 0.927749938388236 0.903598127002382 0.95194282428325 0.927749938388236 0.951983898792409 0.879980284235603 0.927749938388236 0.951983898792409 1 1 1 1 0.904008872093979 0.759673046907089 0.759673046907089 0.759673046907089 0.759673046907089 -9999 -9999 -9999 -9999 -9999 -9999 -9999 -9999 -9999 -9999 -9999 -9999
0.0239875133492155 0.0239875133492155 0.216092992688737 0.216092992688737 0.240326953092911 0.240326953092911 0.240326953092911 0.240326953092911 0.240326953092911 0.240326953092911 0.240326953092911 0.374312001971576 0.422287028670007 0.477942988581286 0.591514006407623 0.591514006407623 0.591514006407623 0.610490429639366 0.605643637558531 0.783783783783784 0.842766778936992 0.921917358087571 0.844409759303376 0.960650620225088 0.625318327445987 0.633410005750431 0.79594183849503 0.691448287192968 0.637476382157233 0.551096689394562 0.551096689394562 0.796147211040828 0.844286535775898 0.980900353240779 0.936827404912511 0.879199868561571 0.903023083874148 0.922122730633369 0.931775240285879 0.952024973301569 0.976176784687423 0.952024973301569 0.976176784687423 1 0.976176784687423 0.952024973301569 0.927832087406555 1 0.95194282428325 0.927749938388236 0.856033845395548 0.903598127002382 0.903269530929105 0.927092746241682 1 1 1 1 0.759673046907089 0.759673046907089 0.759673046907089 -9999 -9999 -9999 -9999 -9999 -9999 -9999 -9999 -9999 -9999 -9999 -9999
