data-raw/DATASET_PNE/a_DATA/PFGS/ENVSUIT_A1B/HS_f75_H1_alpines.asc
NCOLS 619 
NROWS 782 
XLLCORNER 876826 
YLLCORNER 1947424 
CELLSIZE 100 
NODATA_value -9999 
[rows 180 to 209 of 782, columns 268 to 334 of 619]
1 1 1 1 1 1 1 1 1 1 1 1 1 -9999 -9999 -9999 -9999 -9999 -9999 -9999 -9999 -9999 -9999 -9999 -9999 -9999 -9999 -9999 -9999 -9999 -9999 -9999 -9999 -9999 -9999 -9999 -9999 -9999 -9999 -9999 -9999 -9999 -9999 -9999 -9999 -9999 -9999 -9999 -9999 -9999 -9999 -9999 -9999 -9999 -9999 -9999 -9999 -9999 -9999 -9999 -9999 -9999 -9999 -9999 -9999 -9999 1
1 1 1 1 1 1 1 1 1 1 1 1 -9999 -9999 -9999 -9999 -9999 -9999 -9999 -9999 -9999 -9999 -9999 -9999 -9999 -9999 -9999 -9999 -9999 -9999 -9999 -9999 -9999 -9999 -9999 -9999 -9999 -9999 -9999 -9999 -9999 -9999 -9999 -9999 -9999 -9999 -9999 -9999 -9999 -9999 -9999 -9999 -9999 -9999 -9999 -9999 -9999 -9999 -9999 -9999 -9999 1 1 1 1 1 1
1 1 1 1 1 1 1 1 1 1 1 1 -9999 -9999 -9999 -9999 -9999 -9999 -9999 -9999 -9999 -9999 -9999 -9999 -9999 -9999 -9999 -9999 -9999 -9999 -9999 1 -9999 -9999 -9999 -9999 -9999 -9999 -9999 -9999 -9999 -9999 -9999 -9999 -9999 -9999 -9999 -9999 -9999 -9999 -9999 -9999 -9999 -9999 -9999 -9999 1 1 1 1 1 1 1 1 1 -9999 -9999
1 1 1 1 1 1 1 1 1 1 1 1 1 -9999 -9999 -9999 -9999 -9999 -9999 -9999 -9999 -9999 -9999 -9999 -9999 -9999 -9999 -9999 -9999 -9999 1 1 -9999 -9999 -9999 -9999 -9999 -9999 -9999 1 1 1 1 -9999 -9999 -9999 -9999 -9999 -9999 -9999 -9999 -9999 -9999 -9999 -9999 1 1 -9999 1 1 1 1 1 -9999 -9999 -9999 -9999
1 1 1 1 1 1 1 1 1 1 1 1 1 1 -9999 -9999 -9999 -9999 -9999 -9999 -9999 -9999 -9999 -9999 -9999 -9999 -9999 -9999 -9999 1 -9999 -9999 -9999 -9999 -9999 -9999 -9999 -9999 1 1 1 1 1 1 1 -9999 -9999 1 1 1 1 1 -9999 -9999 1 -9999 -9999 -9999 1 1 1 -9999 -9999 -9999 -9999 1 1
1 1 1 1 1 1 1 1 1 1 1 1 1 1 -9999 -9999 -9999 -9999 -9999 -9999 -9999 -9999 -9999 -9999 -9999 -9999 -9999 -9999 -9999 -9999 -9999 -9999 -9999 -9999 -9999 1 1 1 1 1 1 1 1 1 1 1 1 1 1 1 1 1 1 1 1 1 -9999 -9999 1 1 1 1 -9999 -9999 -9999 1 1
1 1 1 1 1 1 1 1 1 1 1 1 -9999 -9999 -9999 -9999 -9999 -9999 -9999 -9999 -9999 -9999 -9999 -9999 -9999 -9999 -9999 -9999 -9999 -9999 1 1 -9999 -9999 1 1 1 1 1 1 1 -9999 1 1 1 1 1 1 1 1 1 1 1 1 1 1 1 -9999 1 1 1 -9999 1 1 -9999 -9999 -9999
1 1 1 1 1 1 1 1 1 1 1 1 1 -9999 -9999 -9999 -9999 -9999 -9999 -9999 -9999 -9999 -9999 -9999 -9999 -9999 1 1 1 1 1 1 1 1 1 1 1 1 -9999 1 1 -9999 1 1 1 1 1 1 1 1 1 1 1 1 1 1 1 -9999 -9999 1 1 -9999 -9999 1 -9999 -9999 -9999
1 1 1 1 1 1 1 1 1 1 1 1 1 1 1 -9999 -9999 -9999 -9999 -9999 -9999 -9999 -9999 -9999 -9999 1 1 1 1 1 1 1 1 1 1 1 1 1 1 1 1 -9999 1 1 1 1 1 1 1 1 1 1 1 1 1 1 -9999 -9999 -9999 1 1 1 1 1 -9999 -9999 -9999
1 1 1 1 1 1 1 1 1 1 1 1 1 1 1 1 1 1 1 1 1 1 1 1 1 1 1 1 1 1 1 1 1 1 1 1 1 1 1 1 1 1 -9999 -9999 1 1 1 1 1 1 1 1 1 1 1 -9999 -9999 1 -9999 1 1 1 1 -9999 -9999 -9999 -9999
1 0.989138245582581 1 1 1 1 1 1 1 1 1 1 1 1 1 1 1 1 1 1 1 1 1 1 1 1 1 1 1 1 1 1 1 1 1 1 1 1 1 1 1 1 1 1 1 1 1 1 1 1 1 1 1 1 1 -9999 -9999 1 1 1 1 1 -9999 -9999 -9999 -9999 -9999
1 1 1 1 1 1 1 1 1 1 1 1 1 1 1 1 1 1 1 1 1 0.989138245582581 1 1 1 1 1 1 1 1 1 1 1 1 1 1 1 1 1 1 1 1 1 1 1 1 1 1 1 1 1 1 1 1 1 1 1 1 1 1 1 1 -9999 -9999 -9999 -9999 -9999
1 1 1 1 1 1 0.989138245582581 1 1 1 1 1 1 1 1 1 1 1 1 1 1 1 1 1 1 1 1 1 1 1 1 1 1 1 1 1 1 1 1 1 1 1 1 1 1 1 1 1 1 1 1 1 1 1 1 1 1 1 1 1 1 1 1 1 -9999 -9999 -9999
1 1 1 1 1 0.98908069729805 1 1 1 1 1 1 1 1 1 1 1 1 1 1 1 1 1 1 1 1 0.956337213516235 0.956337213516235 1 1 1 1 1 1 1 1 1 1 1 1 1 1 1 1 1 1 1 1 1 1 1 1 1 1 1 1 1 1 1 1 1 1 1 1 1 1 -9999
1 1 1 1 1 1 1 0.96734282374382 0.96734282374382 1 1 1 1 1 1 0.93467128276825 0.934426695108414 0.901841461658478 0.901769518852234 0.890893399715424 0.912717580795288 0.923737585544586 0.912717580795288 0.912717580795288 0.901769518852234 0.901841461658478 0.890893399715424 0.901841461658478 0.890893399715424 0.912717580795288 0.912717580795288 0.912717580795288 0.890893399715424 0.989138245582581 0.967299669981003 0.97820457816124 0.923521786928177 0.934441089630127 0.978103876113892 0.956308454275131 1 1 1 1 1 1 1 1 1 1 1 1 1 1 1 1 1 1 1 1 1 1 1 1 1 -9999 -9999
1 1 1 1 1 1 0.97826212644577 0.901841461658478 0.890893399715424 0.890893399715424 0.912775129079819 1 0.956337213516235 0.901841461658478 0.901841461658478 0.901841461658478 0.96734282374382 0.96734282374382 0.890893399715424 0.901841461658478 0.901841461658478 0.890893399715424 0.901841461658478 0.901841461658478 0.901841461658478 0.890893399715424 0.901841461658478 0.879930943250656 0.890893399715424 0.890893399715424 0.901841461658478 0.912645667791367 0.945360392332077 0.96734282374382 0.98912388086319 1 0.901841461658478 0.890893399715424 0.890893399715424 0.945331603288651 0.967299669981003 0.97820457816124 0.923593729734421 1 1 1 1 1 1 1 1 1 1 0.945360392332077 0.945331603288651 0.978175789117813 0.98908069729805 1 0.98912388086319 1 1 1 1 1 -9999 -9999 -9999
1 1 1 1 1 0.912645667791367 0.890893399715424 0.901841461658478 0.890893399715424 0.901841461658478 0.890893399715424 0.890893399715424 0.890893399715424 0.890893399715424 0.890893399715424 0.901841461658478 0.956322818994522 0.901841461658478 0.890893399715424 0.890893399715424 0.890893399715424 0.901841461658478 0.901841461658478 0.890893399715424 0.890893399715424 0.890893399715424 0.89087900519371 0.89087900519371 0.901841461658478 0.901841461658478 0.890893399715424 0.890893399715424 0.901841461658478 0.901841461658478 0.945417910814285 1 0.923593729734421 0.890893399715424 0.901841461658478 0.945331603288651 0.97820457816124 0.98912388086319 0.934484243392944 0.967299669981003 1 1 1 1 1 1 1 0.978218972682953 0.98912388086319 1 1 1 1 0.98908069729805 1 1 1 1 -9999 -9999 -9999 -9999 -9999
0.97826212644577 0.98912388086319 0.901841461658478 0.96734282374382 0.98912388086319 0.890893399715424 0.901841461658478 0.901841461658478 0.890893399715424 0.890893399715424 0.890893399715424 0.89087900519371 0.890893399715424 0.890893399715424 0.890893399715424 0.901841461658478 0.912645667791367 0.901841461658478 0.901841461658478 0.901841461658478 0.901841461658478 0.890893399715424 0.879930943250656 0.890893399715424 0.901841461658478 0.890893399715424 0.836210608482361 0.81550857424736 0.890893399715424 0.90179830789566 0.901841461658478 0.89087900519371 0.901841461658478 0.901841461658478 0.901841461658478 0.945417910814285 0.934541791677475 0.934541791677475 0.89087900519371 0.923579335212708 0.923579335212708 0.97820457816124 0.901841461658478 0.901841461658478 0.890893399715424 1 1 1 1 1 0.98908069729805 0.97820457816124 0.98912388086319 1 1 1 1 1 1 1 1 1 1 -9999 -9999 -9999 -9999
0.98912388086319 0.901841461658478 0.901841461658478 0.890893399715424 0.890893399715424 0.923564940690994 0.890893399715424 0.890893399715424 0.890893399715424 0.901841461658478 0.901841461658478 0.890893399715424 0.901841461658478 0.89087900519371 0.880017280578613 0.890893399715424 0.901697605848312 0.890893399715424 0.858106762170792 0.870090633630753 0.828844785690308 0.810199975967407 0.765846639871597 0.810199975967407 0.826528549194336 0.858049213886261 0.774377793073654 0.715580493211746 0.850798457860947 0.870090633630753 0.890893399715424 0.890893399715424 0.890893399715424 0.923608124256134 0.912645667791367 0.890893399715424 0.923608124256134 0.923608124256134 0.923723191022873 0.901841461658478 0.901841461658478 0.934541791677475 0.912645667791367 0.901841461658478 0.901841461658478 0.901841461658478 0.912717580795288 0.93445548415184 0.912631273269653 0.98908069729805 0.97820457816124 0.97820457816124 1 1 1 1 1 1 1 1 1 1 1 -9999 -9999 -9999 -9999
0.901841461658478 0.890893399715424 0.88105309009552 0.890893399715424 0.890893399715424 0.88105309009552 0.839922338724136 0.657171636819839 0.796187609434128 0.83724644780159 0.890893399715424 0.890893399715424 0.870090633630753 0.817968636751175 0.828844785690308 0.847173064947128 0.890965342521667 0.676694005727768 0.715666830539703 0.695036679506302 0.685325860977173 0.567831963300705 0.479096531867981 0.51831391453743 0.62644225358963 0.586606249213219 0.577701061964035 0.479096531867981 0.567831963300705 0.675629407167435 0.73739030957222 0.725435197353363 0.656049489974976 0.665889799594879 0.735045313835144 0.785311460494995 0.785958856344223 0.804172068834305 0.825348883867264 0.796173214912415 0.799467712640762 0.825348883867264 0.890893399715424 0.89087900519371 0.901841461658478 0.890893399715424 0.890893399715424 0.890893399715424 0.901841461658478 0.967184573411942 0.93445548415184 0.98912388086319 1 1 1 1 1 1 1 1 1 1 1 -9999 -9999 -9999 -9999
0.890893399715424 0.849647521972656 0.688951224088669 0.766709834337234 0.87013378739357 0.817925482988358 0.655459642410278 0.469313770532608 0.597065165638924 0.744108766317368 0.744900017976761 0.774377793073654 0.774377793073654 0.734326004981995 0.734268456697464 0.665789097547531 0.526729971170425 0.468407429754734 0.448683645576239 0.458480797708035 0.429477777332067 0.390893399715424 0.390893399715424 0.390893399715424 0.448827508836985 0.439044743776321 0.439044743776321 0.390893399715424 0.439044743776321 0.449992805719376 0.498633287847042 0.498633287847042 0.469313770532608 0.517954252660275 0.556538626551628 0.518817439675331 0.548194497823715 0.54843907058239 0.589541077613831 0.605610713362694 0.626586109399796 0.665889799594879 0.715666830539703 0.839864760637283 0.859214514493942 0.89087900519371 0.901841461658478 0.879930943250656 0.890893399715424 0.890893399715424 0.98912388086319 1 1 1 1 1 1 1 1 1 1 1 1 1 1 1 1
0.84100130200386 0.667529866099358 0.488677889108658 0.567831963300705 0.606689691543579 0.635865345597267 0.487685225903988 0.390893399715424 0.390893399715424 0.487685225903988 0.508502371609211 0.527995973825455 0.63488706946373 0.458365708589554 0.487685225903988 0.390893399715424 0.390893399715424 0.390893399715424 0.390893399715424 0.361732125282288 0.351906210184097 0.34226730465889 0.34226730465889 0.361732125282288 0.34226730465889 0.371270325034857 0.34226730465889 0.361732125282288 0.361732125282288 0.371471732854843 0.419637467712164 0.419637467712164 0.390893399715424 0.419896420091391 0.390893399715424 0.390893399715424 0.390893399715424 0.390893399715424 0.47787369042635 0.423622488975525 0.448683645576239 0.458365708589554 0.450338080525398 0.606689691543579 0.808157116174698 0.828988641500473 0.890893399715424 0.923608124256134 0.978103876113892 1 0.98912388086319 1 1 1 1 1 1 1 1 1 -9999 -9999 1 1 -9999 1 1
0.717407554388046 0.537534162402153 0.390893399715424 0.439044743776321 0.429477777332067 0.477844916284084 0.419493608176708 0.34226730465889 0.371471732854843 0.390735145658255 0.390893399715424 0.390893399715424 0.458523951470852 0.439030356705189 0.371356640011072 0.351906210184097 0.34226730465889 0.34226730465889 0.292821168899536 0.273543387651443 0.214400812983513 0.263904482126236 0.214156240224838 0.214156240224838 0.223838299512863 0.283225446939468 0.292821168899536 0.312401086091995 0.34226730465889 0.35209321975708 0.361732125282288 0.361732125282288 0.361732125282288 0.361732125282288 0.361732125282288 0.361732125282288 0.371471732854843 0.401855856180191 0.390893399715424 0.390893399715424 0.444065595977008 0.515810683369637 0.636570274829865 0.615566119551659 0.89329594373703 0.861703366041183 0.890893399715424 0.890893399715424 1 1 0.98912388086319 1 1 1 1 -9999 -9999 -9999 -9999 -9999 -9999 -9999 -9999 -9999 -9999 -9999 -9999
0.498633287847042 0.487685225903988 0.390893399715424 0.361645817756653 0.351891819387674 0.400043152272701 0.351560920476913 0.224039703607559 0.263113230466843 0.34226730465889 0.34226730465889 0.34226730465889 0.33245575428009 0.312660038471222 0.283225446939468 0.273543387651443 0.194475620985031 0.194475620985031 0.155143141746521 0.126039415597916 0.0967918261885643 0.0675873979926109 0.0579341091215611 0.0481513440608978 0.0481513440608978 0.0483527556061745 0.0580779761075974 0.164825201034546 0.233491584658623 0.384980589151382 0.383657038211823 0.393396645784378 0.423823922872543 0.434700042009354 0.43468564748764 0.456509858369827 0.423737585544586 0.509566969238222 0.548266436904669 0.617465116083622 0.647820457816124 0.667673721909523 0.684548988938332 0.666709825396538 0.794547557830811 0.859804332256317 0.890404254198074 0.98912388086319 0.98912388086319 1 1 1 -9999 -9999 -9999 -9999 -9999 -9999 -9999 -9999 1 1 -9999 -9999 -9999 -9999 1
0.487685225903988 0.409883469343185 0.371471732854843 0.34226730465889 0.253344833850861 0.194475620985031 0.194475620985031 0.0579341091215611 0.0869802907109261 0.135692700743675 0.194475620985031 0.194475620985031 0.135692700743675 0.126039415597916 0.164997845888138 0.0967918261885643 0.0967918261885643 0.0869802907109261 0.0481513440608978 0 0 0 0 0 0 0.204114511609077 0.292447119951248 0.341965198516846 0.423751980066299 0.423751980066299 0.531419925391674 0.521651573479176 0.662724792957306 0.673298820853233 0.732153654098511 0.69292189180851 0.585915707051754 0.664825201034546 0.645288452506065 0.559430297464132 0.558322545140982 0.558380104601383 0.57734140008688 0.5978132635355 0.697539925575256 0.812631279230118 0.930441677570343 0.890893399715424 0.934469848871231 0.98912388086319 1 1 -9999 -9999 -9999 -9999 -9999 -9999 1 1 1 1 -9999 -9999 -9999 1 1
0.448698036372662 0.351891819387674 0.223867073655128 0.0579341091215611 0.0869802907109261 0.145403534173965 0.0967918261885643 0 0.0675873979926109 0.0967918261885643 0.0967918261885643 0.126039415597916 0.0869802907109261 0.164940297603607 0.184563368558884 0.0772982314229012 0.0481513440608978 0 0 0 0 0.194475620985031 0.233290180563927 0.223478630185127 0.252798169851303 0.252798169851303 0.223982155323029 0.262839883565903 0.352884471416473 0.382491737604141 0.423751980066299 0.401913404464722 0.423823922872543 0.412760764360428 0.5 0.5 0.538656309247017 0.54849661886692 0.54849661886692 0.547446426004171 0.568508140742779 0.579470597207546 0.65711410343647 0.772895991802216 0.804301530122757 0.901050209999084 0.945403546094894 0.901841461658478 0.923550575971603 0.98912388086319 0.97820457816124 -9999 -9999 -9999 -9999 -9999 -9999 -9999 -9999 1 1 1 1 -9999 1 1 1
0.361271765083075 0.214400812983513 0.0772982314229012 0 0.0869802907109261 0.0579341091215611 0.029003020375967 0 0 0.0481513440608978 0.0481513440608978 0 0 0 0 0 0 0 0.194475620985031 0.116213493049145 0.0483527556061745 0.0773126184940338 0 0 0.164825201034546 0.233491584658623 0.342065900564194 0.393396645784378 0.412803918123245 0.390893399715424 0.467314064502716 0.467314064502716 0.401855856180191 0.390893399715424 0.439246155321598 0.4585095718503 0.487483821809292 0.616314202547073 0.567831963300705 0.766004890203476 0.705984756350517 0.719263419508934 0.804301530122757 0.843015402555466 0.895252496004105 0.98912388086319 0.98912388086319 0.901841461658478 0.967184573411942 0.923579335212708 0.93445548415184 -9999 -9999 -9999 -9999 -9999 -9999 -9999 -9999 -9999 -9999 1 1 -9999 -9999 -9999 1
0.194475620985031 0.106617756187916 0.0481513440608978 0 0.00962451472878456 0 0 0 0 0 0 0 0 0.127075240015984 0.0109192924574018 0.059070635586977 0.174794986844063 0 0 0 0 0.0967774391174316 0.213796570897102 0.303064316511154 0.33245575428009 0.390418648719788 0.429247595369816 0.38108185864985 0.390893399715424 0.445374757051468 0.390893399715424 0.487685225903988 0.595137387514114 -9999 0.675197809934616 0.745101422071457 0.754912972450256 0.77672278881073 0.840986907482147 0.819047629833221 0.83989354968071 -9999 -9999 0.901841461658478 0.89087900519371 0.901841461658478 0.956322818994522 0.967184573411942 0.98908069729805 0.967098265886307 1 1 1 1 1 -9999 1 -9999 -9999 -9999 -9999 1 1 1 1 1 1
0.0869802907109261 0.0481513440608978 0.0193497333675623 0 0 0 0 0 0.174794986844063 0.194475620985031 0.0579341091215611 0.0579341091215611 0.106445118784904 0 0 0 0 0 0 0.116371743381023 0.253344833850861 0.322687387466431 0.419436044991016 0.448698036372662 0.438987199217081 0.468191631138325 0.47787369042635 0.448827508836985 0.390893399715424 0.468148469924927 0.637361541390419 0.754912972450256 0.787584513425827 -9999 0.890893399715424 0.890893399715424 0.90179830789566 0.879902184009552 0.90179830789566 0.89087900519371 0.890893399715424 -9999 -9999 -9999 0.89087900519371 0.901841461658478 0.923521786928177 1 1 1 1 1 -9999 -9999 -9999 -9999 1 -9999 -9999 1 1 1 1 1 1 1 1
0 0 0 0 0 0 0 0 0 0 0 0 0.029003020375967 0.155287012457848 0.174766227602959 0.194475620985031 0.194475620985031 0.194475620985031 0.22442814707756 0.322687387466431 0.409883476793766 0.438886500895023 0.477844916284084 0.487685225903988 0.517954252660275 0.558279395103455 0.630384102463722 0.659171357750893 0.69093656539917 0.790879011154175 0.88105309009552 0.817968636751175 0.807106882333755 -9999 0.901841461658478 0.901841461658478 0.901841461658478 0.890893399715424 0.890893399715424 0.890893399715424 0.901841461658478 -9999 -9999 -9999 0.912645667791367 1 1 1 -9999 -9999 -9999 -9999 1 -9999 -9999 -9999 1 -9999 1 1 1 1 1 1 1 -9999 -9999
