data-raw/DATASET_PNE/a_DATA/PFGS/ENVSUIT_A1B/HS_f0_C1_ruderal.asc
NCOLS 619 
NROWS 782 
XLLCORNER 876826 
YLLCORNER 1947424 
CELLSIZE 100 
NODATA_value -9999 
[rows 638 to 666 of 782, columns 512 to 575 of 619]
1 1 1 1 1 1 1 1 1 0.973048879287065 1 0.972886848501215 0.946097758574129 0.972886848501215 0.972886848501215 0.94593572778828 0.94593572778828 0.891223332433162 0.755117472319741 0.727572238725358 0.727572238725358 0.754523359438293 0.709370780448285 1 1 0.727572238725358 0.754685390224143 0.862975965433432 0.754685390224143 0.763327032136106 0.754685390224143 0.809181744531461 0.782068593032676 0.781636510937078 0.782068593032676 0.726924115581961 0.747069943289225 0.782608695652174 0.727572238725358 -9999 -9999 -9999 -9999 -9999 -9999 -9999 -9999 -9999 -9999 -9999 -9999 -9999 -9999 -9999 -9999 -9999 -9999 -9999 -9999 -9999 -9999 -9999 -9999 -9999
1 1 1 1 1 1 0.972886848501215 1 0.945449635430732 1 0.89165541452876 0.973048879287065 0.94593572778828 0.972886848501215 1 0.898514717796381 0.94593572778828 0.918174453146098 0.727572238725358 0.727572238725358 0.754523359438293 0.836132865244396 0.754685390224143 1 1 0.781636510937078 0.754685390224143 0.781636510937078 0.781636510937078 0.754685390224143 0.754685390224143 0.754685390224143 0.782068593032676 0.809181744531461 0.754523359438293 0.860221442073994 0.755117472319741 1 0.727572238725358 -9999 -9999 -9999 -9999 -9999 -9999 -9999 -9999 -9999 -9999 -9999 -9999 -9999 -9999 -9999 -9999 -9999 -9999 -9999 -9999 -9999 -9999 -9999 -9999 -9999
1 1 1 1 1 1 1 0.891493383742911 0.972886848501215 0.972886848501215 1 1 0.94593572778828 1 0.898514717796381 1 0.94593572778828 0.918174453146098 0.727572238725358 0.727572238725358 0.754523359438293 0.727572238725358 1 0.754685390224143 0.727572238725358 0.754685390224143 0.754685390224143 0.809181744531461 0.809181744531461 0.781636510937078 0.836024844720497 0.845476640561707 0.809181744531461 0.782068593032676 0.754523359438293 0.727572238725358 0.727572238725358 1 0.836997029435593 0.290953281123413 0.290953281123413 -9999 -9999 -9999 -9999 -9999 -9999 -9999 -9999 -9999 -9999 -9999 -9999 -9999 -9999 -9999 -9999 -9999 -9999 -9999 -9999 -9999 -9999 -9999
1 1 1 1 1 1 0.891331352957062 0.945449635430732 0.972886848501215 0.972886848501215 0.972886848501215 0.972886848501215 0.94593572778828 0.94593572778828 1 0.94593572778828 0.863786119362679 0.727572238725358 0.727572238725358 0.727572238725358 0.727572238725358 0.727572238725358 1 1 0.781636510937078 0.754685390224143 0.809181744531461 0.754523359438293 0.754523359438293 0.754685390224143 0.836024844720497 0.836024844720497 0.754523359438293 0.754523359438293 0.754523359438293 0.727572238725358 0.917256278692952 1 1 0.308992708614637 0.308992708614637 0.327950310559006 -9999 -9999 -9999 -9999 -9999 -9999 -9999 -9999 -9999 -9999 -9999 -9999 -9999 -9999 -9999 -9999 -9999 -9999 -9999 -9999 -9999 -9999
1 1 0.973048879287065 0.918174453146098 1 1 1 1 0.837429111531191 0.864380232244126 0.727572238725358 0.836943019173643 0.891493383742911 0.918660545503646 0.918498514717796 0.891385363219012 0.782068593032676 0.727572238725358 0.727572238725358 0.754523359438293 0.727572238725358 0.727572238725358 0.727572238725358 1 0.781636510937078 0.781636510937078 0.809181744531461 0.754523359438293 1 0.781636510937078 0.836024844720497 0.836024844720497 0.782068593032676 0.754523359438293 0.754523359438293 0.727572238725358 0.944801512287334 0.917256278692952 1 0.517202268431002 0.450013502565487 0.450013502565487 -9999 -9999 -9999 -9999 -9999 -9999 -9999 -9999 -9999 -9999 -9999 -9999 -9999 -9999 -9999 -9999 -9999 -9999 -9999 -9999 -9999 -9999
1 1 1 0.973048879287065 1 1 1 1 1 1 1 1 0.836294896030246 0.782068593032676 0.782068593032676 0.755117472319741 0.727572238725358 0.727572238725358 0.727572238725358 1 0.727572238725358 0.727572238725358 0.781636510937078 0.781636510937078 1 0.754523359438293 0.754685390224143 1 1 0.809181744531461 0.836024844720497 0.836024844720497 0.754523359438293 0.754523359438293 0.727572238725358 0.727572238725358 0.945179584120983 1 0.979584120982987 0.669889278963003 0.290953281123413 0.450013502565487 -9999 -9999 -9999 -9999 -9999 -9999 -9999 -9999 -9999 -9999 -9999 -9999 -9999 -9999 -9999 -9999 -9999 -9999 -9999 -9999 -9999 -9999
1 1 0.973048879287065 0.973048879287065 1 1 1 1 1 1 1 1 0.727572238725358 0.727572238725358 0.727572238725358 0.727572238725358 0.727572238725358 0.727572238725358 1 1 0.727572238725358 0.754523359438293 0.727572238725358 0.781636510937078 0.755117472319741 1 0.809181744531461 1 1 0.862975965433432 0.782068593032676 0.836024844720497 0.754523359438293 0.754523359438293 0.727572238725358 0.727572238725358 0.782230623818525 0.399513907642452 0.450013502565487 0.632514177693762 0.467890899270861 0.450013502565487 -9999 -9999 -9999 -9999 -9999 -9999 -9999 -9999 -9999 -9999 -9999 -9999 -9999 -9999 -9999 -9999 -9999 -9999 -9999 -9999 -9999 -9999
1 1 0.973048879287065 1 1 1 1 1 1 1 1 1 0.727572238725358 0.727572238725358 0.727572238725358 0.727572238725358 0.727572238725358 1 1 1 0.727572238725358 0.781636510937078 0.727572238725358 0.809181744531461 0.781636510937078 1 0.781636510937078 1 0.754523359438293 0.836024844720497 0.754523359438293 0.836186875506346 0.754523359438293 0.727572238725358 0.727572238725358 0.727572238725358 0.628733459357278 0.290953281123413 0.290953281123413 0.382878746961923 0.594815014852822 0.858169052119903 -9999 -9999 -9999 -9999 -9999 -9999 -9999 -9999 -9999 -9999 -9999 -9999 -9999 -9999 -9999 -9999 -9999 -9999 -9999 -9999 -9999 -9999
1 1 0.972454766405617 1 1 1 1 1 1 1 1 1 0.9177423710505 0.727572238725358 0.782068593032676 1 0.754685390224143 1 1 1 0.754523359438293 0.754523359438293 0.754523359438293 0.809181744531461 0.754523359438293 1 0.727572238725358 0.727572238725358 0.727572238725358 0.754523359438293 0.754523359438293 0.836024844720497 0.862975965433432 0.877180664326222 0.727572238725358 0.727572238725358 0.308992708614637 0.290953281123413 0.290953281123413 0.308992708614637 0.761274642182015 0.554091277342695 -9999 -9999 -9999 -9999 -9999 -9999 -9999 -9999 -9999 -9999 -9999 -9999 -9999 -9999 -9999 -9999 -9999 -9999 -9999 -9999 -9999 -9999
0.891061301647313 0.973048879287065 1 1 1 1 1 1 1 1 1 0.727572238725358 0.754685390224143 0.727572238725358 0.727572238725358 1 1 1 1 1 0.754523359438293 0.754523359438293 0.727572238725358 1 1 1 0.727572238725358 0.727572238725358 0.727572238725358 0.727572238725358 0.727572238725358 1 0.754685390224143 0.917256278692952 0.782608695652174 0.94588171752633 0.308992708614637 0.290953281123413 0.327950310559006 0.761274642182015 0.944801512287334 0.710072913853632 -9999 -9999 -9999 -9999 -9999 -9999 -9999 -9999 -9999 -9999 -9999 -9999 -9999 -9999 -9999 -9999 -9999 -9999 -9999 -9999 -9999 -9999
0.972886848501215 1 1 1 1 1 1 1 1 1 1 0.754685390224143 0.754685390224143 0.727572238725358 1 1 1 1 1 0.836024844720497 0.781636510937078 1 1 1 0.917364299216851 0.836186875506346 0.727572238725358 0.890143127194167 0.754685390224143 0.82581690521199 0.726924115581961 0.764407237375101 0.754685390224143 1 1 0.778449905482042 1 0.921523089386984 0.981906562246827 1 0.917256278692952 1 -9999 -9999 -9999 -9999 -9999 -9999 -9999 -9999 -9999 -9999 -9999 -9999 -9999 -9999 -9999 -9999 -9999 -9999 -9999 -9999 -9999 -9999
1 1 1 1 1 1 1 1 1 1 0.754523359438293 0.754685390224143 0.754685390224143 1 1 0.862975965433432 1 1 0.972454766405617 0.917256278692952 0.781636510937078 0.836024844720497 0.917364299216851 0.836186875506346 0.836186875506346 0.809235754793411 0.91768836078855 0.707102349446395 0.726924115581961 0.798541722927356 0.917256278692952 0.729030515798002 0.792330542803133 0.972724817715366 0.690251147718066 0.754685390224143 0.836186875506346 0.972724817715366 0.917256278692952 0.864110180934378 0.961760734539562 0.755495544153389 -9999 -9999 -9999 -9999 -9999 -9999 -9999 -9999 -9999 -9999 -9999 -9999 -9999 -9999 -9999 -9999 -9999 -9999 -9999 -9999 -9999 -9999
1 1 1 1 1 1 1 1 1 1 0.972454766405617 1 0.754523359438293 0.972454766405617 0.890089116932217 0.890089116932217 0.944531460977586 1 0.944531460977586 0.890089116932217 0.754523359438293 0.754523359438293 0.836186875506346 0.862975965433432 0.972724817715366 0.910991088306778 0.690251147718066 0.432082095598164 0.690251147718066 0.785039157439914 0.917256278692952 0.727572238725358 0.764407237375101 0.82581690521199 0.754685390224143 1 0.862975965433432 0.917256278692952 0.94588171752633 1 0.809073724007561 -9999 -9999 -9999 -9999 -9999 -9999 -9999 -9999 -9999 -9999 -9999 -9999 -9999 -9999 -9999 -9999 -9999 -9999 -9999 -9999 -9999 -9999 -9999
1 0.972562786929517 0.972562786929517 0.972562786929517 0.972562786929517 0.972562786929517 1 1 1 1 0.972454766405617 0.727572238725358 0.754685390224143 0.890089116932217 0.890089116932217 0.890089116932217 0.944531460977586 0.917256278692952 0.917256278692952 0.890089116932217 0.836186875506346 0.754523359438293 0.727572238725358 0.843208209559816 0.403186605455036 0.716176073453956 0.589846070753443 0.309910883067783 0.290953281123413 0.482797731568998 0.754685390224143 1 0.810153929246557 0.690251147718066 1 1 0.862975965433432 1 0.891061301647313 1 1 -9999 -9999 -9999 -9999 -9999 -9999 -9999 -9999 -9999 -9999 -9999 -9999 -9999 -9999 -9999 -9999 -9999 -9999 -9999 -9999 -9999 -9999 -9999
1 0.972562786929517 1 0.94577369700243 1 1 1 1 1 1 0.944531460977586 1 0.836348906292195 0.727572238725358 0.727572238725358 0.727572238725358 0.918012422360248 0.862975965433432 0.917256278692952 0.836186875506346 0.836186875506346 0.78341884958142 0.782230623818525 0.910991088306778 0.73405347015933 0.448123143397246 0.415608965703484 0.464434242506076 0.726924115581961 0.803510667026735 1 1 0.726924115581961 0.399513907642452 1 1 0.917256278692952 1 0.891061301647313 0.918606535241696 -9999 -9999 -9999 -9999 -9999 -9999 -9999 -9999 -9999 -9999 -9999 -9999 -9999 -9999 -9999 -9999 -9999 -9999 -9999 -9999 -9999 -9999 -9999 -9999
1 0.837483121793141 0.94577369700243 0.972562786929517 1 1 1 1 1 1 1 1 0.754685390224143 0.863137996219282 0.727572238725358 0.727572238725358 0.890089116932217 0.862975965433432 0.890089116932217 0.836186875506346 0.809235754793411 0.754685390224143 0.775587361598704 0.707102349446395 0.309910883067783 0.464434242506076 0.761868755063462 0.746475830407777 0.843208209559816 0.782608695652174 1 1 0.673345935727788 0.399513907642452 0.917256278692952 1 0.862975965433432 1 0.754685390224143 -9999 -9999 -9999 -9999 -9999 -9999 -9999 -9999 -9999 -9999 -9999 -9999 -9999 -9999 -9999 -9999 -9999 -9999 -9999 -9999 -9999 -9999 -9999 -9999 -9999
0.973210910072914 0.918984607075344 0.89181744531461 0.94577369700243 1 1 1 1 1 1 1 1 0.727572238725358 1 0.8353767215771 0.862975965433432 0.836186875506346 0.862975965433432 0.836186875506346 0.836186875506346 0.836186875506346 0.754685390224143 0.556413718606535 0.726924115581961 0.67285984337024 0.747069943289225 0.482797731568998 0.803510667026735 0.755495544153389 1 0.945179584120983 0.417877396705374 0.485336213880637 0.710072913853632 0.754685390224143 1 1 1 0.837321091007291 -9999 -9999 -9999 -9999 -9999 -9999 -9999 -9999 -9999 -9999 -9999 -9999 -9999 -9999 -9999 -9999 -9999 -9999 -9999 -9999 -9999 -9999 -9999 -9999 -9999
0.973210910072914 0.94593572778828 0.837429111531191 0.755495544153389 0.972454766405617 1 1 1 1 1 1 1 0.727572238725358 1 0.972454766405617 0.862975965433432 0.836186875506346 0.836186875506346 0.863300027005131 0.863300027005131 0.809235754793411 0.730974885228193 0.726924115581961 0.751930866864704 0.803510667026735 0.782608695652174 0.755495544153389 0.755495544153389 1 1 0.54350526600054 0.290953281123413 0.272427761274642 0.450445584661086 0.782608695652174 1 1 1 0.918336483931947 -9999 -9999 -9999 -9999 -9999 -9999 -9999 -9999 -9999 -9999 -9999 -9999 -9999 -9999 -9999 -9999 -9999 -9999 -9999 -9999 -9999 -9999 -9999 -9999 -9999
1 0.973210910072914 0.755495544153389 0.918768566027545 0.835862813934648 0.727572238725358 0.944531460977586 0.944531460977586 1 1 1 0.862975965433432 0.727572238725358 0.917364299216851 0.944531460977586 0.890089116932217 0.836186875506346 0.836186875506346 0.863732109100729 0.972724817715366 0.890791250337564 0.618633540372671 0.76478530920875 0.754685390224143 0.755495544153389 0.755495544153389 1 0.864110180934378 0.982176613556576 1 0.327950310559006 0.290953281123413 0.272427761274642 0.290953281123413 0.399513907642452 0.945287604644882 0.94588171752633 0.94588171752633 -9999 -9999 -9999 -9999 -9999 -9999 -9999 -9999 -9999 -9999 -9999 -9999 -9999 -9999 -9999 -9999 -9999 -9999 -9999 -9999 -9999 -9999 -9999 -9999 -9999 -9999
0.973210910072914 1 0.754847421009992 0.864110180934378 0.781636510937078 0.754685390224143 0.890305157980016 0.781636510937078 1 1 1 0.862975965433432 0.727572238725358 0.944801512287334 0.944801512287334 1 1 1 1 0.94593572778828 0.864110180934378 0.754685390224143 0.754685390224143 0.727572238725358 0.918336483931947 0.864758304077775 0.943829327572239 1 1 0.366837699162841 0.290953281123413 0.290953281123413 0.290953281123413 0.290953281123413 0.401242236024845 1 1 0.973048879287065 -9999 -9999 -9999 -9999 -9999 -9999 -9999 -9999 -9999 -9999 -9999 -9999 -9999 -9999 -9999 -9999 -9999 -9999 -9999 -9999 -9999 -9999 -9999 -9999 -9999 -9999
1 1 1 1 0.727572238725358 0.727572238725358 0.944531460977586 0.944531460977586 1 1 1 0.890089116932217 0.754685390224143 0.754685390224143 0.864110180934378 0.945179584120983 0.94593572778828 0.890467188765865 0.94577369700243 0.754685390224143 0.944801512287334 0.754685390224143 1 0.810045908722657 0.918498514717796 0.83759114231704 1 0.547718066432622 0.366837699162841 0.435754793410748 0.308992708614637 0.290953281123413 0.290953281123413 0.308992708614637 0.347718066432622 0.918336483931947 0.94588171752633 -9999 -9999 -9999 -9999 -9999 -9999 -9999 -9999 -9999 -9999 -9999 -9999 -9999 -9999 -9999 -9999 -9999 -9999 -9999 -9999 -9999 -9999 -9999 -9999 -9999 -9999 -9999
1 1 1 1 0.727572238725358 0.944531460977586 0.944531460977586 1 1 1 0.972724817715366 0.917256278692952 0.754685390224143 0.754685390224143 0.754685390224143 0.863354037267081 0.944801512287334 0.754685390224143 0.754685390224143 0.782932757223873 0.741452876046449 0.758628139346476 0.434836618957602 0.89170942479071 0.709802862543883 0.433918444504456 0.747610045908723 0.632514177693762 0.366837699162841 0.308992708614637 0.308992708614637 0.308992708614637 0.308992708614637 0.308992708614637 1 -9999 -9999 -9999 -9999 -9999 -9999 -9999 -9999 -9999 -9999 -9999 -9999 -9999 -9999 -9999 -9999 -9999 -9999 -9999 -9999 -9999 -9999 -9999 -9999 -9999 -9999 -9999 -9999 -9999
1 1 0.945287604644882 0.835862813934648 0.727572238725358 0.944531460977586 1 1 1 0.862975965433432 0.863300027005131 0.9176343505266 0.510180934377532 0.690089116932217 0.774399135835809 0.754685390224143 0.754685390224143 0.782608695652174 0.972724817715366 0.910991088306778 0.290953281123413 0.290953281123413 0.309910883067783 0.290953281123413 0.515960032406157 0.450013502565487 0.290953281123413 0.290953281123413 0.308992708614637 0.327950310559006 0.308992708614637 0.327950310559006 0.347718066432622 0.366837699162841 0.917256278692952 -9999 -9999 -9999 -9999 -9999 -9999 -9999 -9999 -9999 -9999 -9999 -9999 -9999 -9999 -9999 -9999 -9999 -9999 -9999 -9999 -9999 -9999 -9999 -9999 -9999 -9999 -9999 -9999 -9999
0.972454766405617 0.972454766405617 1 0.972454766405617 1 1 1 0.862975965433432 0.972724817715366 0.836186875506346 0.836186875506346 0.864110180934378 0.754685390224143 0.741452876046449 0.754685390224143 1 0.782608695652174 0.480745341614907 0.290953281123413 0.290953281123413 0.263678098838779 0.290953281123413 0.290953281123413 0.327950310559006 0.290953281123413 0.290953281123413 0.290953281123413 0.308992708614637 0.327950310559006 0.308992708614637 0.347718066432622 0.385201188225763 0.347718066432622 0.466486632460167 -9999 -9999 -9999 -9999 -9999 -9999 -9999 -9999 -9999 -9999 -9999 -9999 -9999 -9999 -9999 -9999 -9999 -9999 -9999 -9999 -9999 -9999 -9999 -9999 -9999 -9999 -9999 -9999 -9999 -9999
0.944531460977586 1 0.972454766405617 1 1 1 0.972076694571969 0.890089116932217 0.972724817715366 1 1 1 0.754685390224143 0.766405617067243 0.754685390224143 0.972724817715366 0.489927086146368 0.263678098838779 0.290953281123413 0.290953281123413 0.308992708614637 0.290953281123413 0.290953281123413 0.290953281123413 0.290953281123413 0.308992708614637 0.308992708614637 0.308992708614637 0.290953281123413 0.290953281123413 0.613664596273292 0.385201188225763 0.366837699162841 0.843208209559816 -9999 -9999 -9999 -9999 -9999 -9999 -9999 -9999 -9999 -9999 -9999 -9999 -9999 -9999 -9999 -9999 -9999 -9999 -9999 -9999 -9999 -9999 -9999 -9999 -9999 -9999 -9999 -9999 -9999 -9999
1 0.890089116932217 0.835538752362949 0.862975965433432 0.944909532811234 0.890089116932217 0.917256278692952 0.727572238725358 0.836186875506346 1 1 0.918012422360248 0.570510396975425 0.690089116932217 0.782608695652174 0.455198487712665 0.461895760194437 0.343991358358088 0.290953281123413 0.308992708614637 0.308992708614637 0.290953281123413 0.290953281123413 0.290953281123413 0.308992708614637 0.308992708614637 0.290953281123413 0.290953281123413 0.308992708614637 0.484364029165541 0.64941938968404 0.417877396705374 0.744315419929787 -9999 -9999 -9999 -9999 -9999 -9999 -9999 -9999 -9999 -9999 -9999 -9999 -9999 -9999 -9999 -9999 -9999 -9999 -9999 -9999 -9999 -9999 -9999 -9999 -9999 -9999 -9999 -9999 -9999 -9999 -9999
1 0.836186875506346 0.781798541722927 0.836186875506346 0.890143127194167 1 0.863354037267081 0.836186875506346 1 1 1 0.782608695652174 0.707480421280043 0.489927086146368 0.570510396975425 0.570510396975425 0.473075884418039 0.499324871725628 0.308992708614637 0.308992708614637 0.308992708614637 0.290953281123413 0.290953281123413 0.290953281123413 0.290953281123413 0.290953281123413 0.290953281123413 0.366837699162841 0.632514177693762 0.64941938968404 0.64941938968404 0.608695652173913 0.782230623818525 -9999 -9999 -9999 -9999 -9999 -9999 -9999 -9999 -9999 -9999 -9999 -9999 -9999 -9999 -9999 -9999 -9999 -9999 -9999 -9999 -9999 -9999 -9999 -9999 -9999 -9999 -9999 -9999 -9999 -9999 -9999
0.809235754793411 0.727572238725358 0.727572238725358 0.836186875506346 0.944801512287334 0.972724817715366 0.972724817715366 1 1 1 0.810153929246557 0.739238455306508 0.707480421280043 0.724493653794221 0.690089116932217 0.690089116932217 0.516500135025655 0.398109640831758 0.343991358358088 0.308992708614637 0.290953281123413 0.290953281123413 0.290953281123413 0.290953281123413 0.290953281123413 0.308992708614637 0.515960032406157 0.64941938968404 0.59297866594653 0.64941938968404 0.608695652173913 0.734917634350527 -9999 -9999 -9999 -9999 -9999 -9999 -9999 -9999 -9999 -9999 -9999 -9999 -9999 -9999 -9999 -9999 -9999 -9999 -9999 -9999 -9999 -9999 -9999 -9999 -9999 -9999 -9999 -9999 -9999 -9999 -9999 -9999
0.809235754793411 0.836186875506346 0.918012422360248 0.972724817715366 0.918012422360248 0.918012422360248 0.972724817715366 1 1 1 0.810153929246557 0.469565217391304 0.469565217391304 0.469565217391304 0.489927086146368 0.473075884418039 0.473075884418039 0.525897920604915 0.398109640831758 0.290953281123413 0.290953281123413 0.290953281123413 0.290953281123413 0.290953281123413 0.327950310559006 0.551714825816905 0.542317040237645 0.532865244396435 0.499324871725628 0.482797731568998 0.739670537402106 0.782230623818525 -9999 -9999 -9999 -9999 -9999 -9999 -9999 -9999 -9999 -9999 -9999 -9999 -9999 -9999 -9999 -9999 -9999 -9999 -9999 -9999 -9999 -9999 -9999 -9999 -9999 -9999 -9999 -9999 -9999 -9999 -9999 -9999
