data-raw/DATASET_PNE/a_DATA/PFGS/ENVSUIT_A1B/HS_f15_H8_notgraz.asc
NCOLS 619 
NROWS 782 
XLLCORNER 876826 
YLLCORNER 1947424 
CELLSIZE 100 
NODATA_value -9999 
[rows 338 to 363 of 782, columns 300 to 359 of 619]
-9999 -9999 -9999 1 0.904519021511078 -9999 -9999 0.936425715684891 -9999 -9999 -9999 -9999 -9999 -9999 -9999 -9999 -9999 0.989506125450134 -9999 -9999 0.957705706357956 -9999 0.989373296499252 0.957453310489655 -9999 -9999 -9999 1 1 1 -9999 -9999 -9999 -9999 1 1 1 1 1 1 1 1 1 0.978826284408569 0.894011855125427 0.894011855125427 0.904691696166992 1 1 1 1 1 1 1 0.968172997236252 0.957625985145569 0.947225093841553 0.968133151531219 0.862384110689163 0.947065711021423
-9999 -9999 1 1 -9999 -9999 -9999 -9999 0.957679122686386 -9999 -9999 -9999 -9999 -9999 -9999 0.957679122686386 0.925759136676788 0.894011855125427 0.894011855125427 0.957705706357956 0.957705706357956 -9999 -9999 1 -9999 -9999 1 1 1 1 -9999 -9999 -9999 -9999 1 1 1 1 1 1 1 0.915265262126923 0.947012573480606 0.894011855125427 0.894011855125427 0.894011855125427 0.894011855125427 0.894011855125427 0.968279272317886 1 1 1 1 1 0.947052419185638 0.925931841135025 0.851744115352631 0.968133151531219 0.788023710250854 0.894011855125427
-9999 -9999 1 -9999 -9999 -9999 -9999 -9999 -9999 0.936372578144073 -9999 -9999 -9999 1 0.957679122686386 0.894011855125427 0.894011855125427 0.936438977718353 -9999 -9999 -9999 -9999 -9999 1 -9999 -9999 1 1 1 1 -9999 -9999 -9999 -9999 1 1 1 1 1 1 1 0.925931841135025 0.894011855125427 0.894011855125427 0.894011855125427 0.894011855125427 0.894011855125427 0.936438977718353 0.968305826187134 1 1 0.968172997236252 1 1 0.968252688646317 0.809250563383102 0.8199702501297 0.788023710250854 0.788023710250854 0.894011855125427
-9999 0.98933345079422 0.98933345079422 0.98933345079422 -9999 -9999 -9999 -9999 -9999 -9999 0.894011855125427 -9999 -9999 -9999 -9999 -9999 -9999 -9999 -9999 -9999 -9999 -9999 -9999 -9999 -9999 -9999 1 1 1 0.978653609752655 -9999 -9999 -9999 1 1 1 1 1 1 1 1 0.925931841135025 0.894011855125427 0.894011855125427 0.894011855125427 0.894011855125427 0.894011855125427 0.894011855125427 0.894011855125427 0.894011855125427 1 0.925931841135025 0.957679122686386 0.915358245372772 0.809330254793167 0.788023710250854 0.788023710250854 0.872957676649094 0.788594871759415 0.862902134656906
-9999 1 1 1 0.98933345079422 0.978759855031967 0.946906298398972 -9999 -9999 -9999 0.894011855125427 0.894011855125427 0.894011855125427 -9999 -9999 -9999 -9999 -9999 -9999 -9999 -9999 -9999 -9999 -9999 -9999 1 1 1 0.968080013990402 1 0.946786761283875 -9999 -9999 1 1 1 1 1 1 1 0.978799700737 0.894011855125427 0.894011855125427 0.894011855125427 0.894011855125427 0.894011855125427 0.894011855125427 0.894011855125427 0.894011855125427 0.894011855125427 0.894011855125427 0.894011855125427 0.798703551292419 0.788023710250854 0.788023710250854 0.788023710250854 0.788023710250854 0.777968168258667 0.812040060758591 0.822308123111725
1 1 1 1 0.98933345079422 0.98933345079422 0.98933345079422 0.968080013990402 0.947078973054886 0.957533001899719 0.925719290971756 0.904638558626175 0.894011855125427 0.894011855125427 -9999 -9999 -9999 -9999 -9999 -9999 -9999 -9999 -9999 -9999 -9999 1 1 -9999 -9999 -9999 1 0.894011855125427 -9999 1 1 1 1 1 1 1 1 0.894011855125427 0.894011855125427 0.894011855125427 0.894011855125427 0.894011855125427 0.894011855125427 0.894011855125427 0.894011855125427 0.883464843034744 0.788023710250854 0.788023710250854 0.788023710250854 0.788023710250854 0.777968168258667 0.767726689577103 0.706862211227417 0.686698019504547 0.780159920454025 0.789099663496017
1 1 1 1 1 1 1 1 1 1 0.978759855031967 0.946959435939789 0.915212124586105 0.915212124586105 0.894011855125427 0.97870671749115 0.978759855031967 -9999 -9999 1 1 1 1 1 1 1 1 -9999 -9999 -9999 -9999 1 0.894011855125427 1 1 1 1 1 1 0.947052419185638 1 0.947118818759918 0.894011855125427 0.894011855125427 0.894011855125427 0.894011855125427 0.894011855125427 0.894011855125427 0.863167822360992 0.863167822360992 0.852660655975342 0.77835339307785 0.727557718753815 0.686445623636246 0.686445623636246 0.647126823663712 0.647126823663712 0.656983077526093 0.69671368598938 0.737785935401917
1 1 1 1 1 -9999 1 1 1 1 0.957453310489655 0.978759855031967 1 1 0.98933345079422 -9999 -9999 -9999 -9999 -9999 -9999 -9999 -9999 -9999 0.989320158958435 1 1 -9999 -9999 -9999 -9999 0.978759855031967 0.936425715684891 0.989492833614349 1 1 1 1 1 0.978799700737 1 0.915079295635223 0.894011855125427 0.894011855125427 0.894011855125427 0.894011855125427 0.767726689577103 0.863539755344391 0.771193623542786 0.771193623542786 0.656783819198608 0.656983077526093 0.578903332352638 0.510560296475887 0.529874339699745 0.578903332352638 0.628251120448112 0.666998744010925 0.727092802524567 0.777968168258667
-9999 1 1 1 -9999 1 0.978759855031967 0.957572847604752 0.925905257463455 0.946946144104004 0.904638558626175 0.894011855125427 0.894011855125427 0.98933345079422 -9999 -9999 -9999 -9999 -9999 -9999 -9999 -9999 0.978826284408569 -9999 -9999 1 1 -9999 -9999 -9999 1 1 0.989492833614349 1 0.978866130113602 1 1 1 1 0.989492833614349 1 0.915358245372772 0.894011855125427 0.894011855125427 0.894011855125427 0.862330973148346 0.727225631475449 0.781740635633469 0.676429957151413 0.656983077526093 0.559097796678543 0.510560296475887 0.500717312097549 0.500903278589249 0.540222108364105 0.58875960111618 0.666998744010925 0.69671368598938 0.747416377067566 0.777968168258667
-9999 -9999 1 -9999 -9999 0.978759855031967 0.968252688646317 0.904638558626175 0.894011855125427 0.894011855125427 -9999 -9999 0.915265262126923 0.947039127349854 -9999 -9999 -9999 -9999 -9999 -9999 -9999 -9999 0.978826284408569 -9999 -9999 1 0.989452987909317 -9999 -9999 1 1 1 1 1 0.978866130113602 1 1 1 0.946999281644821 0.946999281644821 0.915384829044342 0.894011855125427 0.894011855125427 0.894011855125427 0.894011855125427 0.894011855125427 0.780213057994843 0.676429957151413 0.559097796678543 0.500717312097549 0.451807875186205 0.451940707862377 0.481363415718079 0.481363415718079 0.540222108364105 0.618408128619194 0.676429957151413 0.727145940065384 0.716997414827347 0.873409301042557
-9999 1 1 -9999 1 0.904585421085358 0.915265262126923 0.894011855125427 0.894011855125427 0.894011855125427 0.957825243473053 0.978786438703537 0.894011855125427 0.968332409858704 -9999 -9999 -9999 1 -9999 -9999 -9999 1 1 -9999 -9999 0.989452987909317 1 -9999 -9999 1 1 1 1 1 1 0.989492833614349 0.947052419185638 0.936505407094955 0.894011855125427 0.894011855125427 0.894011855125427 0.894011855125427 0.894011855125427 0.894011855125427 0.894011855125427 0.894011855125427 0.69671368598938 0.666640102863312 0.481363415718079 0.442190703004599 0.442190703004599 0.471746243536472 0.481363415718079 0.540222108364105 0.667251139879227 0.686698019504547 0.7576844394207 0.777968168258667 0.788023710250854 0.788023710250854
-9999 1 -9999 -9999 0.894011855125427 0.894011855125427 0.894011855125427 0.894011855125427 -9999 -9999 1 0.989492833614349 0.894011855125427 0.894011855125427 1 1 1 1 1 -9999 0.989452987909317 0.947052419185638 1 1 1 0.978826284408569 1 -9999 -9999 1 1 1 1 1 1 1 1 0.915265262126923 0.894011855125427 0.894011855125427 0.894011855125427 0.894011855125427 0.88338515162468 0.894011855125427 0.894011855125427 0.832735568284988 0.69671368598938 0.568821236491203 0.451940707862377 0.451940707862377 0.451940707862377 0.471746243536472 0.501168943941593 0.62802529335022 0.676841735839844 0.777968168258667 0.788023710250854 0.788023710250854 0.788023710250854 0.788023710250854
0.904519021511078 0.936279594898224 0.894011855125427 0.894011855125427 0.894011855125427 0.894011855125427 -9999 -9999 1 1 -9999 1 0.957825243473053 0.947145402431488 1 1 1 1 1 1 0.978826284408569 0.968319118022919 1 1 0.957466602325439 0.957506448030472 0.989452987909317 1 -9999 -9999 1 1 1 1 1 0.989492833614349 1 0.904585421085358 0.894011855125427 0.894011855125427 0.894011855125427 0.88338515162468 0.894011855125427 0.894011855125427 0.894011855125427 0.841967523097992 0.666640102863312 0.500717312097549 0.432467263191938 0.432467263191938 0.432467263191938 0.451940707862377 0.520761936903 0.676908165216446 0.717090427875519 0.819890558719635 0.894011855125427 0.894011855125427 0.894011855125427 0.894011855125427
0.989452987909317 -9999 -9999 -9999 -9999 1 -9999 1 1 1 -9999 -9999 0.978826284408569 0.915212124586105 0.936399132013321 1 1 1 1 1 1 1 1 1 1 0.936505407094955 0.957559585571289 0.957599431276321 1 0.894011855125427 -9999 1 1 1 1 0.936478853225708 0.957692414522171 0.91525200009346 0.894011855125427 0.894011855125427 0.894011855125427 0.894011855125427 0.894011855125427 0.894011855125427 -9999 0.832137823104858 0.656783819198608 0.491113416850567 0.432467263191938 0.432467263191938 0.422717256471515 0.422717256471515 0.481363415718079 0.657394856214523 0.75771102309227 0.883464843034744 0.894011855125427 0.830490708351135 0.894011855125427 0.894011855125427
1 0.894011855125427 -9999 -9999 -9999 1 1 1 1 1 -9999 -9999 1 0.946932852268219 0.92589196562767 1 1 0.925905257463455 1 1 1 1 1 1 1 1 0.989452987909317 1 0.957546293735504 0.989452987909317 0.894011855125427 1 1 1 1 1 0.904585421085358 0.904585421085358 0.894011855125427 0.894011855125427 0.894011855125427 0.894011855125427 0.88338515162468 0.862211436033249 0.819757729768753 0.842233180999756 0.676908165216446 0.500810295343399 0.432467263191938 0.422717256471515 0.422717256471515 0.432467263191938 0.461557880043983 0.627520531415939 0.75771102309227 0.883464843034744 0.894011855125427 0.788023710250854 0.894011855125427 0.894011855125427
0.989452987909317 0.894011855125427 -9999 -9999 0.957679122686386 1 1 1 1 1 -9999 -9999 1 1 0.936306148767471 1 1 0.904585421085358 1 1 1 1 1 1 1 1 0.989492833614349 0.957679122686386 0.925931841135025 0.936213165521622 0.936372578144073 0.936372578144073 1 1 1 1 1 0.904585421085358 0.894011855125427 0.894011855125427 0.894011855125427 0.872877985239029 0.79851758480072 0.788023710250854 0.739154130220413 0.788794130086899 0.686698019504547 0.530472099781036 0.442190703004599 0.422717256471515 0.422717256471515 0.422717256471515 0.451807875186205 0.559097796678543 0.727305352687836 0.873409301042557 0.894011855125427 0.819903820753098 0.894011855125427 0.915052741765976
0.946985989809036 0.925785720348358 0.894011855125427 -9999 1 1 1 1 1 1 1 1 1 1 0.915238708257675 1 0.915238708257675 0.925812274217606 1 1 1 1 1 1 1 1 0.968239426612854 0.989492833614349 0.904585421085358 0.957546293735504 1 0.936372578144073 1 1 1 1 1 1 0.978826284408569 0.894011855125427 0.894011855125427 0.894011855125427 0.830450832843781 0.788023710250854 0.75881353020668 0.767726689577103 0.676841735839844 0.589025273919106 0.451807875186205 0.422717256471515 0.422717256471515 0.413086799904704 0.422717256471515 0.471493855118752 0.656783819198608 0.767952501773834 0.894011855125427 0.894011855125427 0.894011855125427 0.894011855125427
0.894011855125427 0.894011855125427 0.915265262126923 0.894011855125427 1 1 0.978826284408569 1 1 1 1 1 1 1 0.957679122686386 1 0.968172997236252 1 1 1 1 1 1 1 1 1 0.989492833614349 0.978866130113602 0.978866130113602 0.989492833614349 0.989492833614349 1 0.989492833614349 1 1 1 1 1 0.978945821523666 0.925732582807541 0.894011855125427 0.788023710250854 0.862330973148346 0.788023710250854 0.768603384494781 0.640910178422928 0.676841735839844 0.578903332352638 0.451807875186205 0.422717256471515 0.413086799904704 0.413086799904704 0.422717256471515 0.451807875186205 0.578903332352638 0.717263102531433 0.873409301042557 0.894011855125427 0.830596953630447 0.830650091171265
0.894011855125427 -9999 -9999 -9999 1 1 1 1 1 1 1 1 1 1 0.957679122686386 1 0.968133151531219 1 1 1 1 0.989492833614349 0.989492833614349 1 1 1 1 0.957679122686386 0.904691696166992 0.989492833614349 0.989492833614349 0.989492833614349 0.989492833614349 0.957679122686386 0.989492833614349 1 1 1 1 0.915371537208557 0.894011855125427 0.788023710250854 0.851677685976028 0.88338515162468 0.788023710250854 0.670904070138931 0.717263102531433 0.657394856214523 0.451807875186205 0.413312617689371 0.422717256471515 0.413086799904704 0.422717256471515 0.422717256471515 0.481363415718079 0.676908165216446 0.777968168258667 0.851664423942566 0.809343546628952 0.830650091171265
1 -9999 -9999 0.894011855125427 0.936438977718353 0.978919267654419 1 1 1 0.989492833614349 0.968372255563736 0.957625985145569 1 1 0.90455886721611 1 1 0.904585421085358 1 0.989452987909317 0.968319118022919 1 1 1 1 1 1 1 0.957679122686386 0.968372255563736 0.936478853225708 0.957745552062988 0.925838857889175 0.968305826187134 0.904585421085358 1 1 1 1 0.989373296499252 0.925692737102509 0.894011855125427 0.788023710250854 0.872877985239029 0.862330973148346 0.844238996505737 0.779708296060562 0.667051881551743 0.481363415718079 0.413312617689371 0.422717256471515 0.413086799904704 0.413086799904704 0.422717256471515 0.451807875186205 0.637177556753159 0.757724285125732 0.788023710250854 0.788023710250854 0.8199702501297
0.957692414522171 1 0.978866130113602 0.936478853225708 0.90455886721611 0.894011855125427 0.947052419185638 0.947052419185638 0.894011855125427 0.894011855125427 0.894011855125427 0.894011855125427 0.957745552062988 0.904585421085358 0.894011855125427 1 0.915265262126923 0.94718524813652 0.904585421085358 0.80921071767807 0.894011855125427 0.947132110595703 0.978932559490204 1 1 1 1 1 0.915265262126923 1 0.915265262126923 0.904691696166992 0.894011855125427 0.94718524813652 0.925745874643326 0.915079295635223 1 1 0.968172997236252 0.925732582807541 0.936239749193192 0.894011855125427 0.894011855125427 0.840984582901001 0.883504688739777 0.86435005068779 0.621104657649994 0.676841735839844 0.510560296475887 0.413312617689371 0.422717256471515 0.413086799904704 0.413086799904704 0.422717256471515 0.451807875186205 0.588573634624481 0.737467139959335 0.777968168258667 0.788023710250854 0.788023710250854
0.968372255563736 0.989492833614349 0.904691696166992 0.915238708257675 0.936531960964203 0.894011855125427 0.819717854261398 0.894011855125427 0.894011855125427 0.894011855125427 0.894011855125427 0.894011855125427 0.894011855125427 0.94718524813652 0.894011855125427 1 0.915079295635223 0.894011855125427 0.894011855125427 0.894011855125427 0.894011855125427 0.894011855125427 0.894011855125427 0.894011855125427 0.894011855125427 0.894011855125427 0.98930686712265 0.978746592998505 0.925745874643326 0.91525200009346 0.925745874643326 0.904585421085358 0.946999281644821 0.862198144197464 0.894011855125427 0.894011855125427 0.862317681312561 0.872771710157394 0.872771710157394 0.862145006656647 0.862264543771744 0.894011855125427 0.894011855125427 0.872877985239029 0.894011855125427 0.820023387670517 0.777968168258667 0.686698019504547 0.559097796678543 0.43278606235981 0.422717256471515 0.413086799904704 0.413086799904704 0.422717256471515 0.451807875186205 0.559097796678543 0.707114577293396 0.798703551292419 0.788023710250854 0.788023710250854
0.968372255563736 0.968199580907822 1 0.968372255563736 0.978799700737 0.978945821523666 0.851544857025146 0.88338515162468 0.894011855125427 0.872758448123932 0.872758448123932 0.894011855125427 0.894011855125427 0.894011855125427 0.894011855125427 0.904585421085358 0.904585421085358 0.788023710250854 0.862078577280045 0.894011855125427 0.894011855125427 0.894011855125427 0.894011855125427 0.894011855125427 0.862330973148346 0.894011855125427 0.894011855125427 0.894011855125427 0.894011855125427 0.883438289165497 0.862224698066711 0.841223657131195 0.788023710250854 0.788023710250854 0.788023710250854 0.894011855125427 0.788023710250854 0.788023710250854 0.872838139533997 0.872838139533997 0.788023710250854 0.788023710250854 0.88338515162468 0.88338515162468 0.862330973148346 0.894011855125427 0.777968168258667 0.707114577293396 0.677691876888275 0.451807875186205 0.413312617689371 0.422717256471515 0.413086799904704 0.422717256471515 0.422717256471515 0.500956408679485 0.676841735839844 0.777968168258667 0.8199702501297 0.788023710250854
0.925812274217606 0.925812274217606 0.915265262126923 0.894011855125427 0.904678404331207 0.809197425842285 0.894011855125427 0.830331295728683 0.894011855125427 0.894011855125427 0.894011855125427 0.88338515162468 0.862078577280045 0.788023710250854 0.894011855125427 0.894011855125427 0.851597994565964 0.894011855125427 0.819863975048065 0.873489022254944 0.894011855125427 0.894011855125427 0.894011855125427 0.851412028074265 0.883996188640594 0.894011855125427 0.894011855125427 0.894011855125427 0.894011855125427 0.894011855125427 0.788023710250854 0.788023710250854 0.788023710250854 0.788023710250854 0.851412028074265 0.840865015983582 0.788023710250854 0.862330973148346 0.768151760101318 0.788023710250854 0.788023710250854 0.788023710250854 0.788023710250854 0.788023710250854 0.79851758480072 0.872771710157394 0.767899364233017 0.717223256826401 0.578903332352638 0.442190703004599 0.413312617689371 0.413086799904704 0.413086799904704 0.413086799904704 0.422717256471515 0.451807875186205 0.568940788507462 0.74764221906662 0.777968168258667 0.819890558719635
0.904585421085358 0.894011855125427 0.894011855125427 0.925759136676788 0.872811555862427 0.894011855125427 0.894011855125427 0.841648727655411 0.811216503381729 0.769121438264847 0.759039342403412 0.830530554056168 0.88338515162468 0.840904861688614 0.788023710250854 0.894011855125427 0.894011855125427 0.819863975048065 0.819770991802216 0.851704269647598 0.862330973148346 0.894011855125427 0.894011855125427 0.862184852361679 0.809091150760651 0.894011855125427 0.883996188640594 0.894011855125427 0.894011855125427 0.819664746522903 0.798597276210785 0.788023710250854 0.798597276210785 0.809091150760651 0.798597276210785 0.809091150760651 0.788541734218597 0.777968168258667 0.767793118953705 0.778366684913635 0.767793118953705 0.777968168258667 0.788023710250854 0.777968168258667 0.777968168258667 0.757724285125732 0.74764221906662 0.667051881551743 0.481217294931412 0.442190703004599 0.413312617689371 0.403682161122561 0.413086799904704 0.413086799904704 0.413086799904704 0.422717256471515 0.451807875186205 0.559097796678543 0.727225631475449 0.767726689577103
0.957625985145569 0.894011855125427 0.851651132106781 0.88338515162468 0.894011855125427 0.862184852361679 0.873449146747589 0.801918119192123 0.69671368598938 0.676841735839844 0.686698019504547 0.821843206882477 0.830530554056168 0.809091150760651 0.872705310583115 0.88338515162468 0.788023710250854 0.80927711725235 0.7890465259552 0.69671368598938 0.779349654912949 0.809263855218887 0.79851758480072 0.79851758480072 0.770037978887558 0.799460679292679 0.862184852361679 0.883996188640594 0.872877985239029 0.798597276210785 0.788541734218597 0.768683105707169 0.717130273580551 0.717130273580551 0.778366684913635 0.717130273580551 0.550423741340637 0.676841735839844 0.676841735839844 0.667051881551743 0.667051881551743 0.686698019504547 0.69671368598938 0.706955194473267 0.747482806444168 0.707672476768494 0.569007202982903 0.47161340713501 0.43278606235981 0.413312617689371 0.403682161122561 0.403682161122561 0.403682161122561 0.403682161122561 0.403682161122561 0.403682161122561 0.422717256471515 0.451807875186205 0.530113443732262 0.677293390035629
