data-raw/DATASET_PNE/a_DATA/PFGS/ENVSUIT_A1B/HS_f90_H9_NardStri.asc
NCOLS 619 
NROWS 782 
XLLCORNER 876826 
YLLCORNER 1947424 
CELLSIZE 100 
NODATA_value -9999 
[rows 448 to 479 of 782, columns 438 to 510 of 619]
0.977708577418758 0.86585065055189 1 0.798452241474995 0.776160818893754 0.977801072948141 0.977801072948141 1 0.955509650366899 0.955509650366899 0.93331072331504 0.93331072331504 0.955509650366899 0.977801072948141 0.955602145896282 0.798452241474995 0.737559351298021 0.954923845347475 0.756767589566504 0.717117839304434 0.696799654683357 0.820805327742492 0.657180736264414 0.563791083430968 0.737559351298021 0.737559351298021 0.718135290127644 0.603194178948018 0.503268175371524 0.402756366775606 0.112782882160696 0.055713140531541 0.055713140531541 0.285842017635814 0.420022198927052 0.018591601405932 0.0745822285256213 0.189091693901461 0.736449404945428 0.697940432879078 0.208423259542455 0.537953998890054 0.343096750323734 0.0561139544921995 0.018591601405932 0.0372448664981193 0.055713140531541 0.214065486834803 0.637109206388358 0.616852685453537 0.596719491891225 0.113276191650737 0.616852685453537 0.174230745513967 0.055713140531541 0.0372448664981193 0.0372448664981193 0.0756305111919591 0.018591601405932 0 0 0 0 0 0.0561139544921995 0.0751372017019177 0.018591601405932 0 0 0 0 0 0
1 0.955509650366899 0.888388727878153 0.911019300733798 0.756767589566504 0.955602145896282 0.977801072948141 0.977801072948141 0.977801072948141 0.955602145896282 0.93331072331504 0.977801072948141 0.977801072948141 0.977801072948141 0.93331072331504 0.82083615958562 0.698957883702288 0.843590059813776 0.737559351298021 0.676604797434791 0.695813035703274 0.798544737004378 0.736449404945428 0.540389714497133 0.503268175371524 0.559474625393106 0.61999753345255 0.540389714497133 0.344884997225134 0.247888018745761 0.055713140531541 0.055713140531541 0.0942529444410187 0.055713140531541 0.055713140531541 0.018591601405932 0.018591601405932 0.055713140531541 0.55802552876611 0.367823888512055 0.055713140531541 0.055713140531541 0.018591601405932 0.018591601405932 0.018591601405932 0.018591601405932 0.055713140531541 0.515600912622557 0.207991613738669 0.556792255041006 0.556021458962817 0.0745822285256213 0.0561139544921995 0.153758401677252 0.0747980514275143 0.018591601405932 0.018591601405932 0.0372448664981193 0 0 0 0 0 0 0 0 0 0 0 0 0 0 0
0.88854288709379 0.93331072331504 0.88854288709379 0.84340506875501 0.776160818893754 0.955509650366899 0.977801072948141 0.955509650366899 0.93331072331504 0.955602145896282 0.955509650366899 0.977708577418758 0.977801072948141 0.93331072331504 0.93331072331504 0.93331072331504 0.717117839304434 0.697693778134057 0.717117839304434 0.657180736264414 0.756767589566504 0.676604797434791 0.675926496885984 0.519115742739101 0.364432385768021 0.460134426836036 0.347382376518468 0.134735154467534 0.0756613430350866 0.018591601405932 0.018591601405932 0.018591601405932 0.018591601405932 0.0372448664981193 0.0372448664981193 0.018591601405932 0.018591601405932 0.055713140531541 0.153696737990997 0.43892211876426 0.018591601405932 0.018591601405932 0.018591601405932 0.018591601405932 0 0.018591601405932 0.018591601405932 0.400937288031079 0.132176111487945 0.055713140531541 0.112813714003823 0.055713140531541 0.018591601405932 0.018591601405932 0.018591601405932 0.0372448664981193 0.018591601405932 0 0 0 0 0 0 0 0 0 0 0 0 0 0 0 0
0.888666214466301 0.865943146081273 0.779151507677129 0.756767589566504 0.736326077572917 0.717117839304434 0.977801072948141 0.955509650366899 0.977801072948141 0.911050132576925 0.91074181414565 0.866158968983166 0.888666214466301 0.846549916754024 0.656533267558735 0.716254547696861 0.675741505827218 0.503268175371524 0.539341431830795 0.539341431830795 0.496238515138435 0.555898131590307 0.756767589566504 0.423197878769193 0.055713140531541 0.055713140531541 0.055713140531541 0.055713140531541 0.0372448664981193 0.018591601405932 0.018591601405932 0.018591601405932 0.018591601405932 0.018591601405932 0.018591601405932 0.018591601405932 0 0.018591601405932 0.018591601405932 0.018591601405932 0.018591601405932 0.018591601405932 0 0 0 0 0 0.018591601405932 0.53480915089104 0.246654745020657 0.018591601405932 0.0372448664981193 0.018591601405932 0.018591601405932 0.018591601405932 0.018591601405932 0 0 0 0 0 0 0 0 0 0 0 0 0 0 0 0 0
0.776160818893754 0.776160818893754 0.738761793179996 0.736449404945428 0.637109206388358 0.520256520934821 0.67737559351298 0.93331072331504 0.911019300733798 0.866374791885059 0.843775050872541 0.758833323056052 0.676758956650429 0.496238515138435 0.496238515138435 0.496238515138435 0.496238515138435 0.190139976567799 0.132946907566134 0.265955478818524 0.400474810384165 0.496238515138435 0.716254547696861 0.17342911759265 0.11349201455263 0.055713140531541 0.055713140531541 0.018591601405932 0.018591601405932 0.018591601405932 0.018591601405932 0 0 0 0 0 0 0 0 0 0 0 0 0 0 0 0 0 0.0372448664981193 0.496238515138435 0.018591601405932 0.018591601405932 0.018591601405932 0 0 0 0 0 0 0 0 0 0 0 0 0 0 0 0 0 0 0 0
0.496238515138435 0.496238515138435 0.53480915089104 0.496238515138435 0.496238515138435 0.304464450884874 0.387371277054942 0.656533267558735 0.779151507677129 0.806160202256891 0.761022383918111 0.496238515138435 0.496238515138435 0.496238515138435 0.516371708700746 0.496238515138435 0.457976197817106 0.24674724055004 0.131744465684159 0.342726768206203 0.169667632731085 0.381574890546957 0.53659739779244 0.055713140531541 0.055713140531541 0.018591601405932 0.018591601405932 0 0 0 0 0 0 0 0 0 0 0 0 0 0 0 0 0 0 0 0 0 0 0 0 0 0 0 0 0 0 0 0 0 0 0 0 0 0 0 0 0 0 0 0 0 0
0.477153604242462 0.39976567799223 0.0372448664981193 0.018591601405932 0.0751372017019177 0.208423259542455 0.0946229265585497 0.209779860640069 0.496238515138435 0.637294197447123 0.635320959486958 0.736449404945428 0.736449404945428 0.614848615650244 0.516464204230129 0.400474810384165 0.169667632731085 0.0936054757353395 0.0745822285256213 0.0745822285256213 0.018591601405932 0.169667632731085 0.227199852007153 0.055713140531541 0.0372448664981193 0.018591601405932 0.018591601405932 0 0 0 0 0 0 0 0 0 0 0 0 0 0 0 0 0 0 0 0 0 0 0 0 0 0 0 0 0 0 0 0 0 0 0 0 0 0 0 0 0 0 0 0 0 0
0.457976197817106 0.438737127705494 0.0745822285256213 0.0745822285256213 0.227508170438429 0.342726768206203 0.018591601405932 0.0374606894000123 0.0566380958253684 0.615896898316581 0.594592094715422 0.614848615650244 0.614848615650244 0.595424554479867 0.477153604242462 0.477153604242462 0.400474810384165 0.0372448664981193 0.018591601405932 0.018591601405932 0.018591601405932 0.018591601405932 0 0 0.018591601405932 0.018591601405932 0 0 0 0 0 0 0 0 0 0 0 0 0 0 0 0 0 0 0 0 0 0 0 0 0 0 0 0 0 0 0 0 0 0 0 0 0 0 0 0 0 0 0 0 0 0 0
0.515446753406919 0.477153604242462 0.515446753406919 0.515446753406919 0.400474810384165 0.477153604242462 0.342726768206203 0.0561139544921995 0.018591601405932 0.018591601405932 0.0751372017019177 0.246531417648147 0.457976197817106 0.169667632731085 0.188752543627058 0.457976197817106 0.151199358697663 0.018591601405932 0 0 0 0.018591601405932 0 0 0 0 0 0 0 0 0 0 0 0 0 0 0 0 0 0 0 0 0 0 0 0 0 0 0 0 0 0 0 0 0 0 0 0 0 0 0 0 0 0 0 0 0 0 0 0 0 0 0
0.715607078991182 0.735771104396621 0.696953813898995 0.635259295800703 0.515446753406919 0.457976197817106 0.400474810384165 0.131744465684159 0.169667632731085 0.150644385521366 0 0 0 0.018591601405932 0.018591601405932 0 0 0 0 0 0.018591601405932 0 0 0 0 0 0 0 0 0 0 0 0 0 0 0 0 0 0 0 0 0 0 0 0 0 0 0 0 0 0 0 0 0 0 0 0 0 0 0 0 0 0 0 0 0 0 0 0 0 0 0 0
0.534870814577295 0.515446753406919 0.735771104396621 0.635259295800703 0.65468335697108 0.594992908676081 0.477153604242462 0.0372448664981193 0 0 0 0 0 0 0 0 0.018591601405932 0 0 0 0 0 0 0 0 0 0 0 0 0 0 0 0 0 0 0 0 0 0 0 0 0 0 0 0 0 0 0 0 0 0 0 0 0 0 0 0 0 0 0 0 0 0 0 0 0 0 0 0 0 0 0 0
-9999 -9999 0.735771104396621 0.360640069063329 0.654714188814207 0.65468335697108 0.515446753406919 0.515446753406919 0.457976197817106 0.0751372017019177 0.0940987852253808 0.170284269593636 0.151199358697663 0.132021952272307 0.189307516803355 0.420669667632731 0.439507923783684 0.24662391317753 0.11336868718012 0 0 0 0 0 0 0 0 0 0 0 0 0 0 0 0 0 0 0 0 0 0 0 0 0 0 0 0 0 0 0 0 0 0 0 0 0 0 0 0 0 0 0 0 0 0 0 0 0 0 0 0 0 0
0.055713140531541 0.055713140531541 0.0372448664981193 0.477153604242462 0.634488499722514 0.535919097243633 0.535919097243633 0.556175618178455 0.556175618178455 0.457976197817106 0.457976197817106 0.496361842510945 0.496361842510945 0.496361842510945 0.457976197817106 0.439507923783684 0.439507923783684 0.382006536350743 0.362644138866622 0.189245853117099 0 0 0 0 0 0 0 0 0 0 0 0 0 0 0 0 0 0 0 0 0 0 0 0 0 0 0 0 0 0 0 0 0 0 0 0 0 0 0 0 0 0 0 0 0 0 0 0 0 0 0 0 0
0.42017635814269 0.439199605352408 0.055713140531541 0.018591601405932 0.169667632731085 0.477153604242462 0.515446753406919 0.556175618178455 0.556175618178455 0.496361842510945 0.439137941666153 0.496361842510945 0.457976197817106 0.208423259542455 0.018591601405932 0 0 0.343096750323734 0.362644138866622 0.209379046679411 0 0 0 0 0 0 0 0 0 0 0 0 0 0 0 0 0 0 0 0 0 0 0 0 0 0 0 0 0 0 0 0 0 0 0 0 0 0 0 0 0 0 0 0 0 0 0 0 0 0 0 0 0
0.798544737004378 0.755842634272677 0.654436702226059 0.133039403095517 0.018591601405932 0.018591601405932 0.018591601405932 0.457976197817106 0.515446753406919 0.496361842510945 0.496361842510945 0.496361842510945 0.496361842510945 0.496361842510945 0.477184436085589 0.285287044459518 0 0.15110686316828 0.343096750323734 0.208793241659986 0 0 0 0 0 0 0 0 0 0 0 0 0 0 0 0 0 0 0 0 0 0 0 0 0 0 0 0 0 0 0 0 0 0 0 0 0 0 0 0 0 0 0 0 0 0 0 0 0 0 0 0 0
0.821267805389406 0.755842634272677 0.755842634272677 0.594592094715422 0.112813714003823 0.018591601405932 0.018591601405932 0.018591601405932 0.169667632731085 0.457976197817106 0.496361842510945 0.496361842510945 0.496361842510945 0.496361842510945 0.477184436085589 0.208423259542455 0 0.208423259542455 0.420669667632731 0.343096750323734 0 0 0 0 0 0 0 0 0 0 0 0 0 0 0 0 0 0 0 0 0 0 0 0 0 0 0 0 0 0 0 0 0 0 0 0 0 0 0 0 0 0 0 0 0 0 0 0 0 0 0 0 0
0.910649318616267 0.843590059813776 0.798637232533761 0.755842634272677 0.755842634272677 0.755842634272677 0.055713140531541 0.018591601405932 0.018591601405932 0.169667632731085 0.439137941666153 0.515446753406919 0.496361842510945 0.496361842510945 0.477184436085589 0.208423259542455 0.362459147807856 0.362459147807856 0.285287044459518 0.132021952272307 0 0 0 0 0 0 0 0 0 0 0 0 0 0 0 0 0 0 0 0 0 0 0 0 0 0 0 0 0 0 0 0 0 0 0 0 0 0 0 0 0 0 0 0 0 0 0 0 0 0 0 0 0
0.698125423937843 0.736326077572917 0.736326077572917 0.37069124992292 0.0939754578528705 0.209039896405007 0.667016094222113 0.439199605352408 0.018591601405932 0.018591601405932 0.018591601405932 0.380927421841278 0.496361842510945 0.457976197817106 0.477153604242462 0.457976197817106 0.362459147807856 0.189307516803355 0 0 0 0 0 0 0 0 0 0 0 0.018591601405932 0.018591601405932 0.018591601405932 0.018591601405932 0.018591601405932 0 0 0 0 0 0 0 0 0 0 0 0 0 0 0 0 0 0 0 0 0 0 0 0 0 0 0 0 0 0 0 0 0 0 0 0 0 0 0
0.697693778134057 0.601344268360363 0.563328605784054 0.312819880372449 0.61910341000185 0.018591601405932 0.26740457544552 0.558056360609237 0.382006536350743 0.0372448664981193 0.018591601405932 0.018591601405932 0.380927421841278 0.380927421841278 0.439137941666153 0.0751372017019177 0.018591601405932 0.018591601405932 0 0 0.018591601405932 0.018591601405932 0 0 0 0 0 0.0222605907381143 0.018591601405932 0 0.018591601405932 0.018591601405932 0.055713140531541 0.018591601405932 0.018591601405932 0.018591601405932 0 0 0 0 0 0 0 0 0 0 0 0 0 0 0 0 0 0 0 0 0 0 0 0 0 0 0 0 0 0 0 0 0 0 0 0 0
0.68082875994327 0.721835111302954 0.586514151815996 0.717117839304434 0.67737559351298 0.542948757476722 0.0939754578528705 0.554942344453351 0.439199605352408 0.0942529444410187 0.0372448664981193 0.018591601405932 0.018591601405932 0.018591601405932 0.018591601405932 0.018591601405932 0.018591601405932 0.018591601405932 0.018591601405932 0.055713140531541 0.380865758155023 0.208176604797435 0.0372448664981193 0.018591601405932 0.0372448664981193 0.018591601405932 0.018591601405932 0.0188690879940803 0.018591601405932 0.018591601405932 0.018591601405932 0.0372448664981193 0.304063636924215 0.169667632731085 0.0372448664981193 0.055713140531541 0.0747363877412592 0 0 0 0 0 0 0 0 0 0 0 0 0 0 0 0 0 0 0 0 0 0 0 0 0 0 0 0 0 0 0 0 0 0 0.0188690879940803 0.0378923352037985
0.776160818893754 0.776160818893754 0.58352346303262 0.798452241474995 0.678855521983104 0.562372818647099 0.516402540543874 0.755842634272677 0.755842634272677 0.496238515138435 0.055713140531541 0.169667632731085 0.018591601405932 0.018591601405932 0.018591601405932 0.0372448664981193 0.0941296170685084 0.515446753406919 0.515446753406919 0.516464204230129 0.055713140531541 0.227508170438429 0.018591601405932 0.018591601405932 0.018591601405932 0.018591601405932 0.018591601405932 0.018591601405932 0.0939754578528705 0.776160818893754 0.736449404945428 0.595424554479867 0.190633286057841 0.018591601405932 0.055713140531541 0.496608497255966 0.400690633286058 0.018591601405932 0 0 0 0 0 0 0 0 0 0 0 0 0 0 0 0 0 0 0 0 0 0 0 0 0.190201640254054 0.170900906456188 0 0 0 0 0 0 0 0 0
0.776160818893754 0.776160818893754 0.776160818893754 0.776160818893754 0.718135290127644 0.543719553554912 0.439877905901215 0.821144478016896 0.776160818893754 0.635320959486958 0.496238515138435 0.055713140531541 0.169667632731085 0.538848122340754 0.303539495591046 0.247117222667571 0.515446753406919 0.595424554479867 0.575168033545045 0.055713140531541 0.018591601405932 0.018591601405932 0.0756613430350866 0.113522846395758 0.018591601405932 0.0755996793488315 0.0755996793488315 0.018591601405932 0.798637232533761 0.933249059628785 0.776160818893754 0.755842634272677 0.776160818893754 0.055713140531541 0.0372448664981193 0.53480915089104 0.477400258987482 0.0372448664981193 0 0 0 0 0 0 0 0 0 0 0 0 0 0 0 0 0 0 0 0 0 0 0 0.190201640254054 0.209564037738176 0 0 0 0 0 0 0 0 0 0
0.776160818893754 0.776160818893754 0.776160818893754 0.798452241474995 0.737559351298021 0.697693778134057 0.657304063636924 0.655484984892397 0.821144478016896 0.821144478016896 0.779151507677129 0.496608497255966 0.112813714003823 0.496238515138435 0.578652031818462 0.634241844977493 0.575168033545045 0.575168033545045 0.595424554479867 0.018591601405932 0.018591601405932 0.248103841647654 0.290497625948079 0.67737559351298 0.273879262502312 0.445304310291669 0.561694518098292 0.330609853857064 0.798637232533761 0.821144478016896 0.776160818893754 0.209409878522538 0.755842634272677 0.555805636060924 0.458315348091509 0.055713140531541 0.055713140531541 0.189400012332737 0.018591601405932 0.018591601405932 0.018591601405932 0 0 0 0 0 0 0 0 0 0 0 0 0 0 0 0 0 0 0 0.170900906456188 0.305882715668743 0.15200098661898 0 0 0 0 0 0 0 0 0 0
0.865912314238145 0.776160818893754 0.776160818893754 0.776160818893754 0.737559351298021 0.776160818893754 0.910710982302522 0.955509650366899 0.820805327742492 0.888234568662515 0.820805327742492 0.675926496885984 0.675926496885984 0.596380341616822 0.132176111487945 0.635320959486958 0.554942344453351 0.480730098045261 0.19050995868533 0.119843374236912 0.67737559351298 0.865943146081273 0.86585065055189 0.543596226182401 0.736326077572917 0.716007892951841 0.776160818893754 0.8432817413825 0.798637232533761 0.776160818893754 0.776160818893754 0.582136030091879 0.776160818893754 0.634241844977493 0.400104828266634 0.0372448664981193 0.170561756181785 0.515446753406919 0.0372448664981193 0.0372448664981193 0.018591601405932 0.018591601405932 0 0 0 0 0 0 0 0 0 0 0 0 0 0 0 0 0 0 0 0.228741444163532 0.018591601405932 0.018591601405932 0.018591601405932 0 0 0 0 0 0 0 0
0.776160818893754 0.776160818893754 0.776160818893754 0.776160818893754 0.737559351298021 0.821021150644386 0.933341555158167 1 0.888666214466301 0.888142073133132 0.888327064191897 0.910710982302522 0.910710982302522 0.779059012147746 0.515600912622557 0.477400258987482 0.113337855336992 0.233427884318925 0.657304063636924 0.658537337362028 0.93331072331504 0.911050132576925 0.955602145896282 0.564037738175988 0.776160818893754 0.736326077572917 0.821021150644386 0.820897823271875 0.636924215329593 0.776160818893754 0.843127582166862 0.679256335943763 0.776160818893754 0.65468335697108 0.0372448664981193 0.0372448664981193 0.400690633286058 0.132021952272307 0.055713140531541 0.0372448664981193 0.0372448664981193 0.018591601405932 0 0 0 0 0 0 0 0 0 0 0 0 0 0 0 0 0 0 0 0 0.018591601405932 0.132176111487945 0.018591601405932 0.018591601405932 0 0 0 0 0 0 0.018591601405932
0.737559351298021 0.776160818893754 0.776160818893754 0.776160818893754 0.718135290127644 0.798452241474995 0.911050132576925 0.977801072948141 0.933341555158167 0.933341555158167 0.762964790035148 0.798544737004378 0.798544737004378 0.487513103533329 0.330949004131467 0.657304063636924 0.67737559351298 0.67737559351298 0.736326077572917 0.755719306900167 1 0.955540482210027 0.933341555158167 0.505333908861072 0.933249059628785 0.776160818893754 0.657119072578159 0.636924215329593 0.716254547696861 0.776160818893754 0.910525991243757 0.820897823271875 0.776160818893754 0.755996793488315 0.0745822285256213 0.018591601405932 0.018591601405932 0.055713140531541 0.0372448664981193 0.018591601405932 0.0372448664981193 0.018591601405932 0 0 0 0 0 0 0 0 0 0 0 0 0 0 0 0 0 0 0 0.018591601405932 0.018591601405932 0.207991613738669 0.018591601405932 0.018591601405932 0.018591601405932 0 0.018591601405932 0.018591601405932 0 0.285163717087007 0.515600912622557
0.776160818893754 0.776160818893754 0.865819818708762 0.776160818893754 0.661651353517913 0.756767589566504 0.821082814330641 0.798452241474995 0.798452241474995 0.798452241474995 0.821021150644386 0.698587901584757 0.776160818893754 0.843651723500031 0.776160818893754 0.409508540420546 0.717117839304434 0.678855521983104 0.717117839304434 0.911050132576925 1 0.933341555158167 0.866251464512549 0.911050132576925 0.798544737004378 -9999 -9999 -9999 0.293950792378368 0.332583091817229 0.756767589566504 0.933033236726892 0.820897823271875 0.776160818893754 0.640562372818647 0.516464204230129 0.0372448664981193 0.380927421841278 0.0372448664981193 0.0372448664981193 0.0372448664981193 0.018591601405932 0 0 0 0 0 0 0 0 0 0 0 0 0 0 0 0 0 0 0 0.018591601405932 0.018591601405932 0.209995683541962 0.018591601405932 0.018591601405932 0.018591601405932 0.018591601405932 0.018591601405932 0.018591601405932 0.018591601405932 0.515600912622557 0.53480915089104
0.820928655115003 0.776160818893754 0.776160818893754 0.88854288709379 0.737559351298021 0.698957883702288 0.737559351298021 0.737559351298021 0.776160818893754 0.798452241474995 0.776160818893754 0.88854288709379 0.866251464512549 0.843651723500031 0.866251464512549 0.776160818893754 0.776160818893754 0.776160818893754 0.755719306900167 0.933249059628785 0.911050132576925 0.93331072331504 0.977801072948141 1 0.822840229388913 0.865665659493125 -9999 0.888357896035025 0.640562372818647 0.776160818893754 0.932694086452488 0.910402663871246 0.776160818893754 0.776160818893754 0.717826971696368 0.755842634272677 0.284824566812604 0.169667632731085 0.0745822285256213 0.018591601405932 0.018591601405932 0.0562681137078375 0.018591601405932 0 0 0 0 0 0 0 0 0 0 0 0 0 0 0 0 0 0 0.018591601405932 0.018591601405932 0.153758401677252 0.133501880742431 0.018591601405932 0.0372448664981193 0.018591601405932 0.0745822285256213 0.0745822285256213 0.419837207868286 0.515600912622557 0.515600912622557
0.955540482210027 0.798452241474995 0.737559351298021 0.888265400505642 0.865634827649997 0.865912314238145 0.776160818893754 0.776160818893754 0.776160818893754 0.776160818893754 0.776160818893754 0.865943146081273 0.91074181414565 0.888142073133132 0.776160818893754 0.776160818893754 0.798452241474995 0.798452241474995 0.798452241474995 0.977708577418758 1 0.977801072948141 0.955540482210027 0.911050132576925 0.955293827465006 0.468551520009866 0.821175309860024 0.776160818893754 0.62483813282358 0.776160818893754 0.865943146081273 0.932694086452488 0.776160818893754 0.776160818893754 0.776160818893754 0.755842634272677 0.535826601714251 0.419652216809521 0.419652216809521 0.303940309551705 0.0372448664981193 0.477276931614972 0.496608497255966 0.170315101436764 0 0 0 0 0 0 0 0 0 0 0 0 0 0 0 0 0.018591601405932 0.018591601405932 0.139914904112968 0.581858543503731 0.676604797434791 0.018591601405932 0.018591601405932 0.0372448664981193 0.0936054757353395 0.018591601405932 0.0745822285256213 0.496762656471604 0.573626441388666
0.911050132576925 0.910834309675033 0.756767589566504 0.737559351298021 0.933033236726892 0.865943146081273 0.776160818893754 0.843312573225627 0.776160818893754 0.776160818893754 0.776160818893754 0.776160818893754 0.798452241474995 0.798452241474995 0.776160818893754 0.776160818893754 0.776160818893754 0.776160818893754 0.776160818893754 0.977708577418758 1 1 0.88854288709379 0.821021150644386 0.933033236726892 0.487513103533329 0.800548806807671 0.618178454708022 0.735894431769131 0.509897021643954 0.798452241474995 1 0.798637232533761 0.776160818893754 0.776160818893754 0.776160818893754 0.755842634272677 0.496238515138435 0.53480915089104 0.477400258987482 0.055713140531541 0.496608497255966 0.151569340815194 0.477523586359993 0.0372448664981193 0 0 0 0 0 0 0 0 0 0 0 0 0 0 0 0 0.018591601405932 0.3713387186286 0.313498180921255 0.798452241474995 0.599556021458963 0.419467225750755 0.380711598939385 0.207929950052414 0.018591601405932 0.227292347536536 0.0751372017019177 0.207929950052414
0.911050132576925 0.82083615958562 0.717117839304434 0.68082875994327 0.776160818893754 0.933033236726892 0.776160818893754 0.776160818893754 0.910772645988777 0.821144478016896 0.776160818893754 0.776160818893754 0.776160818893754 0.776160818893754 0.776160818893754 0.776160818893754 0.776160818893754 0.776160818893754 0.776160818893754 0.955509650366899 1 0.701547758525005 0.798452241474995 0.955201331935623 0.88854288709379 0.755719306900167 0.697693778134057 0.640069063328606 0.537059875439354 0.605660726398224 0.798637232533761 0.776160818893754 0.86585065055189 0.776160818893754 0.776160818893754 0.776160818893754 0.717025343775051 0.438737127705494 0.515446753406919 0.419652216809521 0.208793241659986 0.0569772460997718 0.227970648085343 0.342911759264969 0.0372448664981193 0.018591601405932 0 0 0 0 0 0 0 0 0 0 0 0 0 0 0.018591601405932 0.0997101806746007 0.256767589566504 0.467071591539742 0.955201331935623 0.696922982055867 0.716316211383117 0.694949744095702 0.755842634272677 0.798452241474995 0.888018745760622 0.594098785225381 0.496762656471604
0.776160818893754 0.776160818893754 0.776160818893754 0.798452241474995 0.756767589566504 0.865943146081273 0.776160818893754 0.776160818893754 0.776160818893754 0.843343405068755 0.843528396127521 0.776160818893754 0.776160818893754 0.776160818893754 0.776160818893754 0.776160818893754 0.776160818893754 0.776160818893754 0.776160818893754 0.776160818893754 0.776160818893754 0.910433495714374 0.821082814330641 1 1 0.933249059628785 0.911050132576925 0.776160818893754 0.736326077572917 0.755719306900167 0.865573163963742 0.821267805389406 0.88854288709379 0.776160818893754 0.755842634272677 0.602176728124807 0.497625948079176 0.169667632731085 0.323364370722082 0.0372448664981193 0.208793241659986 0.018591601405932 0.0567305913547512 0.0372448664981193 0.0372448664981193 0.0372448664981193 0 0 0 0 0 0 0 0 0 0 0 0 0 0 0.0567922550410064 0.0993710304001973 0.256767589566504 0.776160818893754 0.843651723500031 0.776160818893754 0.798452241474995 0.776160818893754 0.820928655115003 0.933002404883764 0.977708577418758 1 0.756027625331442
