data-raw/DATASET_PNE/a_DATA/PFGS/ENVSUIT_A1B/HS_f30_H1_alpines.asc
NCOLS 619 
NROWS 782 
XLLCORNER 876826 
YLLCORNER 1947424 
CELLSIZE 100 
NODATA_value -9999 
[rows 297 to 329 of 782, columns 450 to 524 of 619]
1 1 1 1 -9999 -9999 1 1 1 1 1 1 1 1 1 1 1 1 1 1 1 0.88088044885628 0.410789814415192 0.193583657027766 0 0 0.193583657027766 0.466580348151345 0.368637606099842 0.368637606099842 0.0966191914832398 0 0 0 0 0 0 0 0 0 0 0 0 0 0 0.109049057689541 0.0654869802906057 0.0824054092936268 0.115868220399942 0.118170047475183 0.385556035102863 0.546741476046612 0.585642353618184 0.644022442813984 0.803798014674148 0.524874118831823 0.17191770968206 0 0 0 0 0 0 0 0 0.17191770968206 0.293396633577902 0.313019709394332 0.550971083297367 0.882434182132067 1 1 1 1 1
1 1 1 1 1 -9999 1 1 1 1 1 1 1 1 1 1 1 1 0.956351604085743 1 1 0.900043159257661 0.388951230038843 0.135232340670407 0 0 0.407365846640771 0.485771831391167 0.466580348151345 0.193583657027766 0.388231909077831 0 0 0 0 0 0 0 0 0 0 0 0 0 0 0 0 0 0 0 0.0436483959142569 0.261199827362969 0.280822903179399 0.280822903179399 0.210732268738311 0.220025895554596 0.123406704071357 0.0580060422960725 0 0 0 0 0 0 0.109336786073946 0.174622356495468 0.254179254783484 0.524960437347144 0.609811537908215 1 1 1 1 1 1
1 1 1 1 1 1 1 1 1 1 1 1 1 1 1 1 1 1 1 1 0.958480794130341 0.388951230038843 0.193583657027766 0.0580060422960725 0 0 0.213062868651993 0.446755862465832 0.290519349733851 0.232484534599338 0.232484534599338 0.466580348151345 0.213062868651993 0 0 0 0 0 0 0 0 0 0 0 0 0 0 0 0 0 0 0 0 0 0.130945187742771 0 0 0 0 0 0 0 0 0 0.0654006617752841 0.152726226442239 0.193641202704647 0.324845345993382 0.609236081139404 1 1 1 1 1 1
1 1 1 1 1 1 1 1 1 1 1 1 1 1 1 1 0.978276506977413 1 1 1 0.427420515033808 0.271558049201554 0 0 0 0 0.193583657027766 0.38817436340095 0.290519349733851 0.251589699323838 0.407768666378938 0.193583657027766 0.193583657027766 0.193583657027766 0.193583657027766 0.173960581211337 0 0 0 0 0 0 0 0 0 0 0 0 0 0 0 0 0 0 0 0 0 0 0 0 0 0 0 0 0 0.152668680765358 0.150165443821033 0.0845921450151057 0.472680189900734 1 1 1 1 1 1
1 1 1 1 1 1 1 1 1 1 1 1 1 1 1 1 1 0.98034815134513 0.958480794130341 0.465602071644368 0.193583657027766 0 0 0 0 0 0.232225579053374 0.42696014961876 0.309912242842756 0.309912242842756 0.232225579053374 0.407768666378938 0 0.173960581211337 0.173960581211337 0.173960581211337 0.115868220399942 0.154596460940872 0.193583657027766 0 0 0 0 0 0 0 0 0 0 0 0 0 0 0 0 0 0 0 0 0 0 0 0 0 0 0.174420946626385 0.196345849518055 0.157214789238958 0.276075384836714 0.881686088332614 1 0.785268306718458 0.804632426988922 0.960581211336498 1
1 1 1 1 1 1 1 1 1 1 1 1 1 1 1 0.934570565386275 1 0.98034815134513 0.773068623219681 0.13537620486261 0.0191914832398216 0 0.0218098115379082 0.0218098115379082 0 0 0.213062868651993 0.42696014961876 0.485771831391167 0.485771831391167 0.270896273917422 0.466580348151345 0 0 0 0 0 0 0 0 0 0 0 0 0 0 0 0 0 0 0 0 0 0 0 0 0 0 0 0 0 0 0 0 0 0.043705941591138 0.0434182132067328 0.0216084016688246 0.215422241404115 0.372090346712703 0.503438354193641 0.433405265429435 0.492734858293771 0.688246295497051 0.882434182132067
1 1 1 1 1 1 1 1 1 1 1 1 1 1 0.912818299525248 1 1 0.752208315350309 0.173730398503812 0.0630700618616026 0 0 0 0.0218098115379082 0 0.0773413897280967 0.212775140267587 0 0 0 0 0 0 0 0 0 0 0 0 0 0 0 0 0 0 0 0 0 0 0 0 0 0 0 0 0 0 0 0 0 0 0 0 0 0 0 0 0.0654869802906057 0.13537620486261 0.147834843907351 0.273716012084592 0.313019709394332 0.391454466983168 0.433318946914113 0.609610128039131
1 1 1 1 1 1 1 1 1 1 1 1 1 1 1 1 0.958480794130341 0.388951230038843 0.135232340670407 0.0191914832398216 0 0 0.0218098115379082 0 0.251934973385124 0.0436483959142569 0 0.232426988922457 0.34941735002158 0.116069630269026 0 0 0 0 0 0 0 0 0 0 0 0 0 0 0 0 0 0 0 0 0 0 0 0 0 0 0 0 0 0 0 0 0 0 0 0 0 0 0 0.130801323550568 0.152726226442239 0.191396921306287 0.293396633577902 0.293396633577902 0.391454466983168
1 1 1 1 1 1 1 1 1 1 1 1 1 1 1 0.98034815134513 0.634412314774852 0.135059703639764 0 0 0 0.0218098115379082 0 0.135232340670407 0 0.0580060422960725 0.388951230038843 0.295957416199108 0.0800460365415048 0.173960581211337 0 0 0 0 0 0.193583657027766 0.273917421953676 0.193583657027766 0.212976550136671 0.135232340670407 0 0 0 0 0 0 0 0 0 0 0 0 0 0 0 0 0 0 0 0 0 0 0 0 0 0 0 0 0 0 0.218213206732844 0.215537332757877 0.128355632283125 0.17191770968206 0.17191770968206
1 1 1 1 1 1 1 1 1 1 1 1 1 1 1 0.782995252481657 0.388951230038843 0 0 0 0 0.0191914832398216 0.271097683786506 0.0191914832398216 0.173960581211337 0.388951230038843 0.683009638900878 0.64157675154654 0.602877283844051 0.290576895410732 0.0579484966191915 0.0799884908646238 0.193583657027766 0.36912674435333 0.683009638900878 0.822356495468278 0.841893252769386 0.74101568119695 0.349187167314056 0.193583657027766 0.0580060422960725 0 0 0 0 0 0 0 0 0 0 0 0 0 0 0 0 0 0 0 0 0 0 0 0 0 0 0 0 0 0.152668680765358 0.174593583657028 0.174622356495468 0.109164149043303 0
1 1 1 1 1 1 1 1 1 1 1 1 1 1 0.693684361962308 0.388951230038843 0.252078837577327 0.0191914832398216 0 0.0191914832398216 0.13540497770105 0.0191914832398216 0.0191914832398216 0.115868220399942 0.683009638900878 0.938800172637031 1 1 0.980290605668249 0.94098690835851 0.960638757013379 0.824399366997554 0.802532009782765 0.88088044885628 0.98034815134513 0.98034815134513 1 0.98034815134513 0.961070349589987 0.173730398503812 0 0 0 0 0 0 0 0 0 0 0 0 0 0 0 0 0 0 0 0 0 0 0 0 0 0 0 0 0 0 0 0.0436483959142569 0.152553589411595 0.196345849518055 0.0216084016688246
1 1 1 1 1 1 0.978276506977413 1 1 1 0.956236512731981 0.914659761185441 0.958480794130341 0.388951230038843 0.388951230038843 0.173960581211337 0.0191914832398216 0.0191914832398216 0.309941015681197 0.290634441087613 0.0191914832398216 0.0191914832398216 0.0191914832398216 0.702373759171342 0.958480794130341 1 1 1 1 1 1 1 1 1 1 1 1 1 0.98034815134513 0.757646381815566 0.135059703639764 0.0220399942454323 0 0 0 0 0 0 0 0 0 0 0 0 0 0 0 0 0 0 0 0 0 0 0 0 0 0 0 0 0 0 0 0.152553589411595 0.0434469860451734
1 1 1 1 1 1 1 1 0.97810386994677 1 1 0.859272047187455 0.368723924615163 0.115868220399942 0 0.0191914832398216 0.290634441087613 0.544267011940728 0.0966479643216803 0.0386706948640483 0.0970507840598475 0.184433894403683 0.792634153359229 0.98034815134513 1 1 1 1 1 1 1 0.978276506977413 0.956437922601065 1 1 1 1 1 1 1 0.840368292332038 0.42529132498921 0.173960581211337 0 0 0 0 0 0 0 0 0 0 0 0 0 0 0 0 0 0 0 0 0 0 0 0 0 0 0 0 0 0 0.0218385843763487 0.109221694720184
1 1 1 1 1 1 0.934397928355632 1 1 1 0.547316932815422 0.408142713278665 0.104359085023738 0.0191914832398216 0.0191914832398216 0.290634441087613 0.563544813695871 0.486088332614012 0.0970507840598475 0.116673859876277 0.13595166163142 0.48594446842181 0.958480794130341 1 1 1 1 1 1 1 1 1 1 1 1 1 1 1 1 1 1 0.94098690835851 0.641058840454611 0.193583657027766 0.0218385843763487 0.0436483959142569 0.0218098115379082 0 0 0 0 0 0 0 0 0 0 0 0 0 0 0 0 0 0 0 0 0 0 0 0 0 0 0.0218385843763487 0
1 1 1 1 0.934311609840311 0.934311609840311 0.978132642785211 0.978190188462092 0.603165012228456 0.34889943892965 0.198820313623939 0.116673859876277 0.116673859876277 0.0775140267587397 0.44664077111207 0.583196662350741 0.329564091497626 0.0970507840598475 0.0970507840598475 0.13595166163142 0.155315781901885 0.958480794130341 1 1 1 1 1 1 1 1 1 1 1 1 1 1 1 1 1 1 1 1 0.960638757013379 0.270867501078981 0.0412314774852539 0.10392749244713 0.109336786073946 0.0218098115379082 0 0 0 0 0 0 0 0 0 0 0 0 0 0 0 0 0 0 0 0 0 0 0 0 0 0 0
1 0.934513019709394 0.978161415623651 0.97810386994677 1 1 0.744439648971371 0.429952524816573 0.235102862897425 0.252136383254208 0.194072795281254 0.116673859876277 0.174564810818587 0.329564091497626 0.544180693425406 0.368493741907639 0.0970507840598475 0.116673859876277 0.157790246007769 0.329535318659186 0.810530858869227 1 1 1 1 1 1 1 1 1 1 1 1 1 1 1 1 1 1 1 1 1 1 0.545676881024313 0.0191914832398216 0.0191914832398216 0.0436483959142569 0.131089051934973 0 0 0 0 0 0 0 0 0 0 0 0 0 0 0 0 0 0 0 0 0 0 0 0 0 0.0218385843763487 0
-9999 1 0.956265285570421 1 1 1 0.722687383110344 0.583196662350741 0.583196662350741 0.583196662350741 0.174593583657028 0.193900158250611 0.583196662350741 0.368119695007913 0.116673859876277 0.0387282405409294 0.0776291181125018 0.198906632139261 0.290548122572292 0.914746079700762 0.98034815134513 1 1 1 1 1 1 1 1 1 1 1 1 1 1 1 1 1 1 1 1 1 1 0.532268738311034 0.104359085023738 0.0191914832398216 0 0.0218098115379082 0 0 0 0 0 0 0 0 0 0 0 0 0 0 0 0 0 0 0 0 0 0 0 0 0 0 0
1 1 1 1 1 0.781786793267156 0.583196662350741 0.583196662350741 0.583196662350741 0.583196662350741 0.583196662350741 0.387829089339663 0.29046180405697 0.264307293914545 0.215825061142282 0.295238095238095 0.351834268450583 0.62474464105884 1 1 1 1 1 1 1 1 1 1 1 1 1 1 1 1 1 1 1 1 1 1 1 1 1 0.940814271327866 0.179830240253201 0.0191914832398216 0 0 0 0 0 0 0 0 0 0 0 0 0 0 0 0 0 0 0 0 0 0 0 0 0 0 0 0 0
0.934513019709394 0.890807078118256 1 1 1 1 0.781786793267156 0.781786793267156 0.762077398935405 0.783829664796432 0.744439648971371 0.62474464105884 0.585613580779744 0.744439648971371 1 1 1 1 1 1 1 1 0.978276506977413 1 1 1 1 1 1 1 1 1 1 1 1 1 1 1 1 1 1 1 1 0.688246295497051 0.177154366278233 0.0191914832398216 0 0 0 0 0 0 0 0 0 0 0 0 0 0 0 0 0 0 0 0 0 0 0 0 0 0 0 0 0
1 1 0.912645662494605 0.890749532441375 0.912473025463962 1 1 1 1 1 1 1 0.978132642785211 0.934311609840311 0.956236512731981 0.97810386994677 1 1 1 1 1 1 1 1 1 1 1 1 1 1 1 1 1 1 1 1 1 1 1 1 1 1 1 0.649633146309883 0.177154366278233 0.128182995252482 0 0 0 0 0 0 0 0 0 0 0 0 0 0 0 0 0 0 0 0 0 0 0 0 0 0 0 0 0
1 1 1 0.978161415623651 1 0.868939720903467 0.912473025463962 0.890749532441375 0.890749532441375 0.890663213926054 0.890663213926054 0.934397928355632 0.956265285570421 1 0.978161415623651 1 1 1 1 1 1 1 1 1 1 1 1 1 1 1 1 1 1 1 1 1 1 1 1 1 1 1 1 0.590821464537477 0.26686807653575 0.0846784635304273 0.0191914832398216 0 0 0 0 0 0 0 0 0 0 0 0 0 0 0 0 0 0 0 0 0 0 0 0 0 0 0 0
1 1 1 1 1 1 0.912760753848367 0.978161415623651 0.97807509710833 0.97807509710833 0.97807509710833 1 1 1 1 1 1 1 1 1 1 1 1 1 1 1 1 1 1 1 1 1 1 1 1 1 1 1 1 1 1 1 1 0.6685369011653 0.26686807653575 0.150107898144152 0 0.0218098115379082 0.0218098115379082 0 0 0 0 0 0 0 0 0 0 0 0 0 0 0 0 0 0 0 0 0 0 0 0 0 0
1 1 1 1 1 1 1 0.956409149762624 1 1 1 1 1 1 1 1 1 1 1 1 1 1 1 1 1 1 1 1 1 1 1 1 1 1 1 1 1 1 1 1 1 1 1 0.6685369011653 0.286232196806215 0.227967198964178 0.0410300676161703 0 0.087584520212919 0 0 0 0 0 0 0 0 0 0 0 0 0 0 0 0 0 0 0 0 0 0 0 0 0 0
1 1 1 1 1 1 1 1 1 1 1 1 1 1 1 1 1 1 1 1 1 1 1 1 1 1 1 1 1 1 1 1 1 1 1 1 1 1 1 1 1 1 1 0.610473313192346 0.28876420658898 0.0970507840598475 0.0191914832398216 0.0410300676161703 0 0.0654006617752841 0 0 0 0 0 0 0 0 0 0 0 0 0 0 0 0 0 0 0 0 0 0 0 0 0
1 1 1 1 1 1 1 1 1 1 1 1 1 1 1 1 1 1 1 1 1 1 1 1 1 1 1 1 1 1 1 1 1 1 1 1 1 1 1 1 1 1 0.688246295497051 0.591339375629406 0.286232196806215 0.249863329017408 0.0191914832398216 0 0 0 0 0 0 0 0 0 0 0 0 0 0 0 0 0 0 0 0 0 0 0 0 0 0 0 0
1 1 1 1 1 1 1 1 1 1 1 1 1 1 1 1 1 1 1 1 1 1 1 1 1 1 1 1 1 1 1 1 1 1 1 1 1 1 1 1 1 0.960984031074665 0.649633146309883 0.591339375629406 0.305509998561358 0.283613868508128 0.0970507840598475 0 0 0 0.0218098115379082 0 0 0 0 0 0 0 0 0 0 0 0 0 0 0 0 0 0 0 0 0 0 0 0
1 1 1 1 1 1 1 1 1 1 1 1 1 1 1 1 1 1 1 1 1 1 1 1 1 1 1 1 1 1 1 1 1 1 1 1 1 1 1 1 1 0.980693425406416 0.6685369011653 0.821406991799741 0.363746223564955 0.286232196806215 0.249863329017408 0.0410300676161703 0.0218385843763487 0 0 0 0 0 0 0 0 0 0 0 0 0 0 0 0 0 0 0 0 0 0 0 0 0 0
1 1 1 1 1 1 1 1 1 1 1 1 1 1 1 1 1 1 1 1 1 1 1 1 1 1 1 1 1 1 1 1 1 1 1 1 1 1 1 1 1 1 0.980693425406416 0.688246295497051 1 0.655157531290462 0.28876420658898 0.135807797439217 0.0191914832398216 0 0 0 0 0 0 0 0 0 0 0 0 0 0 0 0 0 0 0 0 0 0 0 0 0 0
1 1 1 1 1 1 1 1 1 1 1 1 1 1 1 1 1 1 1 1 1 1 1 1 1 1 -9999 1 1 1 1 1 1 1 1 1 1 1 1 1 1 1 1 1 1 0.980290605668249 0.402100417206157 0.116673859876277 0.0191914832398216 0 0.0218098115379082 0 0 0 0 0 0 0 0 0 0 0 0 0 0 0 0 0 0 0 0 0 0 0 0
1 1 1 1 1 1 1 1 1 1 1 1 1 1 1 1 1 1 1 1 1 1 1 1 -9999 -9999 -9999 -9999 1 1 1 1 1 1 1 1 1 1 1 1 1 1 1 1 1 1 0.615796288303841 0.269486404833837 0.0191914832398216 0.0218385843763487 0.0218098115379082 0 0 0 0 0 0 0 0 0 0 0 0 0 0 0 0 0 0 0 0 0 0 0 0
1 1 1 1 1 1 1 1 1 1 1 1 1 1 1 1 1 1 1 1 1 1 1 1 -9999 -9999 -9999 -9999 1 1 1 1 1 1 1 1 1 1 1 1 1 1 1 1 1 1 0.940871817004748 0.30562508991512 0.0191914832398216 0 0 0 0 0 0 0 0 0 0 0 0 0 0 0 0 0 0 0 0 0 0 0 0 0 0
-9999 1 1 1 1 1 1 1 1 1 1 1 1 1 1 1 1 1 1 1 1 1 1 -9999 -9999 -9999 -9999 -9999 1 1 1 1 1 1 1 1 1 1 1 1 1 1 1 1 1 1 0.921018558480794 0.382534887066609 0.0191914832398216 0 0 0 0 0 0 0 0 0 0 0 0 0 0 0 0 0 0 0 0 0 0 0 0 0 0
1 1 1 1 1 1 1 1 1 1 1 1 1 1 1 1 1 1 1 1 1 -9999 -9999 -9999 -9999 -9999 -9999 1 1 1 1 1 1 1 1 1 1 1 1 1 1 1 1 1 1 1 0.980290605668249 0.32752121996835 0.0191914832398216 0 0 0 0.0218098115379082 0 0 0 0 0 0 0 0 0 0 0 0 0 0 0 0 0 0 0 0 0 0
