data-raw/DATASET_PNE/a_DATA/PFGS/ENVSUIT_A1B/HS_f30_H6_megaph.asc
NCOLS 619 
NROWS 782 
XLLCORNER 876826 
YLLCORNER 1947424 
CELLSIZE 100 
NODATA_value -9999 
[rows 297 to 323 of 782, columns 0 to 59 of 619]
-9999 -9999 -9999 -9999 -9999 -9999 -9999 -9999 -9999 -9999 -9999 -9999 -9999 -9999 -9999 -9999 -9999 -9999 -9999 -9999 -9999 -9999 -9999 -9999 -9999 -9999 -9999 -9999 -9999 -9999 1 1 1 1 1 1 1 1 1 1 1 1 1 1 1 1 1 0.63556483535604 0.63556483535604 0.616860237504894 0.616860237504894 0.616860237504894 0.616860237504894 0.63556483535604 0.63556483535604 0.63556483535604 0.63556483535604 0.63556483535604 0.63556483535604 0.836356518334856
-9999 -9999 -9999 -9999 -9999 -9999 -9999 -9999 -9999 -9999 -9999 -9999 -9999 -9999 -9999 -9999 -9999 -9999 -9999 -9999 -9999 -9999 -9999 -9999 -9999 -9999 -9999 -9999 1 1 1 1 1 1 1 1 1 1 1 1 1 1 1 1 1 1 1 0.945321675583975 0.616860237504894 0.616860237504894 0.598329635912828 0.572708686763235 0.553743094523468 0.534864500413241 0.616860237504894 0.616860237504894 0.616860237504894 0.63556483535604 0.63556483535604 0.762930097002914
-9999 -9999 -9999 -9999 -9999 -9999 -9999 -9999 -9999 -9999 -9999 -9999 -9999 -9999 -9999 -9999 -9999 -9999 -9999 -9999 -9999 -9999 -9999 -9999 -9999 -9999 -9999 -9999 1 1 1 1 1 1 1 1 1 1 1 1 1 1 1 1 1 1 -9999 0.780851711688199 0.654051937883335 0.616860237504894 0.616860237504894 0.63556483535604 0.616860237504894 0.616860237504894 0.616860237504894 0.63556483535604 0.726695376049415 0.726695376049415 0.780851711688199 0.654051937883335
-9999 -9999 -9999 -9999 -9999 -9999 -9999 -9999 -9999 -9999 -9999 -9999 -9999 -9999 -9999 -9999 -9999 -9999 -9999 -9999 -9999 -9999 -9999 -9999 -9999 -9999 -9999 -9999 1 1 1 1 1 1 1 1 1 1 1 1 0.945321675583975 0.85432163208491 0.78146069859498 0.6721475488277 0.762930097002914 -9999 -9999 -9999 0.63556483535604 0.63556483535604 0.63556483535604 0.616990734699204 0.616990734699204 0.616990734699204 0.63556483535604 0.63556483535604 0.690547653225456 0.70859976510505 0.63556483535604 0.63556483535604
-9999 -9999 -9999 -9999 -9999 -9999 -9999 -9999 -9999 -9999 -9999 -9999 -9999 -9999 -9999 -9999 -9999 -9999 -9999 -9999 -9999 -9999 -9999 -9999 -9999 -9999 -9999 -9999 1 1 1 1 1 1 1 1 1 1 1 0.872417243029275 0.690547653225456 0.63556483535604 -9999 -9999 -9999 0.63556483535604 0.63556483535604 0.63556483535604 0.63556483535604 0.63556483535604 0.616990734699204 0.616990734699204 0.616990734699204 0.616990734699204 0.616990734699204 0.616990734699204 0.63556483535604 0.63556483535604 0.63556483535604 0.63556483535604
-9999 -9999 -9999 -9999 -9999 -9999 -9999 -9999 -9999 -9999 -9999 -9999 -9999 -9999 -9999 -9999 -9999 -9999 -9999 -9999 -9999 -9999 -9999 -9999 -9999 -9999 -9999 -9999 1 1 1 1 1 1 1 1 1 1 1 0.85432163208491 -9999 0.63556483535604 -9999 0.63556483535604 0.616990734699204 0.616990734699204 0.63556483535604 0.63556483535604 0.63556483535604 0.63556483535604 0.616990734699204 0.616990734699204 0.616990734699204 0.616990734699204 0.462917047283483 0.616990734699204 0.616990734699204 0.616990734699204 0.616990734699204 0.616990734699204
-9999 -9999 -9999 -9999 -9999 -9999 -9999 -9999 -9999 -9999 -9999 -9999 -9999 -9999 -9999 -9999 -9999 -9999 -9999 -9999 -9999 -9999 -9999 -9999 -9999 -9999 -9999 1 1 1 1 1 1 1 1 1 1 0.981295402148854 0.962764800556788 -9999 -9999 0.63556483535604 0.63556483535604 0.616990734699204 0.616990734699204 0.616990734699204 0.616990734699204 0.616990734699204 0.616990734699204 0.63556483535604 0.616990734699204 0.616990734699204 0.616990734699204 0.598851624690069 0.50219670277089 0.616990734699204 0.616990734699204 0.616990734699204 0.616990734699204 0.616990734699204
-9999 -9999 -9999 -9999 -9999 -9999 -9999 -9999 -9999 -9999 -9999 -9999 -9999 -9999 -9999 -9999 -9999 -9999 -9999 -9999 -9999 -9999 -9999 -9999 -9999 -9999 1 1 1 1 1 1 1 1 1 1 1 0.962764800556788 0.798164339466701 0.653268954717473 0.654051937883335 0.616990734699204 0.616990734699204 0.616990734699204 0.616990734699204 0.616990734699204 0.616990734699204 0.616990734699204 0.616990734699204 0.616990734699204 0.616990734699204 0.562442907477489 0.521901779111749 0.482709121753882 0.482709121753882 0.616990734699204 0.616990734699204 0.616990734699204 0.616990734699204 0.616990734699204
-9999 -9999 -9999 -9999 -9999 -9999 -9999 -9999 -9999 -9999 -9999 -9999 -9999 -9999 -9999 -9999 -9999 -9999 -9999 -9999 -9999 -9999 -9999 -9999 -9999 1 1 1 1 1 1 1 1 1 1 1 0.981295402148854 0.598329635912828 0.560963939275306 0.598329635912828 0.63556483535604 0.616990734699204 0.616990734699204 0.616990734699204 0.616990734699204 0.616990734699204 0.597242159293575 0.616990734699204 0.598721127495759 0.598721127495759 0.562442907477489 0.464439514550437 0.464439514550437 0.444647440080038 0.462917047283483 0.482709121753882 0.616990734699204 0.616990734699204 0.616990734699204 0.616990734699204
-9999 -9999 -9999 -9999 -9999 -9999 -9999 -9999 -9999 -9999 -9999 -9999 -9999 -9999 -9999 -9999 -9999 -9999 -9999 -9999 -9999 -9999 -9999 -9999 -9999 1 1 1 1 1 0.981295402148854 0.981295402148854 0.981295402148854 0.981295402148854 1 0.981295402148854 0.616425246857193 0.560963939275306 0.523511244508243 0.54238983861847 0.616990734699204 0.598721127495759 0.598721127495759 0.598721127495759 0.598721127495759 0.558353995389099 0.577841576406107 0.484101091826526 0.523206751054852 0.483927095567445 0.464439514550437 0.464439514550437 0.464439514550437 0.462917047283483 0.462917047283483 0.462917047283483 0.387620166166427 0.616990734699204 0.597242159293575 0.597242159293575
-9999 -9999 -9999 -9999 -9999 -9999 -9999 -9999 -9999 -9999 -9999 -9999 -9999 -9999 -9999 -9999 -9999 -9999 -9999 -9999 -9999 -9999 -9999 -9999 0.580060028709383 0.944886684936274 0.962764800556788 0.981295402148854 1 1 0.962764800556788 0.890295358649789 0.962764800556788 0.944886684936274 1 0.889686371743007 0.560963939275306 0.542085345165079 0.54238983861847 0.598286136848058 0.598721127495759 0.598721127495759 0.598721127495759 0.598721127495759 0.520379311844795 0.520379311844795 0.425464352516421 0.310017834616556 0.290921745182479 0.290921745182479 0.290921745182479 0.310017834616556 0.328548436208622 0.423941885249467 0.423941885249467 0.598851624690069 0.464439514550437 0.616990734699204 0.597242159293575 0.63556483535604
-9999 -9999 -9999 -9999 -9999 -9999 -9999 -9999 -9999 -9999 -9999 -9999 -9999 -9999 -9999 -9999 -9999 -9999 -9999 -9999 -9999 -9999 -9999 0.523946235155944 0.542085345165079 0.634477358736787 0.944756187741963 0.816694941058767 0.981295402148854 0.871721257992953 0.634477358736787 0.542085345165079 0.671364565661838 0.634477358736787 0.907564487363522 0.560963939275306 0.523511244508243 0.523511244508243 0.524250728609335 0.464526512679977 0.502240201835661 0.520379311844795 0.520379311844795 0.520379311844795 0.500891730827787 0.366175127234764 0.290921745182479 0.290921745182479 0.290921745182479 0.290921745182479 0.290921745182479 0.310017834616556 0.366175127234764 0.290921745182479 0.559702466396972 0.577841576406107 0.616990734699204 0.597242159293575 0.597242159293575 0.53864891904824
-9999 -9999 -9999 -9999 -9999 -9999 -9999 -9999 -9999 -9999 -9999 -9999 -9999 -9999 -9999 -9999 -9999 -9999 -9999 -9999 -9999 -9999 0.272043151072252 0.447996868067337 0.523946235155944 0.561181434599156 0.598329635912828 0.689242681282352 0.981295402148854 0.743355517856366 0.598329635912828 0.523511244508243 0.579233546478751 0.542085345165079 0.561181434599156 0.523511244508243 0.368045587019879 0.369481056157293 0.348601505067641 0.367567097307408 0.385967201705163 0.445038931662969 0.445038931662969 0.445038931662969 0.445038931662969 0.425464352516421 0.310017834616556 0.290921745182479 0.272043151072252 0.328548436208622 0.366175127234764 0.386097698899474 0.366175127234764 0.520379311844795 0.577841576406107 0.577841576406107 0.53864891904824 0.53864891904824 0.445038931662969 0.272043151072252
-9999 -9999 -9999 -9999 -9999 -9999 -9999 -9999 -9999 -9999 -9999 -9999 -9999 -9999 -9999 -9999 -9999 -9999 -9999 -9999 -9999 -9999 0.290965244247249 0.290965244247249 0.428074296402627 0.505807125146809 0.580060028709383 0.580060028709383 0.780329722910957 0.616207751533342 0.523511244508243 0.505372134499108 0.505372134499108 0.505372134499108 0.487233024489973 0.330331897864196 0.331506372612989 0.330331897864196 0.347775022837009 0.347775022837009 0.347775022837009 0.347775022837009 0.347775022837009 0.347775022837009 0.347775022837009 0.367567097307408 0.385967201705163 0.385967201705163 0.445038931662969 0.445038931662969 0.502240201835661 0.520379311844795 0.520379311844795 0.520379311844795 0.520379311844795 0.272043151072252 0.272043151072252 0.272043151072252 0.272043151072252 0.272043151072252
-9999 -9999 -9999 -9999 -9999 -9999 -9999 -9999 -9999 -9999 -9999 -9999 -9999 -9999 -9999 -9999 -9999 -9999 -9999 -9999 -9999 -9999 -9999 0.272565139849493 0.290965244247249 0.428074296402627 0.487233024489973 0.523946235155944 0.505372134499108 0.505372134499108 0.467745443472965 0.428074296402627 0.348732002261951 0.348732002261951 0.310757318717648 0.292357214319892 0.347775022837009 0.347775022837009 0.347775022837009 0.347775022837009 0.347775022837009 0.347775022837009 0.347775022837009 0.347775022837009 0.347775022837009 0.347775022837009 0.367567097307408 0.385967201705163 0.385967201705163 0.385967201705163 0.425464352516421 0.445038931662969 0.328548436208622 0.272043151072252 0.272043151072252 0.272043151072252 0.272043151072252 0.272043151072252 0.272043151072252 0.272043151072252
-9999 -9999 -9999 -9999 -9999 -9999 -9999 -9999 -9999 -9999 -9999 -9999 -9999 -9999 -9999 -9999 -9999 -9999 -9999 -9999 -9999 -9999 -9999 -9999 0.272565139849493 0.272565139849493 0.290965244247249 0.290965244247249 0.310757318717648 0.292357214319892 0.290965244247249 0.290965244247249 0.328939927791552 0.272565139849493 0.29144373395972 0.310539823393797 0.347775022837009 0.347775022837009 0.347775022837009 0.347775022837009 0.347775022837009 0.347775022837009 0.347775022837009 0.347775022837009 0.272521640784723 -9999 -9999 0.253643046674496 0.253643046674496 0.272043151072252 0.272043151072252 0.290921745182479 0.272043151072252 0.272043151072252 0.272043151072252 0.272043151072252 0.272043151072252 0.272043151072252 0.272043151072252 0.272043151072252
-9999 -9999 -9999 -9999 -9999 -9999 -9999 -9999 -9999 -9999 -9999 -9999 -9999 -9999 -9999 -9999 -9999 -9999 -9999 -9999 -9999 -9999 -9999 -9999 -9999 0.310539823393797 0.290965244247249 0.290965244247249 0.290965244247249 0.272565139849493 0.290965244247249 0.290965244247249 -9999 0.328939927791552 0.347775022837009 0.347775022837009 0.366175127234764 0.347470529383618 0.347775022837009 0.347775022837009 0.347775022837009 0.310017834616556 0.310017834616556 0.310017834616556 -9999 -9999 -9999 -9999 0.253643046674496 0.272043151072252 0.272043151072252 0.272043151072252 0.272043151072252 0.272043151072252 0.272043151072252 0.272043151072252 0.272043151072252 0.290921745182479 0.445038931662969 0.53864891904824
-9999 -9999 -9999 -9999 -9999 -9999 -9999 -9999 -9999 -9999 -9999 -9999 -9999 -9999 -9999 -9999 -9999 -9999 -9999 -9999 -9999 -9999 -9999 -9999 -9999 -9999 -9999 0.328939927791552 0.328939927791552 -9999 -9999 -9999 -9999 0.347470529383618 0.310017834616556 0.272043151072252 0.272043151072252 0.272043151072252 0.272043151072252 0.253643046674496 0.253643046674496 0.272043151072252 0.272043151072252 0.272043151072252 0.272043151072252 -9999 -9999 -9999 0.272043151072252 0.272043151072252 0.272043151072252 0.272043151072252 0.272043151072252 0.272043151072252 0.272043151072252 0.272043151072252 0.290921745182479 0.597242159293575 0.577841576406107 0.616990734699204
-9999 -9999 -9999 -9999 -9999 -9999 -9999 -9999 -9999 -9999 -9999 -9999 -9999 -9999 -9999 -9999 -9999 -9999 -9999 -9999 -9999 -9999 -9999 -9999 -9999 0.290965244247249 0.309452346774544 0.383922745660968 0.383922745660968 0.309452346774544 0.310757318717648 0.309452346774544 -9999 -9999 0.328939927791552 0.366175127234764 0.272043151072252 0.272043151072252 0.272043151072252 0.272043151072252 0.272043151072252 0.272043151072252 0.272043151072252 0.272043151072252 0.272043151072252 0.310017834616556 0.310017834616556 0.272043151072252 0.272043151072252 0.272043151072252 0.272043151072252 0.272043151072252 0.310017834616556 0.310017834616556 0.310017834616556 0.464613510809518 0.597242159293575 0.597242159293575 0.616990734699204 0.616990734699204
-9999 -9999 -9999 -9999 -9999 -9999 -9999 -9999 -9999 -9999 -9999 -9999 -9999 -9999 -9999 -9999 -9999 -9999 -9999 -9999 -9999 -9999 -9999 -9999 -9999 0.505807125146809 0.487233024489973 0.487233024489973 0.487233024489973 0.523946235155944 0.523946235155944 0.487233024489973 0.487233024489973 0.524294227674105 0.367393101048327 0.440863021445039 0.440819522380269 0.366175127234764 0.366175127234764 0.366175127234764 0.385967201705163 0.366175127234764 0.366175127234764 0.366175127234764 0.366175127234764 0.366175127234764 0.366175127234764 0.347470529383618 0.310017834616556 0.347470529383618 0.502240201835661 0.520379311844795 0.520379311844795 0.484101091826526 0.520379311844795 0.616990734699204 0.616990734699204 0.580712514680934 0.616990734699204 0.616990734699204
-9999 -9999 -9999 -9999 -9999 -9999 -9999 -9999 -9999 -9999 -9999 -9999 -9999 -9999 -9999 -9999 -9999 -9999 -9999 -9999 -9999 -9999 -9999 -9999 0.542085345165079 0.542085345165079 0.542085345165079 0.542085345165079 0.542085345165079 0.542085345165079 0.542085345165079 0.542085345165079 0.542085345165079 0.542085345165079 0.561181434599156 0.523946235155944 0.505807125146809 0.652790465005002 0.689416677541433 0.707947279133499 0.593153247205185 0.596763669581104 0.578276567053808 0.541432859193527 0.484101091826526 0.562442907477489 0.562442907477489 0.580582017486624 0.520379311844795 0.559571969202662 0.559571969202662 0.541432859193527 0.42524685719257 0.366175127234764 0.616990734699204 0.580582017486624 0.369089564574362 0.483927095567445 0.616990734699204 0.616990734699204
-9999 -9999 -9999 -9999 -9999 -9999 -9999 -9999 -9999 -9999 -9999 -9999 -9999 -9999 -9999 -9999 -9999 -9999 -9999 -9999 -9999 -9999 -9999 -9999 0.598329635912828 0.598329635912828 0.598329635912828 0.598329635912828 0.598329635912828 0.598329635912828 0.598329635912828 0.598329635912828 0.598329635912828 0.598329635912828 0.598329635912828 0.542085345165079 0.542085345165079 0.542085345165079 0.707425290356257 0.780199225716647 0.780199225716647 0.780851711688199 0.762930097002914 0.743616512244987 0.762234111966593 0.780199225716647 0.798729827308713 0.799469311409805 0.762930097002914 0.654051937883335 0.615816259950411 0.615816259950411 0.615816259950411 0.63556483535604 0.654051937883335 0.616990734699204 0.616990734699204 0.63556483535604 0.63556483535604 0.690547653225456
-9999 -9999 -9999 -9999 -9999 -9999 -9999 -9999 -9999 -9999 -9999 -9999 -9999 -9999 -9999 -9999 -9999 -9999 -9999 -9999 -9999 -9999 -9999 0.817173430771238 0.816607942929227 0.908825960241855 0.890251859585019 0.927443559963461 0.689199182217582 0.707903780068729 0.78119970420636 0.762060115707512 0.890208360520249 0.927443559963461 0.598329635912828 0.598329635912828 0.560963939275306 0.542085345165079 0.542085345165079 0.579451041802601 0.580060028709383 0.671190569402758 0.580060028709383 0.598329635912828 0.580060028709383 0.835182043586063 0.835182043586063 0.835182043586063 0.871590760798643 0.872417243029275 0.85432163208491 0.85432163208491 0.835791030492844 0.817434425159859 0.817434425159859 0.799469311409805 0.762930097002914 0.762930097002914 0.85432163208491 0.96341728652834
-9999 -9999 -9999 -9999 -9999 -9999 -9999 -9999 -9999 -9999 -9999 -9999 -9999 -9999 -9999 -9999 -9999 -9999 -9999 -9999 -9999 -9999 -9999 1 1 1 1 1 1 0.891165339945191 0.92692157118622 1 1 1 0.799295315150724 0.689851668189134 0.707903780068729 0.689199182217582 0.598329635912828 0.560354952368524 0.598329635912828 0.598329635912828 0.598329635912828 0.579233546478751 0.598329635912828 0.634477358736787 0.670494584366436 0.871721257992953 0.981295402148854 1 0.981425899343164 0.945321675583975 0.872417243029275 0.872417243029275 0.890295358649789 0.890295358649789 0.890295358649789 0.945321675583975 0.96341728652834 1
-9999 -9999 -9999 -9999 -9999 -9999 -9999 -9999 -9999 -9999 -9999 -9999 -9999 -9999 -9999 -9999 -9999 -9999 -9999 -9999 -9999 -9999 1 1 1 1 1 1 1 1 1 1 1 1 1 1 1 1 1 0.689851668189134 0.707903780068729 0.63556483535604 0.616860237504894 0.597764148070816 0.616860237504894 0.981295402148854 0.981295402148854 0.981295402148854 0.798642829179173 1 1 0.981425899343164 0.945321675583975 0.945321675583975 0.945321675583975 0.945321675583975 0.96341728652834 0.981425899343164 1 1
-9999 -9999 -9999 -9999 -9999 -9999 -9999 -9999 -9999 -9999 -9999 -9999 -9999 -9999 -9999 -9999 -9999 -9999 -9999 -9999 -9999 -9999 -9999 1 1 1 1 1 1 1 1 1 0.96367828091696 1 1 1 1 1 1 0.836139023011005 0.982034886249946 0.63556483535604 0.597590151811736 0.836139023011005 1 1 1 1 1 1 1 1 1 1 0.981425899343164 0.96341728652834 0.981425899343164 1 1 1
-9999 -9999 -9999 -9999 -9999 -9999 -9999 -9999 -9999 -9999 -9999 -9999 -9999 -9999 -9999 -9999 -9999 -9999 -9999 -9999 -9999 -9999 -9999 1 1 1 1 1 1 1 1 1 1 1 1 1 1 1 1 1 1 1 1 1 1 1 1 1 1 0.909043455565705 0.944712688677193 1 1 1 1 1 1 1 1 1
