data-raw/DATASET_PNE/a_DATA/PFGS/ENVSUIT_A1B/HS_f90_P7_acer.asc
NCOLS 619 
NROWS 782 
XLLCORNER 876826 
YLLCORNER 1947424 
CELLSIZE 100 
NODATA_value -9999 
[rows 448 to 475 of 782, columns 189 to 251 of 619]
0.612294538217734 0.434915604039213 0.359954300877128 0.322473649296086 0.434915604039213 0.434915604039213 0.434915604039213 0.434915604039213 0.434915604039213 0.342264317830029 0.267266160536596 0.137171076877718 0.161900199012309 0.142772904842633 0.0806736935210437 0.105329107392939 0.223114911181543 0.129763396476745 0 0 0.0189798776442839 0 0.0936832018869315 0.20549863639714 0.434915604039213 0.434915604039213 0.632048352620329 0.760595562762586 0.632048352620329 0.632048352620329 0.632048352620329 0.632048352620329 0.687476966167907 1 1 1 0.963109014520528 1 0.632048352620329 0.632048352620329 0.632048352620329 0.632048352620329 0.632048352620329 0.519606397877202 0.632048352620329 0.632048352620329 0.632048352620329 0.632048352620329 0.632048352620329 0.687845507481389 0.835593720056018 0.950652318124862 0.777290484263286 0.876096410407607 0.95068917225621 0.925960050121619 0.975344586128105 0.925702071202182 0.975344586128105 0.632048352620329 0.632048352620329 0.632048352620329 0.612921058450652
0.434915604039213 0.434915604039213 0.353652244416599 0.434915604039213 0.434915604039213 0.41630426770841 0.298702734576546 0.373221788162453 0.354205056386821 0.217255104297192 0.285619517947962 0.310311785951205 0.210989901968011 0.0992850298518464 0.093240952310754 0.118375469890175 0.0189798776442839 0 0.043930124566964 0.0189798776442839 0.0373332350556497 0.0189798776442839 0.118375469890175 0.304931082774379 0.434915604039213 0.474533795238446 0.632048352620329 0.852583474607503 0.632048352620329 0.632048352620329 0.632048352620329 0.833419326306479 1 1 1 1 1 1 0.741947372300435 0.632048352620329 0.632048352620329 0.632048352620329 0.632048352620329 0.613031620844697 0.632048352620329 0.632048352620329 0.632048352620329 0.632048352620329 0.632048352620329 0.650659688951131 0.882877570575662 1 0.900641261885457 0.975344586128105 1 1 1 0.650328001768998 0.632048352620329 0.632048352620329 0.632048352620329 0.632048352620329 0.632048352620329
0.335298887005233 0.378749907864672 0.434915604039213 0.409781086459792 0.211284735018796 0.124235276774526 0.236013857153387 0.335409449399278 0.261443207783593 0.217586791479325 0.242131642957176 0.180216702292327 0 0 0 0.118375469890175 0.043635291516179 0.0619886489275448 0.16757573523992 0.27917004496204 0.180511535343112 0.0806736935210437 0.211284735018796 0.180400972949068 0.434915604039213 0.458833935284145 0.594236013857153 0.705756615316577 0.632048352620329 0.632048352620329 0.632048352620329 1 1 1 1 1 1 1 0.741947372300435 0.632048352620329 0.632048352620329 0.632048352620329 0.632048352620329 0.632048352620329 0.632048352620329 0.632048352620329 0.632048352620329 0.632048352620329 0.650659688951131 0.95677010392865 0.876096410407607 0.975344586128105 0.900862386673546 0.760558708631238 0.632048352620329 0.632048352620329 0.632048352620329 0.632048352620329 0.650328001768998 0.650328001768998 0.780791626741358 0.632048352620329 0.632048352620329
0.17347239625562 0.235940148890691 0.285619517947962 0.242315913613916 0.0746296159799514 0.0376649222377829 0.0746296159799514 0.0937569101496278 0.0746296159799514 0.0376649222377829 0 0.0189798776442839 0.093240952310754 0.068585538438859 0.0931303899167097 0.0931303899167097 0.117822657919953 0.118043782708042 0.161605365961524 0.211174172624751 0.267266160536596 0.310717181396035 0.286024913392791 0.316097884572861 0.434915604039213 0.478624603818088 0.632048352620329 0.632048352620329 0.632048352620329 0.632048352620329 0.632048352620329 0.741689393380998 1 1 1 1 0.974902336551927 1 0.77858037886047 0.632048352620329 0.632048352620329 0.632048352620329 0.632048352620329 0.632048352620329 0.632048352620329 0.632048352620329 0.632048352620329 0.632048352620329 0.863750276405985 0.925296675757352 0.925665217070834 0.851219871747623 1 0.632048352620329 0.632048352620329 0.92651286209184 0.981978329770767 0.907680400972949 1 0.650659688951131 0.632048352620329 0.632048352620329 0.632048352620329
0.0992850298518464 0.261074666470111 0.242315913613916 0.111889142772905 0.0376649222377829 0.0746296159799514 0.0746296159799514 0.0937569101496278 0 0.180216702292327 0.266860765091767 0.198643767966389 0.105623940443724 0.117822657919953 0.210842485442618 0.211174172624751 0.167354610451832 0.260927249944719 0.335225178742537 0.285103560109088 0.285103560109088 0.286024913392791 0.260927249944719 0.285103560109088 0.41630426770841 0.434915604039213 0.632048352620329 0.632048352620329 0.632048352620329 0.632048352620329 0.650659688951131 0.778654087123167 1 1 1 1 1 1 0.963109014520528 0.632048352620329 0.632048352620329 0.632048352620329 0.632048352620329 0.632048352620329 0.632048352620329 0.632048352620329 0.632048352620329 0.668939338099801 0.900641261885457 0.925591508808137 0.925996904252967 1 0.853062578315029 0.632048352620329 0.724220535121987 1 0.900862386673546 0.901452052775116 0.632048352620329 0.632048352620329 0.632048352620329 0.632048352620329 0.632048352620329
0.117822657919953 0.0441143952237046 0.0251345175794207 0.043635291516179 0.0251345175794207 0 0 0 0.242131642957176 0.261516916046289 0.285619517947962 0.260927249944719 0.260927249944719 0.335298887005233 0.335298887005233 0.316171592835557 0.340827006707452 0.378749907864672 0.322473649296086 0.285177268371784 0.285103560109088 0.322473649296086 0.359954300877128 0.266418515515589 0.434915604039213 0.592503869683792 0.632048352620329 0.632048352620329 0.632048352620329 0.632048352620329 0.650659688951131 0.815729343259379 1 1 1 1 1 1 1 0.705756615316577 0.632048352620329 0.632048352620329 0.632048352620329 0.632048352620329 0.632048352620329 0.668939338099801 0.827043561583254 0.97504975307732 1 1 1 1 0.632048352620329 0.632048352620329 1 0.851404142404364 1 0.981167538881109 0.632048352620329 0.632048352620329 0.632048352620329 0.632048352620329 0.632048352620329
0.434915604039213 0.38527308911329 0.267118744011204 0.267118744011204 0.168275963735535 0.106066190019901 0.0562762585685855 0.0376649222377829 0.266860765091767 0.285619517947962 0.229785508955554 0.254072381513968 0.316171592835557 0.340827006707452 0.340827006707452 0.303862312965283 0.340827006707452 0.340827006707452 0.322473649296086 0.322473649296086 0.44048057787278 0.460271246406722 0.40981794059114 0.434915604039213 0.434915604039213 0.57348713790816 0.632048352620329 0.632048352620329 0.632048352620329 0.632048352620329 0.650659688951131 0.833456180437827 1 1 1 1 1 1 1 0.944276553401636 0.632048352620329 0.632048352620329 0.632048352620329 0.662821552296012 0.900641261885457 0.900641261885457 1 1 1 1 1 0.632048352620329 0.871931893565269 1 1 0.802425001842707 1 1 0.632048352620329 0.632048352620329 0.632048352620329 0.632048352620329 0.582221567037665
0.329549642514926 0.310201223557161 0.27268371784477 0.236492960860913 0.329107392938748 0.285619517947962 0.168275963735535 0.124419547431267 0.272425738925334 0.186850445934989 0.24813886636692 0.260448146237193 0.266418515515589 0.322473649296086 0.340827006707452 0.340827006707452 0.359954300877128 0.322473649296086 0.516289526055871 0.382066779686003 0.496904252966758 0.57348713790816 0.592503869683792 0.612294538217734 0.266418515515589 0.496904252966758 0.632048352620329 0.632048352620329 0.632048352620329 0.632048352620329 0.687845507481389 1 1 1 1 1 1 1 1 1 1 0.85402078573008 0.8290705388074 0.950394339205425 1 1 1 1 1 1 0.632048352620329 0.724220535121987 1 1 1 0.975344586128105 1 1 0.77858037886047 0.632048352620329 0.606950689172256 0.632048352620329 0.632048352620329
0.378749907864672 0.41630426770841 0.279722856932262 0.354094493992777 0.373111225768409 0.28565637207931 0.242463330139309 0.217771062136065 0.161421095304784 0.217365666691236 0.291442470700966 0.340827006707452 0.340827006707452 0.340827006707452 0.382066779686003 0.400420137097369 0.592503869683792 0.553622761111521 0.632048352620329 0.613031620844697 0.594236013857153 0.632048352620329 0.632048352620329 0.632048352620329 0.554949509840053 0.519606397877202 0.632048352620329 0.632048352620329 0.632048352620329 0.632048352620329 0.761738040834378 1 1 1 1 1 1 1 1 1 1 0.95068917225621 0.975344586128105 1 1 1 1 1 1 0.632048352620329 0.632048352620329 1 1 1 1 1 1 1 0.760263875580453 0.632048352620329 0.606950689172256 0.548573745116828 0.286356600574924
0.612663079531216 0.434915604039213 0.434915604039213 0.391575145573819 0.353652244416599 0.397766639640304 0.28565637207931 0.242205351219872 0.0435247291221346 0.260927249944719 0.335298887005233 0.359954300877128 0.340827006707452 0.400420137097369 0.575698385789047 0.594236013857153 0.632048352620329 0.632048352620329 0.632048352620329 0.632048352620329 0.632048352620329 0.632048352620329 0.632048352620329 0.632048352620329 0.632048352620329 0.594236013857153 0.632048352620329 0.632048352620329 0.632048352620329 0.632048352620329 0.815729343259379 1 1 1 1 1 1 1 1 1 1 0.95068917225621 1 1 1 1 1 1 1 0.632048352620329 0.779354315618781 1 1 1 1 1 1 1 0.668460234392275 0.632048352620329 0.548573745116828 0.336035969632196 0.298887005233287
0.632048352620329 0.632048352620329 0.612663079531216 0.612663079531216 0.335225178742537 0.260927249944719 0.353652244416599 0.260964104076067 0.142957175499374 0.378749907864672 0.359954300877128 0.266418515515589 0.340827006707452 0.632048352620329 0.632048352620329 0.632048352620329 0.632048352620329 0.632048352620329 0.705756615316577 0.632048352620329 0.632048352620329 0.632048352620329 0.632048352620329 0.632048352620329 0.632048352620329 0.632048352620329 0.632048352620329 0.632048352620329 0.632048352620329 0.650659688951131 0.97504975307732 0.975270877865409 0.975344586128105 1 1 1 1 1 1 1 1 1 1 1 1 1 1 1 1 0.945161052553991 0.944976781897251 1 1 1 1 1 1 0.742094788825827 0.632048352620329 0.632048352620329 0.360580821110046 0.298887005233287 0
0.778211837546989 0.632048352620329 0.632048352620329 0.632048352620329 0.359954300877128 0.359954300877128 0.353652244416599 0.434915604039213 0.217734208004717 0.310201223557161 0.340827006707452 0.340827006707452 0.378565637207931 0.632048352620329 0.632048352620329 0.632048352620329 0.632048352620329 0.632048352620329 0.632048352620329 0.632048352620329 0.632048352620329 0.632048352620329 0.632048352620329 0.632048352620329 0.632048352620329 0.632048352620329 0.613031620844697 0.632048352620329 0.632048352620329 0.724920763617602 1 0.975270877865409 0.950246922680032 1 0.98153608019459 1 1 1 1 1 1 1 1 1 1 1 1 1 1 1 1 1 1 1 1 -9999 -9999 -9999 -9999 1 1 0.632048352620329 0.02495024692268
0.834082700670745 0.632048352620329 0.632048352620329 0.632048352620329 0.612663079531216 0.310680327264686 0.372668976192231 0.434915604039213 0.0686592467015552 0.28565637207931 0.316171592835557 0.378749907864672 0.434915604039213 0.632048352620329 0.632048352620329 0.632048352620329 0.632048352620329 0.632048352620329 0.632048352620329 0.632048352620329 0.632048352620329 0.632048352620329 0.632048352620329 0.632048352620329 0.632048352620329 0.632048352620329 0.632048352620329 0.632048352620329 0.632048352620329 0.884056902778801 1 0.975270877865409 1 1 0.98153608019459 1 1 1 1 1 1 1 1 1 1 1 1 1 1 1 1 1 1 1 -9999 1 -9999 -9999 -9999 1 1 0.632048352620329 0.0877865408712317
1 0.907754109235645 0.632048352620329 0.632048352620329 0.612663079531216 0.304378270804157 0.328996830544704 0.366256357337658 0.117822657919953 0.310201223557161 0.316171592835557 0.359954300877128 0.40981794059114 0.632048352620329 0.632048352620329 0.632048352620329 0.632048352620329 0.632048352620329 0.632048352620329 0.65029114763765 0.632048352620329 0.632048352620329 0.632048352620329 0.632048352620329 0.632048352620329 0.632048352620329 0.632048352620329 0.632048352620329 0.632048352620329 0.894781455001106 0.975270877865409 0.950320630942729 0.974902336551927 1 1 1 1 1 1 1 1 1 1 1 1 1 1 1 1 1 1 1 1 1 -9999 1 1 -9999 -9999 0.760411292105845 0.632048352620329 0.632048352620329 0.455517063462814
0.632048352620329 0.98153608019459 0.632048352620329 0.632048352620329 0.612663079531216 0.360543966978698 0.397766639640304 0.310201223557161 0.297412839979362 0.192231149111815 0.241763101643694 0.378749907864672 0.434915604039213 0.592503869683792 0.632048352620329 0.632048352620329 0.632048352620329 0.632048352620329 0.817056091987912 0.975344586128105 1 0.945455885604776 0.650659688951131 0.632048352620329 0.632048352620329 0.632048352620329 0.632048352620329 0.632048352620329 0.669013046362497 0.97504975307732 0.975270877865409 0.950246922680032 0.974902336551927 1 1 1 1 1 1 1 1 1 1 1 1 1 1 1 1 1 1 1 1 1 1 1 0.687182133117122 -9999 0.632048352620329 0.632048352620329 0.606950689172256 0.346097147490234 0.483452495024692
1 0.650659688951131 0.632048352620329 0.632048352620329 0.587565416083143 0.359954300877128 0.397766639640304 0.310201223557161 0.310201223557161 0.291442470700966 0.168054838947446 0.359954300877128 0.434915604039213 0.592503869683792 0.632048352620329 0.632048352620329 0.632048352620329 0.632048352620329 0.907164443134075 1 1 1 0.89017468858259 0.687476966167907 0.687476966167907 0.650659688951131 0.724920763617602 0.828517726837179 0.974902336551927 0.950246922680032 1 1 1 1 1 0.944350261664333 1 1 1 1 1 1 1 1 1 1 1 1 1 1 1 1 1 1 1 0.889290189430235 0.632048352620329 -9999 0.632048352620329 0.632048352620329 0.533242426476008 0.532542197980394 0.582221567037665
1 0.632048352620329 0.632048352620329 0.575698385789047 0.53615390285251 0.397361244195474 0.434915604039213 0.434915604039213 0.378749907864672 0.359954300877128 0.359954300877128 0.359954300877128 0.592503869683792 0.632048352620329 0.632048352620329 0.632048352620329 0.632048352620329 0.908712316650697 0.956364708483821 1 1 1 1 0.925591508808137 0.925591508808137 0.851219871747623 0.950394339205425 1 1 1 1 1 1 1 1 1 1 1 1 1 1 1 1 1 1 1 1 1 1 1 1 1 1 1 1 0.963109014520528 0.632048352620329 0.632048352620329 0.632048352620329 0.632048352620329 0.632048352620329 0.606950689172256 0.632048352620329
0.742979287978182 0.632048352620329 0.557345028377681 0.632048352620329 0.632048352620329 0.632048352620329 0.592503869683792 0.434915604039213 0.434915604039213 0.40981794059114 0.592503869683792 0.592503869683792 0.632048352620329 0.632048352620329 0.632048352620329 0.632048352620329 0.632048352620329 0.814881698238373 0.975270877865409 1 1 1 0.975270877865409 1 0.975344586128105 0.974902336551927 0.975270877865409 1 0.950246922680032 1 1 1 0.975344586128105 0.975344586128105 1 1 1 0.981314955406501 0.981314955406501 0.537849192894523 0.223004348787499 0.198348934915604 0.460639787720203 1 0.907053880740031 0.869388958502248 1 1 1 1 1 1 1 1 1 1 0.632048352620329 0.632048352620329 0.632048352620329 0.632048352620329 0.632048352620329 0.632048352620329 0.632048352620329
0.871342227463699 0.687476966167907 0.687476966167907 0.815987322178816 0.760927249944719 0.632048352620329 0.632048352620329 0.632048352620329 0.632048352620329 0.632048352620329 0.632048352620329 0.632048352620329 0.632048352620329 0.632048352620329 0.632048352620329 0.632048352620329 0.632048352620329 0.950246922680032 1 1 1 1 0.950246922680032 0.975270877865409 0.975270877865409 1 0.975270877865409 0.974902336551927 1 0.975344586128105 1 1 1 1 1 1 1 0.962851035601091 0.537849192894523 0 0 0 0 0.500073708262696 0.869388958502248 0.981314955406501 1 1 1 1 1 0.950615463993514 1 1 1 1 0.650659688951131 0.632048352620329 0.632048352620329 0.632048352620329 0.632048352620329 0.632048352620329 0.632048352620329
0.98153608019459 0.944276553401636 1 1 1 0.833419326306479 0.632048352620329 0.632048352620329 0.632048352620329 0.632048352620329 0.632048352620329 0.632048352620329 0.632048352620329 0.632048352620329 0.632048352620329 0.632048352620329 0.669013046362497 1 0.950246922680032 0.974902336551927 1 1 0.974902336551927 0.974902336551927 0.950246922680032 1 1 1 1 0.975344586128105 0.975344586128105 1 1 1 0.9440185744822 0.9440185744822 0.74047320704651 0.518832461118891 0.500073708262696 0.500073708262696 -9999 0.42220092872411 0.286209184049532 0.247438637871305 0.306184123240215 0.537849192894523 1 1 1 1 1 1 1 1 1 0.95068917225621 0.688103486400826 0.632048352620329 0.632048352620329 0.632048352620329 0.632048352620329 0.632048352620329 0.650659688951131
1 1 1 1 1 0.833419326306479 0.632048352620329 0.632048352620329 0.632048352620329 0.632048352620329 0.632048352620329 0.632048352620329 0.632048352620329 0.632048352620329 0.632048352620329 0.632048352620329 0.791958428539839 1 1 0.974902336551927 1 1 0.950246922680032 0.974902336551927 1 0.975344586128105 1 1 1 1 1 1 0.981314955406501 0.666101569985995 0.684270656740621 0.537849192894523 0.403847571312744 0.500073708262696 0.962851035601091 1 1 1 1 1 0.500073708262696 0 1 0.963514409965357 1 1 1 1 1 1 1 0.975344586128105 0.909265128620918 0.650659688951131 0.650659688951131 0.632048352620329 0.724847055354905 0.835520011793322 1
1 1 1 1 1 0.632048352620329 0.632048352620329 0.606950689172256 0.625193484189578 0.650659688951131 0.643915382914425 0.669013046362497 0.650659688951131 0.632048352620329 0.632048352620329 0.650659688951131 0.938011351072455 1 1 1 1 1 1 0.975344586128105 1 0.975344586128105 1 1 1 1 1 0.659320409817941 0.592982973391317 0.403847571312744 0.480430456254146 0.648448441070244 1 1 1 1 1 1 1 1 1 0.962851035601091 0.832940222598953 0.668902483968453 1 1 1 1 1 1 1 0.876170118670303 0.95068917225621 0.927286798850151 0.632048352620329 0.632048352620329 0.932114690056755 0.95068917225621 1
1 1 1 1 0.72436795164738 0.754146089776664 0.937605955627626 1 1 1 1 1 1 0.944534532321073 0.981425517800546 0.981425517800546 1 1 0.974902336551927 1 1 1 1 1 0.975344586128105 1 1 1 1 1 0.247438637871305 0.383983194516105 0.887926586570355 0.703250534384905 1 1 1 1 1 1 1 1 1 1 1 1 0.575624677526351 0.592982973391317 0.814807989975676 1 1 1 1 1 1 0.925591508808137 0.900899240804894 1 1 0.95068917225621 0.900641261885457 1 1
1 1 1 0.760927249944719 1 1 1 1 1 1 1 1 0.962629910813002 1 1 1 1 1 1 1 1 1 1 1 1 1 1 0.962851035601091 0.442286430308838 0.286209184049532 0.403847571312744 0.981314955406501 1 1 1 1 1 1 1 1 0.974902336551927 1 1 1 1 1 1 0.500073708262696 0.981314955406501 1 1 1 1 1 1 0.95068917225621 0.876170118670303 1 0.900899240804894 0.900899240804894 0.974902336551927 1 1
1 1 1 0.632048352620329 1 1 1 1 1 1 1 1 1 1 1 1 1 1 1 1 1 1 1 1 1 1 0.442286430308838 0.48172035085133 0.962851035601091 1 1 1 1 1 1 1 1 1 1 1 0.975344586128105 1 1 1 1 1 1 1 0.537849192894523 0.98153608019459 1 1 1 1 1 1 1 1 1 1 1 1 1
1 1 0.668865629837105 0.632048352620329 1 1 1 1 1 1 1 1 1 1 1 1 1 1 1 1 1 1 1 1 0.962851035601091 0.500479103707526 0.537849192894523 1 1 1 1 1 1 1 -9999 1 1 1 1 1 1 1 1 1 1 1 1 1 1 0.851367288273015 1 1 1 0.974902336551927 1 1 1 1 1 1 1 1 1
1 1 1 1 1 1 1 1 1 1 1 1 1 1 1 1 1 0.975344586128105 0.975344586128105 0.975344586128105 0.975344586128105 1 1 0.889105918773495 0.519495835483158 0.943576324906022 1 1 1 1 1 1 1 1 1 -9999 1 1 1 1 1 0.950615463993514 1 0.975344586128105 1 0.974902336551927 1 1 1 0.630353062578315 1 1 1 1 0.975344586128105 1 1 1 1 1 1 0.901046657330287 1
1 1 1 1 1 1 1 1 1 1 1 1 1 1 1 1 1 1 1 0.975344586128105 1 1 1 0.83319820151839 1 1 1 1 1 1 1 1 1 1 1 1 1 1 0.975344586128105 0.876170118670303 0.900899240804894 0.851219871747623 0.876170118670303 0.950615463993514 0.975344586128105 0.974902336551927 0.950246922680032 0.975344586128105 1 1 0.440812265054913 1 1 1 1 0.950246922680032 1 1 1 1 1 1 1
