data-raw/DATASET_PNE/a_DATA/PFGS/ENVSUIT_A1B/HS_f60_C2_VaccUli.asc
NCOLS 619 
NROWS 782 
XLLCORNER 876826 
YLLCORNER 1947424 
CELLSIZE 100 
NODATA_value -9999 
[rows 546 to 571 of 782, columns 354 to 412 of 619]
0 0 0 0 0 0 0 0 0.193137999089115 0.370244420828905 0 0 0 0 0 0 0 0 0 0 0 0 0 0 0 0 0 0 0 0 0 0 0 0 0 0 0 0 0 0 0 0 0 0 0 0 0.0212236222863215 0.128799149840595 0 0 0 0 0 0 0 0.0197054804918779 0.0395324123273114 0 0.0197054804918779
0 0 0 0 0 0 0 0.193137999089115 0.021587976316988 0.408805222407773 0.0197054804918779 0 0 0 0 0 0 0 0 0 0 0 0 0 0 0 0 0 0 0 0 0 0 0 0 0 0 0 0 0 0 0 0 0 0 0.171762562623349 0.193350538940337 0.15047821466525 0.0643084864126309 0 0 0 0 0 0.058843175952634 0.0197054804918779 0.155761348109913 0.389251556095339 0.369454987095795
0 0 0 0 0 0 0 0.193137999089115 0.171823288295127 0.604098982844998 0.0390162441172005 0 0 0 0 0 0 0 0 0 0 0 0 0 0 0 0 0 0 0 0 0 0 0 0 0 0 0 0 0 0 0 0 0 0.0637619553666312 0.389706998633672 0.604098982844998 0.42826780021254 0.325216335205708 0 0 0 0 0.389342644603006 0.311856687414605 0.408987399423106 0.408987399423106 0.408987399423106 0.42854106573554
0.021587976316988 0.021587976316988 0.0432063154698649 0 0 0 0 0.309609837558828 0.584788219219675 0.604098982844998 0 0 0.0197054804918779 0 0 0 0 0 0 0 0 0 0 0 0 0 0.0197054804918779 0.0197054804918779 0 0 0 0 0.0637619553666312 0.0856231972066191 0 0 0 0 0 0 0 0 0 0 0.389706998633672 0.604098982844998 0.604098982844998 0.406649461059663 0.347168665553363 0 0 0 0 0.408987399423106 0.408987399423106 0.42854106573554 0.448216183391529 0.468073478062851 0.631607712160316
0.129042052527706 0.021587976316988 0 0 0 0 0.0214968878093214 0.253711856687415 0.467101867314407 0.0197054804918779 0.253165325641415 0 0.272263549415515 0.370031880977683 0.0197054804918779 0 0.0197054804918779 0 0 0 0 0 0 0 0 0 0.175072111735236 0.0197054804918779 0 0 0 0 0.106846819492941 0.107180810687718 0 0 0 0 0 0 0 0 0 0.584788219219675 0.604098982844998 0.604098982844998 0.582480643692121 0.258539547593745 0.282313648094732 0.0432366783057537 0.0216487019887657 0.0432366783057537 0 0.311856687414605 0.468012752391073 0.448216183391529 0.881584940033399 0.980507059359344 0.960467587672689
0.368392287839684 0.021587976316988 0.0430848641263094 0.0643084864126309 0.0428115986033095 0 0.0430848641263094 0.370244420828905 0.389706998633672 0.408805222407773 0.233308030970093 0.0967663579778351 0.116046758767269 0.408987399423106 0.311310156368605 0.155245179899803 0.311310156368605 0.537574009412479 0.582480643692121 0.518263245787156 0.496705632306057 0 0 0 0 0.0197054804918779 0.233854562016092 0.0197054804918779 0.301411871868833 0.0429937756186428 0.106998633672385 0.128495521481706 0.0861393654167299 0.0430848641263094 0 0 0 0 0 0 0 0 0.0425383330803097 0.604098982844998 0.604098982844998 0.582480643692121 0.45383330803097 0.157765295278579 0.258539547593745 0.0432366783057537 0.0216487019887657 0.0647335661150751 0 0.174981023227569 0.448216183391529 0.648064369212084 0.85787156520419 1 1
0.408805222407773 0.021587976316988 0.021587976316988 0.021587976316988 0.0859571884013967 0 0 0.370244420828905 0.213966904508881 0.253165325641415 0.408987399423106 0.330954911188705 0.253377865492637 0.448216183391529 0.42854106573554 0.471443752846516 0.493031729163504 0.579140731744345 0.600030362835889 0.641354182480644 0.578442386518901 0.557127675724913 0.537999089114923 0 0 0.194716866555336 0.21345073629877 0 0 0 0 0 0.0647335661150751 0.193350538940337 0 0 0 0 0 0 0 0 0.23446181873387 0.604098982844998 0.604098982844998 0.475148018824958 0.516350387126158 0.25222407772886 0.453924396538637 0.0995293760437225 0 0.0645513890997419 0.25222407772886 0.408987399423106 0.527341733717929 1 1 1 0.806558372551996
0.545954152117808 0.408805222407773 0.389706998633672 0.021587976316988 0.107514801882496 0 0 0.389706998633672 0.0390162441172005 0.389342644603006 0.408987399423106 0.369454987095795 0.46810384089874 0.46810384089874 0.587156520419007 0.549020798542584 0.554152117807803 0.532594504326704 0.530742371337483 0.550721117352361 0.550721117352361 0.636890845604979 0.702596022468499 0.619705480491878 0.493031729163504 0.42854106573554 0.408987399423106 0.0390162441172005 0 0 0 0 0 0 0 0 0 0 0 0 0 0 0.252102626385304 0.604098982844998 0.604098982844998 0.537574009412479 0.408987399423106 0.389342644603006 0.602125398512221 0.494792773645058 0.389342644603006 0.0819189312281767 0.389342644603006 0.450037953544861 1 1 1 0.806558372551996 0.913739183239715
0.322726582662821 0.128495521481706 0.408805222407773 0.171823288295127 0.150599666008805 0.0858660998937301 0.021587976316988 0.408805222407773 0.604098982844998 0.643297403977532 0.55557917109458 0.489509640200395 0.527463185061485 0.487687870047062 0.646060422043419 0.667466221345074 0.667466221345074 0.628115986033095 0.550447851829361 0.570244420828905 0.628419614391984 0.568817367542128 0.590223166843783 0.591953848489449 0.573948686807348 0.639076969788978 0.47347806285107 0.233520570821315 0.253165325641415 0 0 0 0 0 0 0 0 0 0 0 0 0.150113860634583 0.389706998633672 0 0.175072111735236 0.430666464247761 0.449946865037194 0.408987399423106 0.408987399423106 0.471261575831183 0.430302110217094 0.408987399423106 0.408987399423106 0.658023379383634 1 1 0.978503112190679 0.871291938667071 1
0.232093517534538 0.149901320783361 0.149901320783361 0.021587976316988 0.021587976316988 0.021587976316988 0.021587976316988 0.42826780021254 0.623743737665098 0.742249886139365 0.941642629421588 0.709579474722939 0.849825413693639 0.828419614391984 0.828419614391984 0.871140124487627 0.914012448762714 0.937088204038257 0.937088204038257 0.820828905419766 0.872749354789737 0.920904812509488 0.615302869287991 0.550721117352361 0.489600728708061 0.516441475633824 0.495096402003947 0.473629877030515 0.174950660391681 0.0197054804918779 0 0 0 0 0 0 0 0 0 0 0 0.193350538940337 0.350538940337027 0 0 0.408987399423106 0.699499013207834 0.408987399423106 0.430484287232427 0.450037953544861 0.450037953544861 0.430484287232427 0.450037953544861 0.662972521633521 1 1 0.806558372551996 0.957006224381357 1
0.324487627144375 0.188856839228784 0.128495521481706 0.064763928950964 0.021587976316988 0.021587976316988 0.021587976316988 0.467101867314407 0.682769090633065 0.880643692120844 0.530985274024594 0.773007438894793 0.956854410201913 0.956854410201913 0.935205708213147 0.956854410201913 0.978412023683012 1 0.956854410201913 0.956854410201913 0.956854410201913 0.978412023683012 0.940640655837255 0.613541824806437 0.579292545923789 0.514650068316381 0.451890086534082 0.0197054804918779 0.0197054804918779 0 0 0 0 0 0 0 0 0 0 0 0 0.086109002580841 0 0 0 0.0197054804918779 0.532503415819037 0.571914376802793 0.516441475633824 0.600425079702444 0.580871413390011 0.621648701988766 0.662972521633521 0.702717473812054 0.801366327614999 1 0.978594200698345 0.93538788522848 0.978594200698345
0.301502960376499 0.193198724760893 0.0856231972066191 0.021587976316988 0.0430848641263094 0.021587976316988 0.0429026871109762 0.426354941551541 0.702504933960832 0.801518141794444 0.489600728708061 0.880582966449066 0.956854410201913 0.870897221800516 0.827781994838318 0.827781994838318 0.80646728404433 0.827781994838318 0.828055260361318 0.978412023683012 0.978412023683012 0.900440261120389 0.722301502960377 0.534416274480036 0.611902231668438 0.555670259602247 0.430636101411872 0.539547593745256 0.582784272051009 0 0 0 0 0 0 0 0 0 0 0 0 0 0 0 0 0.136116593289813 0.408987399423106 0.673781691209959 0.643297403977532 0.722301502960377 0.742098071959921 0.760406862000911 0.761651738272355 0.801366327614999 0.801366327614999 1 1 0.978412023683012 1
0.17145893426446 0.214756338241992 0.021587976316988 0.021587976316988 0.021587976316988 0.0647335661150751 0.0857750113860634 0.406649461059663 0.662972521633521 0.899954455746167 0.527463185061485 0.958311826324579 0.956854410201913 1 0.913739183239715 0.935418248064369 0.935418248064369 0.891999392743282 0.915409139213603 0.778867466221345 1 0.956854410201913 0.851100652800971 0.669743434036739 0.862031273720966 0.641354182480644 0.623743737665098 0.36149992409291 0.0197054804918779 0 0 0 0 0 0 0 0 0 0 0 0 0 0 0 0 0.451890086534082 0.408987399423106 0.593563078791559 0.980507059359344 0.576863519052679 0.781387581600121 0.940640655837255 0.978442386518901 1 0.900440261120389 1 0.935448610900258 0.957006224381357 0.978594200698345
0.128495521481706 0.17145893426446 0.214756338241992 0.0853499316836192 0.021587976316988 0.149901320783361 0.150174586306361 0.260725671777744 0.582784272051009 0.899954455746167 0.787156520419007 0.935205708213147 0.806558372551996 1 1 0.978381660847123 0.935418248064369 0.935418248064369 0.849461059662972 1 0.956854410201913 0.936814938515257 0.628419614391984 0.552664338849248 0.598147867010779 0.623743737665098 0.383118263245787 0 0 0 0 0 0 0 0 0 0 0 0 0 0 0 0 0 0.305905571580386 0.602125398512221 0.473569151358737 0.46971307120085 0.937300743889479 0.761591012600577 0.82125398512221 1 1 1 1 0.920176104448155 0.89233338393806 0.89233338393806 0.978594200698345
0.104994686503719 0.107271899195385 0.150053134962806 0.171580385608016 0.214756338241992 0.171580385608016 0.128495521481706 0.247548201001974 0.389342644603006 0.781934112646121 0.913982085926826 0.935630787915591 0.80646728404433 0.978594200698345 1 0.978381660847123 1 0.956854410201913 1 0.979899802641567 0.801518141794444 0.59192348565356 0.448216183391529 0.408987399423106 0.214422347047214 0.175072111735236 0 0 0 0 0 0 0 0 0 0 0 0 0 0 0 0 0 0 0.267132230150296 0.662972521633521 0.473569151358737 0.46971307120085 0.921299529376044 1 1 1 0.89233338393806 0.89233338393806 1 0.935327159556703 0.913921360255048 0.956975861545468 0.978594200698345
0.237285562471535 0.0857750113860634 0.107271899195385 0.150053134962806 0.190800060725672 0.169120995901017 0.169120995901017 0.284165781083953 0.410930620919994 0.7206011841506 0.849187794139973 0.956854410201913 0.849400333991195 0.935418248064369 0.978594200698345 1 0.935448610900258 1 0.979899802641567 0.722301502960377 0.637649916502201 0.46810384089874 0.233520570821315 0.0393502353119781 0.0586609989373007 0.21345073629877 0.235099438287536 0 0 0 0 0 0 0 0 0 0 0 0 0 0 0 0 0 0 0.623743737665098 0.661120388644299 0.46971307120085 0.980507059359344 1 1 0.935448610900258 1 1 1 0.956975861545468 1 0.978412023683012 0.978594200698345
0.334993168361925 0 0.0641263093972977 0.0641263093972977 0.190678609382116 0.280188249582511 0.343950204949142 0.237285562471535 0.452072263549415 0.741217549719144 0.978351298011234 0.978412023683012 0.913982085926826 0.935418248064369 0.978594200698345 1 0.957006224381357 0.978412023683012 1 0.979899802641567 0.940640655837255 0.667466221345074 0.609776833156217 0.512737209655382 0.408987399423106 0.537968726279034 0.475208744496736 0.323090936693487 0 0 0 0 0 0 0 0 0 0 0 0 0 0 0 0 0 0.475117655989069 0.641748899347199 0.799726734477 1 1 0.849461059662972 0.978594200698345 0.978381660847123 0.956975861545468 0.978412023683012 0.89233338393806 0.978412023683012 0.913830271747381 0.978594200698345
0.475482010019736 0 0.019219675117656 0.237285562471535 0.301502960376499 0.412934568088659 0.43257932290876 0.475482010019736 0.512767572491271 0.592044936997115 1 0.978412023683012 0.978412023683012 0.978594200698345 1 0.978381660847123 0.935782602095036 0.957036587217246 0.93538788522848 1 0.979899802641567 0.761651738272355 0.63309549111887 0.511006528009716 0.430484287232427 0.494944587824503 0.518384697130712 0.504660695308942 0 0 0 0 0 0 0 0 0 0 0 0 0 0 0 0 0.174950660391681 0.558979808714134 0.641748899347199 0.758949445878245 1 1 0.849734325185972 1 0.978381660847123 0.978381660847123 1 0.956975861545468 0.978594200698345 0.978594200698345 0.957006224381357
0.475390921512069 0.475390921512069 0.453742219523303 0.47347806285107 0.473386974343404 0.452072263549415 0.408987399423106 0.512767572491271 0.570365872172461 0.914346439957492 0.978442386518901 0.892545923789282 0.957006224381357 0.95718840139669 1 0.978381660847123 0.95718840139669 0.892515560953393 0.978381660847123 1 0.940003036283589 0.761651738272355 0.593745255806892 0.512737209655382 0.430484287232427 0.623743737665098 0.604098982844998 0.445787156520419 0 0 0 0 0 0 0 0 0 0 0.107727341733718 0.148140276301807 0 0 0 0.58251100652801 0.539335053894034 0.430636101411872 0.495157127675725 0.491392136025505 0.980507059359344 1 1 0.892515560953393 1 0.978381660847123 0.978381660847123 0.956975861545468 0.978381660847123 1 1
0.317170183695157 0.495126764839836 0.495126764839836 0.495126764839836 0.452072263549415 0.450037953544861 0.512767572491271 0.731501442234705 0.747563382419918 0.913526643388492 0.978412023683012 0.935782602095036 0.957006224381357 1 1 0.978381660847123 1 0.978442386518901 0.914194625778048 0.978381660847123 0.960133596477911 0.722301502960377 0.548960072870806 0.511006528009716 0.535995141946258 0.60215576134811 0.561560649764688 0.0432366783057537 0 0 0 0 0.0213147107939882 0 0 0 0.0860482769090633 0.42826780021254 0.447700015181418 0.389706998633672 0.408805222407773 0 0.282708364961287 0.391285866099894 0.0213147107939882 0.389342644603006 0.408987399423106 0.737482920904812 0.980507059359344 1 1 0.93538788522848 0.956975861545468 0.956732958858357 0.956975861545468 0.956975861545468 0.935327159556703 1 1
0.414483072718992 0.452132989221193 0.493274631850615 0.452132989221193 0.471686655533627 0.530590557158039 0.648155457719751 0.892029755579171 0.935205708213147 1 1 1 1 1 1 0.978381660847123 1 1 0.892151206922727 0.89233338393806 1 0.880582966449066 0.628419614391984 0.574313040838014 0.557309852740246 0.174889934719903 0 0 0 0 0 0 0 0 0 0.0648246546227418 0.368088659480795 0.604098982844998 0.604098982844998 0.344314558979809 0.582480643692121 0.582784272051009 0.454076210718081 0.0621830879004099 0.140610293001366 0.430575375740094 0.451890086534082 0.858752087444967 1 1 1 1 1 0.935327159556703 0.978381660847123 0.956975861545468 0.978381660847123 0.956975861545468 0.957006224381357
0.452132989221193 0.408987399423106 0.535600425079702 0.618764232579323 0.6592075299833 0.718870502504934 0.913890997419159 1 1 1 0.978776377713678 1 1 1 1 0.978381660847123 1 1 0.913739183239715 0.935418248064369 1 0.958402914832245 0.68829512676484 0.552664338849248 0.538029451950812 0.389342644603006 0 0 0 0 0 0 0 0 0 0.107605890390162 0.42826780021254 0.604098982844998 0.563139517230909 0.256748140276302 0.410930620919994 0.496705632306057 0.237285562471535 0 0.258600273265523 0.408987399423106 0.494883862152725 0.65465310459997 1 0.935509336572036 1 1 1 1 0.956975861545468 0.956975861545468 0.978594200698345 0.978412023683012 1
0.452132989221193 0.556824047366024 0.534021557613481 0.680886594807955 0.757522392591468 0.979899802641567 0.978412023683012 0.957006224381357 1 0.978776377713678 0.914103537270381 1 1 0.978381660847123 1 0.978381660847123 1 1 1 0.978381660847123 1 0.978442386518901 0.768878093213906 0.552664338849248 0.538029451950812 0.430575375740094 0.273812054045848 0 0.174950660391681 0.604098982844998 0.0783057537574009 0 0 0 0 0.310004554425383 0.365932898132686 0.539608319417033 0.496918172157279 0.389342644603006 0.389342644603006 0.389342644603006 0.389342644603006 0.27806285107029 0.291756490056171 0.408987399423106 0.492758463640504 0.679429178685289 1 0.978594200698345 1 1 1 1 0.978594200698345 1 0.957006224381357 1 0.978503112190679
0.535600425079702 0.661302565659633 0.702444208289054 0.861332928495521 1 1 0.978412023683012 1 1 0.978412023683012 1 1 1 1 1 1 1 1 0.978381660847123 0.914194625778048 0.935448610900258 0.978442386518901 0.872870806133293 0.573857598299681 0.514710793988159 0.408987399423106 0.408987399423106 0.516745103992713 0.495126764839836 0.623743737665098 0.389342644603006 0 0 0 0 0.408805222407773 0.501168969181721 0.518384697130712 0.494853499316836 0.410930620919994 0.408987399423106 0.408987399423106 0.408987399423106 0.408987399423106 0.373736146956126 0.494792773645058 0.492971003491726 0.700652800971611 1 1 1 0.978594200698345 0.978594200698345 1 1 0.957006224381357 1 0.978412023683012 1
0.702444208289054 0.761651738272355 1 1 1 1 1 1 0.978381660847123 1 1 1 1 1 1 0.978381660847123 0.978381660847123 1 1 0.914194625778048 0.935448610900258 1 0.821496887809321 0.548960072870806 0.615393957795658 0.554334294823136 0.574313040838014 0.534446637315925 0.559587065431911 0.623743737665098 0.389342644603006 0.0390162441172005 0 0 0 0.447669652345529 0.56122665856991 0.389342644603006 0.408987399423106 0.473812054045848 0.495157127675725 0.451890086534082 0.408987399423106 0.452163352057082 0.495157127675725 0.430484287232427 0.579110368908456 0.700652800971611 1 1 1 0.978594200698345 1 1 0.93538788522848 1 0.89233338393806 1 0.860907848793077
0.771246394413238 0.722301502960377 0.702444208289054 0.742340974647032 0.722301502960377 1 0.978412023683012 0.978412023683012 1 1 1 1 0.956793684530135 1 1 1 1 1 1 1 1 1 0.978442386518901 0.936814938515257 0.707605890390162 0.749567329588584 0.694974950660392 0.512797935327159 0.579201457416123 0.662972521633521 0.408987399423106 0.175254288750569 0 0 0 0.344314558979809 0.539608319417033 0.559647791103689 0.452041900713527 0.641657810839532 0.580962501897677 0.580962501897677 0.430484287232427 0.430484287232427 0.473386974343404 0.516350387126158 0.451829360862305 0.722301502960377 1 1 1 1 0.978594200698345 0.978594200698345 1 0.978381660847123 0.978381660847123 1 0.841020191285866
