data-raw/DATASET_PNE/a_DATA/PFGS/ENVSUIT_A1B/HS_f15_H8_notgraz.asc
NCOLS 619 
NROWS 782 
XLLCORNER 876826 
YLLCORNER 1947424 
CELLSIZE 100 
NODATA_value -9999 
[rows 468 to 493 of 782, columns 420 to 479 of 619]
1 1 1 1 1 1 1 1 1 1 1 1 1 1 1 1 1 1 1 0.989373296499252 0.936306148767471 0.936306148767471 0.989373296499252 0.925559908151627 0.946826606988907 0.88338515162468 0.894011855125427 0.894011855125427 0.894011855125427 0.894011855125427 0.894011855125427 0.957625985145569 0.978866130113602 0.97870671749115 0.97870671749115 0.894011855125427 0.894011855125427 0.893879026174545 0.88338515162468 0.904505729675293 0.925745874643326 0.893879026174545 0.893932163715363 0.968172997236252 0.989373296499252 0.989373296499252 0.989373296499252 0.894011855125427 0.894011855125427 0.925772428512573 0.936319440603256 0.915637195110321 0.741319298744202 0.520429849624634 0.422717256471515 0.422717256471515 0.422717256471515 0.362304387614131 0.292447078973055 0.22371881082654
1 1 1 1 1 1 1 1 1 1 1 1 1 1 1 1 1 1 1 0.989373296499252 0.989373296499252 0.936306148767471 0.989373296499252 0.989373296499252 0.989373296499252 0.978746592998505 0.893879026174545 0.88338515162468 0.894011855125427 0.904505729675293 0.989373296499252 0.989373296499252 0.97870671749115 0.97870671749115 0.915079295635223 0.904505729675293 0.904505729675293 0.904505729675293 0.925626307725906 0.957479864358902 0.968172997236252 0.968172997236252 0.968172997236252 1 0.989373296499252 0.989373296499252 0.989373296499252 0.957559585571289 0.894011855125427 0.894011855125427 0.957625985145569 0.937793880701065 0.750338703393936 0.461438328027725 0.442217268049717 0.432467263191938 0.413086799904704 0.413086799904704 0.3216173928231 0.292447078973055
1 1 1 1 1 1 1 1 1 1 1 1 1 1 1 1 1 1 1 1 1 0.978799700737 0.946813315153122 1 0.989373296499252 0.989373296499252 0.968172997236252 0.915052741765976 0.894011855125427 0.989373296499252 0.978746592998505 0.968080013990402 0.97870671749115 0.936133474111557 0.915052741765976 0.925626307725906 0.925626307725906 0.968172997236252 0.989373296499252 1 1 1 0.989373296499252 0.989373296499252 0.957386881113052 0.989373296499252 0.894011855125427 0.894011855125427 0.894011855125427 0.894011855125427 0.936399132013321 0.884806454181671 0.905980169773102 0.670943915843964 0.442217268049717 0.463390983641148 0.432467263191938 0.413086799904704 0.413086799904704 0.3216173928231
1 1 1 1 1 1 1 1 1 1 1 1 1 1 1 1 1 1 1 1 1 1 0.989373296499252 1 0.957386881113052 0.968053460121155 0.946813315153122 0.915012896060944 0.915052741765976 0.936133474111557 0.97870671749115 0.936133474111557 0.925559908151627 0.968172997236252 0.968172997236252 0.978746592998505 1 1 1 1 0.978799700737 1 1 0.989373296499252 0.989373296499252 0.989373296499252 0.894011855125427 0.894011855125427 0.894011855125427 0.894011855125427 0.894011855125427 0.874113321304321 0.937461823225021 0.559323608875275 0.641733750700951 0.545854263007641 0.495071865618229 0.413086799904704 0.413086799904704 0.311508713290095
1 1 1 1 1 1 1 1 1 1 1 1 1 1 1 1 1 1 1 1 1 1 1 1 1 1 0.989373296499252 1 0.946813315153122 0.946813315153122 0.936306148767471 0.968172997236252 0.925626307725906 0.978746592998505 0.968172997236252 1 1 1 0.978746592998505 0.989320158958435 0.946959435939789 1 1 0.968172997236252 0.989373296499252 0.989373296499252 0.904505729675293 0.894011855125427 0.894011855125427 0.894011855125427 0.894011855125427 0.883770346641541 0.853696763515472 0.658709913492203 0.500717312097549 0.622486129403114 0.483860678970814 0.422836806625128 0.413086799904704 0.362198142334819
1 1 1 1 1 1 1 1 1 1 1 1 1 1 1 1 1 1 1 1 1 1 1 1 1 1 1 1 1 0.978799700737 0.968172997236252 0.968172997236252 0.968172997236252 0.989373296499252 1 1 1 1 0.978746592998505 1 1 0.968172997236252 0.968172997236252 0.925559908151627 0.989373296499252 0.989373296499252 0.989373296499252 0.904505729675293 0.894011855125427 0.894011855125427 0.894011855125427 0.894011855125427 0.905980169773102 0.874139904975891 0.669403046369553 0.671209588646889 0.572779685258865 0.463390983641148 0.432467263191938 0.413086799904704
1 1 1 1 1 1 1 1 1 1 1 1 1 1 1 1 1 1 1 1 1 1 1 1 1 1 1 1 1 1 1 1 0.978746592998505 0.957586139440536 1 1 1 1 1 1 0.968172997236252 0.989373296499252 0.936133474111557 -9999 -9999 -9999 0.989373296499252 0.989373296499252 0.978799700737 0.894011855125427 0.894011855125427 0.894011855125427 0.894011855125427 0.884806454181671 0.884806454181671 0.690297812223434 0.661193922162056 0.592040598392487 0.442217268049717 0.422717256471515
1 1 1 1 1 1 1 1 1 1 1 1 1 1 1 1 1 1 1 1 1 1 1 1 1 1 1 1 1 1 1 1 1 1 1 1 1 1 1 1 1 1 0.957386881113052 0.915052741765976 -9999 1 1 0.989373296499252 0.989373296499252 0.894011855125427 0.894011855125427 0.894011855125427 0.894011855125427 0.894011855125427 0.83354589343071 0.864017963409424 0.720251858234406 0.701827794313431 0.560306578874588 0.442217268049717
1 1 1 1 1 1 1 1 1 1 1 1 1 1 1 1 1 1 1 1 1 1 1 1 1 1 1 1 1 1 1 1 1 1 1 1 1 1 1 1 1 1 1 0.989373296499252 0.989373296499252 1 1 0.989373296499252 0.915185570716858 0.904505729675293 0.894011855125427 0.894011855125427 0.894011855125427 0.894011855125427 0.874564975500107 0.843641251325607 0.583605647087097 0.731967806816101 0.651377484202385 0.555298745632172
1 1 1 1 1 1 1 1 1 1 1 1 1 1 1 1 1 1 1 1 1 1 1 1 1 1 1 1 1 1 1 1 1 1 1 1 1 1 1 1 0.978826284408569 1 1 1 1 1 1 0.989373296499252 0.989373296499252 0.904505729675293 0.894011855125427 0.894011855125427 0.894011855125427 0.894011855125427 0.874564975500107 0.82238781452179 0.646409511566162 0.543556235730648 0.660476610064507 0.622486129403114
1 1 1 1 1 1 1 1 1 1 1 1 1 1 1 1 1 1 1 1 1 1 1 1 1 1 1 1 1 1 1 1 1 1 1 1 1 1 1 1 1 0.978826284408569 1 1 1 0.989373296499252 1 1 0.989373296499252 0.894011855125427 0.894011855125427 0.894011855125427 0.894011855125427 0.894011855125427 0.874564975500107 0.655256241559982 0.55341250449419 0.513655334711075 0.66161897778511 0.622486129403114
1 1 1 1 1 1 1 1 1 1 1 1 1 1 1 1 1 1 1 1 1 1 1 1 1 1 1 1 1 1 1 1 1 1 1 1 1 1 1 1 1 1 1 1 1 1 0.989373296499252 0.989373296499252 1 0.968172997236252 0.894011855125427 0.894011855125427 0.894011855125427 0.884354829788208 0.843641251325607 0.520549409091473 0.501142375171185 0.661193922162056 0.611939117312431 0.593036845326424
1 1 1 1 1 1 1 1 1 1 1 1 1 1 0.978680163621902 0.957386881113052 1 1 1 1 1 1 1 1 1 1 1 1 1 1 1 1 1 1 1 1 1 1 1 1 1 1 1 1 1 0.989373296499252 0.989373296499252 0.989373296499252 0.989373296499252 0.968172997236252 0.894011855125427 0.894011855125427 0.883996188640594 0.83354589343071 0.635902345180511 0.491299383342266 0.471932202577591 0.652400299906731 0.584017425775528 0.543051466345787
1 1 1 1 1 1 1 1 1 1 0.989373296499252 0.989373296499252 0.978746592998505 0.957386881113052 0.957386881113052 0.957386881113052 0.957386881113052 1 1 1 1 1 1 1 1 1 1 1 1 1 1 1 1 1 1 1 1 1 1 1 1 1 1 1 1 0.989373296499252 0.989373296499252 0.904505729675293 0.989373296499252 0.936438977718353 0.894011855125427 0.894011855125427 0.83354589343071 0.646568894386292 0.491299383342266 0.67093063890934 0.672670736908913 0.603703394532204 0.522661462426186 0.473180837929249
1 1 1 1 1 1 1 1 1 1 0.957386881113052 0.968053460121155 0.957386881113052 0.946839869022369 0.925852119922638 -9999 0.957386881113052 0.957386881113052 1 1 1 1 1 1 1 1 1 1 1 1 1 1 1 1 1 1 1 1 1 1 1 1 1 1 0.989373296499252 0.989373296499252 0.97870671749115 0.978799700737 0.915198862552643 0.894011855125427 0.894011855125427 0.84192767739296 0.65631890296936 0.491299383342266 0.471932202577591 0.663027003407478 0.593036845326424 0.512154296040535 0.483688004314899 0.485494546592236
0.989373296499252 1 1 1 1 1 1 1 1 0.957386881113052 0.925626307725906 0.915079295635223 0.915185570716858 0.946999281644821 -9999 -9999 0.946932852268219 0.968053460121155 1 1 1 1 1 1 1 1 1 1 1 1 1 1 1 1 1 1 1 1 0.968265980482101 1 1 1 1 1 0.989373296499252 0.989373296499252 0.925586462020874 0.915198862552643 0.894011855125427 0.894011855125427 0.883996188640594 0.625727280974388 0.501022823154926 0.481655642390251 0.703063145279884 0.494181882590055 0.542161479592323 0.523498326539993 0.485494546592236 0.485494546592236
0.978799700737 0.936239749193192 0.957479864358902 0.989373296499252 0.989373296499252 0.968053460121155 0.989373296499252 0.989373296499252 1 0.936306148767471 0.904479175806046 0.904505729675293 0.904505729675293 0.904691696166992 0.894011855125427 0.915185570716858 0.904505729675293 0.915079295635223 0.946813315153122 0.989373296499252 0.989373296499252 1 1 1 1 1 1 1 1 1 1 1 1 1 1 1 1 1 1 1 1 1 1 0.989373296499252 0.989373296499252 0.989373296499252 0.904505729675293 0.915198862552643 0.894011855125427 0.894011855125427 0.883996188640594 0.83354589343071 0.634627118706703 0.54368906468153 0.691905096173286 0.640697658061981 0.610570922493935 0.494181882590055 0.494181882590055 0.484551426023245
0.894011855125427 0.894011855125427 0.925692737102509 0.936266303062439 0.915012896060944 0.925586462020874 0.957386881113052 0.946813315153122 0.936306148767471 0.915052741765976 0.872731864452362 0.904505729675293 0.904505729675293 0.915185570716858 0.904505729675293 0.894011855125427 0.894011855125427 0.904505729675293 0.904505729675293 0.925626307725906 0.936306148767471 0.936306148767471 0.978799700737 1 1 1 1 1 1 1 1 1 1 1 1 1 1 1 1 1 1 0.989373296499252 1 0.989373296499252 0.915012896060944 0.904505729675293 0.946919590234756 0.894011855125427 0.894011855125427 0.946946144104004 0.894011855125427 0.783706605434418 0.666467413306236 0.501142375171185 0.575436346232891 0.514346063137054 0.503652930259705 0.514346063137054 0.494181882590055 0.462315034121275
0.88338515162468 0.88338515162468 0.904505729675293 0.904505729675293 0.893879026174545 0.904505729675293 0.904505729675293 0.925586462020874 0.925626307725906 0.883305430412292 0.893879026174545 0.904505729675293 0.894011855125427 0.894011855125427 0.88338515162468 0.894011855125427 0.904505729675293 0.904505729675293 0.904505729675293 0.894011855125427 0.904505729675293 0.904505729675293 0.946813315153122 1 1 0.98942643404007 1 1 1 1 1 1 1 0.989320158958435 1 1 1 1 1 1 1 0.989373296499252 0.989373296499252 0.904505729675293 0.904505729675293 0.894011855125427 0.915198862552643 0.904505729675293 -9999 0.894011855125427 0.894011855125427 0.894011855125427 0.831832319498062 0.712414667010307 0.686060413718224 0.58311416208744 0.615166962146759 0.501142375171185 0.491418935358524 0.461438328027725
0.88338515162468 0.88338515162468 0.894011855125427 0.904505729675293 0.893879026174545 0.893879026174545 0.893879026174545 0.893879026174545 0.893879026174545 0.893879026174545 0.883996188640594 0.874206304550171 0.874206304550171 0.874206304550171 0.883996188640594 0.883996188640594 0.873369485139847 0.88338515162468 0.88338515162468 0.904505729675293 0.894011855125427 0.904505729675293 0.904505729675293 0.957386881113052 1 1 1 1 1 1 1 1 1 1 1 1 1 1 1 1 1 0.989373296499252 0.904505729675293 0.893932163715363 0.904505729675293 0.915198862552643 0.989373296499252 -9999 -9999 -9999 0.894011855125427 0.894011855125427 0.894011855125427 0.883504688739777 0.85598149895668 0.857123881578445 0.724821344017982 0.65556176006794 0.626218751072884 0.793031513690948
0.831526786088943 0.841476052999496 0.883996188640594 0.874206304550171 0.883996188640594 0.883996188640594 0.883996188640594 0.88338515162468 0.894011855125427 0.873369485139847 0.863539755344391 0.852913022041321 0.873595297336578 0.842219918966293 0.852913022041321 0.831593185663223 0.831646323204041 0.852913022041321 0.852913022041321 0.873369485139847 0.88338515162468 0.88338515162468 0.893932163715363 0.904505729675293 0.946839869022369 1 1 1 1 1 1 1 1 1 1 1 1 1 1 0.968226134777069 0.89395871758461 0.809091150760651 0.862251281738281 0.904505729675293 0.894011855125427 0.968066722154617 0.978746592998505 -9999 0.925586462020874 0.925679445266724 0.936253011226654 0.904505729675293 0.915198862552643 0.894011855125427 0.894011855125427 0.88338515162468 0.84192767739296 0.864097654819489 0.864469587802887 0.685622066259384
0.698958575725555 0.74049574136734 0.801652461290359 0.852886468172073 0.822122156620026 0.780452162027359 0.790414690971375 0.778233855962753 0.819890558719635 0.821205586194992 0.801957964897156 0.801944702863693 0.802701830863953 0.7630774974823 0.711710631847382 0.669681996107101 0.708721876144409 0.79139769077301 0.77079513669014 0.799965441226959 0.841529190540314 0.862264543771744 0.893879026174545 0.872678726911545 0.989373296499252 1 1 1 1 1 1 1 1 1 1 1 1 0.957798689603806 0.915132433176041 0.883252322673798 0.840957999229431 0.893932163715363 0.894011855125427 0.936438977718353 0.978746592998505 0.989373296499252 0.978799700737 0.936253011226654 0.925745874643326 0.936253011226654 0.936412423849106 0.947039127349854 0.936438977718353 0.989373296499252 0.989373296499252 0.894011855125427 0.894011855125427 0.894011855125427 0.87570732831955 0.797786980867386
0.481549382209778 0.461438328027725 0.481376700103283 0.521014332771301 0.481376700103283 0.461438328027725 0.461438328027725 0.530086874961853 0.698493659496307 0.59023405611515 0.471706390380859 0.471706390380859 0.461438328027725 0.461438328027725 0.461438328027725 0.461438328027725 0.471706390380859 0.512207441031933 0.630841374397278 0.801957964897156 0.82113915681839 0.830955624580383 0.88338515162468 0.904505729675293 0.904505729675293 1 1 1 1 1 1 1 1 1 1 1 0.968372255563736 0.936425685882568 0.978799700737 1 1 0.989373296499252 0.989373296499252 0.989373296499252 0.989373296499252 0.978866130113602 0.989373296499252 0.925732582807541 0.957506448030472 0.957506448030472 0.957599431276321 0.989373296499252 0.989373296499252 0.968119859695435 0.989373296499252 0.957493156194687 0.894011855125427 0.883770346641541 0.915955990552902 0.804495096206665
0.556693509221077 0.492229223251343 0.461438328027725 0.461438328027725 0.461438328027725 0.461438328027725 0.461438328027725 0.461438328027725 0.461438328027725 0.461438328027725 0.461438328027725 0.461438328027725 0.442217268049717 0.432467263191938 0.432467263191938 0.451834443956614 0.461438328027725 0.461438328027725 0.461438328027725 0.551898196339607 0.770861566066742 0.831646323204041 0.862742781639099 0.904505729675293 0.904505729675293 0.915012896060944 1 1 0.989373296499252 1 0.989320158958435 1 1 1 1 1 0.936452269554138 1 1 1 1 1 0.915291845798492 0.915119141340256 0.904797941446304 0.915464520454407 1 1 1 1 0.978799700737 0.925745874643326 1 1 0.968133151531219 0.989373296499252 0.936253011226654 0.894011855125427 0.883770346641541 0.843534976243973
0.491511918604374 0.556693509221077 0.546425446867943 0.461438328027725 0.461438328027725 0.451821159571409 0.432586811482906 0.422836806625128 0.413086799904704 0.413086799904704 0.413086799904704 0.413086799904704 0.413086799904704 0.413086799904704 0.413086799904704 0.413086799904704 0.422836806625128 0.461438328027725 0.461438328027725 0.461438328027725 0.71088707447052 0.832562923431396 0.852076202630997 0.894011855125427 0.904505729675293 0.989373296499252 0.989373296499252 0.968425393104553 0.989373296499252 1 1 1 1 1 1 1 1 1 0.915251970291138 0.925759136676788 0.968239426612854 0.947118818759918 1 1 0.978998959064484 1 0.978998959064484 1 1 1 1 0.957679122686386 1 0.978799700737 1 1 0.957453310489655 0.925745874643326 0.894011855125427 0.894011855125427
0.611062407493591 0.481801763176918 0.461438328027725 0.461438328027725 0.442217268049717 0.432586811482906 0.413086799904704 0.413086799904704 0.393214849755168 0.363553045317531 0.373462436720729 0.38325229100883 0.373847652226686 0.373847652226686 0.403071133419871 0.413086799904704 0.413086799904704 0.442217268049717 0.461438328027725 0.461438328027725 0.691493332386017 0.822055757045746 0.852076202630997 0.894011855125427 0.989373296499252 0.989373296499252 1 0.925759136676788 1 1 1 1 1 1 1 1 -9999 1 1 1 0.989320158958435 1 1 0.978826284408569 0.978826284408569 0.978826284408569 0.989506125450134 1 1 1 1 1 1 0.989373296499252 0.989373296499252 0.97870671749115 0.957453310489655 0.925705999135971 0.894011855125427 0.894011855125427
