data-raw/DATASET_PNE/a_DATA/PFGS/ENVSUIT_A1B/HS_f45_C2_VaccUli.asc
NCOLS 619 
NROWS 782 
XLLCORNER 876826 
YLLCORNER 1947424 
CELLSIZE 100 
NODATA_value -9999 
[rows 400 to 424 of 782, columns 285 to 341 of 619]
0.291392147541046 0.150705933570862 0.213997270911932 0.374981015920639 0.489221185445786 0.44610595703125 0.575117647647858 0.726749658584595 0.791255503892899 0.779565811157227 0.811871856451035 0.901214510202408 0.910293012857437 0.880066812038422 0.767754673957825 0.767830580472946 0.82166388630867 0.81086990237236 0.92082890868187 0.990056157112122 0.929816275835037 0.828419625759125 0.978487938642502 0.957218766212463 0.98920601606369 0.98920601606369 0.956839233636856 0.989221185445786 1 0.98920601606369 0.946242600679398 1 1 1 1 1 1 1 1 1 1 1 1 1 1 1 -9999 1 -9999 1 -9999 -9999 1 -9999 -9999 1 -9999
0.291437685489655 0.203476548194885 0.117595263756812 0.326947003602982 0.500060717575252 0.424700170755386 0.623576745390892 0.780446320772171 0.748337626457214 0.791255503892899 0.790374964475632 0.820327907800674 0.87895855307579 0.841338992118835 0.725975409150124 0.861272215843201 0.788613945245743 0.801214516162872 0.82166388630867 0.78935781121254 0.811006516218185 0.82166388630867 0.946090787649155 0.967876106500626 0.98920601606369 0.978427201509476 1 1 0.989221185445786 0.978381663560867 0.935403078794479 1 1 1 1 1 1 1 0.989388197660446 1 1 0.989221185445786 1 1 1 1 1 1 1 -9999 1 1 1 1 1 1 1
0.545103996992111 0.291392147541046 0.193745255470276 0.244375288486481 0.480021268129349 0.456839233636856 0.44610595703125 0.680780336260796 0.726931840181351 0.706512808799744 0.791255503892899 0.779763162136078 0.840944290161133 0.811871856451035 0.726020947098732 0.8318050801754 0.801214516162872 0.790420532226562 0.790420532226562 0.725853949785233 0.704493701457977 0.82166388630867 0.959268242120743 0.967709124088287 0.967754662036896 0.978427201509476 1 1 0.989221185445786 1 1 1 1 1 1 1 1 1 1 1 0.989221185445786 1 1 1 1 1 1 1 1 1 1 1 1 1 1 1 1
0.576256260275841 0.495885848999023 0.214133903384209 0.15604979172349 0.306300282478333 0.470107793807983 0.424715340137482 0.4356459826231 0.682799443602562 0.737634748220444 0.716092318296432 0.694656133651733 0.755882799625397 0.801047503948212 0.736754208803177 0.786063432693481 0.779702454805374 0.705237597227097 0.69467131793499 0.69467131793499 0.704493701457977 0.78964626789093 0.97841203212738 0.946272969245911 0.978594213724136 0.989221185445786 1 0.96786093711853 0.989221185445786 1 1 0.989221185445786 1 1 1 1 1 1 1 1 1 1 1 1 1 1 1 1 1 1 1 1 1 1 1 1 1
0.505723401904106 0.506543189287186 0.329937756061554 0.0192652195692062 0.204493701457977 0.292971014976501 0.323379397392273 0.435524523258209 0.606011852622032 0.780567795038223 0.759086102247238 0.726840764284134 0.705404579639435 0.715302854776382 0.755245178937912 0.779672056436539 0.769773811101913 0.69467131793499 0.69467131793499 0.801214516162872 0.82166388630867 0.950523763895035 0.956915140151978 0.957218766212463 1 1 0.989251554012299 1 0.989221185445786 1 1 1 1 0.956975847482681 1 1 1 1 1 1 1 1 1 1 1 1 1 1 1 1 1 1 1 1 1 1 1
0.525990590453148 0.415788680315018 0.506543189287186 0 0 0.243494763970375 0.302717477083206 0.353301972150803 0.475390926003456 0.585608035326004 0.737498104572296 0.769728273153305 0.630347654223442 0.684013992547989 0.734643995761871 0.780598163604736 0.567132219672203 0.69467131793499 0.891225129365921 1 1 0.946227431297302 0.956884771585464 0.957218766212463 1 0.866616070270538 0.989160478115082 0.978609383106232 0.989221185445786 0.989221185445786 1 1 1 1 0.967815399169922 1 1 1 1 1 1 1 1 1 1 1 1 1 1 1 1 1 1 1 1 1 1
0.59502050280571 0.505677863955498 0.438120543956757 0.184499770402908 0.0584484599530697 0.253013513982296 0.316198587417603 0.31332927942276 0.424715340137482 0.478533461689949 0.563519060611725 0.684013992547989 0.684013992547989 0.71609228849411 0.780598163604736 0.577835127711296 0.716122671961784 0.811871856451035 0.990056157112122 1 0.956869602203369 0.946090787649155 0.967876106500626 0.989388197660446 0.978472739458084 0.989221185445786 0.877410054206848 0.928571432828903 0.989221185445786 0.989251554012299 1 1 1 1 0.989388197660446 0.989388197660446 1 1 1 1 1 1 1 1 1 1 1 1 1 1 1 1 1 1 1 1 1
0.59502050280571 0.545544251799583 0.505677863955498 0.407029002904892 0.0970244407653809 0.185380291193724 0.214285716414452 0.33414301276207 0.425611048936844 0.354167312383652 0.457051783800125 0.596462741494179 0.641126453876495 0.665219381451607 0.683968409895897 0.769955962896347 0.831653267145157 0.979398787021637 0.978533446788788 0.946090787649155 0.946257770061493 0.978487938642502 0.989190816879272 0.978594213724136 0.989221185445786 0.95706695318222 1 1 0.989221185445786 0.978472739458084 1 1 1 0.989221185445786 1 1 1 1 1 1 1 1 1 1 1 1 1 1 1 1 1 1 1 1 1 1 1
0.802049487829208 0.59502050280571 0.525990590453148 0.506543189287186 0.117504172027111 0.0970244407653809 0.0290875965729356 0.22394110262394 0.264050394296646 0.446333676576614 0.532078348100185 0.605237573385239 0.709366947412491 0.802049487829208 0.737832099199295 0.779702454805374 0.940170019865036 0.989342629909515 0.946090787649155 0.957036584615707 0.892621845006943 0.853453785181046 0.956915140151978 0.957006216049194 0.989221185445786 1 0.96786093711853 1 1 1 0.989221185445786 1 1 0.956839233636856 0.967587679624557 0.978609383106232 0.978609383106232 0.989388197660446 0.989388197660446 1 1 1 1 1 1 1 1 1 1 1 1 1 1 1 1 1 1
0.811871856451035 0.647912561893463 0.535767421126366 0.495885848999023 0.367982372641563 0.0970244407653809 0.253013513982296 0.346652507781982 0.5 0.5 0.510627001523972 0.629239410161972 0.76998633146286 0.78053742647171 0.841794431209564 0.901214510202408 0.930271744728088 0.956824034452438 0.967709124088287 0.88257172703743 0.782951265573502 0.714285716414452 0.774753302335739 0.957704573869705 1 1 0.956930309534073 0.946500688791275 0.957112491130829 1 0.989221185445786 0.989221185445786 1 0.978427201509476 0.989221185445786 0.978609383106232 1 1 1 1 1 1 1 1 1 1 1 1 1 1 1 1 1 1 1 1 1
0.80109304189682 0.791240304708481 0.555488079786301 0.51633520424366 0.506543189287186 0.0302565656602383 0.262668900191784 0.292971014976501 0.355548799037933 0.538727797567844 0.51120388507843 0.712312132120132 0.673402160406113 0.802049487829208 0.881584942340851 0.901214510202408 0.920221626758575 0.947882205247879 0.88269317150116 0.91384544968605 0.892621845006943 0.774753302335739 0.774191588163376 0.946910589933395 0.989297091960907 0.989221185445786 0.957249134778976 0.935478985309601 0.924654632806778 0.96786093711853 0.989221185445786 0.956839233636856 0.989221185445786 0.989221185445786 0.978609383106232 0.989388197660446 1 1 1 1 1 1 1 1 1 1 1 1 1 1 1 1 1 1 1 1 1
0.900485783815384 0.821861237287521 0.721512079238892 0.51633520424366 0.495931386947632 0.302049487829208 0.22394110262394 0.292971014976501 0.324138462543488 0.529117960482836 0.543175965547562 0.702687114477158 0.651890099048615 0.802049487829208 0.861606180667877 0.877971768379211 0.809093654155731 0.78648853302002 0.854971915483475 0.903233647346497 0.946303337812424 0.835236072540283 0.85380294919014 0.958721727132797 0.967724293470383 0.989297091960907 0.967769861221313 0.989221185445786 0.978427201509476 0.989221185445786 1 0.989221185445786 0.989221185445786 1 0.989388197660446 1 1 1 1 1 1 1 1 1 1 1 1 1 1 1 1 1 1 1 1 1 1
0.766282051801682 0.860983729362488 0.780461519956589 0.51633520424366 0.495931386947632 0.321512065827847 -9999 0.332837417721748 0.449400320649147 0.5 0.532473057508469 0.553772583603859 0.78053742647171 0.802049487829208 0.831774711608887 0.920221626758575 0.908395320177078 0.729467123746872 0.806467294692993 0.967693954706192 0.90338546037674 0.958630621433258 0.915606498718262 1 1 0.978518307209015 1 1 0.978609383106232 1 1 0.989221185445786 0.967587679624557 0.989388197660446 0.957173228263855 1 1 1 1 1 1 1 1 1 1 1 1 1 1 1 1 1 1 1 1 1 1
0.71515104174614 0.811082422733307 0.780461519956589 0.546546220779419 0.506543189287186 0.302049487829208 0.309867925941944 0.302914831787348 0.302717477083206 0.5 0.511112809181213 0.661408826708794 0.628404423594475 0.802049487829208 0.821861237287521 0.89936238527298 0.958660989999771 0.893517524003983 0.967693954706192 0.935767412185669 1 0.967724293470383 0.967754662036896 1 1 0.989297091960907 0.946136325597763 1 1 0.989388197660446 1 0.978609383106232 0.946227431297302 0.967785030603409 1 1 1 1 1 1 1 1 1 1 1 1 1 1 1 1 1 1 1 1 1 1 1
0.726096838712692 0.80109304189682 0.780461519956589 0.691559135913849 0.506543189287186 0.248534992337227 0.399165019392967 0.214285716414452 0.345741599798203 0.553833309561014 0.414088368415833 0.692652195692062 0.625550329685211 0.821982681751251 0.811871856451035 0.89936238527298 0.969470143318176 0.967709124088287 0.978351294994354 1 1 0.956975847482681 0.956975847482681 1 1 1 0.967633217573166 0.967906475067139 0.924958258867264 0.989388197660446 1 0.989388197660446 0.956975847482681 0.957036584615707 1 1 1 1 1 1 1 1 1 1 1 1 1 1 1 1 1 1 1 1 0.989221185445786 1 0.978563845157623
0.726096838712692 0.80109304189682 0.802049487829208 0.689464092254639 0.506543189287186 0.26998633146286 0.299984809011221 0.223758921027184 0.292971014976501 0.510566275566816 0.424700170755386 0.692621827125549 0.780689239501953 0.802049487829208 0.871792912483215 0.840929090976715 0.859237909317017 0.97841203212738 0.978396832942963 0.98920601606369 0.978548645973206 0.989297091960907 1 0.98920601606369 0.98920601606369 0.98920601606369 1 0.989388197660446 0.924973428249359 0.989175647497177 1 0.946591764688492 0.978548645973206 0.946227431297302 1 1 1 1 1 1 1 1 1 1 1 1 1 1 1 1 1 1 1 1 1 0.946500688791275 0.98920601606369
0.715302854776382 0.802049487829208 0.802049487829208 0.752421438694 0.474525570869446 -9999 0.310642179101706 0.495931386947632 0.292971014976501 0.479080002754927 0.500030376017094 0.597206622362137 0.791225135326385 0.770077437162399 0.831774711608887 0.831774711608887 0.830939710140228 0.979262173175812 0.956915140151978 0.956854403018951 1 0.98920601606369 0.967724293470383 1 1 1 0.946455150842667 0.978518307209015 1 1 1 0.957203596830368 0.935752242803574 0.956975847482681 1 1 0.96786093711853 1 1 1 1 1 1 1 1 1 1 1 1 1 1 1 0.989342629909515 1 0.989388197660446 0.989221185445786 0.957112491130829
0.736572027206421 0.780461519956589 0.802049487829208 0.752421438694 0.473660230636597 -9999 0.45776529610157 0.506543189287186 0.387961134314537 0.479095172137022 0.575239099562168 0.452816165983677 0.791392147541046 0.770077437162399 0.780628502368927 0.811871856451035 0.8415667116642 0.930271744728088 0.978533446788788 0.946303337812424 0.956854403018951 1 1 1 1 1 0.978685289621353 1 1 1 1 -9999 -9999 1 0.989342629909515 1 1 -9999 -9999 1 1 1 1 1 1 1 1 1 1 1 1 1 0.989388197660446 0.957294672727585 0.989388197660446 0.957021415233612 0.946272969245911
0.69368451833725 0.802049487829208 0.802049487829208 0.762365251779556 0.547624111175537 -9999 -9999 0.476499170064926 0.6164870262146 0.693927437067032 0.596766360104084 0.490906327962875 0.657613486051559 0.780567795038223 0.791240304708481 0.716031581163406 0.768878102302551 0.921193271875381 0.979398787021637 0.957097291946411 0.903263986110687 0.881812661886215 0.967891305685043 0.978503108024597 0.967891305685043 1 1 1 0.978563845157623 1 1 1 1 1 -9999 -9999 1 1 1 1 1 1 1 1 1 1 1 1 1 1 1 1 1 0.978685289621353 0.903355091810226 0.978503108024597 0.978639721870422
0.715302854776382 0.811871856451035 0.802049487829208 0.762365251779556 0.557203561067581 -9999 0.506543189287186 0.602262049913406 0.539107337594032 0.564536198973656 0.510809168219566 0.664627283811569 0.716046780347824 0.770912408828735 0.737543642520905 0.589524820446968 0.586579613387585 0.715242147445679 0.811871856451035 0.959814757108688 0.989190816879272 0.956915140151978 0.903233647346497 0.935509324073792 0.978548645973206 0.957112491130829 0.989221185445786 1 1 1 1 1 0.989221185445786 0.989297091960907 0.978518307209015 -9999 -9999 1 -9999 1 1 1 1 1 1 1 1 1 1 1 1 1 1 0.978563845157623 0.946288138628006 0.967845737934113 0.871322304010391
0.714999228715897 0.811871856451035 0.772051006555557 0.802049487829208 0.505677863955498 0.302049487829208 0.506543189287186 0.355518434196711 0.292971014976501 0.489236373454332 0.522923946380615 0.612084403634071 0.748322457075119 0.69076968729496 0.748322457075119 0.780446350574493 0.759298622608185 0.61557611823082 0.69467131793499 0.80121448636055 0.930271744728088 0.95702138543129 0.935509353876114 0.935509324073792 0.978548645973206 0.978548645973206 0.978639751672745 0.989221185445786 0.924973428249359 1 0.989221185445786 1 1 1 1 1 1 1 -9999 1 1 1 1 1 1 1 1 1 1 1 1 1 1 0.967815399169922 0.989342629909515 0.91396689414978 0.882025182247162
0.735752254724503 0.80109304189682 0.792029738426208 0.760573863983154 0.51633520424366 0.302049487829208 0.535812973976135 0.411264598369598 0.467936843633652 0.586245626211166 0.530848637223244 0.716274499893188 0.727144360542297 0.737422198057175 0.640807643532753 0.683846965432167 0.780734777450562 0.780734777450562 0.616669200360775 0.548413541167974 0.76895397901535 0.958660989999771 0.9355548620224 0.967709124088287 0.989190816879272 0.978503108024597 0.978503108024597 0.924684971570969 1 0.989388197660446 0.9677394926548 0.989221185445786 1 1 1 -9999 1 -9999 -9999 1 1 1 1 1 1 1 1 1 1 1 1 1 0.978563845157623 0.892819195985794 0.946500688791275 0.935873687267303 0.828510701656342
0.844208300113678 0.811871856451035 0.811871856451035 0.657826006412506 0.506543189287186 0.301260062493384 0.616380751132965 0.332700777798891 0.489251554012299 0.667329594492912 0.667451038956642 0.780689239501953 0.802049487829208 0.769895255565643 0.69467131793499 0.715287685394287 0.667891293764114 0.780567765235901 0.716213747859001 0.616669200360775 0.575755268335342 0.820130556821823 0.978533446788788 0.892470002174377 0.892621845006943 0.989190816879272 0.967724293470383 0.95706695318222 1 0.967906475067139 1 0.989221185445786 1 1 -9999 0.989297091960907 1 1 -9999 -9999 1 1 1 1 1 1 1 1 1 1 1 1 1 0.892895102500916 0.935645967721939 0.957142859697342 0.89274325966835
0.940929114818573 0.811871856451035 0.802049487829208 0.62706845998764 0.49679671227932 0.350083503872156 0.591301053762436 0.344360113143921 0.436359494924545 0.791392147541046 0.75907090306282 0.791346579790115 0.811871856451035 0.811871856451035 0.810277819633484 0.747381210327148 0.811871856451035 0.790253520011902 0.780734777450562 0.705419763922691 0.684013947844505 0.65173827111721 0.989190816879272 0.989190816879272 0.924851983785629 0.978594213724136 0.989251554012299 -9999 1 0.957249134778976 1 1 1 1 -9999 1 1 1 1 -9999 1 1 1 1 1 1 1 1 1 1 1 1 0.957249134778976 0.892576307058334 0.871352672576904 0.967845737934113 0.88191893696785
0.891225129365921 0.802049487829208 0.772051006555557 0.505677863955498 0.301214524544775 0.565416723489761 0.373265523463488 0.425444066524506 0.564794301986694 0.791392147541046 0.780567795038223 0.780780345201492 0.811871856451035 0.811871856451035 0.800349175930023 0.789539992809296 0.819766193628311 0.82166388630867 0.82166388630867 0.811871856451035 -9999 0.693790793418884 0.673311069607735 0.841915905475616 0.957112491130829 0.978487938642502 -9999 -9999 0.978548645973206 0.989297091960907 0.989297091960907 1 0.989388197660446 1 1 1 1 1 1 1 1 1 1 1 1 1 1 1 0.989388197660446 1 1 1 0.989388197660446 0.935630768537521 0.978472739458084 0.967754662036896 0.978548645973206
