data-raw/DATASET_PNE/a_DATA/PFGS/ENVSUIT_A1B/HS_f30_C3_cushion.asc
NCOLS 619 
NROWS 782 
XLLCORNER 876826 
YLLCORNER 1947424 
CELLSIZE 100 
NODATA_value -9999 
[rows 58 to 86 of 782, columns 260 to 324 of 619]
0.525301897642323 0.624127166680358 0.624127166680358 0.624127166680358 0.753922615624743 0.869506284399901 0.936334510802596 0.856321366959665 1 1 1 1 1 1 1 1 1 1 1 1 1 1 1 1 1 1 1 1 1 1 1 1 1 1 1 1 1 1 1 1 1 1 1 1 1 1 1 0.975807114104987 0.975807114104987 0.975807114104987 1 0.975807114104987 0.951860675264931 0.975807114104987 0.975807114104987 0.855828472849749 0.807812371642159 0.92836605602563 1 1 1 0.975807114104987 1 1 1
0.564569128398916 0.604329253265424 0.624127166680358 0.624127166680358 0.734905117883841 0.935923765711 0.936334510802596 0.856157068923026 1 1 1 1 1 1 1 1 1 1 1 1 1 1 1 1 1 1 1 1 1 1 1 1 1 1 1 1 1 1 1 1 1 1 1 0.975807114104987 0.975807114104987 0.951860675264931 0.975807114104987 0.975807114104987 1 0.855828472849749 1 0.975807114104987 0.975807114104987 0.879980284235603 0.879980284235603 0.831964183028013 0.85574632383143 0.92836605602563 1 1 1 0.975807114104987 0.951983898792409 0.879651688162326 0.879651688162326
0.394479585968948 0.624127166680358 0.624127166680358 0.672061118869629 0.753922615624743 0.792532654234782 0.783824858292943 0.9765053807607 1 1 1 1 1 1 1 1 1 1 1 1 1 1 1 1 1 1 1 1 1 1 1 1 1 1 1 1 1 1 0.975807114104987 1 1 1 0.975807114104987 0.975807114104987 0.951860675264931 0.975807114104987 0.975807114104987 0.975807114104987 0.92836605602563 0.831594512445576 0.92836605602563 0.92836605602563 0.831964183028013 0.904132095621457 0.904132095621457 0.88030888030888 0.85574632383143 0.904132095621457 0.952312494865686 1 0.975807114104987 0.855705249322271 0.95194282428325 0.95194282428325 0.975766039595827
0.435923765711 0.605150743448616 0.648278978066212 0.691612585229607 0.773720529039678 0.739423313891399 0.808387414770394 0.9765053807607 1 1 1 0.951819600755771 1 1 1 1 1 1 1 1 1 1 1 1 1 1 1 1 1 1 1 1 1 1 1 1 1 1 1 0.975807114104987 0.975807114104987 0.975807114104987 0.975807114104987 0.975807114104987 1 0.975807114104987 0.903926723075659 0.85574632383143 0.807812371642159 0.831964183028013 0.831594512445576 0.88030888030888 0.807812371642159 0.88030888030888 0.904132095621457 0.807812371642159 0.85574632383143 0.904132095621457 0.952312494865686 1 0.831964183028013 0.783660560256305 0.903433828965744 0.759673046907089 0.808387414770394
0.624127166680358 0.586338618253512 0.624127166680358 0.686560420602974 0.681795777540458 0.719830773022262 0.783496262219666 1 1 1 1 1 1 1 1 1 1 0.975807114104987 0.975807114104987 1 1 1 1 1 1 1 1 1 1 1 1 1 1 1 1 1 1 1 1 0.975807114104987 0.975807114104987 0.975807114104987 0.951244557627536 0.975807114104987 1 0.879980284235603 0.832374928119609 0.783660560256305 0.831964183028013 0.904132095621457 0.783824858292943 0.832374928119609 0.783660560256305 0.856526739505463 0.759673046907089 0.759673046907089 0.88030888030888 0.904132095621457 0.952312494865686 1 0.783660560256305 0.783660560256305 0.783660560256305 0.927996385443194 0.92844820504395
0.624127166680358 0.624127166680358 0.624127166680358 0.672061118869629 0.91768668364413 0.792532654234782 0.788178756263863 0.831840959500534 1 1 1 1 1 1 1 1 1 1 0.975807114104987 1 1 1 1 1 1 1 1 1 1 1 1 0.975807114104987 0.951983898792409 0.975807114104987 0.975807114104987 1 1 1 1 0.975807114104987 0.975807114104987 1 0.975807114104987 0.951983898792409 0.92836605602563 0.807812371642159 0.807812371642159 0.783660560256305 0.759673046907089 0.759673046907089 0.787562638626468 0.759673046907089 0.739423313891399 0.763410827240614 0.759673046907089 0.856526739505463 0.904132095621457 0.952312494865686 0.856198143432186 0.90380349954818 0.807812371642159 0.807812371642159 0.928078534461513 0.812125195103918 0.92844820504395
0.672061118869629 0.691325063665489 0.710712231988828 0.826172677236507 0.706317259508749 0.768545140885566 0.884046660642405 0.759673046907089 0.952353569374846 0.9765053807607 0.9765053807607 0.9765053807607 1 1 1 1 1 1 0.975807114104987 1 1 1 1 1 1 1 1 1 1 1 1 0.975807114104987 1 1 0.975807114104987 1 1 1 1 1 0.975807114104987 0.975807114104987 1 0.855828472849749 0.807812371642159 0.832374928119609 0.812125195103918 0.856526739505463 0.856526739505463 0.783660560256305 0.836277006489772 0.759673046907089 0.739423313891399 0.807976669678797 0.763410827240614 0.928078534461513 0.904132095621457 0.904132095621457 0.831964183028013 0.928078534461513 0.928078534461513 0.88034995481804 0.928078534461513 0.759673046907089 0.807976669678797
0.624127166680358 0.710753306497987 0.850078041567403 0.768545140885566 0.768545140885566 0.955516306580136 0.763985870368849 0.783496262219666 0.951614228209973 0.951614228209973 1 1 1 1 1 1 0.975807114104987 1 0.975807114104987 1 1 1 1 0.976053561159944 1 1 1 1 1 1 1 1 1 1 1 1 1 1 1 1 0.951983898792409 0.879980284235603 0.783660560256305 0.807812371642159 0.783660560256305 0.904132095621457 0.812125195103918 0.739423313891399 0.88034995481804 0.719830773022262 0.768380842848928 0.783824858292943 0.764273391932966 0.759673046907089 0.832374928119609 0.928078534461513 0.928078534461513 0.807812371642159 0.904132095621457 0.928078534461513 0.856526739505463 0.836277006489772 0.928078534461513 0.739423313891399 0.739423313891399
0.691489361702128 0.792327281688984 0.788137681754703 0.783824858292943 0.788137681754703 0.808428489279553 0.783496262219666 0.928119608970673 0.9765053807607 0.9765053807607 1 1 1 1 1 1 1 0.975807114104987 1 1 1 1 1 1 1 1 1 1 1 1 0.975807114104987 1 1 1 1 1 1 1 1 1 0.95194282428325 0.807976669678797 0.759673046907089 0.759673046907089 0.759673046907089 0.787562638626468 0.759673046907089 0.95621457323585 0.788137681754703 0.792532654234782 0.739423313891399 0.788835948410416 0.788835948410416 0.739423313891399 0.856526739505463 0.928078534461513 0.759673046907089 0.807812371642159 0.928078534461513 0.928078534461513 0.951573153700813 0.768380842848928 0.719830773022262 0.739423313891399 0.787562638626468
0.705947588926312 0.864618417809907 0.808387414770394 0.832539226156247 0.83225170459213 0.879610613653167 0.9765053807607 1 0.9765053807607 1 1 1 1 0.9765053807607 0.976012486650785 1 1 0.975807114104987 1 1 1 1 1 1 1 1 1 1 1 1 1 0.975807114104987 1 1 1 1 1 1 1 0.976176784687423 0.904255319148936 0.783455187710507 0.759673046907089 0.812125195103918 0.759673046907089 0.739423313891399 0.904173170130617 0.88462170377064 0.932062761849996 0.764273391932966 0.788260905282182 0.812330567649717 0.788835948410416 0.836277006489772 0.928078534461513 0.856526739505463 0.759673046907089 0.856526739505463 0.812125195103918 0.792532654234782 0.719830773022262 0.719830773022262 0.739423313891399 0.840179084859936 0.787562638626468
0.802636983488047 0.840713053479011 0.808387414770394 0.9765053807607 0.9765053807607 0.9765053807607 1 1 1 1 1 1 1 1 1 1 1 1 0.951819600755771 1 1 1 1 1 1 1 1 1 1 1 1 1 1 1 1 1 1 1 1 0.97543744352255 0.951614228209973 0.759673046907089 0.860100221802349 0.907746652427504 0.83549659081574 0.928324981516471 0.883923437114926 0.767929023248172 0.932062761849996 0.769859525178674 0.721104082806211 0.812330567649717 0.783824858292943 0.928078534461513 0.88034995481804 0.759673046907089 0.812125195103918 0.836277006489772 0.884046660642405 0.768380842848928 0.701182945863797 0.719830773022262 0.739423313891399 0.955557381089296 0.812125195103918
0.898299515320792 0.932432432432432 0.832621375174567 0.9765053807607 0.9765053807607 1 1 1 1 1 1 1 1 0.927996385443194 1 1 1 1 1 1 1 0.9765053807607 0.9765053807607 0.9765053807607 0.9765053807607 0.9765053807607 1 1 1 1 1 1 1 1 1 1 1 1 1 0.903557052493223 0.855417727758153 0.832374928119609 0.931693091267559 0.95621457323585 0.912100550398423 0.840261233878255 0.81627372052904 0.773884827076316 0.935964840220159 0.721104082806211 0.721104082806211 0.788835948410416 0.912100550398423 0.952312494865686 0.739423313891399 0.759673046907089 0.792532654234782 0.768380842848928 0.701182945863797 0.749733015690462 0.749733015690462 0.763575125277253 0.739423313891399 0.951573153700813 0.832374928119609
0.936334510802596 0.888647005668282 0.928694652098907 0.9765053807607 0.9765053807607 1 1 1 1 1 1 1 1 1 1 1 1 0.9765053807607 1 1 1 0.975766039595827 0.975766039595827 0.975766039595827 0.975766039595827 0.975766039595827 1 1 1 1 1 1 1 1 1 1 1 1 1 0.759673046907089 0.759673046907089 0.931693091267559 0.931693091267559 0.95621457323585 0.903926723075659 0.816479093074838 0.82161340671979 0.826090528218188 0.725047235685534 0.937648895095704 0.81302883430543 0.887948739012569 0.979750266984309 0.952312494865686 0.759673046907089 0.792532654234782 0.768380842848928 0.701182945863797 0.701182945863797 0.701182945863797 0.68163147950382 0.719830773022262 0.840179084859936 0.951573153700813 0.928078534461513
0.960157726115173 0.788137681754703 0.952682165448123 0.9765053807607 0.9765053807607 1 1 1 1 1 1 1 1 1 1 0.9765053807607 0.952271420356527 0.932021687340836 0.955516306580136 0.955516306580136 0.951573153700813 1 0.955516306580136 1 0.955516306580136 0.975766039595827 0.9765053807607 1 1 1 1 1 1 1 1 1 1 1 1 0.759673046907089 0.856321366959665 0.831594512445576 0.884005586133246 0.835907335907336 0.883923437114926 0.935964840220159 0.911813028834305 0.725047235685534 0.772529368274049 0.937648895095704 0.701182945863797 0.917275938552534 0.912100550398423 0.759673046907089 0.719830773022262 0.884046660642405 0.749733015690462 0.701182945863797 0.701182945863797 0.719871847531422 0.701182945863797 0.839973712314138 0.931323420685123 0.951573153700813 0.951573153700813
0.979750266984309 0.904501766203894 0.9765053807607 0.9765053807607 0.9765053807607 1 1 1 1 1 0.952312494865686 0.952312494865686 1 0.9765053807607 0.932062761849996 0.955516306580136 0.955516306580136 0.917275938552534 0.917275938552534 0.893452723239957 0.869300911854103 0.832169555573811 0.787768011172266 0.88355376653249 0.979750266984309 0.975766039595827 1 0.952312494865686 1 1 1 1 1 1 1 1 1 1 1 0.856157068923026 0.879815986198965 0.904173170130617 0.879610613653167 0.835291218269942 0.863755853117555 0.911813028834305 0.888030888030888 0.806497987349051 0.70085434979052 0.72434896902982 0.701182945863797 0.917275938552534 0.863755853117555 0.719830773022262 0.749733015690462 0.773227634929763 0.701182945863797 0.701182945863797 0.68163147950382 0.719871847531422 0.701182945863797 0.907541279881705 0.951573153700813 0.928078534461513 0.951573153700813
0.955927051671733 0.952517867411484 0.9765053807607 0.9765053807607 1 1 1 1 0.975807114104987 1 1 1 0.9765053807607 0.956255647745009 0.960157726115173 0.935923765711 0.917275938552534 0.893452723239957 0.777211862318245 0.681795777540458 0.643678633040335 0.681795777540458 0.681795777540458 0.681795777540458 0.907869875954982 0.975766039595827 0.955516306580136 0.952312494865686 1 1 1 1 1 1 1 1 1 1 1 0.783619485747145 0.807771297132999 0.951819600755771 0.855417727758153 0.811303704920726 0.78735726608067 0.839973712314138 0.888030888030888 0.705618992853035 0.75856403515978 0.682206522632055 0.701182945863797 0.701182945863797 0.821325885155672 0.701182945863797 0.701182945863797 0.701182945863797 0.701182945863797 0.68163147950382 0.662613981762918 0.701182945863797 0.719830773022262 0.955557381089296 0.951573153700813 0.951573153700813 0.759673046907089
0.979750266984309 0.9765053807607 0.9765053807607 1 1 1 0.9765053807607 0.9765053807607 0.9765053807607 0.9765053807607 1 1 1 0.960157726115173 0.941509898956707 0.941509898956707 0.917275938552534 0.753429721514828 0.643678633040335 0.643678633040335 0.60473999835702 0.681795777540458 0.60473999835702 0.681795777540458 0.859360880637476 0.975766039595827 1 0.9765053807607 1 1 1 0.976012486650785 0.831553437936417 1 1 1 1 1 1 0.951655302719133 0.807771297132999 0.879980284235603 0.879610613653167 0.884005586133246 0.811385853939045 0.787562638626468 0.888030888030888 0.68163147950382 0.662613981762918 0.735233713957118 0.662613981762918 0.701182945863797 0.749281196089707 0.869300911854103 0.701182945863797 0.701182945863797 0.68163147950382 0.663106875872833 0.68163147950382 0.701182945863797 0.768380842848928 0.955557381089296 0.975807114104987 0.759673046907089 0.835619814343219
0.932432432432432 0.9765053807607 1 1 1 1 0.9765053807607 1 0.9765053807607 0.908034173991621 1 0.979750266984309 1 0.941509898956707 0.922122730633369 0.922122730633369 0.753429721514828 0.643678633040335 0.643678633040335 0.681795777540458 0.408568142610696 0.643678633040335 0.624127166680358 0.739423313891399 0.832169555573811 0.955516306580136 1 0.9765053807607 1 1 1 0.976012486650785 0.976012486650785 0.975807114104987 1 1 1 1 1 1 0.855376653248994 0.855417727758153 0.903762425039021 0.78735726608067 0.763575125277253 0.787562638626468 0.729770804238889 0.68163147950382 0.662613981762918 0.71584654563378 0.643514335003697 0.662613981762918 0.68163147950382 0.68163147950382 0.68163147950382 0.662613981762918 0.643514335003697 0.662613981762918 0.701182945863797 0.719830773022262 0.839973712314138 0.840179084859936 0.786905446479915 0.907500205372546 0.951573153700813
0.952517867411484 0.9765053807607 1 1 1 0.952353569374846 1 0.928119608970673 0.879569539144007 0.979750266984309 0.979750266984309 0.941509898956707 0.960157726115173 0.897888770229196 0.801938716832334 0.643678633040335 0.643678633040335 0.60473999835702 0.389468495851475 0.389468495851475 0.389468495851475 0.428571428571429 0.681795777540458 0.729277910128974 0.89312412716668 0.955516306580136 1 0.9765053807607 1 1 1 1 1 0.952312494865686 1 1 1 1 1 1 0.975766039595827 0.879980284235603 0.975766039595827 0.807812371642159 0.787562638626468 0.811385853939045 0.777540458391522 0.701182945863797 0.68163147950382 0.643514335003697 0.643514335003697 0.643514335003697 0.643514335003697 0.662613981762918 0.643514335003697 0.643514335003697 0.643514335003697 0.68163147950382 0.701182945863797 0.701182945863797 0.719830773022262 0.739423313891399 0.768380842848928 0.883389468495852 0.859237657109998
0.952517867411484 0.9765053807607 0.97543744352255 0.9765053807607 0.879569539144007 0.831430214408938 0.831594512445576 0.903721350529861 0.960157726115173 0.979750266984309 0.922122730633369 0.897888770229196 0.878871272488294 0.71042471042471 0.643678633040335 0.643678633040335 0.44767107533065 0.389468495851475 0.351187053314713 0.370163476546455 0.295038199293518 0.467756510309702 0.681795777540458 0.796599030641584 0.911771954325146 0.955516306580136 1 0.9765053807607 1 1 1 1 1 1 1 1 1 1 1 1 1 0.783824858292943 0.783824858292943 0.883348393986692 0.763575125277253 0.791916536597388 0.869300911854103 0.701182945863797 0.662613981762918 0.643514335003697 0.667337550316274 0.643514335003697 0.662613981762918 0.643514335003697 0.643514335003697 0.643514335003697 0.643514335003697 0.662613981762918 0.701182945863797 0.701182945863797 0.719830773022262 0.701182945863797 0.701182945863797 0.701182945863797 0.893493797749117
0.908444919083217 0.879569539144007 0.859319806128317 0.955762753635094 0.955762753635094 0.855623100303951 0.83549659081574 0.768380842848928 0.960157726115173 0.941509898956707 0.878871272488294 0.78312659163723 0.667666146389551 0.565390618582108 0.468331553437936 0.389468495851475 0.370492072619732 0.389468495851475 0.351187053314713 0.181960075577097 0.389468495851475 0.643678633040335 0.643678633040335 0.729277910128974 0.941509898956707 0.955516306580136 1 0.9765053807607 1 1 1 1 1 1 1 1 1 1 1 1 1 0.855417727758153 0.931693091267559 0.907541279881705 0.763575125277253 0.797379446315617 0.82157233221063 0.68163147950382 0.662613981762918 0.643514335003697 0.643514335003697 0.643514335003697 0.643514335003697 0.643514335003697 0.643514335003697 0.643514335003697 0.643514335003697 0.662613981762918 0.68163147950382 0.701182945863797 0.701182945863797 0.701182945863797 0.701182945863797 0.701182945863797 0.701182945863797
0.936334510802596 0.91234699745338 0.936334510802596 0.88885237821408 0.78739834058983 0.883471617514171 0.720405816150497 0.70081327528136 0.960157726115173 0.922122730633369 0.758769407705578 0.672430789452066 0.530354062268956 0.332785673211205 0.200073934116487 0.242996796188286 0.351187053314713 0.409102111229771 0.181960075577097 0.218844984802432 0.389468495851475 0.624127166680358 0.643678633040335 0.922122730633369 0.941509898956707 0.975766039595827 1 1 1 1 1 1 1 1 1 1 1 1 0.927749938388236 1 1 0.831758810482215 0.955516306580136 0.859401955146636 0.811632300994003 0.719830773022262 0.730345847367124 0.68163147950382 0.68163147950382 0.662613981762918 0.643514335003697 0.662613981762918 0.643514335003697 0.643514335003697 0.643514335003697 0.643514335003697 0.643514335003697 0.662613981762918 0.68163147950382 0.68163147950382 0.68163147950382 0.701182945863797 0.68163147950382 0.68163147950382 0.701182945863797
0.898176291793313 0.917563460116652 0.91238807196254 0.70081327528136 0.720405816150497 0.720405816150497 0.662162162162162 0.922122730633369 0.897888770229196 0.807073030477286 0.672430789452066 0.535036556313152 0.460938141789206 0.181960075577097 0.181960075577097 0.181960075577097 0.200073934116487 0.181960075577097 0.181960075577097 0.181960075577097 0.506202250883102 0.624127166680358 0.643678633040335 0.897888770229196 0.941509898956707 0.955516306580136 0.979750266984309 1 1 1 1 1 1 1 1 1 0.975807114104987 0.975807114104987 1 0.928160683479832 1 0.975766039595827 0.955927051671733 0.907582354390865 0.763575125277253 0.739423313891399 0.719871847531422 0.701182945863797 0.701182945863797 0.68163147950382 0.643514335003697 0.643514335003697 0.662613981762918 0.643514335003697 0.643514335003697 0.643514335003697 0.643514335003697 0.662613981762918 0.68163147950382 0.68163147950382 0.662613981762918 0.662613981762918 0.68163147950382 0.68163147950382 0.68163147950382
0.897929844738355 0.849420849420849 0.682165448122895 0.70081327528136 0.70081327528136 0.681754703031299 0.782592623018155 0.922122730633369 0.878871272488294 0.734412223773926 0.669802020865851 0.484925655138421 0.399162080013144 0.181960075577097 0.181960075577097 0.200073934116487 0.181960075577097 0.181960075577097 0.181960075577097 0.389468495851475 0.643678633040335 0.643678633040335 0.624127166680358 0.917275938552534 0.979750266984309 0.955516306580136 0.979750266984309 0.9765053807607 1 1 1 1 1 1 1 1 1 1 1 0.951983898792409 0.975807114104987 0.783660560256305 0.907828801445823 0.955927051671733 0.931734165776719 0.739423313891399 0.815780826419124 0.739423313891399 0.797379446315617 0.68163147950382 0.662613981762918 0.662613981762918 0.662613981762918 0.662613981762918 0.68163147950382 0.643514335003697 0.667337550316274 0.643514335003697 0.68163147950382 0.662613981762918 0.643514335003697 0.643514335003697 0.643514335003697 0.662613981762918 0.701182945863797
0.873778033352501 0.734247925737287 0.692064404830362 0.711164051589584 0.643514335003697 0.643514335003697 0.922122730633369 0.922122730633369 0.710917604534626 0.768339768339768 0.509118541033435 0.399162080013144 0.181960075577097 0.181960075577097 0.181960075577097 0.181960075577097 0.218844984802432 0.200073934116487 0.332374928119609 0.525342972151483 0.624127166680358 0.643678633040335 0.845313398504888 0.904132095621457 0.960157726115173 1 1 1 1 1 1 1 1 1 1 1 1 1 0.975807114104987 0.855828472849749 0.903598127002382 0.783824858292943 0.835907335907336 1 0.955927051671733 0.783824858292943 0.807812371642159 0.787562638626468 0.816027273474082 0.744393329499712 0.700279306662285 0.721104082806211 0.662613981762918 0.662613981762918 0.68163147950382 0.68163147950382 0.624127166680358 0.667337550316274 0.643514335003697 0.68163147950382 0.643514335003697 0.691530436211287 0.643514335003697 0.701182945863797 0.701182945863797
0.878953421506613 0.922122730633369 0.691325063665489 0.643678633040335 0.667830444426189 0.806169391275774 0.922122730633369 0.734412223773926 0.753018976423232 0.509118541033435 0.409389632793888 0.200073934116487 0.181960075577097 0.181960075577097 0.181960075577097 0.181960075577097 0.375338864700567 0.238150004107451 0.506859443029656 0.643678633040335 0.643678633040335 0.681795777540458 0.935923765711 1 1 1 1 1 1 1 1 1 1 1 0.975807114104987 1 0.927749938388236 1 0.975807114104987 0.855828472849749 0.975807114104987 0.952312494865686 0.903598127002382 0.928078534461513 0.835619814343219 0.907500205372546 0.783824858292943 0.807812371642159 0.739423313891399 0.816027273474082 0.743982584408116 0.719871847531422 0.721104082806211 0.662613981762918 0.68163147950382 0.68163147950382 0.643514335003697 0.624127166680358 0.604493551302062 0.643514335003697 0.643514335003697 0.739710835455516 0.643514335003697 0.68163147950382 0.68163147950382
0.897888770229196 0.884005586133246 0.787521564117309 0.854924833648238 0.903105232892467 0.758235439086503 0.734412223773926 0.763287603713136 0.557873983405898 0.314959336235932 0.181960075577097 0.181960075577097 0.181960075577097 0.181960075577097 0.337303869218763 0.484925655138421 0.356526739505463 0.506859443029656 0.643678633040335 0.643678633040335 0.681795777540458 0.75322434896903 0.979750266984309 0.979750266984309 1 1 1 1 1 1 1 0.975807114104987 1 1 0.927749938388236 0.927749938388236 0.975807114104987 0.975807114104987 0.975807114104987 0.975807114104987 1 1 0.832169555573811 0.951573153700813 0.975807114104987 0.812125195103918 0.927749938388236 0.783824858292943 0.739423313891399 0.739423313891399 0.767477203647416 0.744393329499712 0.721104082806211 0.662613981762918 0.68163147950382 0.643514335003697 0.643514335003697 0.643514335003697 0.624127166680358 0.396533311426928 0.643514335003697 0.643514335003697 0.643514335003697 0.643514335003697 0.643514335003697
0.734330074755607 0.545839152222131 0.757865768504066 0.80658013636737 0.757865768504066 0.624948656863551 0.696048632218845 0.61648730797667 0.430460855992771 0.277869054464799 0.181960075577097 0.181960075577097 0.181960075577097 0.337303869218763 0.489567074673458 0.557832908896739 0.511911607656289 0.643678633040335 0.686272899038856 0.681795777540458 0.796763328678222 0.960157726115173 1 1 1 1 1 1 1 1 1 1 1 1 0.855828472849749 0.975807114104987 1 0.879774911689805 0.927873161915715 0.879815986198965 0.952312494865686 0.952312494865686 1 0.879446315616528 0.903598127002382 0.783660560256305 0.931693091267559 0.807606999096361 0.759673046907089 0.759673046907089 0.759673046907089 0.816027273474082 0.719830773022262 0.68163147950382 0.68163147950382 0.643514335003697 0.643514335003697 0.643514335003697 0.624127166680358 0.509159615542594 0.609874312001972 0.624127166680358 0.624127166680358 0.643514335003697 0.643514335003697
0.525794791752239 0.698554177277582 0.713874969194118 0.797297297297297 0.713874969194118 0.645855582025795 0.414031052328925 0.342068512281278 0.271995399654974 0.181960075577097 0.181960075577097 0.181960075577097 0.181960075577097 0.332374928119609 0.557832908896739 0.571058900846135 0.643678633040335 0.729277910128974 0.729277910128974 0.869300911854103 0.979750266984309 0.979750266984309 1 0.9765053807607 1 1 1 1 1 1 1 1 1 0.879939209726444 0.879364166598209 0.832005257537172 0.928160683479832 0.903639201511542 0.879815986198965 0.879815986198965 0.927749938388236 0.951244557627536 1 0.952312494865686 0.879446315616528 0.783660560256305 0.95194282428325 0.931693091267559 0.759673046907089 0.759673046907089 0.759673046907089 0.739423313891399 0.840220159369096 0.701182945863797 0.68163147950382 0.643514335003697 0.643514335003697 0.643514335003697 0.624127166680358 0.624127166680358 0.604493551302062 0.604493551302062 0.64314466442126 0.64314466442126 0.624127166680358
