data-raw/DATASET_PNE/a_DATA/PFGS/ENVSUIT_A1B/HS_f30_P5_alpext.asc
NCOLS 619 
NROWS 782 
XLLCORNER 876826 
YLLCORNER 1947424 
CELLSIZE 100 
NODATA_value -9999 
[rows 279 to 309 of 782, columns 0 to 69 of 619]
-9999 -9999 -9999 -9999 -9999 -9999 -9999 -9999 -9999 -9999 -9999 -9999 0.122256863516663 0.19142173926204 0.490873868692678 0.366195477797621 0.608832521112692 0.958531343645004 0.981747737385356 0.981747737385356 0.976541453521809 1 0.976571722614039 1 1 1 1 1 1 1 1 1 1 1 1 1 1 1 1 1 1 1 1 1 1 1 1 1 1 1 1 1 1 1 1 1 1 1 0.953506674334837 1 1 1 1 1 1 1 1 1 1 1
-9999 -9999 -9999 -9999 -9999 -9999 -9999 -9999 -9999 -9999 -9999 -9999 -9999 0.0759148833126495 0.250658352756001 0.328056421587917 0.454550958016769 0.846263280564216 0.981747737385356 0.962799285649423 0.939340739171232 0.957593001785876 0.976571722614039 1 1 1 1 1 1 1 1 1 1 1 1 1 1 1 1 1 1 1 1 1 1 1 1 1 1 1 1 1 1 1 1 1 1 0.976934951720798 0.976934951720798 1 1 1 1 1 1 1 1 1 1 1
-9999 -9999 -9999 -9999 -9999 -9999 -9999 -9999 -9999 -9999 -9999 -9999 -9999 -9999 0.171716560220359 0.401973544813391 0.439991524654176 0.505463571147501 0.869691557950177 0.65335835578291 0.962799285649423 0.957593001785876 1 1 1 1 1 1 1 1 1 1 1 1 1 1 1 1 1 1 1 1 1 1 1 1 1 1 1 0.953355328873687 1 1 1 1 0.976934951720798 1 1 1 1 1 1 1 1 1 1 1 1 1 1 1
-9999 -9999 -9999 -9999 -9999 -9999 -9999 -9999 -9999 -9999 -9999 -9999 -9999 -9999 0.117867845143324 0.292853467324515 0.37461028543754 0.486303235765959 0.524563368344583 0.619426703393165 0.939340739171232 0.957956230892636 0.823107425008324 1 1 1 1 1 1 1 1 1 1 1 1 1 1 1 1 1 1 1 1 1 1 1 1 1 1 1 1 1 1 1 1 1 1 1 1 1 1 1 1 1 1 1 1 1 1 1
-9999 -9999 -9999 -9999 -9999 -9999 -9999 -9999 -9999 -9999 -9999 -9999 -9999 -9999 -9999 0.15948784695947 0.289523867179223 0.420800920180404 0.443896237551836 0.619608317946545 0.869691557950177 0.514846989738778 0.589066803886551 1 1 1 1 1 1 1 1 1 1 1 1 1 1 1 1 1 1 1 1 1 1 1 1 1 1 1 1 1 1 1 1 0.976934951720798 1 1 1 1 1 1 1 1 1 1 1 1 1 1
-9999 -9999 -9999 -9999 -9999 -9999 -9999 -9999 -9999 -9999 -9999 -9999 -9999 -9999 0.103066259042891 0.145715409994854 0.122468747162273 0.448466870478554 0.48203529376154 0.500983745497473 0.730120773677997 0.461391772860732 0.961588521960226 0.957260041771347 1 1 1 1 1 1 1 1 1 1 1 1 1 1 1 1 1 1 1 1 1 1 1 1 1 1 1 1 1 1 1 1 1 1 1 1 1 1 1 1 1 1 1 1 1 1
-9999 -9999 -9999 -9999 -9999 -9999 -9999 -9999 -9999 -9999 -9999 -9999 -9999 -9999 0.126191845506553 0.145745679087084 0.165269243575385 0.855344008233193 0.440354753760935 0.435541968096377 0.579864999848655 0.939734237370221 0.655174501316706 0.957593001785876 1 1 0.976783606259648 1 1 1 1 1 1 1 1 1 1 1 1 1 1 1 1 1 1 1 1 1 1 1 1 1 1 1 1 1 1 1 1 1 1 1 1 1 1 1 1 1 1 1
-9999 -9999 -9999 -9999 -9999 -9999 -9999 -9999 -9999 -9999 -9999 -9999 -9999 -9999 0.149862275630354 0.228955413627145 0.312770530011805 0.467778551321246 0.463207918394527 0.54599388564337 0.800102914913582 0.546841420225807 0.981051548264068 0.981051548264068 0.981051548264068 0.976571722614039 0.953355328873687 1 1 1 1 1 1 1 1 1 1 1 1 1 1 1 1 1 1 1 1 1 1 1 1 1 1 1 1 1 1 1 1 1 1 1 1 1 1 1 1 1 1 1
-9999 -9999 -9999 -9999 -9999 -9999 -9999 -9999 -9999 -9999 -9999 -9999 -9999 -9999 0.126312921875473 0.229106759088295 0.421254956563853 0.463117111117838 0.819051366649514 0.780337197687441 0.864878772285619 0.934497684414444 0.957593001785876 0.981051548264068 0.981051548264068 0.981051548264068 0.981051548264068 0.981051548264068 0.907194963223053 0.888246511487121 0.929866513303266 1 1 1 1 1 1 1 1 1 1 1 1 1 1 1 1 1 1 1 1 1 1 1 1 1 1 1 1 1 1 1 1 1 1 1 1 1 1 1
-9999 -9999 -9999 -9999 -9999 -9999 -9999 -9999 -9999 -9999 -9999 -9999 -9999 -9999 0.32660350516088 -9999 -9999 -9999 -9999 -9999 1 0.907164694130823 0.930229742410025 0.938372128219875 1 1 1 1 0.976753337167418 1 1 1 1 1 1 1 1 1 1 1 1 1 1 1 1 1 1 1 1 1 1 1 1 1 1 1 1 1 1 1 1 1 1 1 1 1 1 1 1 1
-9999 -9999 -9999 -9999 -9999 -9999 -9999 -9999 -9999 -9999 -9999 -9999 -9999 -9999 -9999 -9999 -9999 -9999 -9999 -9999 1 1 1 1 1 1 1 1 1 1 1 1 1 1 1 1 1 1 1 1 1 1 1 1 1 1 1 1 1 1 1 1 1 1 1 1 1 1 1 1 1 1 1 1 1 1 1 1 1 1
-9999 -9999 -9999 -9999 -9999 -9999 -9999 -9999 -9999 -9999 -9999 -9999 -9999 -9999 -9999 -9999 -9999 -9999 -9999 -9999 -9999 -9999 1 1 1 1 1 1 1 1 1 1 1 1 1 1 1 1 1 1 1 1 1 1 1 1 1 1 1 1 1 1 1 1 1 1 1 1 1 1 1 1 1 1 1 1 1 1 1 1
-9999 -9999 -9999 -9999 -9999 -9999 -9999 -9999 -9999 -9999 -9999 -9999 -9999 -9999 -9999 -9999 -9999 -9999 -9999 -9999 -9999 -9999 -9999 -9999 1 1 1 1 1 1 1 1 1 1 1 1 1 1 1 1 1 1 1 1 1 1 1 1 1 1 1 1 1 1 1 1 1 1 1 1 1 1 1 1 1 1 1 1 1 1
-9999 -9999 -9999 -9999 -9999 -9999 -9999 -9999 -9999 -9999 -9999 -9999 -9999 -9999 -9999 -9999 -9999 -9999 -9999 -9999 -9999 -9999 -9999 -9999 -9999 -9999 1 1 1 1 1 1 1 1 1 1 1 1 1 1 1 1 1 1 1 1 1 1 1 1 1 1 1 1 1 1 1 1 1 1 1 1 1 1 1 1 1 1 1 1
-9999 -9999 -9999 -9999 -9999 -9999 -9999 -9999 -9999 -9999 -9999 -9999 -9999 -9999 -9999 -9999 -9999 -9999 -9999 -9999 -9999 -9999 -9999 -9999 -9999 -9999 -9999 1 1 1 1 1 1 1 1 1 1 1 1 1 1 1 1 1 1 1 1 1 1 1 1 1 1 1 1 1 1 1 1 1 1 1 1 1 1 1 1 1 1 1
-9999 -9999 -9999 -9999 -9999 -9999 -9999 -9999 -9999 -9999 -9999 -9999 -9999 -9999 -9999 -9999 -9999 -9999 -9999 -9999 -9999 -9999 -9999 -9999 -9999 -9999 -9999 -9999 1 1 1 1 1 1 1 1 1 1 1 1 1 1 1 1 1 1 1 1 1 1 1 1 1 1 1 1 1 1 1 1 1 1 1 1 1 1 1 1 1 1
-9999 -9999 -9999 -9999 -9999 -9999 -9999 -9999 -9999 -9999 -9999 -9999 -9999 -9999 -9999 -9999 -9999 -9999 -9999 -9999 -9999 -9999 -9999 -9999 -9999 -9999 -9999 -9999 -9999 1 1 1 1 1 1 1 1 1 1 1 1 1 1 1 1 1 1 1 1 1 1 1 1 1 1 1 1 1 1 1 1 1 1 1 1 1 1 1 1 1
-9999 -9999 -9999 -9999 -9999 -9999 -9999 -9999 -9999 -9999 -9999 -9999 -9999 -9999 -9999 -9999 -9999 -9999 -9999 -9999 -9999 -9999 -9999 -9999 -9999 -9999 -9999 -9999 -9999 -9999 1 1 1 1 1 1 1 1 1 1 1 1 1 1 1 1 1 1 1 1 1 1 1 1 1 1 1 1 1 1 1 1 1 1 1 1 1 1 1 1
-9999 -9999 -9999 -9999 -9999 -9999 -9999 -9999 -9999 -9999 -9999 -9999 -9999 -9999 -9999 -9999 -9999 -9999 -9999 -9999 -9999 -9999 -9999 -9999 -9999 -9999 -9999 -9999 -9999 -9999 1 1 1 1 1 1 1 1 1 1 1 1 1 1 1 1 1 1 1 1 1 1 0.976571722614039 1 1 1 1 1 1 1 1 1 1 1 1 1 1 1 1 1
-9999 -9999 -9999 -9999 -9999 -9999 -9999 -9999 -9999 -9999 -9999 -9999 -9999 -9999 -9999 -9999 -9999 -9999 -9999 -9999 -9999 -9999 -9999 -9999 -9999 -9999 -9999 -9999 1 1 1 1 1 1 1 1 1 1 1 1 1 1 1 1 1 1 0.953446136150377 0.883373187638103 0.930048127856646 0.981747737385356 0.789720616278718 0.809002028029179 0.595816811453825 0.638011926022339 0.892151224384781 1 1 1 0.976783606259648 0.938372128219875 0.807670187971063 0.976783606259648 1 1 1 1 1 1 1 0.822956079547174
-9999 -9999 -9999 -9999 -9999 -9999 -9999 -9999 -9999 -9999 -9999 -9999 -9999 -9999 -9999 -9999 -9999 -9999 -9999 -9999 -9999 -9999 -9999 -9999 -9999 -9999 -9999 -9999 1 1 1 1 1 1 1 1 1 1 1 1 1 1 0.953476405242607 1 1 0.976541453521809 -9999 0.919877712867391 0.885703907739807 0.958531343645004 0.784453794230711 0.811877591791022 0.865060386838999 0.888216242394891 0.767321488028574 0.813754275509277 0.817719526591398 0.738081544934467 0.85274086630142 0.631382994823985 0.59760268789539 0.59760268789539 0.578139661591549 0.593334745890971 0.814783424645095 0.845082785967249 0.930017858764416 0.976571722614039 0.976904682628568 0.827284559736054
-9999 -9999 -9999 -9999 -9999 -9999 -9999 -9999 -9999 -9999 -9999 -9999 -9999 -9999 -9999 -9999 -9999 -9999 -9999 -9999 -9999 -9999 -9999 -9999 -9999 -9999 -9999 -9999 1 1 1 1 1 1 1 1 1 1 1 1 1 0.837000938341859 0.88854920240942 0.862396706722765 0.780337197687441 -9999 -9999 -9999 0.547507340254866 0.528558888518933 0.543753972818355 0.269970033598692 0.27895995399098 0.297696522081303 0.454732572570149 0.412295305263795 0.579864999848655 0.661985047068438 0.555891878802555 0.555922147894785 0.550958016769077 0.550958016769077 0.488966915882193 0.455761721705966 0.547023034779187 0.565971486515119 0.642370675303448 0.841026727608439 0.853134364500409 0.857069346490299
-9999 -9999 -9999 -9999 -9999 -9999 -9999 -9999 -9999 -9999 -9999 -9999 -9999 -9999 -9999 -9999 -9999 -9999 -9999 -9999 -9999 -9999 -9999 -9999 -9999 -9999 -9999 -9999 1 1 1 1 1 1 1 1 1 1 1 0.953446136150377 0.641825831643309 0.522474800980719 -9999 -9999 -9999 0.528558888518933 0.48215637013046 0.458939976390108 0.444229197566365 0.486515119411569 0.138723249689742 0.142295002572873 0.115294972303781 0.115294972303781 0.0955897932621001 0.358991433846899 0.48615189030481 0.532705754154433 0.509247207676242 0.537215848896692 0.51399945515634 0.532251717770984 0.373944365408481 0.377031812815934 0.357387171958713 0.505342494778582 0.560523049913733 0.630474922057088 0.509247207676242 0.0572691224990163
-9999 -9999 -9999 -9999 -9999 -9999 -9999 -9999 -9999 -9999 -9999 -9999 -9999 -9999 -9999 -9999 -9999 -9999 -9999 -9999 -9999 -9999 -9999 -9999 -9999 -9999 -9999 -9999 1 1 1 1 1 1 1 1 1 1 0.981747737385356 0.818869752096135 -9999 0.500983745497473 -9999 0.374822169083149 0.405121530405303 0.448648485031934 0.443896237551836 0.37461028543754 0.37461028543754 0.401943275721161 0.184913884432606 0.0759148833126495 0.0955897932621001 0.103944062717559 0.0465235947573932 0.0572691224990163 0.258588854920241 0.192360081121167 0.390047522474801 0.323606865030118 0.452068892453915 0.475285286194267 0.287677452553198 0.268002542603747 0.291461089081938 0.505130611132972 0.505130611132972 0.357296364682023 0.0465538638496232 0
-9999 -9999 -9999 -9999 -9999 -9999 -9999 -9999 -9999 -9999 -9999 -9999 -9999 -9999 -9999 -9999 -9999 -9999 -9999 -9999 -9999 -9999 -9999 -9999 -9999 -9999 -9999 1 1 1 1 1 1 1 1 1 1 1 0.981747737385356 -9999 -9999 0.444229197566365 0.401943275721161 0.203680721615159 0.138602173320822 0.285104579713654 0.203468837969549 0.138602173320822 0.277567575748403 0.297121409328934 0.122347670793353 0.0759148833126495 0.0572691224990163 0.0422859218452039 0.0465235947573932 0.0572691224990163 0.0955897932621001 0.177286073190665 0.249962163634713 0.249962163634713 0.241002512334655 0.175015891273421 0.113388019493295 0.175015891273421 0.310530617186791 0.404939915851924 0.217816387686533 0 0 0
-9999 -9999 -9999 -9999 -9999 -9999 -9999 -9999 -9999 -9999 -9999 -9999 -9999 -9999 -9999 -9999 -9999 -9999 -9999 -9999 -9999 -9999 -9999 -9999 -9999 -9999 1 1 1 1 1 1 1 1 1 1 1 1 0.981747737385356 0.846596240578745 0.467657474952326 0.181372400641705 0.122347670793353 0.142355540757333 0.165299512667615 0.188727790053576 0.142052849835033 0.165299512667615 0.118927263371372 0.118927263371372 0.0759148833126495 0 0 0 0.0465235947573932 0.0380785180252444 0.0572691224990163 0.0806973998849775 0.132699700335987 0.268638193540576 0.160547265187517 0.253745800163453 0.448466870478554 0.491085752338287 0.253745800163453 0.222326482428792 0.0759148833126495 0 0 0
-9999 -9999 -9999 -9999 -9999 -9999 -9999 -9999 -9999 -9999 -9999 -9999 -9999 -9999 -9999 -9999 -9999 -9999 -9999 -9999 -9999 -9999 -9999 -9999 -9999 1 1 1 1 1 1 1 1 1 1 1 1 0.981747737385356 0.940067197384751 0.920816054726519 0.405969064987741 0.145594333625935 0.145594333625935 0.145594333625935 0.0991615461452311 0.0805157853315979 0.122589823531192 0.122468747162273 0.0759148833126495 0.0380785180252444 0.0232466628325817 0 0 0 0.023095317371432 0.023095317371432 0.0380785180252444 0.12740260919575 0.0572691224990163 0.0806973998849775 0.188758059145806 0.4143233344432 0.471895147864516 0.273057481006145 0.183793928020099 0.0759148833126495 0.0380785180252444 0 0 0.0572691224990163
-9999 -9999 -9999 -9999 -9999 -9999 -9999 -9999 -9999 -9999 -9999 -9999 -9999 -9999 -9999 -9999 -9999 -9999 -9999 -9999 -9999 -9999 -9999 -9999 -9999 0.981747737385356 1 1 1 1 1 1 1 1 1 0.981747737385356 0.981747737385356 0.963132245663953 0.94427460120471 0.859157913854164 0.192087659291098 0.0991615461452311 0.0991615461452311 0.0805157853315979 0.0613251808578261 0.0799709416714593 0.0613251808578261 0.0613251808578261 0.0232466628325817 0 0.023095317371432 0 0 0.023095317371432 0.0463419802040137 0.023095317371432 0.0932893422526258 0.0613251808578261 0.162000181614553 0.180555135151497 0.269606804491933 0.269606804491933 0.09562006235433 0.0232466628325817 0 0.0465538638496232 0 0 0.313678602778703 0.585071283712202
-9999 -9999 -9999 -9999 -9999 -9999 -9999 -9999 -9999 -9999 -9999 -9999 -9999 -9999 -9999 -9999 -9999 -9999 -9999 -9999 -9999 -9999 -9999 -9999 0.981747737385356 0.981747737385356 0.981747737385356 0.981747737385356 1 0.981747737385356 0.981747737385356 0.981747737385356 0.981747737385356 0.981747737385356 0.958289190907165 0.958652420013924 0.963132245663953 0.94427460120471 0.779731815842843 0.218088809516603 0.103066259042891 0.0799709416714593 0.0799709416714593 0.0613251808578261 0.0799709416714593 0.0613251808578261 0.0465538638496232 0.023095317371432 0.0465538638496232 0.0465538638496232 0.0465538638496232 0.023095317371432 0.023095317371432 0.0696491812210552 0.0696491812210552 0.0613251808578261 0 0.0613251808578261 0.138602173320822 0.405636104973212 0.230771559160941 0.0567242788388776 0.0932893422526258 0 0 0 0 0.352453309925235 0.523594757393226 0.379423071102098
-9999 -9999 -9999 -9999 -9999 -9999 -9999 -9999 -9999 -9999 -9999 -9999 -9999 -9999 -9999 -9999 -9999 -9999 -9999 -9999 -9999 -9999 -9999 0.698035535914278 0.94427460120471 0.963132245663953 0.981747737385356 0.981747737385356 0.981747737385356 0.981747737385356 0.935224142627963 0.94427460120471 0.777189212095529 0.963132245663953 0.916578381814329 0.94427460120471 0.924872113085329 0.756666767563641 0.612949117655961 0.0567242788388776 0.0613251808578261 0.0613251808578261 0.0613251808578261 0.0613251808578261 0.0613251808578261 0.0697702575899749 0.116657081454127 0.116536005085208 0.0234585464781911 0 0 0.023095317371432 0.023095317371432 0.0931077276992463 0.0846323818748676 0.145594333625935 0.292520507309986 0.288888216242395 0.187849986378909 0.0567242788388776 0 0 0 0 0 0 0 0.509580167690771 0.122135787147743 0.104034869994249
-9999 -9999 -9999 -9999 -9999 -9999 -9999 -9999 -9999 -9999 -9999 -9999 -9999 -9999 -9999 -9999 -9999 -9999 -9999 -9999 -9999 -9999 0.280382601325786 0.729545660925629 0.678360625964827 0.80470381693253 0.823531192299543 0.940036928292521 0.935224142627963 0.88845839513273 0.827920210672882 0.920816054726519 0.874443805430275 0.94427460120471 0.920816054726519 0.733450373823289 0.616853830553622 0.617005176014771 0.237945334019433 0.0613251808578261 0.0380785180252444 0.0613251808578261 0.0613251808578261 0.0613251808578261 0.0380785180252444 0.0613251808578261 0.023095317371432 0.0698005266822048 0.0233072010170415 0.0697702575899749 0.0463419802040137 0.0232466628325817 0.023095317371432 0.0613251808578261 0.103096528135121 0.149832006538124 0.0799709416714593 0.0567242788388776 0 0 0 0 0 0 0 0 0.31467748282229 0.314495868268911 0.0465538638496232 0.127251263734601
