data-raw/DATASET_PNE/a_DATA/PFGS/ENVSUIT_A1B/HS_f30_C3_cushion.asc
NCOLS 619 
NROWS 782 
XLLCORNER 876826 
YLLCORNER 1947424 
CELLSIZE 100 
NODATA_value -9999 
[rows 348 to 376 of 782, columns 455 to 519 of 619]
1 1 1 1 1 1 1 1 1 1 1 1 1 1 1 1 1 1 1 0.976217859196583 1 0.976053561159944 1 0.975766039595827 0.975766039595827 0.839932637804978 0.165694569949889 0.165694569949889 0.321818779265588 0.334223281031792 0.297666967879734 0.292327281688984 0.273843752567157 0.249691941181303 0.226197321942003 0.226197321942003 0.183931652016758 0.0720036145568061 0 0 0 0 0 0.0202497330156905 0.0202497330156905 0.0202497330156905 0 0 0 0 0 0 0 0 0 0 0 0 0 0 0 0 0 0 0
1 1 1 1 1 1 1 1 1 1 1 1 1 1 1 1 1 0.976217859196583 0.976217859196583 1 0.951819600755771 1 0.927996385443194 0.975766039595827 0.707097675182782 0.371436786330403 0.0744270105972234 0.0561488540211944 0.226197321942003 0.226197321942003 0.226197321942003 0.226197321942003 0.163681919001068 0.145609134970837 0.0535611599441387 0 0 0 0 0 0 0 0 0 0 0 0 0 0 0 0 0.0543415756181714 0.202209808592787 0.202209808592787 0.202209808592787 0.202209808592787 0.202209808592787 0 0 0 0 0 0 0 0
1 1 1 1 1 1 1 1 0.97543744352255 1 1 1 1 1 1 1 0.976217859196583 0.976217859196583 0.952271420356527 0.976053561159944 0.951983898792409 0.688367699005997 0.606711574796681 0.587940524110737 0.37603713135628 0.202209808592787 0.0202497330156905 0 0 0 0 0 0 0 0 0 0 0 0 0 0 0 0 0 0.0202497330156905 0.0381171445001232 0.147621785919658 0.285878583750924 0.0202497330156905 0.202209808592787 0.183931652016758 0.202209808592787 0.202209808592787 0.202209808592787 0.202209808592787 0.202209808592787 0.202209808592787 0.202209808592787 0.0381171445001232 0 0 0 0 0 0
1 1 1 1 1 1 0.95194282428325 0.97543744352255 1 0.976217859196583 0.976217859196583 0.976217859196583 1 1 1 1 1 0.90384457405734 0.951983898792409 0.951983898792409 0.975766039595827 0.554423724636491 0.606916947342479 0.297666967879734 0.0561488540211944 0.073071551794956 0 0 0 0 0 0 0.0202497330156905 0.0202497330156905 0.0202497330156905 0.0744270105972234 0.345765218105644 0.32161340671979 0.297666967879734 0.309249979462745 0.0202497330156905 0 0.0202497330156905 0.0202497330156905 0.0561488540211944 0.0744270105972234 0.093156986774008 0.0744270105972234 0.202209808592787 0.202209808592787 0.183931652016758 0.202209808592787 0.202209808592787 0.202209808592787 0.202209808592787 0.202209808592787 0.202209808592787 0.202209808592787 0.202209808592787 0 0 0 0 0 0
1 1 1 1 0.97543744352255 1 1 0.976217859196583 1 0.976217859196583 1 1 1 1 1 0.951860675264931 0.976053561159944 1 0.951983898792409 0.62609874312002 0.625975519592541 0.606177606177606 0.27347408198472 0.0561488540211944 0 0 0 0 0 0 0 0.0202497330156905 0.0202497330156905 0.0442372463649059 0.12926148032531 0.273884827076316 0.297666967879734 0.29803663846217 0.273884827076316 0.165694569949889 0.202209808592787 0.371518935348723 0.357142857142857 0.297831265916372 0.195103918508174 0.309455352008544 0.110819025712643 0.202209808592787 0.202209808592787 0.202209808592787 0.202209808592787 0.202209808592787 0.202209808592787 0.202209808592787 0.181960075577097 0.202209808592787 0.202209808592787 0.202209808592787 0.202209808592787 0.0922533475724965 0 0 0 0 0
1 1 1 1 0.97543744352255 0.976217859196583 1 0.976217859196583 1 1 0.833894684958515 0.754826254826255 0.928571428571428 0.976217859196583 0.932473506941592 0.794709603220241 0.774911689805307 0.688449848024316 0.346422410252197 0.202209808592787 0.202209808592787 0.202209808592787 0.202209808592787 0 0 0 0 0.0202497330156905 0.0202497330156905 0.181960075577097 0 0.0202497330156905 0.0202497330156905 0.0561488540211944 0.12926148032531 0.249691941181303 0.226197321942003 0.202209808592787 0.202209808592787 0.321818779265588 0.438347161751417 0.510022180234946 0.510022180234946 0.414400722911361 0.297666967879734 0.12926148032531 0.0202497330156905 0.202209808592787 0.202209808592787 0.202209808592787 0.202209808592787 0.202209808592787 0.202209808592787 0.145650209479997 0.108559927708864 0.108559927708864 0.202209808592787 0.202209808592787 0.202209808592787 0 0 0 0 0 0
1 1 0.975807114104987 1 0.976217859196583 0.976217859196583 1 0.976217859196583 0.952024973301569 0.779060215230428 0.472397929844738 0.414811468002957 0.257372874394151 0.202209808592787 0.202209808592787 0.322517045921301 0.393740244804075 0.418302801281525 0.147621785919658 0.181960075577097 0.202209808592787 0.163681919001068 0.202209808592787 0.202209808592787 0.165694569949889 0.0202497330156905 0.110819025712643 0.202209808592787 0.0561488540211944 0.202209808592787 0 0.0381171445001232 0.255565595991128 0.273884827076316 0.250390207837016 0.249691941181303 0.202209808592787 0.202209808592787 0.202209808592787 0.321818779265588 0.462540047646431 0.462211451573154 0.462334675100633 0.414400722911361 0.297666967879734 0.183931652016758 0.111599441386675 0.165694569949889 0.202209808592787 0.202209808592787 0.202209808592787 0.202209808592787 0.202209808592787 0 0 0 0 0.202209808592787 0.202209808592787 0.0720036145568061 0.0543415756181714 0 0 0 0
1 0.95194282428325 0.976217859196583 1 1 1 0.976217859196583 0.707508420274378 0.578082641912429 0.31405569703442 0.202209808592787 0.202209808592787 0.202209808592787 0.202209808592787 0 0.0202497330156905 0.0744270105972234 0 0 0 0 0.0561488540211944 0.297666967879734 0.321983077302226 0.616528382485829 0.834880473178346 0.5491251129549 0.202209808592787 0.202209808592787 0.226197321942003 0.250349133327857 0.297625893370574 0.621703770639941 0.660108436704181 0.418713546373121 0.390823954653742 0.297666967879734 0.202209808592787 0.226197321942003 0.39098825269038 0.558161504970016 0.437895342150661 0.390413209562146 0.352131767025384 0.202209808592787 0.202209808592787 0.147621785919658 0.300460034502588 0.437895342150661 0.257865768504066 0.202209808592787 0.202209808592787 0.202209808592787 0 0 0 0 0.202209808592787 0.127289903885649 0.108559927708864 0.0720036145568061 0.0720036145568061 0 0 0
0.95194282428325 1 1 1 0.976217859196583 0.951860675264931 0.975807114104987 0.390823954653742 0.238766121744845 0.202209808592787 0.181960075577097 0.163681919001068 0.181960075577097 0 0.0561488540211944 0.12926148032531 0.0202497330156905 0.322558120430461 0.226197321942003 0.165694569949889 0.345970590651442 0.554998767764725 0.708206686930091 0.975766039595827 1 0.951819600755771 0.975766039595827 0.751211698020209 1 0.975766039595827 0.893041978148361 0.755812043046086 0.794339932637805 0.746693502012651 0.770188121251951 0.746282756921055 0.27454201922287 0.202209808592787 0.340261233878255 0.549576932555656 0.606547276760043 0.487349051178838 0.390413209562146 0.202209808592787 0.202209808592787 0.202209808592787 0.202209808592787 0.414400722911361 0.3761192803746 0.414400722911361 0.202209808592787 0.202209808592787 0.202209808592787 0.163681919001068 0.108559927708864 0 0.035899121005504 0.163887291546866 0.108559927708864 0.108559927708864 0.108559927708864 0.183972726525918 0.165899942495687 0.128809660724554 0
0.951983898792409 0.951655302719133 0.976217859196583 1 1 0.975807114104987 0.779060215230428 0.371436786330403 0.220323667132178 0.202209808592787 0.31306990881459 0.903639201511542 0.841493469153044 0.69341986363263 0.293929187546209 0.226197321942003 0.606588351269202 0.631150907746652 0.655467017169145 0.78415345436622 0.912141624907582 0.951819600755771 1 1 1 0.952024973301569 0.976217859196583 0.976053561159944 0.928037459952354 0.928037459952354 0.951983898792409 0.83336071633944 0.833525014376078 0.741148443276103 0.716996631890249 0.226197321942003 0.202209808592787 0.226197321942003 0.322270598866344 0.463279388811304 0.414400722911361 0.414400722911361 0.390413209562146 0.202209808592787 0.202209808592787 0.390413209562146 0.568717653824037 0.390413209562146 0.371436786330403 0.414400722911361 0.220323667132178 0.257865768504066 0.202209808592787 0.202209808592787 0.202209808592787 0.163887291546866 0.163887291546866 0.181960075577097 0.108559927708864 0.108559927708864 0.145650209479997 0.202209808592787 0.0720036145568061 0 0
0.927832087406555 0.976217859196583 1 1 0.883800213587448 0.549042963936581 0.371436786330403 0.202209808592787 0.238766121744845 1 1 1 1 1 0.889222048796517 0.805881869711657 0.775322434896903 0.829664010515074 0.90384457405734 0.90384457405734 1 1 1 1 0.976217859196583 1 1 1 1 1 0.976217859196583 0.976217859196583 0.976217859196583 0.980859278731619 0.399449601577261 0.202209808592787 0.34186313973548 0.603302390536433 0.570442783208741 0.74147703934938 0.65493304855007 0.510432925326542 0.510432925326542 0.202209808592787 0.390413209562146 0.390413209562146 0.390413209562146 0.282592623018155 0.414400722911361 0.35254251211698 0.414400722911361 0.31405569703442 0.338043210383636 0.202209808592787 0.202209808592787 0.181960075577097 0.202209808592787 0.181960075577097 0.108559927708864 0.163887291546866 0.108559927708864 0.163887291546866 0.202209808592787 0.0720036145568061 0.108559927708864
0.414400722911361 0.390413209562146 0.371436786330403 0.295284646348476 0.202209808592787 0.202209808592787 0.371436786330403 0.505996878337304 0.975766039595827 1 1 1 1 1 0.976217859196583 1 1 1 1 1 0.976217859196583 1 1 1 1 1 1 1 1 1 1 1 1 0.961061365316684 0.980859278731619 1 1 0.921136942413538 1 1 0.530559434814754 0.414400722911361 0.534995481803992 0.438552534297215 0.371518935348723 0.295448944385115 0.352131767025384 0.390413209562146 0.352131767025384 0.462498973137271 0.390413209562146 0.390413209562146 0.390413209562146 0.202209808592787 0.202209808592787 0.202209808592787 0.202209808592787 0.202209808592787 0.202209808592787 0.202209808592787 0.181960075577097 0.145650209479997 0.108559927708864 0 0.0720036145568061
0.500533968619075 0.437895342150661 0.433048550069827 0.390413209562146 0.511213341000575 0.610860100221802 0.976176784687423 0.976176784687423 1 1 0.976217859196583 1 1 1 1 1 1 1 1 1 1 1 1 1 1 1 1 1 1 1 1 1 1 1 1 1 1 1 1 1 0.840918426024809 0.651072044689066 0.476587529779019 0.414400722911361 0.352131767025384 0.352131767025384 0.390413209562146 0.390413209562146 0.438552534297215 0.390413209562146 0.333730386921876 0.276472521153372 0.438182863714779 0.202209808592787 0.202209808592787 0.202209808592787 0.181960075577097 0.181960075577097 0.202209808592787 0.181960075577097 0.163887291546866 0.108559927708864 0 0 0
0.73823215312577 0.626550562720775 0.607163394397437 0.801692269777376 0.931980612831677 1 1 1 0.976217859196583 0.976217859196583 1 0.9765053807607 0.976217859196583 1 1 0.976217859196583 0.976217859196583 1 1 1 1 1 1 1 1 1 1 1 1 1 1 1 1 1 1 1 1 1 1 0.975848188614146 0.649675511377639 0.409718228867165 0.409718228867165 0.314261069580218 0.202209808592787 0.274131274131274 0.202209808592787 0.462334675100633 0.414565020948 0.333730386921876 0.202209808592787 0.35254251211698 0.558859771625729 0.202209808592787 0.202209808592787 0.181960075577097 0.126920233303212 0.0178674114844328 0.0178674114844328 0 0.108559927708864 0.145609134970837 0 0 0
1 1 1 1 1 1 1 1 0.976217859196583 1 1 0.97543744352255 1 1 1 1 1 1 1 1 1 1 1 1 1 1 1 1 1 1 1 1 1 1 1 1 1 1 1 1 1 0.552575371724308 0.473630165119527 0.33336071633944 0.202209808592787 0.24997946274542 0.202209808592787 0.414400722911361 0.390413209562146 0.352131767025384 0.202209808592787 0.314630740162655 0.530066540704838 0.202209808592787 0.202209808592787 0.202209808592787 0.202209808592787 0.108642076727183 0.090281771132835 0.090281771132835 0.108601002218024 0.035899121005504 0.090281771132835 0.108559927708864 0.090281771132835
1 0.975807114104987 1 1 1 0.9765053807607 1 0.831840959500534 1 1 1 1 1 1 1 1 1 1 1 1 1 1 1 1 1 1 1 1 1 1 1 1 1 1 1 1 1 1 1 1 1 0.606095457159287 0.836687751581369 0.390413209562146 0.202209808592787 0.202209808592787 0.463115090774665 0.414400722911361 0.390413209562146 0.414400722911361 0.371518935348723 0.202209808592787 -9999 0.202209808592787 0.181960075577097 0.202209808592787 0.202209808592787 0.202209808592787 0.126920233303212 0.163887291546866 0.181960075577097 0.0535611599441387 0 0.108559927708864 0.145650209479997
1 0.976217859196583 0.759673046907089 0.783824858292943 0.880103507763082 1 0.97543744352255 1 0.9765053807607 1 1 1 1 1 1 1 1 1 1 1 1 1 1 1 1 1 1 1 1 1 1 1 1 1 1 1 1 1 1 1 1 0.9765053807607 0.894561734987267 0.409718228867165 0.202209808592787 0.184137024562556 0.438963279388811 0.486732933541444 -9999 0.718146718146718 0.795695391440072 -9999 -9999 -9999 0.163887291546866 0.163887291546866 0.181960075577097 0.202209808592787 0.090281771132835 0.126920233303212 0.202209808592787 0.181960075577097 0.090281771132835 0.0720036145568061 0.090281771132835
0.97543744352255 0.97543744352255 0.832046332046332 0.880144582272242 1 1 1 1 0.92844820504395 1 1 1 1 1 1 1 1 1 1 1 1 1 1 1 1 1 1 1 1 1 1 1 1 1 1 1 1 1 1 1 1 0.844450833812536 0.619198225581204 0.409718228867165 0.184137024562556 0.390413209562146 0.390413209562146 0.409718228867165 -9999 -9999 0.9038856485665 0.745995235356937 0.486732933541444 0.202209808592787 0.202209808592787 0.202209808592787 0.202209808592787 0.202209808592787 0.090281771132835 0.090281771132835 0.181960075577097 0.202209808592787 0.202209808592787 0.181960075577097 0.163887291546866
1 1 1 1 1 1 1 1 1 1 1 1 1 1 1 1 1 1 1 1 1 1 1 1 1 1 1 1 1 1 1 1 1 1 1 1 1 1 1 1 1 0.710547933952189 0.4295161422821 0.0202497330156905 0.0561488540211944 0.409718228867165 0.528382485829294 1 -9999 -9999 0.680686765793149 0.791505791505791 0.751334921547688 0.390413209562146 0.239423313891399 0.202209808592787 0.202209808592787 0.202209808592787 0.202209808592787 0.163887291546866 0.108642076727183 0.202209808592787 0.202209808592787 0.202209808592787 0.202209808592787
0.976012486650785 1 1 1 1 1 1 1 1 1 1 1 1 1 1 1 1 1 1 1 1 1 1 1 1 1 1 1 1 1 1 1 1 1 1 1 1 1 1 1 0.885237821408034 0.4295161422821 0.409718228867165 0.0381171445001232 0.220652263205455 0.860305594348148 1 1 -9999 -9999 0.726772365070237 0.726320545469482 0.620348311837674 0.390413209562146 0.352131767025384 0.202209808592787 0.202209808592787 0.263575125277253 0.226772365070237 0.181960075577097 0.126920233303212 0.163887291546866 0.202209808592787 0.202209808592787 0.202209808592787
1 1 1 1 1 1 1 1 1 1 1 1 1 1 1 1 1 1 1 1 1 1 1 1 1 1 1 1 1 1 1 1 1 1 1 1 1 1 1 0.861414606095457 0.6302883430543 0.409718228867165 0.0202497330156905 0.453462581122156 0.903557052493223 1 1 1 1 -9999 0.689969604863222 0.515402940934856 0.486691859032285 0.390413209562146 0.314261069580218 0.239423313891399 0.239423313891399 0.258030066540705 0.202209808592787 0.202209808592787 0.202209808592787 0.202209808592787 0.202209808592787 0.202209808592787 0.202209808592787
1 1 1 1 1 1 1 1 1 1 1 1 1 1 1 1 1 1 1 1 1 1 1 1 1 1 1 1 1 1 1 1 1 1 1 1 1 1 1 0.792655877762261 0.528382485829294 0.0202497330156905 0.56728004600345 0.928119608970673 1 1 1 1 1 1 0.975766039595827 0.414400722911361 0.390413209562146 0.390413209562146 0.295448944385115 0.314261069580218 0.276472521153372 0.314261069580218 0.239423313891399 0.202209808592787 0.202209808592787 0.202209808592787 0.202209808592787 0.163887291546866 0.145157315370081
1 1 1 1 1 1 1 1 1 1 1 1 1 1 1 1 1 1 1 1 1 1 1 1 1 1 1 1 1 1 1 1 1 1 1 1 1 1 0.836030559434815 0.473178345518771 0.0202497330156905 0.630124045017662 1 1 1 1 1 -9999 1 1 1 0.476957200361456 0.390413209562146 0.390413209562146 0.295448944385115 0.239423313891399 0.239423313891399 0.239423313891399 0.202209808592787 0.202209808592787 0.202209808592787 0.202209808592787 0.202209808592787 0.163887291546866 0.163887291546866
1 1 1 1 1 1 1 1 1 1 1 1 1 1 1 1 1 1 1 1 1 1 1 1 1 1 1 1 1 1 1 1 1 1 1 1 1 0.86001807278403 0.126550562720775 0.224718639612257 0.908444919083217 1 1 1 1 1 -9999 -9999 1 1 1 0.409718228867165 0.390413209562146 0.390413209562146 0.239423313891399 0.202209808592787 0.258030066540705 0.295448944385115 0.220323667132178 0.202209808592787 0.202209808592787 0.202209808592787 0.181960075577097 0.181960075577097 0.202209808592787
1 1 1 1 1 1 1 1 1 1 1 1 1 1 1 1 1 1 1 1 1 1 1 1 1 1 1 1 1 1 1 1 1 1 1 1 0.80764807360552 0.610983323749281 0.860223445329828 1 1 1 1 1 1 1 0.903064158383307 0.855130206194036 1 1 0.933582518688902 0.4295161422821 0.390413209562146 0.390413209562146 0.239423313891399 0.202209808592787 0.239423313891399 0.258030066540705 0.220323667132178 0.202209808592787 0.202209808592787 0.258030066540705 0.239423313891399 0.239423313891399 0.314261069580218
1 1 1 1 1 1 1 1 1 1 1 1 1 1 1 1 1 1 1 1 1 1 1 1 1 1 1 1 1 1 1 1 1 1 1 1 0.822558120430461 1 1 1 1 1 1 1 1 0.927626714860757 0.951491004682494 1 1 0.764519838987924 0.56728004600345 0.933582518688902 0.4295161422821 0.390413209562146 0.33336071633944 0.202209808592787 0.202209808592787 0.181960075577097 0.202209808592787 0.314261069580218 0.33336071633944 0.352131767025384 0.371518935348723 0.390413209562146 0.414400722911361
1 1 1 1 1 1 1 1 1 1 1 1 1 1 1 1 1 1 1 1 1 1 1 1 1 1 1 1 1 1 0.9765053807607 1 1 1 1 0.787891234699745 0.952271420356527 1 1 1 1 1 1 1 0.976053561159944 0.927626714860757 1 1 0.951778526246611 0.682617267723651 0.488663435471946 0.701552616446233 0.528382485829294 0.352665735644459 0.33336071633944 0.314261069580218 0.202209808592787 0.181960075577097 0.314261069580218 0.352131767025384 0.352131767025384 0.352131767025384 0.314261069580218 0.352131767025384 0.390413209562146
1 1 1 1 1 1 1 1 1 1 1 1 1 1 1 1 1 1 1 1 1 1 1 1 1 1 1 1 1 0.9765053807607 1 1 1 1 0.952066047810729 0.952066047810729 1 1 1 1 1 1 1 1 1 1 1 1 1 0.739464388400559 0.591226484843506 0.56728004600345 0.547523207097675 0.508666721432679 0.4295161422821 0.390413209562146 0.371026041238807 0.33336071633944 0.33336071633944 0.352131767025384 0.352131767025384 0.314261069580218 0.239423313891399 0.202209808592787 0.202209808592787
1 1 1 1 1 1 1 1 1 1 1 1 1 1 1 1 1 1 1 1 1 1 1 1 1 1 1 1 1 0.9765053807607 1 1 1 0.807360552041403 0.927503491333279 1 1 1 1 1 1 1 1 1 1 1 1 1 0.976012486650785 0.816643391111476 0.739464388400559 0.739464388400559 0.658424381828637 0.56728004600345 0.449560502751992 0.390413209562146 0.390413209562146 0.390413209562146 0.371026041238807 0.352131767025384 0.181960075577097 0.239423313891399 0.239423313891399 0.239423313891399 0.277006489772447
