data-raw/DATASET_PNE/a_DATA/PFGS/ENVSUIT_A1B/HS_f15_C4_shrubs.asc
NCOLS 619 
NROWS 782 
XLLCORNER 876826 
YLLCORNER 1947424 
CELLSIZE 100 
NODATA_value -9999 
[rows 216 to 242 of 782, columns 244 to 304 of 619]
1 1 1 0.619692198932171 0.323312476277351 0.509588941931725 0.473565652966499 0.437741711735725 0.410350456833839 0.255173236131668 0.255173236131668 0.255173236131668 0.242474384605885 0.127726167440414 0.166141696274281 0 0.150093700736761 0.30259957909584 0.31137116253376 0.361129939556122 0.454168483614922 0.114827957004309 0.191778637468815 0.137255296111107 0.0641920194029808 0.0128583386540413 0.0128583386540413 0.0639727264642715 0.0385351479053497 0.0128384036943316 0.0128782745450735 0.0128782745450735 0.0894501805305481 0.11474821716547 0.0511941313743591 0 0 0 0 0 0 0 0 0 0 0 0 0 0 0 0 0 0 0 0 0 0 0 0 0 0
1 1 0.974622219800949 1 0.916032046079636 0.61849607527256 0.473565652966499 0.482556506991386 0.438020810484886 0.251724407076836 0.242314897477627 0.216957055032253 0.255173236131668 0.217176347970963 0.217176347970963 0.15328336507082 0.311949282884598 0.292691677808762 0.37012080848217 0.354092732071877 0.102029427886009 0.255173236131668 0.158645991235971 0.0511741936206818 0.0895697958767414 0.0128782745450735 0.0128583386540413 0 0 0.0383756645023823 0.0383756645023823 0.0510745197534561 0.102129101753235 0.0511941313743591 0 0 0 0 0 0 0 0 0 0 0 0 0 0 0 0 0 0 0 0 -9999 0 0 0 0 -9999 0
1 1 1 0.910789042711258 1 0.934711545705795 0.666460663080215 0.600115612149239 0.45602248609066 0.401000753045082 0.264542877674103 0.242314897477627 0.242474384605885 0.242474384605885 0.242474384605885 0.242474384605885 0.292691677808762 0.30259957909584 0.473286554217339 0.102029427886009 0.22963597625494 0.255173236131668 0.140604440122843 0.0896296016871929 0.0638531148433685 0.0512738712131977 0.102328456938267 0 0 0 0 0.0128583386540413 0.0128184678032994 0 0 0 0 0 0 -9999 -9999 -9999 -9999 -9999 0 0 0 0 0 0 0 0 0 -9999 -9999 0 0 0 0 0 0
0.122503090649843 1 1 1 1 1 0.990610420703888 0.925381749868393 0.510346487164497 0.401000753045082 0.350265130400658 0.27403213083744 0.255173236131668 0.204477496445179 0.255173236131668 0.255173236131668 0.472828045487404 0.473286554217339 0.191260315477848 0.114847895689309 0.255173236131668 0.255173236131668 0.140783861279488 0.127746101468801 0.0383557267487049 0.114788085222244 0 0 0 0 0 0 0 0 0 0 0 0 0 -9999 -9999 -9999 -9999 -9999 -9999 -9999 0 0 0 0 0 0 0 0 0 0 0 0 0 0 0
0.0126988552510738 0.132012277841568 1 1 1 1 1 1 0.835871785879135 0.45602248609066 0.410350456833839 0.293150186538696 0.255173236131668 0.255173236131668 0.0637335032224655 0.255173236131668 0.492663756012917 0.377397239208221 0.22963597625494 0.203959174454212 0.255173236131668 0.255173236131668 0.153602324426174 0.127746101468801 0.0385351469740272 0.114788085222244 0.0128782745450735 0 0 0 0 0 0 0 -9999 -9999 -9999 0 0 0 0 -9999 -9999 -9999 -9999 -9999 -9999 -9999 0 -9999 0 0 0 0 0 0 0 0 0 0 0
1 0.922869890928268 0.29185438901186 0.53584386408329 1 1 1 1 0.980742394924164 0.564590737223625 0.446951881051064 0.410350456833839 0.29313026368618 0.255173236131668 0.140165865421295 0.255173236131668 0.620469689369202 0.251724407076836 0.216757699847221 0.305111438035965 0.255173236131668 0.229795463383198 0.140783861279488 0.0893704369664192 0.0385351469740272 0.114788085222244 0.0255771297961473 0 0 0 0 0 -9999 -9999 -9999 -9999 -9999 0 0 0 0 0 0 -9999 -9999 -9999 -9999 -9999 -9999 -9999 0 0 0 0 0 0 0 0 -9999 0 0
1 1 1 1 0.148040346801281 1 1 1 1 0.914776116609573 0.528547510504723 0.401000753045082 0.341114789247513 0.255173236131668 0.191080898046494 0.341114789247513 0.79829353094101 0.242354765534401 0.076591843739152 0.426258906722069 0.264104306697845 0.255173236131668 0.140584506094456 0.101989552378654 0.0255571939051151 0.0892907008528709 0.115047249943018 0.0381962433457375 0 0 0 -9999 -9999 -9999 -9999 -9999 -9999 0 0 0 0 0 0 0 -9999 -9999 -9999 -9999 -9999 0 0 0 0 0 0 0 0 0 -9999 0 0
0.936226636171341 0.92334833741188 1 1 1 0.322534985840321 0.978390008211136 1 1 1 0.676587849855423 0.45602248609066 0.438020810484886 0.303058087825775 0.264542877674103 0.510406270623207 0.528746858239174 0.216658025979996 0.251265905797482 0.359116464853287 0.290957301855087 0.242474384605885 0.0638730516657233 0.0892109535634518 0.0128583386540413 0.0257166773080826 0 0.0128384036943316 0.0128384036943316 0 0 0 0.0128583386540413 0.0128583386540413 0 0 0 0 0 0 0 0 0 0 0 0 0 0 0 0 0 0 0 0 0 0 0 -9999 0 0 0
1 0.949164718389511 1 1 1 1 0.619831740856171 0.883098751306534 1 1 0.971312940120697 0.636697098612785 0.519556626677513 0.410350456833839 0.528746858239174 0.663908928632736 0.482895419001579 0.252222798764706 0.305091507732868 0.359116464853287 0.354152545332909 0.255173236131668 0.153462775051594 0.102228779345751 0.0893903747200966 0.0256568714976311 0.0383955985307693 0.0638132467865944 0.0128384036943316 0.0764124244451523 0.0253777764737606 0 0 0 0 0 0 0 0 0 0 0 0 0 0 0 0 -9999 -9999 -9999 0 0 0 0 0 0 0 0 0 0 0
0.990610420703888 0.990610420703888 0.974522560834885 1 0.987121731042862 1 1 0.498425111174583 0.991009116172791 0.961903423070908 1 0.882201671600342 0.627586618065834 0.45602248609066 0.645687967538834 0.555500164628029 0.293927669525146 0.191379927098751 0.216598220169544 0.371934935450554 0.363043740391731 0.290997162461281 0.217096604406834 0.165982216596603 0.14062437787652 0.0383955985307693 0.0384952742606401 0.114788085222244 0.0639727264642715 0 0.0126789202913642 0 0 0 0 0 0 0 0 0 0 0 0 0 0 0 -9999 -9999 -9999 -9999 0 0 0 0 0 0 0 0 0 0 0
0.600693747401237 0.781009525060654 0.833658933639526 0.962840408086777 0.961624324321747 1 1 1 0.837347000837326 1 1 1 0.895817548036575 0.636697098612785 0.780491203069687 0.410350456833839 0.363522186875343 0.255532070994377 0.216638088226318 0.371934935450554 0.39932619035244 0.354152545332909 0.255173236131668 0.242474384605885 0.115067180246115 0.0893704369664192 0.0640724077820778 0.0766915157437325 0.114788085222244 0.0896495375782251 0.0128782745450735 0 0.0511941313743591 0.0511343255639076 0 0 0 0 0 0 0 0 0 0 0 -9999 -9999 -9999 -9999 -9999 0 0 0 0 0 0 0 0 0 0 0
0.51887883245945 0.627586618065834 0.744846701622009 0.935708314180374 0.990610420703888 0.948985278606415 1 1 0.8783940076828 0.821179389953613 1 1 0.990610420703888 0.87606155872345 0.600494399666786 0.510226860642433 0.382341220974922 0.373011440038681 0.242693670094013 0.373649381101131 0.422491133213043 0.426258906722069 0.354152545332909 0.255173236131668 0.242474384605885 0.115067180246115 0.102188911288977 0.0767712593078613 0.0638132430613041 0.0894701182842255 0.0896495375782251 0.0128782745450735 0.0128782745450735 0.0254973880946636 0.0128583386540413 0.0128583386540413 0.0894302427768707 0 0 0 0 -9999 -9999 -9999 -9999 -9999 -9999 -9999 -9999 -9999 0 0 0 0 0 0 0 0 0 0 0
0.292691677808762 0.435010567307472 0.627586618065834 0.627586618065834 0.873250663280487 1 1 1 1 0.728838562965393 1 1 1 0.8412144780159 0.555260941386223 0.510226860642433 0.465451940894127 0.429029956459999 0.447031602263451 0.272018663585186 0.478948205709457 0.454168483614922 0.455145314335823 0.327000513672829 0.255173236131668 0.242474384605885 0.0766715845093131 0.114947568625212 0.0895697921514511 0.0892109572887421 0.0894701182842255 0.0509947761893272 0.0128782745450735 0.0128384036943316 0 0 0.0126988552510738 0 0 0 0 0 0 -9999 -9999 -9999 0 -9999 -9999 0 0 0 0 0 0 0 0 0 0 0 0
0.255173236131668 0.27403213083744 0.312527403235435 0.527869686484337 0.627586618065834 1 1 0.972269833087921 1 1 0.775766521692276 1 1 0.636916384100914 0.555260941386223 0.510226860642433 0.45652087032795 0.447450265288353 0.546050801873207 0.509588941931725 0.393305689096451 0.594573587179184 0.444679245352745 0.426258906722069 0.290997162461281 0.242474384605885 0.178980104625225 0.0639926660805941 0.0765120983123779 0.0384354703128338 0.102168969810009 0.140684187412262 0.0384155325591564 0.0128782745450735 0 0 0 0.0126988552510738 0 0 0 0 0 -9999 -9999 0 0 0 0 0 0 0 0 0 0 0 0 0 0 0 0
0.242554120719433 0.255173236131668 0.255173236131668 0.321857184171677 0.627586618065834 0.735516920685768 0.696383714675903 0.795343101024628 0.962840408086777 1 1 0.688130453228951 1 1 0.835612624883652 0.835931569337845 0.510226860642433 0.401519082486629 0.497288770973682 0.536940321326256 0.482556506991386 0.761273473501205 0.567760467529297 0.43530960381031 0.327040389180183 0.255173236131668 0.217096604406834 0.102069292217493 0.0636936351656914 0.114887766540051 0.102208845317364 0.114788085222244 0.140684187412262 0.0638531148433685 0.0255372598767281 0.0126789202913642 0 0 0 0 0 0 -9999 -9999 -9999 0 0 0 0 0 0 0 0 0 0 0 0 0 0 0 0
0.255173236131668 0.255173236131668 0.255173236131668 0.292691677808762 0.632670164108276 0.627586618065834 0.627586618065834 0.696383714675903 0.876739352941513 0.924684017896652 1 1 0.717654794454575 0.627586618065834 0.981180965900421 1 0.962840408086777 0.726127341389656 0.555260941386223 0.555260941386223 0.79829353094101 0.789302676916122 0.616622149944305 0.441350013017654 0.408317044377327 0.273015424609184 0.255173236131668 0.178760815411806 0 0.114768151193857 0.0255571939051151 0.140444956719875 0 0.0255771297961473 0.0256369356065989 0.0128384036943316 0 0 0 0 0 0 -9999 -9999 -9999 -9999 -9999 0 0 -9999 0 0 0 0 0 0 0 0 0 0 0
0.242474384605885 0.242354765534401 0.242494314908981 0.255173236131668 0.585383370518684 0.627586618065834 0.627586618065834 0.636697098612785 0.798791915178299 0.925222277641296 0.990610420703888 0.990610420703888 0.991009116172791 0.88891988992691 0.466428771615028 0.773254662752151 0.962840408086777 0.726864963769913 0.555260941386223 0.528009250760078 0.528009250760078 0.789302676916122 0.688947796821594 0.537797540426254 0.422491133213043 0.317929908633232 0.255173236131668 0.217176347970963 0.0256967423483729 0.0257366131991148 0.0510944537818432 0.0893903747200966 0.0894701182842255 0.0253977105021477 0.0383357927203178 0.0128384036943316 0.063793309032917 0.11474821716547 0.0894501805305481 0 0 0 0 -9999 0 0 0 -9999 -9999 -9999 0 0 0 0 0 0 0 0 0 0.0511143878102303 0
0.217036798596382 0.255173236131668 0.140544638037682 0.153143811970949 0.255173236131668 0.515689179301262 0.526793196797371 0.573920503258705 0.636697098612785 0.780491203069687 0.944180846214294 0.915752947330475 0.9444200694561 0.843148201704025 0.862904191017151 0.306427173316479 0.895558387041092 0.440472856163979 0.460388351231813 0.452573664486408 0.456461057066917 0.789302676916122 0.761273473501205 0.534548059105873 0.255173236131668 0.284378618001938 0.255173236131668 0.255173236131668 0.191698893904686 0.0383357908576727 0.0256967432796955 0.114708341658115 0.076950678601861 0.06391292065382 0.0383357927203178 0.0383357927203178 0.127586618065834 0.11474821716547 0.0894501805305481 0 0 0 0 0 0 0 -9999 -9999 -9999 -9999 0 0 0 0 0 0 0 0 0.0128583386540413 0 0
0.216996930539608 0.255173236131668 0.165922414511442 0.101909808814526 0.255173236131668 0.358239307999611 0.347613736987114 0.389398351311684 0.573920503258705 0.627586618065834 0.699393957853317 0.724353089928627 0.789541870355606 0.981619566679001 0.981918573379517 0.319305449724197 0.792312920093536 0.431362375617027 0.442566085606813 0.461484797298908 0.452573664486408 0.491985961794853 0.437681898474693 0.362505480647087 0.261632308363914 0.242354765534401 0.255173236131668 0.255173236131668 0.255173236131668 0.1658626049757 0.0893106311559677 0.102069295942783 0.0512340012937784 0.0896296016871929 0 0.0256369356065989 0.127586618065834 0.0638531148433685 0.11474821716547 0 0 0 0 0 0 0 0 0 -9999 -9999 0 0 0 0 0 0 0 0 0.114987437613308 0 0
0.12782584503293 0.153223553672433 0.255173236131668 0.102069295942783 0.0763326808810234 0.255173236131668 0.339978471398354 0.283222362399101 0.371017903089523 0.627586618065834 0.627586618065834 0.627586618065834 0.706271678209305 0.981619566679001 0.962840408086777 0.546150460839272 0.390494791790843 0.475080735981464 0.525935962796211 0.520413845777512 0.51513097435236 0.528009250760078 0.465451940894127 0.474203571677208 0.273872658610344 0.255173236131668 0.255173236131668 0.255173236131668 0.255173236131668 0.255173236131668 0.0128384036943316 0.102069295942783 0.0893903747200966 0.102089233696461 0 0.0256768073886633 0.127586618065834 0.11474821716547 0.0894501805305481 0 0 0 0 0 0 0 0 0 0 0 0 0 0 0 0 0 0 0.0894701182842255 0.140405085869133 0 0
0.0768908709287643 0.216996930539608 0.153263425454497 0.0508552305400372 0.0763526186347008 0.0381165035068989 0.255173236131668 0.255173236131668 0.255173236131668 0.352338418364525 0.446513310074806 0.492205247282982 0.636697098612785 0.916191548109055 1 0.962840408086777 0.542422540485859 0.190104065462947 0.63454407453537 0.663649767637253 0.529524326324463 0.528009250760078 0.447450265288353 0.483094766736031 0.401000753045082 0.264542877674103 0.255173236131668 0.255173236131668 0.255173236131668 0.242474384605885 0.0255571939051151 0.0639727264642715 0.0638531148433685 0.0255571939051151 0.0509549044072628 0.102069295942783 0.127586618065834 0.0893704369664192 0.0512539371848106 0 0 0 0 0 0 0 0 0 0 0 0 0 0 0 0 0 0 0.0766317099332809 0.114967502653599 0 0
0.0640524700284004 0.191479608416557 0.140385150909424 0.0509549044072628 0.0126191144809127 0.0126191144809127 0.0383756645023823 0.165962282568216 0.229875199496746 0.302041381597519 0.57146842777729 0.582811698317528 0.663908928632736 0.826681554317474 0.990610420703888 0.990610420703888 0.943343579769135 0.663649767637253 0.155197156593204 0.529683813452721 0.498664334416389 0.452753089368343 0.447450265288353 0.465451940894127 0.434213131666183 0.251724407076836 0.255173236131668 0.255173236131668 0.255173236131668 0.229795463383198 0.0255372589454055 0.0256369356065989 0.127586618065834 0.0128583386540413 0.0512539371848106 0.127586618065834 0.127586618065834 0.0767513290047646 0.0767513290047646 0 0 0 0 0 0 0 0 0 0 0 0 0 0 0 0 0 0.0384753383696079 0.102129101753235 0.127706233412027 0.0128583386540413 0
0.0640524700284004 0.0256967432796955 0.101850003004074 0.0637733712792397 0.0381165035068989 0.0126191144809127 0 0.0635740235447884 0.101969622075558 0.255173236131668 0.255173236131668 0.39480085670948 0.370140746235847 0.45638133585453 0.61871537566185 0.891631126403809 0.980742394924164 0.668314665555954 0.653701990842819 0.142398631200194 0.414337553083897 0.492324873805046 0.465451940894127 0.447450265288353 0.509868040680885 0.382341220974922 0.261632308363914 0.242294959723949 0.255173236131668 0.229616045951843 0.229695782065392 0.0128384036943316 0.127586618065834 0.102268651127815 0.140584509819746 0.127586621791124 0.127586618065834 0.102129101753235 0.0767513290047646 0.0640524700284004 0 0 0 0 0 0 0 0 0 0 0 0 0 0 0 0 0.0894501805305481 0.11474821716547 0.127586618065834 0.0128583386540413 0
0.0255571939051151 0 0.0768111348152161 0.114907696843147 0.0891710892319679 0.0126191144809127 0.0126988552510738 0 0.0381962433457375 0.101969622075558 0.229675851762295 0.255173236131668 0.29313026368618 0.409473314881325 0.350105658173561 0.47434313595295 0.882680118083954 0.826741337776184 0.787528425455093 0.519556626677513 0.260276697576046 0.528009250760078 0.465451940894127 0.483114704489708 0.447450265288353 0.391531422734261 0.358638003468513 0.242354765534401 0.255173236131668 0.242474384605885 0.242554120719433 0.0255372598767281 0.127586618065834 0.102268651127815 0.127566680312157 0.0764722302556038 0.114788085222244 0.114967502653599 0 0 0 0 0 0 0 0 0 0 0 0 0 0 0 0 0 0 0.0767513290047646 0.11474821716547 0.140405085869133 0.0128384036943316 0
0 0 0 0 0.140385150909424 0.140385150909424 0.0509549044072628 0 0 0.101969622075558 0.102129101753235 0.127586618065834 0.255173236131668 0.255173236131668 0.255173236131668 0.350105658173561 0.555619776248932 0.827638447284698 0.779753595590591 0.990610420703888 0.564590707421303 0.427195891737938 0.465451940894127 0.483114704489708 0.465451940894127 0.281109198927879 0.290359228849411 0.255173236131668 0.255173236131668 0.242474384605885 0.255173236131668 0.0508352927863598 0.127586618065834 0.153243489563465 0.140444956719875 0.0893305689096451 0.0254575181752443 0.127586618065834 0.0894701182842255 0 0 0 0.0640524700284004 0 0 0 0 0 0 0 0 0 0 0 0 0 0 0.102069295942783 0.127586618065834 0.0639527961611748 0
0 0 0 0 0.0892109572887421 0.140385150909424 0.127566680312157 0.0254176463931799 0.0126191144809127 0.0128583386540413 0.0509549044072628 0.101929746568203 0.165822736918926 0.204018980264664 0.255173236131668 0.255173236131668 0.350105658173561 0.47434313595295 0.726246982812881 0.990610420703888 0.981619566679001 0.412902191281319 0.465451940894127 0.465451940894127 0.519337341189384 0.319763958454132 0.255173236131668 0.255173236131668 0.229476489126682 0.255173236131668 0.242474384605885 0.140584506094456 0.114867828786373 0.166081894189119 0.140444956719875 0.140444956719875 0.0766715854406357 0.127586618065834 0.127586618065834 0.0766317099332809 0 0.0893704369664192 0.0640524700284004 0 0 0 0 0 0 0 0 0 0 0.0639527961611748 0.0894501805305481 0.0767513290047646 0.0893704369664192 0 0.0384354703128338 0.0892707630991936 0.0385152101516724
0 0 0 0 0.0256568714976311 0.102029427886009 0.153263425454497 0.0508552305400372 0 0.0126988552510738 0 0 0.204138591885567 0.22963597625494 0.1913201212883 0.255173236131668 0.284378618001938 0.45638133585453 0.501196131110191 0.773294538259506 0.954367846250534 0.600175425410271 0.428531542420387 0.536940321326256 0.537418767809868 0.53711973130703 0.242354765534401 0.20389936119318 0.255173236131668 0.255173236131668 0.255173236131668 0.255173236131668 0.178900361061096 0.140464890748262 0.165842674672604 0.140444956719875 0.15328336134553 0.0766715854406357 0.153143811970949 0.127586618065834 0.114788085222244 0.0895897299051285 0.102129101753235 0.0385351479053497 0.0767513290047646 0 0.0767513290047646 0.0766715854406357 0.0767513290047646 0.0384753383696079 0.0640524700284004 0.11474821716547 0.0893704369664192 0.0893704369664192 0.11474821716547 0.127586618065834 0.127586618065834 0.127586618065834 0.114788085222244 0.0383357927203178 0.0766715817153454
