data-raw/DATASET_PNE/a_DATA/PFGS/ENVSUIT_A1B/HS_f90_P7_acer.asc
NCOLS 619 
NROWS 782 
XLLCORNER 876826 
YLLCORNER 1947424 
CELLSIZE 100 
NODATA_value -9999 
[rows 336 to 363 of 782, columns 189 to 251 of 619]
1 1 1 1 1 1 0.669271025281934 0.632048352620329 0.833419326306479 1 1 1 1 1 0.97504975307732 0.950394339205425 0.97504975307732 1 0.925849487727574 0.876722930640525 0.876722930640525 0.951020859438343 1 0.650622834819783 0.366256357337658 0.549015994693005 0.900493845360065 0.851146163484927 0.518537628068106 0.434915604039213 0.32947593425223 0.29155303309501 0.222856932262107 0.142220092872411 0.0806736935210437 0.0189798776442839 0.0189798776442839 0.0189798776442839 0.0746296159799514 0.0560182796491487 0.0189798776442839 0.0189798776442839 0 0 0 0 0 0 0 -9999 0 0 0 0 0 0 0 0 0 0 0 0 0
1 1 1 1 0.45618043782708 0.419731701923786 0.962261369499521 0.796823173877792 1 1 1 1 0.97504975307732 0.950394339205425 0.950394339205425 0.925960050121619 1 1 1 0.876722930640525 0.876722930640525 1 1 0.964030367804231 0.483563057418737 0.384609714749023 0.635291516178964 0.557676715559814 0.498746959534164 0.266455369646937 0.322473649296086 0.27917004496204 0.272794280238815 0.173435542124272 0.0992850298518464 0.0560182796491487 0.0560182796491487 0.0560182796491487 0 0 0 0 0 0 -9999 0 0 0 0 -9999 -9999 0 0 0 0 0 0 0 0 0 0.0189798776442839 0 0
1 1 1 0.962261369499521 0.887558045256873 0.962261369499521 0.97504975307732 1 1 1 0.97504975307732 0.97504975307732 0.950394339205425 0.925849487727574 0.901415198643768 0.876722930640525 1 1 1 1 0.851625267192452 0.975307731996757 1 0.85324684897177 0.557308174246333 0.409265128620918 0.433809980098769 0.483194516105255 0.479730227758532 0.248102012235572 0.160941991597258 0.241689393380998 0.192489128031252 0.0928724109972728 0.0189798776442839 0 0 0.0189798776442839 0 0 0 0 0 -9999 0 0 0 0 0 0 0 0 0 0 0 0.0189798776442839 0 0 0 0.0189798776442839 0.0189798776442839 0.0189798776442839 0.0189798776442839
1 1 1 1 1 1 1 1 1 0.97504975307732 0.950394339205425 0.925960050121619 0.876759784771873 0.87701776369131 0.9263285914351 0.851920100243237 0.826969853320557 1 1 1 1 0.876722930640525 1 0.872116164222009 0.409265128620918 0.483784182206825 0.458760227021449 0.498746959534164 0.498746959534164 0.210731923048574 0.210731923048574 0.166912360875654 0.211174172624751 0.16739146458318 0.0189798776442839 -9999 -9999 0 0 0 0 0 0 0 0 0.0189798776442839 0 0 -9999 0 0 0 0 -9999 -9999 0 0 0 0 0 0 0 0.0189798776442839
1 1 1 1 1 1 1 0.975344586128105 0.97504975307732 0.950394339205425 0.901304636249724 0.975344586128105 1 1 1 1 0.87701776369131 1 0.974902336551927 1 1 1 0.975455148522149 1 0.48348934915604 0.533537259526793 0.48289968305447 0.483194516105255 0.461192599690425 0.192046878455075 0.192046878455075 0.0937569101496278 0.204687845507481 0.254072381513968 0.043635291516179 0 -9999 -9999 0 0 0 0 0 0.0189798776442839 0.0189798776442839 0.0189798776442839 0 0 -9999 0 0 0 0 0 -9999 -9999 -9999 -9999 0 0 0 0 0
1 1 1 1 1 1 1 0.950394339205425 0.950394339205425 0.876759784771873 1 1 0.804746812117638 0.644320778359254 0.687845507481389 0.847718729269551 1 1 1 0.974902336551927 0.975307731996757 1 1 1 0.607356084617086 0.607319230485737 0.532542197980394 0.507849929977151 0.282560625046068 0.229343259379376 0.254072381513968 0.155708704945824 0.229416967642073 0.247991449841527 -9999 0.0562762585685855 -9999 -9999 0.0376649222377829 0 0.0189798776442839 0 0.0189798776442839 0 0.0189798776442839 0.0189798776442839 0 0 -9999 0 0 0.0189798776442839 0.0189798776442839 0 0 0 0 0 0 0 0 0 0
1 1 1 1 1 1 0.950394339205425 0.925960050121619 0.926254883172404 1 0.981683496719982 0.870605144836736 0.558266381661384 0.434289083806295 0.384609714749023 0.434289083806295 0.613400162158178 0.964030367804231 1 1 0.975307731996757 1 1 1 0.607356084617086 0.607319230485737 0.532542197980394 0.28152870936832 0.248102012235572 0.340827006707452 0.266897619223115 0.27917004496204 0.18585538438859 0.0872705830323579 -9999 0.0562762585685855 -9999 0.0376649222377829 0.0189798776442839 0 0 0.0189798776442839 0.0560182796491487 0 0 0.0189798776442839 0.0189798776442839 0 0 0 0.0189798776442839 0.0189798776442839 0.0373332350556497 0.0189798776442839 0.0189798776442839 0.0189798776442839 0 0.0189798776442839 0.0373332350556497 0.0189798776442839 0.0560182796491487 0.0373332350556497 0
1 1 0.97504975307732 1 0.950394339205425 0.925960050121619 0.901304636249724 1 0.964030367804231 0.742021080563131 0.793100906611631 0.925775779464878 0.533537259526793 0.607319230485737 0.458465393970664 0.458465393970664 0.384609714749023 0.852988870052333 1 1 0.950210068548684 1 1 1 0.72337289010098 0.48389474460087 0.507591951057714 0.304194000147416 0.378749907864672 0.373221788162453 0.335409449399278 0.297523402373406 0.043635291516179 0 0 -9999 -9999 0.0189798776442839 0 0 0 0.0560182796491487 0.0746296159799514 0.0189798776442839 0 0 0.043930124566964 0.043930124566964 0 0 0 0.0373332350556497 0.0560182796491487 0.0189798776442839 0.0373332350556497 0.0560182796491487 0.0189798776442839 0.0560182796491487 0.0746296159799514 0.0560182796491487 0.0189798776442839 0 0
1 1 1 0.925849487727574 0.900862386673546 0.901304636249724 1 0.945455885604776 0.632048352620329 0.582737524876539 0.403184196948478 0.752561362128695 0.632048352620329 0.607319230485737 0.557676715559814 0.623166506965431 0.45835483157662 0.80176162747844 0.925554654676789 1 1 1 1 1 0.650070022849561 0.45894449767819 0.493845360064863 0.38527308911329 0.410370752561362 0.397766639640304 0.291847866145795 0.223262327706936 0.043635291516179 0 0 0 0 0.0189798776442839 0 0 0 0.161605365961524 0.0937569101496278 0.0189798776442839 0 0 0.0189798776442839 0.043635291516179 0.0189798776442839 0.0189798776442839 0 0.0746296159799514 0.192599690425297 0.0746296159799514 0.0746296159799514 0.0746296159799514 0.118191199233434 0.142846613105329 0.0373332350556497 0.0189798776442839 0.0189798776442839 0 0
1 0.97504975307732 0.950394339205425 0.901415198643768 0.876759784771873 1 1 0.663153239478146 0.409154566226874 0.851440996535712 0.802056460529225 0.875801577356822 0.573118596594678 0.347718729269551 0.498746959534164 0.0885604776295423 0.715117564679 0.409154566226874 0.80176162747844 0.77721677600059 0.975307731996757 0.975307731996757 0.950210068548684 0.900567553622761 0.61336330802683 0.607319230485737 0.468895113142183 0.38527308911329 0.335225178742537 0.266455369646937 0.247991449841527 0.0992850298518464 0.0189798776442839 0.0560182796491487 0.0189798776442839 0 0 0 0 0 0.0746296159799514 0.229822363086902 0.0560182796491487 0.0928724109972728 0 0 0.0189798776442839 0.0189798776442839 0 0 0.0189798776442839 0.167538881108572 0.0992850298518464 0.0373332350556497 0.0189798776442839 0.0189798776442839 0.222746369868062 0.0373332350556497 0 0.0189798776442839 0 0 0
0.950394339205425 0.950394339205425 0.950394339205425 0.926365445566448 1 1 0.706309427286799 0.48348934915604 0.777106213606545 0.607319230485737 0.533242426476008 0.532726468637134 0.38527308911329 0.340827006707452 0.36032284219061 0.351809537849193 0.512677821183755 0.45894449767819 0.557971548610599 0.752561362128695 0.567369352104371 0.434289083806295 0.950652318124862 0.975307731996757 0.594825679958723 0.45894449767819 0.468895113142183 0.434915604039213 0.32947593425223 0.310975160315471 0.247991449841527 0.0992850298518464 0.0189798776442839 -9999 -9999 0.0189798776442839 0.0189798776442839 0.0189798776442839 0 0.0560182796491487 0.0746296159799514 0.0560182796491487 0.0189798776442839 0.14203582221567 0 0.0189798776442839 0.0932778064421022 0.043930124566964 0.0932778064421022 0.0686223925702071 0.0932778064421022 0.142256947003759 0.118043782708042 0.0189798776442839 0.0189798776442839 0.0189798776442839 0.0189798776442839 0 0 0 0 0 0
1 0.950394339205425 0.901194073855679 1 1 0.755804525687329 0.45894449767819 0.409154566226874 0.783592540723815 0.523291811012014 0.38527308911329 0.434915604039213 0.434915604039213 0.316282155229601 0.360728237635439 0.266455369646937 0.48153608019459 0.508071054765239 0.80176162747844 0.900493845360065 0.752561362128695 0.501547873516621 0.45894449767819 0.533537259526793 0.409265128620918 0.45894449767819 0.483378786761996 0.360543966978698 0.335409449399278 0.310975160315471 0.285877496867399 0.198054101864819 0.0560182796491487 -9999 0.0189798776442839 0 0 0 0 0.0189798776442839 0.0560182796491487 0.0560182796491487 0.0623203361096779 0.117527824869168 0.0189798776442839 0.0686223925702071 0.142256947003759 0.166912360875654 0.185597405469153 0.166912360875654 0.185597405469153 0.229453821773421 0.323542419105182 0.118043782708042 0 0.043930124566964 0.0496425149259232 0.02495024692268 0 0 0 0 0
1 0.950394339205425 0.901304636249724 1 0.829402225989534 0.48348934915604 0.409154566226874 0.703655929829734 0.498341564089334 0.38527308911329 0.434915604039213 0.410370752561362 0.410370752561362 0.255141151323063 0.342116901304636 0.434915604039213 0.348898061472691 0.518537628068106 0.740731185965947 0.925628362939485 0.532542197980394 0.74695953416378 0.48289968305447 0.607319230485737 0.507591951057714 0.508587012604113 0.532984447556571 0.497825606250461 0.359954300877128 0.310680327264686 0.223336035969632 0.217181396034495 0.124014151986438 0.0189798776442839 0 0 0 0.0189798776442839 0.0189798776442839 0.0189798776442839 0.0189798776442839 0.198054101864819 0.310864597921427 0.260558708631238 0.0932778064421022 0.160941991597258 0.185597405469153 0.210142256947004 0.297744527161495 0.359954300877128 0.297744527161495 0.272610009582074 0.235903294759343 0.342080047173288 0.241763101643694 0.16739146458318 0.168054838947446 0.02495024692268 0.02495024692268 0 0 0 0
1 0.950394339205425 0.950910297044299 0.815803051522076 0.632048352620329 0.434289083806295 0.409154566226874 0.557271320114985 0.473796712611484 0.335593720056018 0.434915604039213 0.28565637207931 0.28565637207931 0.391759416230559 0.410370752561362 0.359954300877128 0.322473649296086 0.268076951426255 0.464362054986364 0.779022628436648 0.839758236898356 0.753077319967568 0.771393823247586 0.483452495024692 0.557271320114985 0.532542197980394 0.508329033684676 0.479214269919658 0.341600943465763 0.310680327264686 0.310311785951205 0.198054101864819 0.0560182796491487 0 0 0 0.0560182796491487 0.0746296159799514 0.0746296159799514 0.0990639050637576 0.235940148890691 0.241726247512346 0.397766639640304 0.279059482567996 0.186039655045331 0.142256947003759 0.192046878455075 0.229490675904769 0.340827006707452 0.503980246185597 0.316097884572861 0.340827006707452 0.385088818456549 0.434915604039213 0.261037812338763 0.316097884572861 0.266418515515589 0.117822657919953 0.117822657919953 0.0742979287978182 0 0 0
1 0.950394339205425 0.926365445566448 0.981683496719982 0.632048352620329 0.607356084617086 0.434289083806295 0.557676715559814 0.498746959534164 0.335999115500848 0.434915604039213 0.285877496867399 0.247770325053439 0.118449178152871 0.261222082995504 0.310864597921427 0.322473649296086 0.222340974423233 0.210731923048574 0.326601312007076 0.326601312007076 0.326601312007076 0.426476007960492 0.469963882951279 0.498746959534164 0.498746959534164 0.397398098326822 0.335999115500848 0.229343259379376 0.310680327264686 0.329107392938748 0.173619812781013 0.124014151986438 0.0189798776442839 0 0.0560182796491487 0.0746296159799514 0.148374732807548 0.192083732586423 0.434915604039213 0.434915604039213 0.410370752561362 0.310975160315471 0.335409449399278 0.204650991376133 0.273199675683644 0.248102012235572 0.248102012235572 0.415935726394929 0.557676715559814 0.478882582737525 0.397398098326822 0.286356600574924 0.38527308911329 0.360543966978698 0.359954300877128 0.340827006707452 0.279133190830692 0.192010024323727 0.142920321368025 0.0932778064421022 0.0189798776442839 0
0.975344586128105 0.92573892533353 0.901304636249724 1 0.600869757499816 0.533021301687919 0.50843959607872 0.607319230485737 0.473796712611484 0.360543966978698 0.359954300877128 0.28565637207931 0.335409449399278 0.223336035969632 0.02495024692268 0.41630426770841 0.434915604039213 0.322473649296086 0.241320852067517 0.303714896439891 0.303714896439891 0.359954300877128 0.310311785951205 0.332203139971991 0.285582663816614 0.311048868578168 0.335999115500848 0.291184491781529 0.316097884572861 0.179553327928061 0.247991449841527 0.123940443723741 0.198054101864819 0.0560182796491487 0 0.0746296159799514 0.186260779833419 0.3290705388074 0.397766639640304 0.273715633522518 0.367214564752709 0.397766639640304 0.434915604039213 0.38527308911329 0.316097884572861 0.38527308911329 0.397398098326822 0.30117196137687 0.43871157956807 0.532726468637134 0.508034200633891 0.483378786761996 0.468895113142183 0.543082479545957 0.543082479545957 0.478882582737525 0.297744527161495 0.297744527161495 0.359954300877128 0.359954300877128 0.266897619223115 0.117822657919953 0.043930124566964
1 0.97504975307732 0.876759784771873 1 0.836072823763544 0.582258421169013 0.434289083806295 0.483415640893344 0.533242426476008 0.473796712611484 0.38527308911329 0.434915604039213 0.378749907864672 0.217365666691236 0.17347239625562 0.223336035969632 0.391759416230559 0.254072381513968 0.241320852067517 0.241320852067517 0.303714896439891 0.434915604039213 0.434915604039213 0.303714896439891 0.229343259379376 0.285582663816614 0.342116901304636 0.397766639640304 0.335409449399278 0.254440922827449 0.229122134591288 0.105881919363161 0.123719318935653 0.0560182796491487 0.0189798776442839 0.198054101864819 0.359954300877128 0.235903294759343 0.236492960860913 0.304378270804157 0.310127515294465 0.304378270804157 0.335777990712759 0.311048868578168 0.311048868578168 0.468895113142183 0.507849929977151 0.507591951057714 0.507591951057714 0.508550158472765 0.508550158472765 0.532984447556571 0.532984447556571 0.508034200633891 0.483378786761996 0.478882582737525 0.498746959534164 0.421942949804673 0.291000221124788 0.359954300877128 0.335225178742537 0.192489128031252 0.136507702513452
1 1 0.876317535195696 0.926365445566448 0.981683496719982 0.681322326232771 0.483599911550085 0.409265128620918 0.458760227021449 0.532726468637134 0.493587381145426 0.38527308911329 0.378749907864672 0.354205056386821 0.285177268371784 0.142957175499374 0.373221788162453 0.272867988501511 0.192120586717771 0.241763101643694 0.186371342227464 0.242094788825827 0.434915604039213 0.359954300877128 0.303714896439891 0.340827006707452 0.335409449399278 0.335520011793322 0.242021080563131 0.148890690646421 0.0867546251934842 0.0376649222377829 0.0992850298518464 0.043635291516179 0.198054101864819 0.310311785951205 0.279833419326306 0.397766639640304 0.315729343259379 0.248102012235572 0.248102012235572 0.248102012235572 0.397398098326822 0.468895113142183 0.449104444608241 0.532579052111742 0.483378786761996 0.508550158472765 0.433809980098769 0.632048352620329 0.532542197980394 0.507628805189062 0.582774379007887 0.48289968305447 0.483415640893344 0.532984447556571 0.557676715559814 0.413061104149775 0.262917373037517 0.266455369646937 0.335409449399278 0.335409449399278 0.236382398466868
1 1 0.901415198643768 0.926365445566448 1 0.945455885604776 0.663153239478146 0.533537259526793 0.50843959607872 0.582221567037665 0.508071054765239 0.38527308911329 0.434915604039213 0.434915604039213 0.261222082995504 0.02495024692268 0.261222082995504 0.2730891132896 0.14303088376207 0.223336035969632 0.198606913835041 0.223262327706936 0.310311785951205 0.434915604039213 0.223704577283113 0.242094788825827 0.223336035969632 0.117822657919953 0.142256947003759 0.068585538438859 0.0376649222377829 0 0.0376649222377829 0 0.0806736935210437 0.192489128031252 0.241763101643694 0.236382398466868 0.340827006707452 0.192046878455075 0.225620992113216 0.225620992113216 0.43871157956807 0.494729859217218 0.557676715559814 0.532726468637134 0.507591951057714 0.48289968305447 0.433809980098769 0.632048352620329 0.632048352620329 0.632048352620329 0.632048352620329 0.582184712906317 0.48289968305447 0.507591951057714 0.493587381145426 0.376538659983784 0.230375175057124 0.332239994103339 0.310311785951205 0.359954300877128 0.335225178742537
1 1 0.925960050121619 0.876317535195696 1 1 0.981683496719982 0.793100906611631 0.384609714749023 0.384609714749023 0.508034200633891 0.493587381145426 0.434915604039213 0.397766639640304 0.242094788825827 0.14303088376207 0.0931672440480578 0 0.198606913835041 0.247991449841527 0.173619812781013 0.198054101864819 0.0992850298518464 0.285177268371784 0.173619812781013 0.124235276774526 0.068585538438859 0.043635291516179 0.0189798776442839 0.0189798776442839 0.0189798776442839 0.0189798776442839 0 0 0 0.142957175499374 0.117822657919953 0.310680327264686 0.385088818456549 0.166912360875654 0.0986953637502764 0.0496056607945751 0.093240952310754 0.131974644357633 0.513525466204762 0.532542197980394 0.507591951057714 0.433920542492813 0.632048352620329 0.632048352620329 0.632048352620329 0.632048352620329 0.632048352620329 0.632048352620329 0.532689614505786 0.557418736640377 0.588486769366846 0.351993808505934 0.14793248323137 0.266418515515589 0.322473649296086 0.303862312965283 0.285103560109088
0.761553770177637 1 1 1 1 1 1 0.946008697574998 0.459055060072234 0.409265128620918 0.557676715559814 0.493587381145426 0.434915604039213 0.397766639640304 0.261222082995504 0.0690646421463846 0.0936094936242353 0.02495024692268 0.0189798776442839 0.0189798776442839 0.0746296159799514 0.148964398909118 0.0189798776442839 0.0189798776442839 0.0746296159799514 0.0560182796491487 0.0189798776442839 0.0189798776442839 0.0189798776442839 0.0189798776442839 0.0189798776442839 0.0189798776442839 0 0 0 0.16739146458318 0.192489128031252 0.316097884572861 0.360543966978698 0.229490675904769 0.12338763175352 0.0742610746664701 0.0496056607945751 0.238483083953711 0.925628362939485 0.526203287388516 0.508034200633891 0.687476966167907 0.632048352620329 0.927213090587455 0.945455885604776 0.650622834819783 0.650622834819783 0.632048352620329 0.607098105697649 0.582553254219798 0.607503501142478 0.469042529667576 0.186887300066337 0.266418515515589 0.303862312965283 0.241320852067517 0.322473649296086
0.761553770177637 1 1 0.951020859438343 1 0.945050490159947 1 0.45304783666249 0.409265128620918 0.434289083806295 0.532542197980394 0.498746959534164 0.410370752561362 0.410370752561362 0.322068253851257 0.216665438195622 0.02495024692268 0 0 0.0189798776442839 0.0746296159799514 0 0.0189798776442839 0 0.0189798776442839 0.0560182796491487 0.0189798776442839 0.0189798776442839 0.0189798776442839 0.0189798776442839 0 0 0.0189798776442839 0 0 0.191825753666986 0.235903294759343 0.0686223925702071 0.340827006707452 0.335999115500848 0.291184491781529 0.262917373037517 0.262917373037517 0.932262106582148 0.950726026387558 0.90097294906759 1 1 1 0.98153608019459 0.92651286209184 0.760521854499889 0.742795017321442 0.632048352620329 0.632048352620329 0.632048352620329 0.607503501142478 0.594236013857153 0.363787130537333 0.419547431267045 0.372263580747402 0.334856637429056 0.322473649296086
1 1 1 1 0.964030367804231 0.743568954079752 0.594715117564679 0.409338836883615 0.434289083806295 0.45894449767819 0.557676715559814 0.288051890616938 0.311048868578168 0.434915604039213 0.340827006707452 0.0747401783739957 0.02495024692268 0.02495024692268 0.0189798776442839 0.0560182796491487 0.0560182796491487 0.0189798776442839 0 0.0189798776442839 0.0189798776442839 0.0189798776442839 0 0 0.0189798776442839 0.0189798776442839 0 0 0.0189798776442839 0.0189798776442839 0.043635291516179 0.0189798776442839 0.242021080563131 -9999 0.266897619223115 0.216591729932925 0.334856637429056 0.338652612957913 0.975270877865409 1 0.950578609862165 1 1 1 1 1 1 0.963182722783224 0.908159504680475 0.706346281418147 0.632048352620329 0.632048352620329 0.582553254219798 0.632048352620329 0.474054691530921 0.485737451168276 0.322473649296086 0.241320852067517 0.359954300877128
1 1 1 0.981683496719982 0.687845507481389 0.570501953268961 0.607356084617086 0.45894449767819 0.50843959607872 0.458465393970664 0.459349893123019 0.248102012235572 0.248102012235572 0.335409449399278 0.27917004496204 0.0493845360064863 0.02495024692268 0.0812265054912656 0.124308985037223 0.124014151986438 0.0189798776442839 0.0189798776442839 0 0 0 0 0 0 0 0 0 0 0.0189798776442839 0 0.043635291516179 0.192120586717771 -9999 0.161642220092872 0.161642220092872 0.248102012235572 0.523291811012014 0.632048352620329 0.975307731996757 0.975307731996757 1 1 1 1 1 1 1 0.98153608019459 1 0.927213090587455 0.632048352620329 0.632048352620329 0.632048352620329 0.607503501142478 0.582774379007887 0.582221567037665 0.517984816097885 0.493034569175205 0.612294538217734
1 1 1 0.743642662342449 0.607356084617086 0.533537259526793 0.533537259526793 0.607319230485737 0.557676715559814 0.494729859217218 0.288051890616938 0.248102012235572 0.248102012235572 0.340827006707452 0.204687845507481 0.02495024692268 0.043930124566964 0.173619812781013 0.0746296159799514 0.0560182796491487 0.0189798776442839 0 0 0.0189798776442839 0.0189798776442839 0 0 0 0 0 0 0 0 0 0.043635291516179 0.27917004496204 0.204687845507481 0.285582663816614 0.40981794059114 0.434915604039213 0.573118596594678 1 1 1 1 1 1 1 1 1 1 1 1 1 0.927434215375544 0.632048352620329 0.797154861059925 0.632048352620329 0.632048352620329 0.582405837694406 0.607503501142478 0.632048352620329 0.632048352620329
1 0.964030367804231 0.817240362644652 0.533021301687919 0.434289083806295 0.50843959607872 0.483599911550085 0.607319230485737 0.478882582737525 0.288051890616938 0.248102012235572 0.248102012235572 0.303714896439891 0.316282155229601 0.142699196579937 0.043930124566964 0.0873074371637061 0.0992850298518464 0.0189798776442839 0.0189798776442839 0.0189798776442839 0 0.0560182796491487 0.0189798776442839 0 0 0 0 0 0 0 0 0 0.0189798776442839 0.043635291516179 0.278617232991818 -9999 -9999 -9999 -9999 -9999 0.130574187366404 0.297375985848014 0.360543966978698 1 1 1 1 1 1 1 1 1 1 1 1 0.632048352620329 0.632048352620329 0.632048352620329 0.632048352620329 0.632048352620329 0.607503501142478 0.632048352620329
0.890653792290116 0.70019164148301 0.687845507481389 0.434289083806295 0.384609714749023 0.483415640893344 0.607319230485737 0.498746959534164 0.38527308911329 0.266455369646937 0.248102012235572 0.303714896439891 0.241320852067517 0.229416967642073 0.074519053585907 0.02495024692268 0.0436721456475271 0.043930124566964 0.0189798776442839 0.0189798776442839 0.0189798776442839 0 0.0189798776442839 0.0189798776442839 0 0 0 0 0 0 0 0 0.0376649222377829 0 0.216776000589666 0.27917004496204 -9999 -9999 -9999 0.229343259379376 0.359954300877128 0.310127515294465 1 1 -9999 1 1 1 1 1 1 1 1 1 1 1 0.632048352620329 0.632048352620329 0.607503501142478 0.607503501142478 0.632048352620329 0.582553254219798 0.632048352620329
0.582258421169013 0.582258421169013 0.458833935284145 0.409265128620918 0.458612810496057 0.532542197980394 0.503427434215376 0.38527308911329 0.285582663816614 0.434915604039213 0.378749907864672 0.291184491781529 0.16739146458318 0.118154345102086 0.043930124566964 0.02495024692268 0 0 0 0.0189798776442839 0.0189798776442839 0.0189798776442839 0.148448441070244 0.0189798776442839 0 0 0 0 0 0 0.0189798776442839 0.0931303899167097 0.105881919363161 0 0.254072381513968 0.27917004496204 0.248470553549053 0.334856637429056 0.334856637429056 0.353467973759859 0.773568216997125 0.950578609862165 1 1 1 1 1 1 1 1 1 1 1 1 1 1 0.632048352620329 0.632048352620329 0.632048352620329 0.632048352620329 0.632048352620329 0.632048352620329 0.632048352620329
