data-raw/DATASET_PNE/a_DATA/PFGS/ENVSUIT_A1B/HS_f0_H2_dryGrass.asc
NCOLS 619 
NROWS 782 
XLLCORNER 876826 
YLLCORNER 1947424 
CELLSIZE 100 
NODATA_value -9999 
[rows 493 to 521 of 782, columns 130 to 194 of 619]
-9999 -9999 -9999 -9999 -9999 -9999 -9999 -9999 -9999 -9999 -9999 -9999 -9999 -9999 0.973423398482919 1 1 0.979790709263053 0.797851724710703 0.817950279607995 1 1 1 1 0.972703615525165 1 1 1 1 1 1 1 1 1 0.973257294723437 1 1 1 1 1 1 1 1 1 1 1 1 1 1 1 1 0.979790709263053 0.973257294723437 0.981783954376834 1 0.846354022479375 0.355074469852168 0.973423398482919 0.912574054592769 0.979790709263053 0.972980455124301 1 1 1 1
-9999 -9999 -9999 -9999 -9999 -9999 -9999 -9999 -9999 -9999 -9999 -9999 -9999 -9999 -9999 1 1 1 0.953214107745972 0.797851724710703 0.817950279607995 1 1 1 0.919661148330657 1 1 1 1 1 1 1 1 0.973257294723437 0.973257294723437 1 1 1 1 1 1 1 1 1 1 1 1 1 1 1 0.979790709263053 1 0.899673329273019 0.898732074635956 1 0.899617961353192 0.873207463595593 0.899507225513537 0.792702508166768 0.852776701179337 1 1 1 1 0.972980455124301
-9999 -9999 -9999 -9999 -9999 -9999 -9999 -9999 -9999 -9999 -9999 -9999 -9999 -9999 -9999 -9999 0.979403133824262 1 1 0.85875643652068 0.817950279607995 0.817950279607995 0.839377664581142 1 1 1 1 0.973257294723437 1 1 1 1 1 0.973257294723437 1 1 1 1 1 1 1 1 1 1 1 1 1 1 1 0.700459553734566 0.959193843087315 0.981783954376834 0.507280881457284 0.845468135762139 1 0.899507225513537 0.611870882010963 0.873207463595593 0.665300924644261 0.819279109683849 1 1 1 1 0.972703615525165
-9999 -9999 -9999 -9999 -9999 -9999 -9999 -9999 -9999 -9999 -9999 -9999 -9999 -9999 -9999 -9999 -9999 1 1 0.979790709263053 0.979790709263053 0.587010686008527 0.817950279607995 0.946514589446874 1 1 0.812247383865788 1 1 1 1 0.973257294723437 1 1 1 1 1 1 1 1 1 1 1 1 1 1 1 1 0.592436742151597 0.814240628979569 1 0.959193843087315 0.480704279940203 1 1 1 0.530646143624384 1 0.893250650573058 0.591550855434361 0.535573888489009 0.673938320137312 0.892254028016167 1 0.919716516250485
-9999 -9999 -9999 -9999 -9999 -9999 -9999 -9999 -9999 -9999 -9999 -9999 -9999 -9999 -9999 -9999 -9999 -9999 1 1 0.979790709263053 0.979790709263053 0.587010686008527 0.799734233984829 0.893638226011849 1 0.919882620009966 -9999 1 1 1 0.973257294723437 0.95304800398649 1 1 1 1 1 1 1 1 1 1 1 1 1 1 0.700459553734566 0.744366314157577 1 1 1 0.373235147555506 1 1 1 0.819832788882122 0.718841703117214 1 1 0.571341564697414 0.390952881900227 0.337522839266929 0.919661148330657 1
-9999 -9999 -9999 -9999 -9999 -9999 -9999 -9999 -9999 -9999 -9999 -9999 -9999 -9999 -9999 -9999 -9999 -9999 -9999 0.959747522285588 1 0.961574663639887 0.782016499640109 0.432091246331875 0.782016499640109 1 1 -9999 1 1 1 1 0.973257294723437 0.95304800398649 0.85875643652068 1 1 1 1 1 1 1 1 1 1 1 0.799734233984829 0.779635679087537 1 1 1 1 0.898732074635956 0.952826532307181 1 1 1 0.718841703117214 1 1 1 1 0.389513315984718 0.355074469852168 0.972980455124301
-9999 -9999 -9999 -9999 -9999 -9999 -9999 -9999 -9999 -9999 -9999 -9999 -9999 -9999 -9999 -9999 -9999 -9999 -9999 -9999 0.981783954376834 0.981783954376834 1 0.761917944742816 0.761917944742816 0.799734233984829 0.979790709263053 1 1 1 1 1 1 0.946514589446874 0.959193843087315 0.640219256962516 1 1 1 1 1 1 1 1 1 1 0.773434472066884 0.735507446985217 1 1 1 1 1 0.872432312718011 0.946237749847738 1 1 1 0.899341121754056 1 1 1 1 0.442777254858535 0.611372570732518
-9999 -9999 -9999 -9999 -9999 -9999 -9999 -9999 -9999 -9999 -9999 -9999 -9999 -9999 -9999 -9999 -9999 -9999 -9999 -9999 -9999 0.859254747799125 0.820441836000221 0.941531476662422 0.607109240905819 0.560434084491446 0.782016499640109 0.820331100160567 1 1 1 1 1 1 1 0.95304800398649 0.85875643652068 1 1 1 1 1 1 1 1 1 0.655777642433974 0.782016499640109 1 1 1 1 1 1 1 1 1 1 1 1 1 1 1 1 0.355074469852168
-9999 -9999 -9999 -9999 -9999 -9999 -9999 -9999 -9999 -9999 -9999 -9999 -9999 -9999 -9999 -9999 -9999 -9999 -9999 -9999 -9999 -9999 1 1 0.981783954376834 0.709429156746581 0.560434084491446 0.744366314157577 0.761917944742816 0.961574663639887 0.981783954376834 1 0.981783954376834 1 -9999 1 0.95304800398649 0.959193843087315 0.873152095675765 0.972980455124301 1 1 1 1 1 1 0.822822656552793 0.782016499640109 1 0.981783954376834 1 1 1 1 1 0.979790709263053 1 1 1 0.892696971374786 0.94640385360722 1 1 1 0.972980455124301
-9999 -9999 -9999 -9999 -9999 -9999 -9999 -9999 -9999 -9999 -9999 -9999 -9999 -9999 -9999 -9999 -9999 -9999 -9999 -9999 -9999 -9999 -9999 -9999 0.920270195448757 0.841038702175959 0.802613365815846 0.587010686008527 0.691489950722551 0.761917944742816 0.748685011904103 0.981783954376834 0.981783954376834 0.981783954376834 1 1 1 1 0.959193843087315 0.799734233984829 0.840540390897514 1 0.940977797464149 0.840540390897514 0.973257294723437 1 1 0.822822656552793 0.964066220032113 1 1 1 1 1 1 0.919273572891867 1 1 1 1 1 1 1 0.892918443054094 1
-9999 -9999 -9999 -9999 -9999 -9999 -9999 -9999 -9999 -9999 -9999 -9999 -9999 -9999 -9999 -9999 -9999 -9999 -9999 -9999 -9999 -9999 -9999 -9999 -9999 0.859254747799125 0.838547145783733 0.782016499640109 0.668512263994242 0.761917944742816 0.943856929295166 0.964066220032113 0.981783954376834 0.981783954376834 0.964066220032113 0.981783954376834 0.981783954376834 1 1 0.981783954376834 0.881457283649853 0.961574663639887 0.961574663639887 1 1 1 1 0.884004207961907 0.964066220032113 0.981783954376834 0.981783954376834 1 1 1 1 1 1 1 0.972980455124301 1 1 1 0.973423398482919 0.94640385360722 0.94640385360722
-9999 -9999 -9999 -9999 -9999 -9999 -9999 -9999 -9999 -9999 -9999 -9999 -9999 -9999 -9999 -9999 -9999 -9999 -9999 -9999 -9999 -9999 -9999 -9999 -9999 -9999 0.88433641548087 0.817950279607995 0.817950279607995 0.802613365815846 0.843419522728531 0.782016499640109 0.943856929295166 0.964066220032113 0.964066220032113 0.943856929295166 0.981783954376834 1 1 1 1 1 1 1 1 1 0.981783954376834 0.964066220032113 1 0.981783954376834 1 0.981783954376834 1 1 1 1 1 1 0.945684070649466 1 1 1 0.973423398482919 0.892364763855822 1
-9999 -9999 -9999 -9999 -9999 -9999 -9999 -9999 -9999 -9999 -9999 -9999 -9999 -9999 -9999 -9999 -9999 -9999 -9999 -9999 -9999 -9999 -9999 -9999 -9999 -9999 -9999 0.761917944742816 0.817950279607995 0.838547145783733 0.817950279607995 0.88433641548087 0.843419522728531 0.884004207961907 0.943856929295166 0.964066220032113 0.943856929295166 0.943856929295166 0.981783954376834 1 1 1 1 1 1 1 0.943856929295166 1 1 1 1 0.943856929295166 0.981783954376834 1 1 1 0.972703615525165 0.695310337190632 0.80111843198051 0.919661148330657 0.979790709263053 1 1 1 1
-9999 -9999 -9999 -9999 -9999 -9999 -9999 -9999 -9999 -9999 -9999 -9999 -9999 -9999 -9999 -9999 -9999 -9999 -9999 -9999 -9999 -9999 -9999 -9999 -9999 -9999 -9999 -9999 -9999 -9999 -9999 0.81844859088644 0.761917944742816 0.782514810918554 0.884004207961907 0.924201317756492 0.943856929295166 0.782016499640109 0.863739549305133 0.981783954376834 1 1 1 1 1 1 0.943856929295166 1 1 1 1 0.981783954376834 0.863739549305133 1 1 1 1 0.779635679087537 0.319805104922208 0.854105531255191 1 1 1 1 1
-9999 -9999 -9999 -9999 -9999 -9999 -9999 -9999 -9999 -9999 -9999 -9999 -9999 -9999 -9999 -9999 -9999 -9999 -9999 -9999 -9999 -9999 -9999 -9999 -9999 -9999 -9999 -9999 -9999 -9999 -9999 0.797851724710703 0.797851724710703 0.780133990365982 0.761917944742816 0.782514810918554 0.884004207961907 0.822822656552793 0.416256021261281 0.943856929295166 0.981783954376834 1 1 1 1 1 0.964066220032113 1 1 1 1 1 0.964066220032113 0.982282265655279 1 1 1 0.822822656552793 0.726814683572338 0.426775926028459 0.981783954376834 1 1 1 1
-9999 -9999 -9999 -9999 -9999 -9999 -9999 -9999 -9999 -9999 -9999 -9999 -9999 -9999 -9999 -9999 -9999 -9999 -9999 -9999 -9999 -9999 -9999 -9999 -9999 -9999 -9999 -9999 -9999 -9999 -9999 -9999 0.780133990365982 0.797851724710703 0.780133990365982 0.761917944742816 0.782514810918554 0.782514810918554 0.744366314157577 0.396157466363989 0.943856929295166 0.964066220032113 0.964066220032113 0.981783954376834 1 1 0.964066220032113 0.943856929295166 1 0.964066220032113 1 1 0.964066220032113 1 1 1 1 0.964066220032113 0.726814683572338 0.414761087425945 0.319805104922208 0.339903659819501 0.840540390897514 0.934831958363324 1
-9999 -9999 -9999 -9999 -9999 -9999 -9999 -9999 -9999 -9999 -9999 -9999 -9999 -9999 -9999 -9999 -9999 -9999 -9999 -9999 -9999 -9999 -9999 -9999 -9999 -9999 -9999 -9999 -9999 -9999 -9999 -9999 -9999 0.761917944742816 0.780133990365982 0.797851724710703 0.780133990365982 0.761917944742816 0.744366314157577 0.656275953712419 0.396157466363989 0.782016499640109 0.943856929295166 0.964066220032113 1 1 1 0.964066220032113 0.964066220032113 0.964066220032113 0.926582138309064 0.964066220032113 0.964066220032113 1 1 1 1 0.964066220032113 0.904601074137645 0.621117324622114 0.726814683572338 0.761917944742816 0.777088754775483 1 0.981783954376834
-9999 -9999 -9999 -9999 -9999 -9999 -9999 -9999 -9999 -9999 -9999 -9999 -9999 -9999 -9999 -9999 -9999 -9999 -9999 -9999 -9999 -9999 -9999 -9999 -9999 -9999 -9999 -9999 -9999 -9999 -9999 -9999 -9999 -9999 0.761917944742816 0.797851724710703 0.797851724710703 0.780133990365982 0.761917944742816 0.761917944742816 0.56840706494657 0.396157466363989 0.782016499640109 0.943856929295166 0.964066220032113 1 1 0.982282265655279 0.843419522728531 0.744366314157577 0.744255578317923 0.76446486905487 0.964066220032113 1 1 1 1 1 1 0.884004207961907 0.726814683572338 0.761917944742816 0.904601074137645 0.981783954376834 0.981783954376834
-9999 -9999 -9999 -9999 -9999 -9999 -9999 -9999 -9999 -9999 -9999 -9999 -9999 -9999 -9999 -9999 -9999 -9999 -9999 -9999 -9999 -9999 -9999 -9999 -9999 -9999 -9999 -9999 -9999 -9999 -9999 -9999 -9999 -9999 -9999 0.761917944742816 0.780133990365982 -9999 0.780133990365982 0.797851724710703 0.761917944742816 0.56840706494657 0.691489950722551 0.943856929295166 0.964066220032113 0.982282265655279 1 0.964066220032113 0.761917944742816 0.802613365815846 0.820829411439012 0.782016499640109 0.924256685676319 1 1 1 1 1 1 0.964066220032113 0.863739549305133 0.726814683572338 0.726814683572338 0.822822656552793 1
-9999 -9999 -9999 -9999 -9999 -9999 -9999 -9999 -9999 -9999 -9999 -9999 -9999 -9999 -9999 -9999 -9999 -9999 -9999 -9999 -9999 -9999 -9999 -9999 -9999 -9999 -9999 -9999 -9999 -9999 -9999 -9999 -9999 -9999 -9999 -9999 -9999 -9999 -9999 -9999 0.797851724710703 0.761917944742816 0.587010686008527 0.76446486905487 0.943856929295166 0.964066220032113 1 0.924201317756492 0.761917944742816 0.761917944742816 0.782514810918554 0.924201317756492 0.746913238469631 1 1 1 1 1 0.964066220032113 1 1 1 0.964066220032113 1 1
-9999 -9999 -9999 -9999 -9999 -9999 -9999 -9999 -9999 -9999 -9999 -9999 -9999 -9999 -9999 -9999 -9999 -9999 -9999 -9999 -9999 -9999 -9999 -9999 -9999 -9999 -9999 -9999 -9999 -9999 -9999 -9999 -9999 -9999 -9999 -9999 -9999 -9999 -9999 -9999 -9999 0.780133990365982 0.761917944742816 0.639001162726316 0.76446486905487 0.964066220032113 1 0.903604451580754 0.744366314157577 0.761917944742816 0.761917944742816 0.726814683572338 0.785172471070262 1 1 1 1 0.964066220032113 1 0.964066220032113 1 1 1 0.982282265655279 0.964066220032113
-9999 -9999 -9999 -9999 -9999 -9999 -9999 -9999 -9999 -9999 -9999 -9999 -9999 -9999 -9999 -9999 -9999 -9999 -9999 -9999 -9999 -9999 -9999 -9999 -9999 -9999 -9999 -9999 -9999 -9999 -9999 -9999 -9999 -9999 -9999 -9999 -9999 -9999 -9999 -9999 -9999 0.797851724710703 0.780133990365982 0.761917944742816 0.587010686008527 0.884004207961907 0.903604451580754 0.761917944742816 0.56840706494657 0.761917944742816 0.761917944742816 0.587010686008527 0.962072974918332 1 1 0.859254747799125 0.802613365815846 0.899562593433365 0.902164885665246 0.964066220032113 1 1 1 0.964066220032113 0.982282265655279
-9999 -9999 -9999 -9999 -9999 -9999 -9999 -9999 -9999 -9999 -9999 -9999 -9999 -9999 -9999 -9999 -9999 -9999 -9999 -9999 -9999 -9999 -9999 -9999 -9999 -9999 -9999 -9999 -9999 -9999 -9999 -9999 -9999 -9999 -9999 -9999 -9999 -9999 -9999 -9999 -9999 -9999 -9999 0.780133990365982 0.744366314157577 0.587010686008527 0.782514810918554 -9999 0.56840706494657 0.761917944742816 0.691489950722551 0.639001162726316 0.899673329273019 0.858867172360334 0.81806101544765 0.761917944742816 0.780133990365982 0.838547145783733 0.940479486185704 0.982282265655279 1 1 1 0.964066220032113 0.964066220032113
-9999 -9999 -9999 -9999 -9999 -9999 -9999 -9999 -9999 -9999 -9999 -9999 -9999 -9999 -9999 -9999 -9999 -9999 -9999 -9999 -9999 -9999 -9999 -9999 -9999 -9999 -9999 -9999 -9999 -9999 -9999 -9999 -9999 -9999 -9999 -9999 -9999 -9999 -9999 -9999 -9999 -9999 -9999 -9999 -9999 -9999 -9999 -9999 -9999 0.761917944742816 0.672886329660595 0.621449532141077 0.761917944742816 0.797851724710703 0.761917944742816 0.761917944742816 0.797851724710703 0.780133990365982 0.838547145783733 0.899673329273019 1 0.982282265655279 0.964066220032113 0.964066220032113 0.964066220032113
-9999 -9999 -9999 -9999 -9999 -9999 -9999 -9999 -9999 -9999 -9999 -9999 -9999 -9999 -9999 -9999 -9999 -9999 -9999 -9999 -9999 -9999 -9999 -9999 -9999 -9999 -9999 -9999 -9999 -9999 -9999 -9999 -9999 -9999 -9999 -9999 -9999 -9999 -9999 -9999 -9999 -9999 -9999 -9999 -9999 -9999 -9999 -9999 -9999 0.761917944742816 0.708211062510381 0.56840706494657 0.637949172249599 0.708211062510381 0.56840706494657 0.761917944742816 0.761917944742816 0.797851724710703 0.838547145783733 0.838547145783733 0.922761751840983 0.964066220032113 0.964066220032113 0.894025801450639 0.789158961297824
-9999 -9999 -9999 -9999 -9999 -9999 -9999 -9999 -9999 -9999 -9999 -9999 -9999 -9999 -9999 -9999 -9999 -9999 -9999 -9999 -9999 -9999 -9999 -9999 -9999 -9999 -9999 -9999 -9999 -9999 -9999 -9999 -9999 -9999 -9999 -9999 -9999 -9999 -9999 -9999 -9999 -9999 -9999 -9999 -9999 -9999 -9999 -9999 0.77110901943414 0.797851724710703 0.761917944742816 0.637949172249599 0.56840706494657 0.690161120646697 0.761917944742816 0.761917944742816 0.761917944742816 0.797851724710703 0.797851724710703 0.81844859088644 0.838547145783733 0.88394884004208 0.789158961297824 0.789158961297824 0.789158961297824
-9999 -9999 -9999 -9999 -9999 -9999 -9999 -9999 -9999 -9999 -9999 -9999 -9999 -9999 -9999 -9999 -9999 -9999 -9999 -9999 -9999 -9999 -9999 -9999 -9999 -9999 -9999 -9999 -9999 -9999 -9999 -9999 -9999 -9999 -9999 -9999 -9999 -9999 -9999 -9999 -9999 -9999 -9999 -9999 -9999 -9999 -9999 -9999 0.761917944742816 0.797851724710703 0.797851724710703 0.780133990365982 0.761917944742816 0.780133990365982 0.797851724710703 0.761917944742816 0.761917944742816 0.797851724710703 0.780133990365982 0.797851724710703 0.797851724710703 0.761917944742816 0.802724101655501 0.964066220032113 0.964066220032113
-9999 -9999 -9999 -9999 -9999 -9999 -9999 -9999 -9999 -9999 -9999 -9999 -9999 -9999 -9999 -9999 -9999 -9999 -9999 -9999 -9999 -9999 -9999 -9999 -9999 -9999 -9999 -9999 -9999 -9999 -9999 -9999 -9999 -9999 -9999 -9999 -9999 -9999 -9999 -9999 -9999 -9999 -9999 -9999 -9999 -9999 -9999 0.761917944742816 -9999 -9999 0.797851724710703 0.797851724710703 0.761917944742816 0.761917944742816 0.761917944742816 0.761917944742816 0.761917944742816 0.761917944742816 0.797851724710703 0.797851724710703 0.797851724710703 0.761917944742816 0.802724101655501 0.964066220032113 0.964066220032113
-9999 -9999 -9999 -9999 -9999 -9999 -9999 -9999 -9999 -9999 -9999 -9999 -9999 -9999 -9999 -9999 -9999 -9999 -9999 -9999 -9999 -9999 -9999 -9999 -9999 -9999 -9999 -9999 -9999 -9999 -9999 -9999 -9999 -9999 -9999 -9999 -9999 -9999 -9999 -9999 -9999 -9999 -9999 -9999 -9999 -9999 -9999 -9999 -9999 -9999 -9999 0.797851724710703 0.797851724710703 0.761917944742816 0.744366314157577 0.761917944742816 0.761917944742816 0.761917944742816 0.761917944742816 0.761917944742816 0.797851724710703 0.780133990365982 0.761917944742816 0.88394884004208 0.964066220032113
