data-raw/DATASET_PNE/a_DATA/PFGS/ENVSUIT_A1B/HS_f0_H2_dryGrass.asc
NCOLS 619 
NROWS 782 
XLLCORNER 876826 
YLLCORNER 1947424 
CELLSIZE 100 
NODATA_value -9999 
[rows 493 to 521 of 782, columns 520 to 584 of 619]
0.209899784065113 0 0 0.620452909584187 0.711976081058635 0.70400310060351 0.0180499418636842 0.66734953767787 0.694756657992359 0.813686949781297 0 0 0 0 0 0 0 0 0 0 0 0 0 0 0.0180499418636842 0.0983334256131997 0.391672664857981 0.981396378938043 1 1 1 1 1 1 1 1 1 1 1 1 1 1 1 1 1 1 1 1 1 1 1 1 1 1 1 1 1 0.958806267648525 0.979403133824262 1 1 1 0.878135208460218 0.819500581363158 0.797851724710703
0 0 0.410387021759592 0.436077736559437 0.620452909584187 0.641049775759925 0.553346990753557 0.38646808039422 0.150490006090471 0 0 0 0 0 0 0 0 0 0 0 0 0.0267427052765628 0 0 0 0.0539837218315708 0.309783511433475 0.954432201982171 0.981396378938043 1 1 1 1 1 1 1 1 1 1 1 1 1 1 1 1 1 1 1 1 1 1 1 1 1 1 1 1 1 1 1 1 1 0.878135208460218 0.938209401472787 0.656331321632246
0 0 0.124300980012181 0.287913183101711 0.306295332484359 0 0.246276507391617 0 0 0 0 0 0 0 0 0 0 0 0 0 0 0 0 0 0 0.0362659874868501 0.241957809645092 0.927689496705609 0.981396378938043 1 1 1 1 1 1 1 1 1 1 1 1 1 1 1 1 1 1 1 1 1 1 1 1 1 1 1 1 1 1 1 0.952715796467527 0.797851724710703 0.878135208460218 0.779635679087537 0.797851724710703
0 0 0 0.0859863794917225 0.0859863794917225 0 0 0 0 0 0 0 0 0 0 0 0 0 0 0 0 0 0 0 0 0.0362659874868501 0.370245279884835 0.927689496705609 0.981396378938043 1 1 1 1 1 1 1 1 1 1 1 1 1 1 1 1 1 1 1 1 1 1 1 1 1 1 1 1 1 1 1 0.859254747799125 0.824926637506229 0.958806267648525 0.744809257516195 0.549969547644095
0 0 0 0 0 0 0 0 0 0 0 0 0 0 0 0 0 0 0 0 0 0 0 0 0 0.072033663695255 0.229444659764133 0.806489120203754 0.981396378938043 1 1 1 1 1 1 1 1 1 1 1 1 1 1 1 1 1 1 1 1 1 1 1 1 1 1 1 1 1 1 0.979403133824262 0.932118930291789 0.878135208460218 0.878135208460218 0.837771994906151 0.531919605780411
0 0 0 0 0 0 0 0 0 0 0 0 0 0 0 0 0 0 0 0 0 0 0 0 0.0180499418636842 0.072033663695255 0.283483749515531 0.963844748352804 0.981396378938043 1 1 1 1 1 1 1 1 1 1 1 1 1 1 1 1 1 1 1 1 1 1 1 1 1 1 1 1 1 1 0.912463318753114 0.664248934167543 0.878135208460218 0.878135208460218 0.779635679087537 0.818171751287304
0 0 0 0 0 0 0 0 0 0 0 0 0 0 0 0 0 0 0 0 0 0 0 0 0.0180499418636842 0.072033663695255 0.241514866286474 0.90066995182991 0.981396378938043 0.981396378938043 1 1 1 1 1 1 1 1 1 1 1 1 1 1 1 1 1 1 1 1 1 1 1 1 1 1 1 1 1 0.804994186368418 0.851946182381928 0.779912518686673 0.958806267648525 0.958806267648525 0.818171751287304
0 0 0 0 0 0 0 0 0 0 0 0 0 0 0 0 0 0 0 0 0.0264104977575992 0.053153203034162 0 0.0180499418636842 0.0362659874868501 0.284646475831903 0.657549415868446 0.72133325950944 0.981396378938043 0.981396378938043 0.981396378938043 0.981396378938043 1 1 1 1 1 1 1 1 1 1 1 1 1 1 1 1 1 1 1 1 1 1 1 1 1 1 1 0.885499141797243 0.879353302696418 0.878356680139527 0.958806267648525 0.91800011073584 0.979403133824262
0 0 0 0 0 0 0 0 0 0 0 0 0 0 -9999 0.0699850506616466 0 0 0 0 0 0 0.0180499418636842 0.072033663695255 0.284646475831903 0.506062787221084 0.731188749238691 0.768229887603123 0.981396378938043 0.981396378938043 0.981396378938043 0.981396378938043 0.981396378938043 0.981396378938043 0.981396378938043 1 1 1 1 1 1 1 1 1 1 1 1 1 1 1 1 1 1 1 1 1 1 1 1 0.973312662643265 0.973312662643265 1 1 1 1
0 0 0 0 0 0 0 0 0 0 0 0.0348264215713416 0.0699850506616466 0.0348264215713416 0.155030175516306 0.172249598582581 0 0 0.190133436686784 0.172249598582581 0 0.172249598582581 0.122529206577709 0.284646475831903 0.479763025303139 0.58917003488179 0.731188749238691 0.768229887603123 0.981396378938043 0.981396378938043 0.981396378938043 0.981396378938043 0.981396378938043 0.981396378938043 0.981396378938043 0.981396378938043 0.981396378938043 0.981396378938043 0.981396378938043 1 1 1 1 1 1 1 1 1 1 1 1 1 1 1 0.89280770721444 1 1 1 1 0.973312662643265 0.946348485687393 1 1 1 1
0 0 0 0 0 0 0 0 0 0 0 0.0348264215713416 0.0526548917557167 0 0 0.155030175516306 0.0526548917557167 0 0.172249598582581 0.0526548917557167 0.172249598582581 0.207685067272023 0.17429821161619 0.22728531089087 0.496705608770279 0.709595260506063 0.776258235978074 0.740933503128287 0.954819777420962 0.954819777420962 0.768229887603123 0.768229887603123 0.768229887603123 0.740933503128287 0.768229887603123 0.740933503128287 0.717125297602569 0.981396378938043 -9999 0.981396378938043 1 1 1 1 1 1 1 1 1 1 1 1 1 1 1 1 1 1 0.958806267648525 0.825092741265711 1 1 1 1 1
0 0 0 0 0 0 0 0 0 0 0 0.0699850506616466 0 0 0 0 0.0526548917557167 0 0 -9999 0.172249598582581 0.138032224129339 0.0180499418636842 0.0362659874868501 0.0543159293505343 0.284646475831903 0.284646475831903 0.303028625214551 0.300094125463706 0.300094125463706 0.497812967166824 0.562704169204363 0.670062565749405 0.731188749238691 -9999 0.670062565749405 0.703892364763856 0.748629643984276 0.954432201982171 0.981396378938043 1 1 1 1 1 1 1 1 1 1 1 1 1 1 1 1 1 1 0.979403133824262 1 1 1 1 1 1
0 0 0 0 0 0 0 0 0 0 0 0 0 0 0 0 0.0526548917557167 0 0 0 0.155030175516306 0.0870937378882675 0 0 0 0 0.0443497037816289 0.0180499418636842 0.0362659874868501 0.0362659874868501 0.072033663695255 0.072033663695255 0.142074082276729 0.289408116937047 0.523448314046841 0.602569071479985 0.749737002380821 0.703892364763856 0.927689496705609 0.981396378938043 1 1 1 1 1 1 1 1 1 -9999 -9999 1 1 1 1 1 1 1 1 1 1 1 1 1 1
0 0 0 0 0 0 0 0 0 0 0 0 0 0 0 0 0 0 0 0 0 0 0 0 0 0 0 0 0 0.157909307347323 0.140579148441393 0.0360998837273684 0.0543159293505343 0.0543159293505343 0.0983334256131997 0.142018714356902 0.466031781185981 0.670062565749405 0.740933503128287 0.981396378938043 0.981396378938043 1 1 1 1 1 1 1 1 1 1 1 1 1 1 1 1 1 1 0.979403133824262 0.979403133824262 1 1 1 1
0.21056419910304 0.263274458778584 0.342395216211727 0.287913183101711 0 0.16017939206024 0.132883007585405 0.16017939206024 0.0264104977575992 0.0264104977575992 0 0 0 0 0 0 0 0 0 0 0 0.0348264215713416 0.155030175516306 0 0.172249598582581 0.347156857316871 0.347156857316871 0.172249598582581 0.0174962626654117 0.122529206577709 0.190299540446265 0.23514755550634 0.23514755550634 0.410220918000111 0.383256741044239 0.20834948230995 0.072033663695255 0.367200044294336 0.740933503128287 0.981396378938043 0.981396378938043 1 1 1 1 1 1 1 1 1 1 1 1 1 1 1 1 1 1 1 1 1 1 1 1
0.608327335142019 0.64719561486075 0.753446653009247 0.774043519184984 0.854825314212945 0.810973921709761 0.231161065278777 0.276728863296606 0.276728863296606 0.151818836166325 0.0794529649521068 0.0264104977575992 0 0 0 0 0 0 0 0 0.0526548917557167 0.155030175516306 0.172249598582581 0.0526548917557167 0.0348264215713416 0.347156857316871 0.347156857316871 0.294391229721499 0.190133436686784 0.190299540446265 0.269973977077681 0.347156857316871 0.365206799180555 0.392170976136427 0.410220918000111 0.226565527933116 0.17651292840928 0.367200044294336 0.520901389734788 0.954432201982171 0.981396378938043 1 1 1 1 1 1 1 1 1 1 1 1 1 1 1 1 1 1 1 1 1 1 1 1
0.648856652455567 0.694590554232878 0.747300813908421 0.810697082110625 0.90952881900227 0.90952881900227 0.856098776368972 0.803222412933946 0.803222412933946 0.723049665024085 0.178284701843752 0.125408338408726 0 0 0 0 0 0 0 0 0 0.0697635789823376 0.172249598582581 0.155030175516306 0 0.172249598582581 0.190133436686784 0.207685067272023 0.207685067272023 0.294391229721499 0.224959858258125 0.347156857316871 0.347156857316871 0.383256741044239 0.383256741044239 0.314877360057583 0.44549028293007 0.722772825424949 0.390399202701954 0.734676928187808 0.928132440064227 0.981396378938043 1 1 1 1 1 1 1 1 1 1 1 1 1 1 1 1 1 1 1 1 1 1 1
0.659099717623609 0.731410220918 0.677149659487293 0.863905653064614 0.936271524278833 0.901611206466973 1 1 1 1 0.606167986268756 0.214052378052157 0.116604839156193 0.0264104977575992 0 0 0 0 0 0 0 0 0 0.155030175516306 0.0526548917557167 0 0.0174962626654117 0.121809423619955 0.155030175516306 0.172249598582581 0.207685067272023 0.172249598582581 0.207685067272023 0.261059741985494 0.383256741044239 0.42777254858535 0.44549028293007 0.628813465478102 0.69636232766735 0.597918166214495 0.717125297602569 0.740933503128287 0.981396378938043 0.981396378938043 1 1 1 1 1 1 1 1 1 1 1 1 1 1 1 1 1 1 1 1 1
0.776036764298765 0.776368971817729 0.776368971817729 1 1 1 1 1 1 1 0.779469575328055 0.893804329771331 0.6834616023476 0.205304246719451 0.0264104977575992 0 0 0 0 0 0 0 0 0 0 0 0 0 0 0 0 0 0 0.0348264215713416 0.226233320414152 0.291290626211173 0.343834782127236 0.703892364763856 0.703892364763856 0.722662089585294 0.74995847406013 0.748629643984276 0.55672443386302 0.624882343170367 0.641437351198715 1 1 1 1 1 1 1 1 1 1 1 1 1 1 1 1 1 1 1 1
1 0.946957532805493 1 1 1 0.973589502242401 1 0.973589502242401 0.919550412491003 1 0.973257294723437 0.981396378938043 0.911466696196224 0.550855434361331 0.116604839156193 0.107303028625215 0.0794529649521068 0.0264104977575992 0 0 0 0 0.121809423619955 0.0526548917557167 0 0 0 0 0 0 0 0 0 0 0.190299540446265 0.255190742483805 0.467803554620453 0.703892364763856 0.703892364763856 0.722662089585294 0.722662089585294 0.740933503128287 0.740933503128287 0.740933503128287 0.740933503128287 0.981396378938043 1 1 1 1 1 1 1 1 1 1 1 1 1 1 1 1 0.958806267648525 0.979403133824262 1
1 1 1 1 1 1 0.973589502242401 1 0.892641603454958 0.946957532805493 1 1 1 0.964121587951941 0.622390786778141 0.160345495819722 0.0898621338796301 0.0180499418636842 0.133325950944023 0.053153203034162 0.053153203034162 0.0264104977575992 0 0 0 0.0870937378882675 0.0526548917557167 0 0 0 0.0526548917557167 0 0 0 0.190299540446265 0.20834948230995 0.448480150600742 0.666020707602015 0.703892364763856 0.74995847406013 0.768229887603123 0.768229887603123 0.928132440064227 0.981396378938043 0.981396378938043 0.981396378938043 1 1 1 1 1 1 1 1 1 1 1 1 1 1 1 1 0.979403133824262 1 1
1 1 0.918941365372903 1 1 0.972703615525165 1 1 0.945960910248602 0.972703615525165 1 1 1 1 0.964121587951941 0.726648579812856 0.559271358175073 0.160345495819722 0.179392060240297 0.170588560987764 0.0710924090581917 0.0798959083107248 0.053153203034162 0.0264104977575992 0 0 0 0 0 0 0 0 0 0 0.190133436686784 0.20834948230995 0.419190521012126 0.603510326117048 0.56840706494657 0.740933503128287 0.740933503128287 0.955096617020099 0.981396378938043 0.981396378938043 0.981396378938043 0.981396378938043 1 1 1 1 1 1 1 1 1 1 1 1 1 1 1 1 1 1 1
1 1 0.893250650573058 1 1 1 0.972703615525165 0.972703615525165 0.812967166823542 0.786002989867671 1 1 1 1 1 1 0.981396378938043 0.954930513260617 0.964121587951941 0.629311776756547 0.251481091855379 0.17933669232047 0.250318365539007 0.0262997619179447 0 0 0 0 0 0 0.155030175516306 0 0.0699850506616466 0 0.172249598582581 0.20834948230995 0.401638890426887 0.69636232766735 0.711588505619844 0.768229887603123 0.874425557831792 0.981396378938043 0.981396378938043 0.973534134322573 0.981396378938043 1 1 1 1 1 1 1 1 1 1 1 1 1 1 1 1 1 1 1 1
1 1 0.919661148330657 0.919661148330657 1 0.786002989867671 0.786002989867671 0.786002989867671 0.812967166823542 0.786002989867671 0.812967166823542 1 1 1 1 1 1 1 1 1 0.964121587951941 0.699629034937157 0.47190078068767 0.161286750456785 0.125352970488899 0 0 0 0 0 0 0.104479264714025 0 0.0174962626654117 0 0.0360998837273684 0.271025967554399 0.703892364763856 0.703892364763856 0.768229887603123 0.874536293671447 0.973534134322573 0.973534134322573 1 1 1 1 1 1 1 1 1 1 1 1 1 1 1 1 1 1 1 1 0.958806267648525 0.958806267648525
1 1 1 0.786002989867671 0.786002989867671 0.812967166823542 0.91899673329273 1 1 1 1 0.786002989867671 1 1 1 1 1 1 1 1 1 0.981396378938043 0.876529538785228 0.443109462377498 0.125629810088035 0.0362659874868501 0.158795194064559 0.140579148441393 0.190299540446265 0.0180499418636842 0.0267427052765628 0.0180499418636842 0.0443497037816289 0.0180499418636842 0.0528763634350257 0.0630640606832401 0.106860085266597 0.488455788716018 0.703892364763856 0.768229887603123 0.874425557831792 0.973534134322573 0.973534134322573 0.973534134322573 1 1 1 1 1 1 1 1 1 1 1 1 1 1 1 1 1 1 1 0.979403133824262 0.958806267648525
1 0.839709872100105 0.972703615525165 1 0.839654504180278 0.866397209456841 0.866397209456841 1 1 1 1 1 0.786002989867671 1 1 1 1 1 1 1 1 1 1 0.964121587951941 0.664802613365816 0.21560267980732 0.119373235147556 0.0810586346270971 0.401472786667405 0.410220918000111 0.20834948230995 0.0891423509218759 0.244283262277836 0.0543159293505343 0.0360998837273684 0.0360998837273684 0.0543159293505343 0.142572393555174 0.666020707602015 0.822158241514866 0.920270195448757 0.973534134322573 0.973534134322573 0.973534134322573 1 1 1 1 1 1 1 1 1 1 1 1 1 1 1 1 1 1 1 1 1
1 1 1 1 1 1 1 0.972703615525165 1 1 1 1 1 1 1 1 1 1 1 1 1 1 1 0.973257294723437 0.981396378938043 0.9022756215049 0.342782791650518 0.0926305298709928 0.601018769724821 0.428436963623277 0.401472786667405 0.485355185205692 0.644704058468523 0.590000553679198 0.072033663695255 0.0360998837273684 0.226565527933116 0.125076130889762 0.490006090471181 0.803388516693428 0.840429655057859 0.947234372404629 0.973534134322573 0.973534134322573 1 1 1 1 1 1 1 1 1 1 1 1 1 1 1 1 1 1 1 1 1
1 1 1 1 1 1 1 1 1 1 1 1 1 1 1 1 1 1 1 1 1 1 1 1 1 1 0.867061624494768 0.274348042744034 0.0926305298709928 0.507059409777975 0.401472786667405 0.337356735507447 0.703892364763856 0.703892364763856 0.52588450251924 0.0543159293505343 0.0543159293505343 0.0543159293505343 0.203255633685842 0.703892364763856 0.8303526936493 0.928962958861635 0.947234372404629 0.973534134322573 0.973534134322573 1 1 1 1 1 1 1 1 1 1 1 1 1 1 1 1 1 1 1 1
1 1 1 1 1 1 1 1 1 1 1 1 1 1 1 1 1 1 1 1 1 1 1 1 1 1 1 0.592326006311943 0.325397264824761 0.384364099440784 0.559769669453519 0.482642157134156 0.722662089585294 0.722662089585294 0.666463650960633 0.0543159293505343 0.0623996456453131 0.0360998837273684 0.0893638226011849 0.203255633685842 0.883062953324844 0.683572338187254 0.848458003432811 0.867172360334422 0.973534134322573 1 1 1 1 1 1 1 1 1 1 1 1 1 1 1 1 1 1 1 1
