data-raw/DATASET_PNE/a_DATA/PFGS/ENVSUIT_A1B/HS_f30_H5_poorGrass.asc
NCOLS 619 
NROWS 782 
XLLCORNER 876826 
YLLCORNER 1947424 
CELLSIZE 100 
NODATA_value -9999 
[rows 378 to 404 of 782, columns 372 to 433 of 619]
0.675327150298564 0.675327150298564 0.639054757972303 0.639054757972303 0.638991233642485 0.620696226654809 0.544784652521916 0.526362596874603 0.526362596874603 0.526362596874603 0.526362596874603 0.526362596874603 0.526362596874603 0.526362596874603 0.360500571718968 0.360500571718968 0.340680980815652 0.305297929106848 0.305297929106848 0.305297929106848 0.305297929106848 0.2624825308093 0.322767119806886 0.305297929106848 -9999 -9999 -9999 -9999 -9999 -9999 -9999 -9999 -9999 0 0 -9999 -9999 -9999 0 0.0304916783127938 0.305297929106848 0.305297929106848 0.305297929106848 0.380955405920468 0.546880955405921 0.546880955405921 0.583852115360183 0.620696226654809 0.620696226654809 0.583852115360183 0.583852115360183 0.639054757972303 0.675327150298564 0.675327150298564 0.675327150298564 0.692161097700419 0.802629907254478 0.850336678948037 0.850336678948037 0.850336678948037 0.850336678948037 0.850336678948037
0.692161097700419 0.675327150298564 0.675327150298564 0.675327150298564 0.675327150298564 0.638991233642485 0.565303011053233 0.526362596874603 0.526362596874603 0.526362596874603 0.526362596874603 0.526362596874603 0.526362596874603 0.526362596874603 0.546880955405921 0.546880955405921 0.442828103163512 0.401600813111422 0.401473764451785 0.401473764451785 0.401473764451785 0.305297929106848 0.305297929106848 -9999 -9999 -9999 -9999 -9999 0.0304916783127938 0 0.0304916783127938 0.0304916783127938 -9999 0 -9999 0.0615550755939525 -9999 0.0304916783127938 0.0304916783127938 0.305297929106848 0.305297929106848 0.305297929106848 0.34303138101893 0.546880955405921 0.546880955405921 0.546880955405921 0.583852115360183 0.620696226654809 0.620696226654809 0.639054757972303 0.639054757972303 0.675327150298564 0.675327150298564 0.675327150298564 0.708169228814636 0.834646169482912 0.850336678948037 0.850336678948037 0.850336678948037 0.850336678948037 0.91036717062635 1
0.81882861135815 0.692161097700419 0.675327150298564 0.675327150298564 0.675327150298564 0.675327150298564 0.620696226654809 0.583852115360183 0.583852115360183 0.583852115360183 0.583852115360183 0.583852115360183 0.565303011053233 0.526362596874603 0.546880955405921 0.546880955405921 0.526362596874603 0.526362596874603 0.546880955405921 0.546880955405921 0.546880955405921 0.340680980815652 0.323211790115614 -9999 -9999 -9999 -9999 0 0 0.0304916783127938 0 0 0.0615550755939525 0 -9999 -9999 0 0.0304916783127938 0.0304916783127938 0.305297929106848 0.305297929106848 0.305297929106848 0.360500571718968 0.546880955405921 0.546880955405921 0.56543005971287 0.583852115360183 0.583852115360183 0.639054757972303 0.639054757972303 0.675327150298564 0.675327150298564 0.675327150298564 0.708169228814636 0.850336678948037 0.850336678948037 0.850336678948037 0.850336678948037 0.850336678948037 0.939778935332232 0.984754160843603 0.96976241900648
0.81882861135815 0.802629907254478 0.755050184220556 0.850336678948037 0.675327150298564 0.675327150298564 0.675327150298564 0.675327150298564 0.639054757972303 0.620696226654809 0.620696226654809 0.602655316986406 0.583852115360183 0.583852115360183 0.583852115360183 0.583852115360183 0.583852115360183 0.583852115360183 0.565303011053233 0.526362596874603 0.526362596874603 0.463282937365011 0.340680980815652 -9999 -9999 0.244187523821624 0 0 0 0 0 0 -9999 -9999 -9999 -9999 0.091792656587473 0 0.305297929106848 0.305297929106848 0.305297929106848 0.305297929106848 0.360500571718968 0.546880955405921 0.546880955405921 0.583852115360183 0.583852115360183 0.602655316986406 0.639054757972303 0.675327150298564 0.675327150298564 0.675327150298564 0.675327150298564 0.706962266548088 0.81882861135815 0.850336678948037 0.850336678948037 0.850336678948037 0.954326006860628 0.954326006860628 1 1
0.802629907254478 0.81882861135815 0.850336678948037 0.802629907254478 0.834519120823275 0.692161097700419 0.675327150298564 0.847795705755304 0.833502731546182 0.675327150298564 0.639054757972303 0.639054757972303 0.639054757972303 0.620696226654809 0.620696226654809 0.620696226654809 0.620696226654809 0.602655316986406 0.583852115360183 0.583852115360183 0.526362596874603 0.463282937365011 0.323211790115614 0.305297929106848 0.305297929106848 0.244187523821624 0 0 0.0310633972811587 0.0310633972811587 -9999 -9999 -9999 -9999 -9999 0.109007749968238 0.26133909287257 0.322767119806886 0.305297929106848 0.121903188921357 0.305297929106848 0.305297929106848 0.340680980815652 0.546880955405921 0.546880955405921 0.583852115360183 0.620696226654809 0.639054757972303 0.675327150298564 0.675327150298564 0.675327150298564 0.675327150298564 0.675327150298564 0.675327150298564 0.802629907254478 0.850336678948037 0.850336678948037 0.850336678948037 0.954326006860628 1 1 1
0.850336678948037 0.850336678948037 0.850336678948037 0.850336678948037 0.850336678948037 0.850336678948037 0.850336678948037 0.850336678948037 0.833502731546182 0.833502731546182 0.675327150298564 0.81768517342142 0.675327150298564 0.675327150298564 0.675327150298564 0.675327150298564 0.675327150298564 0.639054757972303 0.620696226654809 0.583852115360183 0.583852115360183 0.463282937365011 0.363549739550248 0.305297929106848 0.305297929106848 0.243806377842714 0 0 0.0615550755939525 -9999 -9999 -9999 -9999 -9999 0.0781984500063524 0.322767119806886 0.322767119806886 0.200228687587346 0.261656714521662 0.305297929106848 0.213378223859738 0.305297929106848 0.323211790115614 0.442828103163512 0.583852115360183 0.620696226654809 0.675327150298564 0.675327150298564 0.675327150298564 0.675327150298564 0.675327150298564 0.675327150298564 0.675327150298564 0.675327150298564 0.850336678948037 0.850336678948037 0.939207216363867 1 1 1 1 1
0.850336678948037 0.879939016643374 0.909541354338712 0.909541354338712 0.850336678948037 0.850336678948037 0.879939016643374 0.850336678948037 0.850336678948037 0.850336678948037 0.850336678948037 0.850336678948037 0.833502731546182 0.833502731546182 0.833502731546182 0.833502731546182 0.675327150298564 0.691335281412781 0.639054757972303 0.602655316986406 0.583852115360183 0.405221699911066 0.323211790115614 0.274425104815144 0.305297929106848 0 0 0 0 -9999 -9999 -9999 0.0174691907000381 0.169355863295642 0.305297929106848 0.274488629144963 0.151950196925422 0.0611104052852242 0.213187650870283 0.213568796849193 0.305297929106848 0.305297929106848 0.323211790115614 0.463282937365011 0.500254097319273 0.620696226654809 0.675327150298564 0.675327150298564 0.675327150298564 0.675327150298564 0.675327150298564 0.801994663956295 0.787257019438445 0.850336678948037 0.850336678948037 0.850336678948037 1 1 1 1 1 0.96976241900648
1 1 0.985008258162876 0.864756701816796 0.864629653157159 0.879939016643374 0.880002540973193 0.850336678948037 0.850336678948037 0.850336678948037 0.850336678948037 0.850336678948037 0.833502731546182 0.833502731546182 0.833502731546182 0.833502731546182 0.833502731546182 0.833502731546182 0.691335281412781 0.620696226654809 0.583852115360183 0.546880955405921 0.305297929106848 0.305297929106848 0.274869775123872 0 0 0 0 -9999 -9999 0.0781984500063524 0.230275695591412 0.291767246855546 0.274488629144963 0.0611104052852242 0.305297929106848 0.305297929106848 0.305297929106848 0.305297929106848 0.305297929106848 0.363486215220429 0.484436539194512 0.442828103163512 0.583852115360183 0.620696226654809 0.657032143310888 0.657032143310888 0.657032143310888 0.675327150298564 0.675327150298564 0.833502731546182 0.850336678948037 0.865646042434252 0.924660144835472 0.939207216363867 1 1 1 1 0.984754160843603 1
1 1 1 0.96976241900648 0.954326006860628 0.985008258162876 1 0.985008258162876 0.969571846017025 0.969571846017025 0.954389531190446 0.850336678948037 0.833502731546182 0.833502731546182 0.833502731546182 0.833502731546182 0.833502731546182 0.833502731546182 0.833502731546182 0.65506288908652 0.583852115360183 0.543704738915004 0.305297929106848 0.305297929106848 0.0304916783127938 0 0 0 -9999 -9999 0.0781984500063524 0.0477067716935586 0.305297929106848 0.305297929106848 0.292529538813366 0.322767119806886 0.340680980815652 0.340680980815652 0.360500571718968 0.360500571718968 0.463282937365011 0.463282937365011 0.463282937365011 0.463282937365011 0.583852115360183 0.620696226654809 0.675327150298564 0.675327150298564 0.675327150298564 0.675327150298564 0.675327150298564 0.81882861135815 0.850336678948037 0.91036717062635 0.984754160843603 1 1 1 1 1 1 1
1 1 1 1 1 1 1 1 0.850336678948037 0.850336678948037 0.969571846017025 0.850336678948037 0.833502731546182 0.833502731546182 0.833502731546182 0.850336678948037 0.833502731546182 0.833502731546182 0.816859357133782 0.639054757972303 0.725384322195401 0.546880955405921 0.305297929106848 0.305297929106848 0.0607292593063143 0 0.0615550755939525 0.091792656587473 -9999 -9999 0.122665480879177 0.305297929106848 0.305297929106848 0.305297929106848 0.305297929106848 0.340680980815652 0.423072036590014 0.546880955405921 0.546880955405921 0.526362596874603 0.483864820226147 0.483864820226147 0.546880955405921 0.583852115360183 0.602655316986406 0.657032143310888 0.675327150298564 0.675327150298564 0.675327150298564 0.675327150298564 0.675327150298564 0.850336678948037 0.850336678948037 0.985008258162876 1 1 1 1 1 1 1 1
1 1 1 1 1 1 0.984754160843603 0.969571846017025 0.833502731546182 0.850336678948037 0.850336678948037 0.850336678948037 0.850336678948037 0.833502731546182 0.850336678948037 0.850336678948037 0.833502731546182 0.833502731546182 0.675327150298564 0.639054757972303 -9999 -9999 0.384004573751747 0.305297929106848 0 0 0.091792656587473 0.091602083598018 0 0.0310633972811587 0.091792656587473 0.305297929106848 0.275250921102782 0.305297929106848 0.340680980815652 0.463282937365011 0.523631050692415 0.544784652521916 0.583852115360183 0.583852115360183 0.583852115360183 0.583852115360183 0.583852115360183 0.602655316986406 0.639054757972303 0.675327150298564 0.675327150298564 0.785795959852624 0.834519120823275 0.850336678948037 0.850336678948037 0.850336678948037 0.850336678948037 1 1 1 1 1 1 1 1 0.850336678948037
1 1 1 1 1 1 0.954326006860628 0.850336678948037 0.833502731546182 0.833502731546182 0.81882861135815 0.850336678948037 0.850336678948037 0.850336678948037 0.865455469444797 0.850336678948037 0.833502731546182 0.785351289543895 0.675327150298564 0.639054757972303 0.583852115360183 -9999 0.415766738660907 0.305297929106848 0.274869775123872 0.0446576038622793 0.0304916783127938 0 0 0 0.274869775123872 0.305297929106848 0.231037987549231 0.340680980815652 0.483864820226147 0.526362596874603 0.583852115360183 0.583852115360183 0.583852115360183 0.602655316986406 0.602655316986406 0.620696226654809 0.639054757972303 0.639054757972303 0.675327150298564 0.675327150298564 0.675327150298564 0.833502731546182 0.833502731546182 0.850336678948037 0.850336678948037 0.850336678948037 0.969571846017025 1 1 1 1 1 1 1 0.850336678948037 0.850336678948037
1 1 1 1 1 1 1 0.850336678948037 0.833502731546182 0.738216236818702 0.675327150298564 0.675327150298564 0.833502731546182 0.850336678948037 0.850336678948037 0.833502731546182 0.833502731546182 0.816859357133782 0.675327150298564 0.639054757972303 -9999 -9999 -9999 0.259115741328929 0.305297929106848 0 0 0 -9999 -9999 -9999 0.305297929106848 0.305297929106848 0.442828103163512 0.505018422055647 0.583852115360183 0.651696099606149 0.639054757972303 0.657032143310888 0.691335281412781 0.690700038114598 0.690700038114598 0.706454071909541 0.769152585440224 0.817812222081057 0.675327150298564 0.675327150298564 0.675327150298564 0.675327150298564 0.850336678948037 0.850336678948037 1 1 1 1 0.96976241900648 1 0.924660144835472 1 0.969571846017025 0.850336678948037 0.850336678948037
1 1 1 1 1 1 1 0.850336678948037 0.850336678948037 0.801994663956295 0.675327150298564 0.675327150298564 0.675327150298564 0.675327150298564 0.675327150298564 0.833502731546182 0.675327150298564 0.675327150298564 0.675327150298564 -9999 -9999 -9999 -9999 0.395375428789226 0.274869775123872 0 0.0310633972811587 0 0 0 0.305297929106848 0.305297929106848 0.340680980815652 0.340680980815652 0.602655316986406 0.639054757972303 0.847795705755304 0.833502731546182 0.833502731546182 0.833502731546182 0.833502731546182 0.801994663956295 0.753525600304917 0.739677296404523 0.739677296404523 0.675327150298564 0.675327150298564 0.675327150298564 0.802629907254478 0.850336678948037 0.850336678948037 1 1 1 0.96976241900648 0.954326006860628 0.879939016643374 0.969571846017025 1 0.850336678948037 0.850336678948037 0.833502731546182
1 1 1 1 1 1 1 0.954453055520264 0.850336678948037 0.833502731546182 0.675327150298564 0.639054757972303 0.675327150298564 0.72239867869394 0.801041799009021 0.675327150298564 0.675327150298564 0.690700038114598 0.82943717443781 -9999 -9999 -9999 -9999 0.364756701816796 0.213568796849193 0 0 0 0 0 -9999 0.305297929106848 0.381336551899377 0.443844492440605 0.638991233642485 0.675327150298564 0.833502731546182 0.833502731546182 0.833502731546182 0.850336678948037 0.802629907254478 0.802629907254478 0.81882861135815 0.850336678948037 0.850336678948037 0.850336678948037 0.850336678948037 0.850336678948037 0.850336678948037 0.880002540973193 1 1 1 1 1 0.895121331469953 0.850336678948037 0.850336678948037 0.850336678948037 0.850336678948037 0.850336678948037 0.833502731546182
1 1 1 1 1 1 1 0.924596620505654 0.850336678948037 0.833502731546182 0.817812222081057 0.639054757972303 0.639054757972303 0.639054757972303 0.639054757972303 0.675327150298564 0.675327150298564 0.638991233642485 0.584106212679456 0.527315461821878 -9999 -9999 -9999 -9999 0 0 0 0.0613009782746792 0 0.0453563714902808 -9999 -9999 -9999 0.341633845762927 0.620696226654809 0.675327150298564 0.675327150298564 0.833502731546182 0.850336678948037 0.850336678948037 0.850336678948037 0.850336678948037 0.850336678948037 0.850336678948037 0.850336678948037 0.850336678948037 0.850336678948037 0.924660144835472 0.954326006860628 1 1 1 0.850336678948037 1 0.954326006860628 0.850336678948037 0.850336678948037 0.850336678948037 0.850336678948037 0.833502731546182 0.833502731546182 0.850336678948037
1 1 1 1 1 1 1 0.954453055520264 0.850336678948037 0.833502731546182 0.833502731546182 0.833502731546182 0.620696226654809 0.602655316986406 -9999 0.602655316986406 0.602655316986406 0.461313683140643 0.444162114089696 0.323211790115614 -9999 -9999 -9999 -9999 0.0453563714902808 0 0.091792656587473 0.0613009782746792 0 0.0923643755558379 0.244759242789989 0.323211790115614 -9999 0.405221699911066 0.583852115360183 0.639054757972303 0.675327150298564 0.983166052598145 0.850336678948037 0.895121331469953 0.924533096175835 0.850336678948037 0.850336678948037 0.850336678948037 0.850336678948037 0.850336678948037 0.850336678948037 0.850336678948037 1 1 0.96976241900648 0.850336678948037 1 0.954326006860628 0.924660144835472 0.850336678948037 0.850336678948037 0.850336678948037 0.833502731546182 0.833502731546182 0.833502731546182 0.850336678948037
0.954326006860628 0.96976241900648 1 1 1 1 1 0.850336678948037 0.850336678948037 0.833502731546182 0.81768517342142 0.690700038114598 0.620696226654809 0.583852115360183 -9999 0.463409986024647 0.381336551899377 0.340680980815652 0.305297929106848 0.305297929106848 -9999 -9999 -9999 -9999 0.0599669673484945 0 0 -9999 0 0.154237072798882 0.275250921102782 0.337504764324736 0.423008512260196 0.463282937365011 0.583852115360183 0.620696226654809 0.675327150298564 0.983166052598145 0.850336678948037 0.910113073307077 0.924533096175835 0.969571846017025 0.910176597636895 0.939778935332232 0.91036717062635 0.850336678948037 0.850336678948037 0.969571846017025 1 0.954326006860628 0.850336678948037 0.850336678948037 0.850336678948037 0.850336678948037 0.939778935332232 0.850336678948037 0.850336678948037 0.785795959852624 0.833502731546182 0.833502731546182 0.833502731546182 0.833502731546182
0.850336678948037 0.909541354338712 0.909541354338712 0.924660144835472 0.909541354338712 0.909541354338712 0.850336678948037 0.850336678948037 0.850336678948037 0.801994663956295 0.81768517342142 0.801041799009021 0.620696226654809 0.565303011053233 0.443590395121331 0.340680980815652 0.305297929106848 0.305297929106848 0.214712234785923 0.305297929106848 -9999 -9999 -9999 -9999 0 0 0.0913479862787448 0 0 -9999 -9999 0.26286367678821 -9999 -9999 0.583852115360183 0.620696226654809 0.657032143310888 0.983166052598145 0.833502731546182 0.895820099097955 0.910113073307077 0.954389531190446 1 1 1 1 1 0.880764832931013 0.850336678948037 0.850336678948037 0.984754160843603 0.984754160843603 0.850336678948037 0.850336678948037 0.850336678948037 0.81882861135815 0.833502731546182 0.833502731546182 0.833502731546182 0.817812222081057 0.833502731546182 0.833502731546182
0.850336678948037 0.850336678948037 0.850336678948037 0.850336678948037 0.850336678948037 0.850336678948037 0.850336678948037 0.850336678948037 0.802629907254478 0.801994663956295 0.675327150298564 0.675327150298564 -9999 0.565303011053233 0.483928344555965 0.340680980815652 0.305297929106848 0.275250921102782 0.305297929106848 -9999 -9999 -9999 -9999 -9999 0 0 0.0310633972811587 0 -9999 -9999 0.305297929106848 0.340680980815652 -9999 -9999 -9999 0.602655316986406 0.639054757972303 0.833502731546182 0.833502731546182 0.850336678948037 0.850336678948037 0.850336678948037 0.850336678948037 0.954389531190446 1 1 0.96976241900648 0.984754160843603 1 1 1 0.954326006860628 0.865646042434252 0.850336678948037 0.675327150298564 0.801994663956295 0.817812222081057 0.675327150298564 0.753843221954008 0.738470334137975 0.753843221954008 0.769597255748952
0.850336678948037 0.850336678948037 0.850336678948037 0.81882861135815 0.850336678948037 0.850336678948037 0.850336678948037 0.834519120823275 0.675327150298564 0.675327150298564 -9999 -9999 -9999 -9999 -9999 -9999 0.244949815779444 0.305297929106848 -9999 -9999 -9999 -9999 -9999 -9999 0 0.0607292593063143 0.0304916783127938 0 0.0308092999618854 0.305297929106848 -9999 -9999 -9999 -9999 -9999 0.583852115360183 0.602655316986406 0.639054757972303 0.833502731546182 0.833502731546182 0.833502731546182 0.833502731546182 0.833502731546182 0.850336678948037 1 1 1 1 1 1 1 1 0.895184855799771 0.81882861135815 0.833502731546182 0.817812222081057 0.675327150298564 0.673040274425105 0.706962266548088 0.738470334137975 0.738470334137975 0.703976623046627
0.833502731546182 0.675327150298564 0.81768517342142 -9999 0.675327150298564 0.675327150298564 0.675327150298564 0.675327150298564 0.801041799009021 0.675327150298564 -9999 -9999 -9999 -9999 -9999 -9999 0.275250921102782 0.274869775123872 -9999 -9999 -9999 -9999 -9999 -9999 0 0.091792656587473 0 0.0446576038622793 0 -9999 -9999 -9999 -9999 -9999 -9999 0.340680980815652 0.583852115360183 0.602655316986406 0.65506288908652 0.657032143310888 0.675327150298564 0.675327150298564 0.908016770423072 0.983166052598145 0.939334265023504 0.924660144835472 1 1 1 1 1 0.865646042434252 0.834646169482912 0.833502731546182 0.801994663956295 0.785351289543895 0.657032143310888 0.639054757972303 0.657032143310888 0.703976623046627 0.673040274425105 0.639054757972303
-9999 -9999 0.901918434760513 -9999 -9999 0.675327150298564 0.675327150298564 0.675327150298564 0.675327150298564 0.675327150298564 0.620696226654809 -9999 -9999 -9999 -9999 -9999 -9999 0.289162749332995 0 -9999 -9999 -9999 -9999 -9999 0 0.0302375809935205 0.0304916783127938 0 -9999 -9999 -9999 -9999 -9999 0.305297929106848 0.323211790115614 0.36081819336806 0.498221318765087 0.875492313556092 0.891691017659764 0.928535128954389 0.797230339219921 0.815207724558506 0.833502731546182 0.833502731546182 0.969571846017025 0.954453055520264 -9999 1 0.850336678948037 0.984754160843603 0.984754160843603 0.850336678948037 0.833502731546182 0.833502731546182 0.785351289543895 0.657032143310888 0.639054757972303 0.639054757972303 0.639054757972303 0.639054757972303 0.639054757972303 0.620696226654809
-9999 -9999 0.583852115360183 0.665989073815271 -9999 -9999 -9999 0.620696226654809 0.620696226654809 0.602655316986406 0.583852115360183 -9999 -9999 -9999 -9999 0.305297929106848 -9999 0.214331088807013 0 0 -9999 -9999 -9999 0 0 0 0 0 -9999 -9999 -9999 -9999 -9999 0.305297929106848 0.214140515817558 0.305297929106848 0.323211790115614 0.401156142802693 0.565303011053233 0.583852115360183 0.583852115360183 0.654427645788337 0.672405031126922 0.769152585440224 1 -9999 -9999 1 0.850336678948037 1 0.954326006860628 0.850336678948037 0.833502731546182 0.81768517342142 0.657032143310888 0.639054757972303 0.639054757972303 0.639054757972303 0.639054757972303 0.639054757972303 0.620696226654809 0.583852115360183
-9999 0.464362850971922 0.422246220302376 0.565303011053233 -9999 -9999 -9999 -9999 -9999 0.340680980815652 -9999 -9999 -9999 -9999 0.305297929106848 0.21445813746665 0.244568669800534 0 0 0 -9999 0 0 0 0 0.0745140388768899 -9999 0.0304916783127938 0.0302375809935205 -9999 -9999 0 0 -9999 -9999 0.183648837504764 0.305297929106848 0.36081819336806 0.360500571718968 0.565303011053233 0.583852115360183 0.620696226654809 0.639054757972303 0.706454071909541 0.907953246093254 -9999 -9999 1 0.850336678948037 1 0.954326006860628 0.850336678948037 0.833502731546182 0.738025663829247 0.657032143310888 0.639054757972303 0.639054757972303 0.620696226654809 0.620696226654809 0.583852115360183 0.583852115360183 0.442828103163512
-9999 -9999 0.340680980815652 0.443590395121331 -9999 -9999 -9999 -9999 -9999 0.340680980815652 -9999 -9999 -9999 -9999 -9999 0.244568669800534 0.0607292593063143 0 0 0 0 0 0 0 0.274869775123872 0.213759369838648 -9999 -9999 0 0.0613009782746792 -9999 -9999 -9999 -9999 -9999 0.214140515817558 0.323211790115614 0.340680980815652 0.340680980815652 0.565303011053233 0.583852115360183 0.620696226654809 0.639054757972303 0.706454071909541 0.983166052598145 -9999 -9999 0.865646042434252 0.954389531190446 1 1 0.833502731546182 0.833502731546182 0.706644644898996 0.657032143310888 0.639054757972303 0.620696226654809 0.602655316986406 0.583852115360183 0.340680980815652 0.340680980815652 0.323211790115614
0.340680980815652 -9999 0.305297929106848 0.340680980815652 -9999 -9999 -9999 -9999 -9999 -9999 -9999 -9999 -9999 -9999 -9999 0 0 0 0 0 0 -9999 0.244568669800534 0.183775886164401 0.244822767119807 0.213759369838648 -9999 -9999 0.122411383559903 -9999 0 -9999 -9999 0.274869775123872 0.184220556473129 0.322767119806886 0.323211790115614 0.340680980815652 0.340680980815652 0.565303011053233 0.583852115360183 0.620696226654809 0.657032143310888 0.833502731546182 0.983166052598145 -9999 -9999 0.850336678948037 0.910113073307077 0.850336678948037 0.850336678948037 0.833502731546182 0.675327150298564 0.691335281412781 0.657032143310888 0.620696226654809 0.602655316986406 0.583852115360183 0.340680980815652 0.340680980815652 0.305297929106848 0.184220556473129
