data-raw/DATASET_PNE/a_DATA/PFGS/ENVSUIT_A1B/HS_f30_H5_poorGrass.asc
NCOLS 619 
NROWS 782 
XLLCORNER 876826 
YLLCORNER 1947424 
CELLSIZE 100 
NODATA_value -9999 
[rows 486 to 512 of 782, columns 434 to 495 of 619]
0.675327150298564 0.644835471985771 0.644835471985771 0.644835471985771 0.644835471985771 0.553296912717571 0.58359801804091 0.675327150298564 0.675327150298564 0.639054757972303 0.639054757972303 0.639054757972303 0.583852115360183 0.492250031762165 0.278935332232245 0.310633972811587 0.219095413543387 0.06543005971287 0.0479608690128319 0.0179138610087664 0.170816922881464 0.340680980815652 0.298056155507559 0.319463854656333 0.473700927455215 0.4001397535256 0.437746156778046 0.394803709820861 0.60856307965951 0.675327150298564 0.675327150298564 0.675327150298564 0.833502731546182 0.833502731546182 -9999 0.644454326006861 0.879939016643374 0.880764832931013 0.850336678948037 0.924024901537289 1 1 1 1 1 1 1 1 1 1 1 1 1 1 1 1 1 1 1 1 1 0.983166052598145
0.706835217888451 0.754859611231101 0.675327150298564 0.675327150298564 0.675327150298564 0.644835471985771 0.644835471985771 0.644835471985771 0.675327150298564 0.675327150298564 0.657032143310888 0.60856307965951 0.553360437047389 0.461377207470461 0.482403760640325 0.279824672849701 0.127302756955914 0.171134544530555 0.0179138610087664 0.17132511752001 0.280396391818066 0.310443399822132 0.32829373650108 0.400584423834329 0.4001397535256 0.431584296785669 0.455278871807902 0.60856307965951 0.675327150298564 0.784970143564985 0.675327150298564 0.707089315207725 0.833502731546182 -9999 -9999 -9999 0.817812222081057 0.907190954135434 0.770486596366408 0.833502731546182 1 1 1 0.984754160843603 1 0.984754160843603 0.984754160843603 1 1 1 1 1 1 1 0.984754160843603 1 1 1 1 1 1 0.833502731546182
0.924215474526744 0.834582645153094 0.802629907254478 0.770168974717317 0.817812222081057 0.722208105704485 0.675327150298564 0.644835471985771 0.675327150298564 0.583725066700546 0.675327150298564 0.639054757972303 0.639054757972303 0.583852115360183 0.482403760640325 0.300470080040656 0.0179138610087664 0 0.06543005971287 0.340680980815652 0.340680980815652 0.267628001524584 0.482403760640325 0.583852115360183 0.590522169991107 0.485579977131241 0.657032143310888 0.690700038114598 0.675327150298564 0.675327150298564 0.644835471985771 0.675327150298564 0.65734976495998 -9999 0.833502731546182 0.833502731546182 0.833502731546182 0.833502731546182 0.833502731546182 0.833502731546182 0.817812222081057 0.833502731546182 0.850336678948037 0.909731927328167 0.984754160843603 1 1 1 1 1 1 1 1 1 1 1 1 1 1 1 1 0.833502731546182
1 0.939207216363867 0.834646169482912 0.865074323465888 0.834646169482912 0.850336678948037 0.850336678948037 0.833502731546182 0.706454071909541 0.644835471985771 0.691335281412781 0.657032143310888 0.639054757972303 0.583852115360183 0.36081819336806 0.191462330072418 0.0479608690128319 0 0.127112183966459 0.250158810824546 0.201816795832804 0.380510735611739 0.583852115360183 0.60856307965951 0.60856307965951 0.657032143310888 0.675327150298564 0.675327150298564 0.61383559903443 0.801168847668657 0.801168847668657 0.691335281412781 0.817812222081057 0.707089315207725 0.833502731546182 0.753525600304917 0.707089315207725 0.675327150298564 0.722906873332486 0.833502731546182 0.833502731546182 0.848621522042942 0.785795959852624 0.880764832931013 1 0.969571846017025 1 1 1 1 1 1 1 1 1 0.969571846017025 -9999 1 1 1 1 0.967920213441748
1 1 1 1 1 0.984754160843603 0.849002668021852 0.850336678948037 0.817812222081057 0.722208105704485 0.675327150298564 0.675327150298564 0.639054757972303 0.565303011053233 0.323211790115614 0.292910684792275 0 0.0174691907000381 0.0962393596747554 0.250158810824546 0.341633845762927 0.565303011053233 0.583852115360183 0.547198577055012 0.394803709820861 0.657032143310888 0.657032143310888 0.675327150298564 0.675327150298564 0.675327150298564 0.675327150298564 0.675327150298564 0.801168847668657 0.675327150298564 0.626540464998094 0.626540464998094 0.626540464998094 0.673040274425105 0.675327150298564 0.675327150298564 0.73827976114852 0.833502731546182 0.833502731546182 0.892897979926312 1 1 1 1 1 1 1 1 1 1 1 1 1 1 1 1 1 1
1 1 1 1 1 1 1 0.804154491170118 0.817812222081057 0.690700038114598 0.61383559903443 0.675327150298564 0.639054757972303 0.673739042053106 0.379240249015373 0.292910684792275 0.0179138610087664 0.0174691907000381 0.0353830517088045 0.250158810824546 0.341633845762927 0.544784652521916 0.583852115360183 0.639054757972303 0.639054757972303 0.639054757972303 0.639054757972303 0.639054757972303 0.639054757972303 0.60856307965951 0.639054757972303 0.639054757972303 0.780586964807521 0.639054757972303 0.639054757972303 0.639054757972303 0.686189810697497 0.639054757972303 0.657032143310888 0.657032143310888 0.691335281412781 0.675327150298564 0.675327150298564 0.817812222081057 0.892897979926312 1 1 1 1 1 1 1 1 1 1 1 1 1 1 1 1 1
1 1 1 1 1 1 1 0.938826070384957 0.833502731546182 0.644835471985771 0.553296912717571 0.691335281412781 0.657032143310888 0.602655316986406 0.579595985262356 0.323211790115614 0.109897090585694 0 0.0179138610087664 0.232816668784144 0.341633845762927 0.544784652521916 0.583852115360183 0.6210138483039 0.578261974336171 0.60856307965951 0.516389277093127 0.590522169991107 0.602210646677678 0.583852115360183 0.553360437047389 0.725384322195401 0.553360437047389 0.583852115360183 0.583852115360183 0.6210138483039 0.546690382416466 0.425231863803837 0.639054757972303 0.486278744759243 0.657032143310888 0.657032143310888 0.657032143310888 0.801168847668657 0.833502731546182 0.833502731546182 0.984563587854148 1 1 1 1 1 0.984754160843603 1 1 1 1 1 1 1 0.984754160843603 0.984563587854148
1 1 1 1 1 1 1 0.938826070384957 0.834646169482912 0.644835471985771 0.833502731546182 0.707089315207725 0.675327150298564 0.578261974336171 0.715919197052471 0.379240249015373 0.191462330072418 0.0179138610087664 0.0179138610087664 0.0479608690128319 0.323211790115614 0.359103036462965 -9999 0.583852115360183 0.583852115360183 0.583852115360183 0.583852115360183 0.547833820353195 0.547833820353195 0.390801677042307 0.37028331851099 0.441303519247872 0.53481133274044 0.565303011053233 0.583852115360183 0.431139626476941 0.339664591538559 0.3706644644899 0.438699021725321 0.455532969127176 0.515817558124762 0.486215220429424 0.639054757972303 0.673040274425105 0.644835471985771 0.848621522042942 0.954453055520264 1 1 1 1 1 0.865646042434252 1 1 1 1 1 1 1 0.850336678948037 0.850336678948037
1 1 1 1 1 1 1 0.969317748697751 0.787955787066447 0.644835471985771 0.644835471985771 0.833502731546182 0.644835471985771 0.639054757972303 0.583852115360183 0.579595985262356 0.343349002668022 0.109261847287511 0.0783890229958074 0.0788336933045356 0.0783890229958074 0.323211790115614 -9999 -9999 0.410811840935078 0.410811840935078 0.482403760640325 0.379240249015373 0.32829373650108 0.341633845762927 0.310824545801042 0.32829373650108 0.441303519247872 0.504510227417101 0.369711599542625 0.369648075212807 0.528649472748063 0.515817558124762 0.546626858086647 0.639054757972303 0.639054757972303 0.639054757972303 0.639054757972303 0.673040274425105 0.833502731546182 0.954389531190446 1 1 1 1 1 0.984754160843603 0.895311904459408 1 1 1 1 1 1 1 0.865455469444797 0.833502731546182
1 1 1 1 1 1 1 0.938826070384957 0.804154491170118 0.772646423580231 0.644835471985771 0.833502731546182 0.801168847668657 0.675327150298564 0.547198577055012 0.613517977385339 0.565303011053233 0.139753525600305 0.0487866853004701 0.0479608690128319 0.0179138610087664 -9999 -9999 -9999 -9999 0.340680980815652 0.310633972811587 0.323211790115614 0.292402490153729 0.323211790115614 0.220429424469572 0.145788336933045 0.350273154618219 0.492250031762165 0.430377334519121 0.577753779697624 0.639054757972303 0.657032143310888 0.673040274425105 0.639054757972303 0.639054757972303 0.639054757972303 0.454580104179901 0.626540464998094 0.833502731546182 0.879875492313556 1 1 1 1 1 0.984754160843603 0.850336678948037 1 1 1 1 1 1 1 0.850336678948037 0.833502731546182
1 1 1 1 1 1 0.984754160843603 0.984754160843603 0.923834328547834 0.89296150425613 0.660589505780714 0.644835471985771 0.833502731546182 0.691335281412781 0.657032143310888 0.666497268453818 0.583852115360183 0.32829373650108 0.0487866853004701 0.0487866853004701 0.231927328166688 0.201118028204802 -9999 -9999 -9999 0.157540337949435 0.14032524456867 0.0479608690128319 0.0179138610087664 0.0179138610087664 0.0798500825816288 0.32829373650108 0.482403760640325 0.553042815398298 0.571718968364884 0.639054757972303 0.639054757972303 0.673040274425105 0.657985008258163 0.673040274425105 0.657032143310888 0.657032143310888 0.801168847668657 0.833502731546182 0.833502731546182 1 1 1 1 1 1 1 0.984754160843603 1 1 1 1 1 1 0.984754160843603 0.850336678948037 0.801613517977385
1 1 1 1 1 0.984754160843603 0.954262482530809 0.879240249015373 0.954262482530809 0.910430694956168 0.864248507178249 0.61383559903443 0.833502731546182 0.816859357133782 0.657032143310888 0.60856307965951 0.613517977385339 0.565303011053233 0.32829373650108 0.0487866853004701 0.0479608690128319 0.171134544530555 -9999 -9999 -9999 -9999 0.0304281539829755 0 0 0.0179138610087664 0.323211790115614 0.359103036462965 0.482403760640325 0.565303011053233 0.583852115360183 0.602655316986406 0.639054757972303 0.639054757972303 0.657032143310888 0.657032143310888 0.673040274425105 0.785414813873714 0.833502731546182 0.937555583788591 1 1 1 1 1 1 1 1 1 1 1 1 1 1 1 0.924850717824927 0.833502731546182 0.801613517977385
1 1 1 1 1 0.804154491170118 0.89296150425613 0.909731927328167 0.880764832931013 0.834646169482912 0.834646169482912 0.676597636894931 0.644835471985771 0.833502731546182 0.673040274425105 0.516389277093127 0.52305933172405 0.583852115360183 0.441303519247872 0.110341760894423 0.0479608690128319 0 0.0174691907000381 -9999 -9999 -9999 0 0 0 0.23148265785796 0.280396391818066 0.340680980815652 0.359103036462965 0.482403760640325 0.583852115360183 0.583852115360183 0.602655316986406 0.639054757972303 0.639054757972303 0.657032143310888 0.691335281412781 0.833502731546182 0.908016770423072 1 1 1 1 1 1 1 1 1 1 1 1 1 1 1 1 0.833502731546182 0.833502731546182 0.833502731546182
1 1 1 0.969317748697751 0.850336678948037 0.850336678948037 0.834646169482912 0.787955787066447 0.834582645153094 0.834582645153094 0.755812476178376 0.61383559903443 0.817812222081057 0.644835471985771 0.657032143310888 0.516389277093127 0.583852115360183 0.52305933172405 0.441303519247872 0.323211790115614 0.0304281539829755 0.0614915512641342 0 -9999 -9999 -9999 0 0 0 0.0179138610087664 0.0487866853004701 0.280396391818066 0.359103036462965 0.482403760640325 0.583852115360183 0.583852115360183 0.639054757972303 0.639054757972303 0.657032143310888 0.657032143310888 0.833502731546182 0.833502731546182 0.848621522042942 1 1 1 1 1 1 1 1 1 1 1 0.984754160843603 1 1 1 0.954135433871173 0.833502731546182 0.833502731546182 0.833502731546182
1 1 1 0.850336678948037 0.864629653157159 0.817812222081057 0.833502731546182 0.707724558505908 0.644835471985771 0.61383559903443 0.61383559903443 0.675327150298564 0.675327150298564 0.644835471985771 0.639054757972303 0.388451276839029 0.430949053487486 0.52305933172405 0.565303011053233 0.323211790115614 0.0304281539829755 0 0 0 0 0 0 0.14032524456867 0.0179138610087664 0.0487866853004701 0.0487866853004701 0.0487866853004701 0.410811840935078 0.504510227417101 0.49282175073053 0.590522169991107 0.639054757972303 0.639054757972303 0.657032143310888 0.675327150298564 0.817812222081057 0.833502731546182 0.848621522042942 1 1 1 1 1 1 1 1 1 1 0.984754160843603 1 1 1 1 0.892897979926312 0.833502731546182 0.817812222081057 0.833502731546182
1 1 0.984754160843603 0.850336678948037 0.833502731546182 0.644835471985771 0.644835471985771 0.817812222081057 0.817812222081057 0.817812222081057 0.722208105704485 0.675327150298564 0.644835471985771 0.626540464998094 0.393850844873587 0.419260576800915 0.339410494219286 0.52305933172405 0.583852115360183 0.379240249015373 0.14032524456867 0 0 0 0.06543005971287 0.157540337949435 0.06543005971287 0.231165036208868 0.0487866853004701 0.0487866853004701 0.0487866853004701 0.0973192732816669 0.410811840935078 0.553360437047389 0.430885529157667 0.486342269089061 0.60856307965951 0.626540464998094 0.626540464998094 0.691335281412781 0.833502731546182 0.833502731546182 0.967983737771567 1 1 1 1 1 1 0.984754160843603 1 1 1 1 1 1 1 1 0.833502731546182 0.817812222081057 0.613962647694067 0.626032270359548
1 1 0.984754160843603 0.850336678948037 0.850336678948037 0.801994663956295 0.675327150298564 0.675327150298564 0.675327150298564 0.657032143310888 0.657032143310888 0.657032143310888 0.626540464998094 0.455278871807902 0.54802439334265 0.560284588997586 0.52305933172405 0.52305933172405 0.583852115360183 0.359103036462965 0.141278109515945 0.109452420276966 0.261974336170753 0.06543005971287 0.310443399822132 0.157857959598526 0.0798500825816288 0.14032524456867 0.171071020200737 0.201118028204802 0.349574386990217 0.288718079024266 0.583852115360183 0.52305933172405 0.394803709820861 0.546626858086647 0.657032143310888 0.657032143310888 0.61383559903443 0.833502731546182 0.833502731546182 1 1 1 1 0.984754160843603 1 0.984754160843603 0.850336678948037 0.865646042434252 1 1 1 1 1 1 1 0.96938127302757 0.833502731546182 0.675327150298564 0.626540464998094 0.502795070512006
1 1 1 0.984754160843603 0.894359039512133 0.833502731546182 0.690700038114598 0.657032143310888 0.639054757972303 0.639054757972303 0.60856307965951 0.60856307965951 0.60856307965951 0.54802439334265 0.60856307965951 0.583852115360183 0.49282175073053 0.52305933172405 0.350273154618219 0.359103036462965 0.262355482149663 0.0783890229958074 0.0783890229958074 0.249587091856181 0.0792783636132639 0.0179138610087664 0.0353830517088045 0.0353830517088045 0.227988819717952 0.337314191335281 0.52305933172405 0.583852115360183 0.522551137085504 0.424850717824927 0.485516452801423 0.769724304408589 0.833502731546182 0.801168847668657 0.785414813873714 0.833502731546182 0.848621522042942 1 0.984754160843603 1 0.984754160843603 0.954135433871173 0.728687587345954 0.984754160843603 1 1 1 0.96938127302757 1 1 1 1 0.850336678948037 0.86310506924152 0.817812222081057 0.657032143310888 0.564731292084869 0.424914242154745
1 1 1 1 1 0.833502731546182 0.690700038114598 0.672405031126922 0.639054757972303 0.602210646677678 0.553551010036844 0.583852115360183 0.583852115360183 0.583852115360183 0.583852115360183 0.553614534366662 0.410811840935078 0.441303519247872 0.359103036462965 0.310824545801042 0.323211790115614 0.0798500825816288 0.359103036462965 0.359103036462965 0.288463981704993 0.167068987422183 0.185618091729132 0.154554694447974 0.30936348621522 0.370473891500445 0.553360437047389 0.553360437047389 0.486088171769788 0.394803709820861 0.657032143310888 0.707089315207725 0.833502731546182 0.833502731546182 0.833502731546182 0.833502731546182 0.937555583788591 1 1 0.984754160843603 0.92472366916529 0.651569050946513 0.848621522042942 0.833502731546182 0.833502731546182 0.833502731546182 0.833502731546182 0.833502731546182 0.983166052598145 0.983166052598145 0.850336678948037 0.833502731546182 0.817812222081057 0.833502731546182 0.657032143310888 0.626540464998094 0.534684284080803 0.35173421420404
1 1 1 1 1 1 0.983166052598145 0.833502731546182 0.946893660271884 0.602210646677678 0.52305933172405 0.370092745521535 0.461377207470461 0.462139499428281 0.462139499428281 0.289607419641723 0.0958582136958455 0.0783890229958074 0.261910811840935 0.262419006479482 0.23186380383687 0.268580866471859 0.359103036462965 0.319273281666878 0.482403760640325 0.185618091729132 0.185618091729132 0.309617583534494 0.278554186253335 0.492250031762165 0.461948926438826 0.486088171769788 0.639054757972303 0.626540464998094 0.735548214966332 0.644835471985771 0.644835471985771 0.675327150298564 0.675327150298564 0.660843603099987 0.834582645153094 0.984754160843603 1 0.728687587345954 0.850336678948037 0.848621522042942 0.833502731546182 0.675327150298564 0.675327150298564 0.817812222081057 0.784970143564985 0.86310506924152 0.86310506924152 0.922881463600559 0.847795705755304 0.833502731546182 0.833502731546182 0.672405031126922 0.564731292084869 0.486405793418879 0.412463473510355 0.508385211536018
1 1 1 1 1 1 1 0.983166052598145 0.904713505272519 0.639054757972303 0.52305933172405 0.461377207470461 0.461377207470461 0.492186507432347 0.553614534366662 0.276966078007877 0.127048659636641 0.17132511752001 0.141278109515945 0.231609706517596 0.0798500825816288 0.359103036462965 0.359103036462965 0.289416846652268 0.3706644644899 0.278554186253335 0.278554186253335 0.278554186253335 0.492250031762165 0.480180409096684 0.517088044721128 0.547897344683014 0.578134925676534 0.673040274425105 0.767119806886037 0.552534620759751 0.644835471985771 0.644835471985771 0.723351543641215 0.707724558505908 0.771121839664592 0.92472366916529 0.833502731546182 0.833502731546182 0.833502731546182 0.833502731546182 0.675327150298564 0.644835471985771 0.675327150298564 0.657032143310888 0.657032143310888 0.657032143310888 0.657032143310888 0.626540464998094 0.61383559903443 0.595540592046754 0.53366789480371 0.65773091093889 0.48564350146106 0.333756828865455 0.35173421420404 0.626603989327913
1 1 1 1 0.984754160843603 0.954262482530809 0.939207216363867 0.983166052598145 0.983166052598145 0.859928852750603 0.486088171769788 0.590522169991107 0.602210646677678 0.602210646677678 0.583852115360183 0.431330199466396 0.22767119806886 0.17132511752001 0.0479608690128319 0.0179138610087664 0.0479608690128319 0.340680980815652 0.298818447465379 0.482403760640325 0.4001397535256 -9999 0.278554186253335 0.278554186253335 0.449371109134799 0.456168212425359 0.455914115106086 0.486405793418879 0.42586710710202 0.578134925676534 0.657032143310888 0.626540464998094 0.644835471985771 0.675327150298564 0.644835471985771 0.771121839664592 0.771121839664592 0.801613517977385 0.833502731546182 0.833502731546182 0.833502731546182 0.675327150298564 0.675327150298564 0.675327150298564 0.534684284080803 0.577563206708169 0.577563206708169 0.456168212425359 0.504383178757464 0.595540592046754 0.657032143310888 0.44289162749333 0.564731292084869 0.412654046499809 0.333756828865455 0.333756828865455 0.627239232626096 0.333756828865455
1 1 1 1 1 0.984754160843603 0.969317748697751 0.864629653157159 0.983166052598145 0.938190827086774 0.644835471985771 0.596302884004574 0.626540464998094 0.393850844873587 0.54802439334265 0.583852115360183 0.24622030237581 0.17132511752001 0.0179138610087664 0 0.0179138610087664 0.279824672849701 0.250158810824546 0.298818447465379 -9999 -9999 -9999 0.278554186253335 0.278554186253335 0.468174310761022 0.346525219158938 0.388514801168848 0.333756828865455 0.578134925676534 0.363803836869521 0.626540464998094 0.644835471985771 0.675327150298564 0.675327150298564 0.804154491170118 0.787320543768263 0.691335281412781 0.833502731546182 0.675327150298564 0.644835471985771 0.644835471985771 0.675327150298564 0.553106339728116 0.53519247871935 0.395057807140135 0.333756828865455 0.333756828865455 0.4251048151442 0.595540592046754 0.504383178757464 0.443526870791513 0.595540592046754 0.35173421420404 0.333756828865455 0.333756828865455 0.395057807140135 0.41945114979037
1 1 1 1 1 1 1 1 0.983166052598145 0.983166052598145 0.644835471985771 0.61459789099225 0.596302884004574 0.565303011053233 0.424850717824927 0.602210646677678 0.583852115360183 0.359103036462965 0.323211790115614 0.0179138610087664 0.0179138610087664 0.06543005971287 0.249587091856181 0.359103036462965 -9999 -9999 -9999 0.340426883496379 0.30936348621522 0.326959725574895 0.358023122856054 0.30936348621522 0.377016897471732 0.333756828865455 0.333756828865455 0.657032143310888 0.644835471985771 0.675327150298564 0.675327150298564 0.724367932918308 0.833502731546182 0.833502731546182 0.660843603099987 0.644835471985771 0.675327150298564 0.644835471985771 0.595159446067844 0.413225765468174 0.364629653157159 0.297357387879558 0.394930758480498 0.364629653157159 0.333756828865455 0.364629653157159 0.486405793418879 0.35173421420404 0.412654046499809 0.370029221191716 0.333756828865455 0.48564350146106 0.395057807140135 0.364566128827341
1 1 1 1 1 1 1 1 1 0.983166052598145 0.675327150298564 0.644835471985771 0.644835471985771 0.61459789099225 0.596302884004574 0.517151569050947 0.602210646677678 0.411002413924533 0.359103036462965 0.108436030999873 0.0179138610087664 0.0179138610087664 0.06543005971287 0.219285986532842 0.340680980815652 0.32829373650108 0.45235675263626 0.553614534366662 0.462393596747554 0.480180409096684 0.327722017532715 0.29691271757083 0.315715919197052 0.4251048151442 0.673040274425105 0.675327150298564 0.644835471985771 0.675327150298564 0.833502731546182 0.833502731546182 0.833502731546182 0.833502731546182 0.660843603099987 0.644835471985771 0.644835471985771 0.644835471985771 0.673040274425105 0.364629653157159 0.315715919197052 0.278554186253335 0.278554186253335 0.278554186253335 0.278554186253335 0.333756828865455 0.425168339474019 0.364629653157159 0.412654046499809 0.370029221191716 0.815207724558506 0.333756828865455 0.35173421420404 0.333756828865455
1 1 1 1 1 1 1 1 1 0.983166052598145 0.644835471985771 0.644835471985771 0.644835471985771 0.644835471985771 0.644835471985771 0.626540464998094 0.60856307965951 0.522741710074959 0.411002413924533 0.3290560284589 0.29272011180282 0.0179138610087664 0.0353830517088045 0.06543005971287 0.06543005971287 0.219285986532842 0.359103036462965 0.482403760640325 0.482403760640325 0.583852115360183 0.369711599542625 0.326959725574895 0.363803836869521 0.381781222208106 0.473764451785034 0.770740693685682 0.833502731546182 0.833502731546182 0.833502731546182 0.833502731546182 0.833502731546182 0.644835471985771 0.644835471985771 0.644835471985771 0.657032143310888 0.565493584042688 0.639054757972303 0.278554186253335 0.309554059204675 0.278554186253335 0.278554186253335 0.278554186253335 0.308601194257401 0.278554186253335 0.278554186253335 0.333756828865455 0.333756828865455 0.35173421420404 0.58925168339474 0.370029221191716 0.333756828865455 0.349764959979672
1 1 1 1 1 1 1 1 1 1 0.754859611231101 0.61383559903443 0.61383559903443 0.61383559903443 0.61383559903443 0.675327150298564 0.626540464998094 0.6210138483039 0.491868885783255 0.411002413924533 0.341633845762927 0.158747300215983 0.218904840553932 0.0174691907000381 0.0174691907000381 0.06543005971287 0.340680980815652 0.32829373650108 0.32829373650108 0.349701435649854 0.52305933172405 0.369711599542625 0.326959725574895 0.394803709820861 0.60856307965951 0.673040274425105 0.833502731546182 0.461377207470461 0.61383559903443 0.833502731546182 0.833502731546182 0.644835471985771 0.504002032778554 0.44327277347224 0.455596493456994 0.515626985135307 0.522487612755685 0.278554186253335 0.278554186253335 0.154554694447974 0.154554694447974 0.278554186253335 0.308601194257401 0.308601194257401 0.308601194257401 0.278554186253335 0.315715919197052 0.410811840935078 0.333756828865455 0.35173421420404 0.333756828865455 0.333756828865455
