data-raw/DATASET_PNE/a_DATA/PFGS/ENVSUIT_A1B/HS_f0_H2_dryGrass.asc
NCOLS 619 
NROWS 782 
XLLCORNER 876826 
YLLCORNER 1947424 
CELLSIZE 100 
NODATA_value -9999 
[rows 609 to 637 of 782, columns 260 to 324 of 619]
-9999 -9999 -9999 -9999 0.797851724710703 0.779635679087537 0.761917944742816 0.587010686008527 0.56840706494657 0.743314323680859 0.743314323680859 0.604728420353247 0.700404185814739 0.743314323680859 0.761917944742816 0.743314323680859 0.381208128010631 0.56840706494657 0.496151929572006 0.333757820718676 0.61917944742816 0.743314323680859 0.574331432368086 0.289408116937047 0.262443939981175 0.744089474558441 0.530646143624384 0.530646143624384 0.530646143624384 0.530646143624384 0.716017939206024 0.743314323680859 0.743314323680859 0.743314323680859 0.743314323680859 0.743314323680859 0.743314323680859 0.743314323680859 0.761917944742816 0.761917944742816 0.761917944742816 0.761917944742816 0.761917944742816 0.779635679087537 0.761917944742816 0.761917944742816 0.761917944742816 0.761917944742816 0.622944465976413 0.586678478489563 0.586678478489563 0.797851724710703 0.622944465976413 0.779635679087537 0.779635679087537 0.873207463595593 1 1 1 1 1 1 1 1 1
-9999 -9999 -9999 -9999 0.797851724710703 0.779635679087537 0.761917944742816 0.761917944742816 0.604562316593766 0.743314323680859 0.743314323680859 0.640496096561652 0.7805769337246 0.761917944742816 0.743314323680859 0.761917944742816 0.655500802834837 0.344166989646199 0.236033442223576 0.369691600686562 0.654781019877083 0.743314323680859 0.743314323680859 0.743314323680859 0.486296439842755 0.315707878854991 0.663418415370134 0.530646143624384 0.530646143624384 0.63711865345219 0.706992968274182 0.743314323680859 0.743314323680859 0.743314323680859 0.743314323680859 0.761917944742816 0.761917944742816 0.761917944742816 0.761917944742816 0.761917944742816 0.761917944742816 0.779635679087537 0.779635679087537 0.779635679087537 0.779635679087537 0.779635679087537 0.779635679087537 0.779635679087537 0.622944465976413 0.779635679087537 0.716626986324124 0.797851724710703 0.716626986324124 0.779635679087537 0.797851724710703 0.879574774375727 0.980344388461325 1 1 1 1 1 0.947123636564974 1 0.973035823044128
-9999 -9999 -9999 -9999 0.797851724710703 0.797851724710703 0.779635679087537 0.744643153756713 0.587010686008527 0.761917944742816 0.761917944742816 0.761917944742816 0.797851724710703 0.761917944742816 0.743314323680859 0.761917944742816 0.761917944742816 0.743314323680859 0.370577487403798 0.459830574165329 0.743314323680859 0.743314323680859 0.743314323680859 0.743314323680859 0.725264381817175 0.432866397209457 0.440784009744754 0.744089474558441 0.770555340235867 0.743314323680859 0.743314323680859 0.743314323680859 0.743314323680859 0.743314323680859 0.797851724710703 0.761917944742816 0.761917944742816 0.761917944742816 0.779635679087537 0.779635679087537 0.779635679087537 0.779635679087537 0.779635679087537 0.779635679087537 0.779635679087537 0.779635679087537 0.779635679087537 0.779635679087537 0.675710093571785 0.797851724710703 0.640496096561652 0.622944465976413 0.726150268534411 0.797851724710703 0.797851724710703 0.858977908199989 0.838381042024251 1 1 1 1 1 1 1 1
-9999 -9999 -9999 -9999 0.817950279607995 0.797851724710703 0.779635679087537 0.761917944742816 0.587010686008527 0.700681025413875 0.761917944742816 0.761917944742816 0.797851724710703 0.761917944742816 0.761917944742816 0.761917944742816 0.761917944742816 0.743314323680859 0.62039754166436 0.405791484413931 0.72576269309562 0.743314323680859 0.725264381817175 0.743314323680859 0.743314323680859 0.724544598859421 0.440784009744754 0.716017939206024 0.743314323680859 0.797851724710703 0.797851724710703 0.743314323680859 0.743314323680859 0.743314323680859 0.797851724710703 0.797851724710703 0.779635679087537 0.797851724710703 0.779635679087537 0.779635679087537 0.779635679087537 0.779635679087537 0.779635679087537 0.779635679087537 0.797851724710703 0.797851724710703 0.797851724710703 0.779635679087537 0.797851724710703 0.797851724710703 0.797851724710703 0.752616134211838 0.797851724710703 0.779635679087537 0.797851724710703 0.81806101544765 0.858977908199989 1 1 1 1 1 1 1 1
-9999 -9999 -9999 -9999 -9999 -9999 0.779635679087537 0.761917944742816 0.744643153756713 0.761917944742816 0.761917944742816 0.761917944742816 0.761917944742816 0.761917944742816 0.761917944742816 0.761917944742816 0.761917944742816 0.761917944742816 0.743314323680859 0.370577487403798 0.708487902109518 0.743314323680859 0.743314323680859 0.743314323680859 0.743314323680859 0.743314323680859 0.72576269309562 0.743314323680859 0.743314323680859 0.797851724710703 0.797851724710703 0.797851724710703 0.743314323680859 0.743314323680859 0.797851724710703 0.797851724710703 0.797851724710703 0.797851724710703 0.797851724710703 0.797851724710703 0.797851724710703 0.779635679087537 0.797851724710703 0.797851724710703 0.797851724710703 0.797851724710703 0.797851724710703 0.797851724710703 0.797851724710703 0.797851724710703 0.797851724710703 0.779635679087537 0.797851724710703 0.797851724710703 0.797851724710703 0.797851724710703 0.858977908199989 0.940645589945186 1 1 1 1 1 1 1
-9999 -9999 -9999 -9999 -9999 -9999 -9999 0.779635679087537 0.761917944742816 0.761917944742816 0.761917944742816 0.761917944742816 0.761917944742816 0.761917944742816 0.761917944742816 0.761917944742816 0.779635679087537 0.761917944742816 0.743314323680859 0.478434195227285 0.423841426277615 0.743314323680859 0.725264381817175 0.725264381817175 0.743314323680859 0.725264381817175 0.743314323680859 0.743314323680859 0.743314323680859 0.585571120093018 0.797851724710703 0.797851724710703 0.797851724710703 0.688998394330325 0.797851724710703 0.797851724710703 0.797851724710703 0.797851724710703 0.797851724710703 0.779635679087537 0.797851724710703 0.797851724710703 0.797851724710703 0.797851724710703 0.797851724710703 0.797851724710703 0.797851724710703 0.918221582415149 0.858202757322407 0.797851724710703 0.797851724710703 0.797851724710703 0.779635679087537 0.797851724710703 0.838547145783733 0.797851724710703 0.81806101544765 0.838381042024251 0.980344388461325 1 1 1 1 1 1
-9999 -9999 -9999 -9999 -9999 -9999 -9999 -9999 -9999 0.690437960245834 0.761917944742816 0.761917944742816 0.761917944742816 0.761917944742816 0.779635679087537 0.779635679087537 0.779635679087537 0.779635679087537 0.761917944742816 0.636122030895299 0.308067105918831 0.743314323680859 0.725264381817175 0.698521676540612 0.743314323680859 0.743314323680859 0.743314323680859 0.743314323680859 0.743314323680859 0.743314323680859 0.797851724710703 0.797851724710703 0.797851724710703 0.797851724710703 0.797851724710703 0.797851724710703 0.797851724710703 0.797851724710703 0.797851724710703 0.779635679087537 0.797851724710703 0.797851724710703 0.898012291678202 0.898012291678202 0.838159570344942 0.797851724710703 0.838159570344942 0.879076463097281 0.918221582415149 0.877803000941255 0.797851724710703 0.797851724710703 0.797851724710703 0.797851724710703 0.898012291678202 0.797851724710703 0.81806101544765 0.899784065112674 0.858977908199989 1 1 1 1 1 1
-9999 -9999 -9999 -9999 -9999 -9999 -9999 -9999 -9999 -9999 -9999 -9999 -9999 0.779635679087537 0.779635679087537 0.779635679087537 0.779635679087537 0.779635679087537 0.761917944742816 0.743314323680859 0.593654836387797 0.743314323680859 0.743314323680859 0.743314323680859 0.743314323680859 0.743314323680859 0.743314323680859 0.743314323680859 0.743314323680859 0.797851724710703 0.797851724710703 0.797851724710703 0.797851724710703 0.797851724710703 0.797851724710703 0.797851724710703 0.797851724710703 0.797851724710703 0.797851724710703 0.797851724710703 0.797851724710703 0.797851724710703 0.959138475167488 0.879076463097281 0.81806101544765 1 1 0.939482863628814 0.85875643652068 0.898012291678202 0.797851724710703 0.797851724710703 0.797851724710703 0.797851724710703 0.898012291678202 0.898012291678202 0.797851724710703 0.939981174907259 0.980344388461325 0.940645589945186 1 1 1 1 1
-9999 -9999 -9999 -9999 -9999 -9999 -9999 -9999 -9999 -9999 -9999 -9999 -9999 -9999 -9999 0.761917944742816 0.779635679087537 0.753225181329937 0.797851724710703 0.743314323680859 0.743314323680859 0.743314323680859 0.743314323680859 0.743314323680859 0.743314323680859 0.743314323680859 0.743314323680859 0.743314323680859 0.797851724710703 0.797851724710703 0.797851724710703 0.797851724710703 0.797851724710703 0.655113227396047 0.797851724710703 0.797851724710703 0.797851724710703 0.797851724710703 0.797851724710703 0.817950279607995 0.797851724710703 0.879076463097281 0.979403133824262 1 0.979901445102707 0.900171640551464 0.838381042024251 1 0.838159570344942 0.85875643652068 0.797851724710703 0.797851724710703 0.797851724710703 0.797851724710703 0.898012291678202 0.898012291678202 0.797851724710703 0.858977908199989 0.858977908199989 0.980344388461325 1 1 1 1 1
-9999 -9999 -9999 -9999 -9999 -9999 -9999 -9999 -9999 -9999 -9999 -9999 -9999 -9999 0.761917944742816 0.761917944742816 0.761917944742816 0.779635679087537 0.797851724710703 0.797851724710703 0.743314323680859 0.743314323680859 0.512873041359836 0.512873041359836 0.743314323680859 0.743314323680859 0.743314323680859 0.743314323680859 0.797851724710703 0.797851724710703 0.726593211893029 0.779635679087537 0.797851724710703 0.797851724710703 0.797851724710703 0.797851724710703 0.797851724710703 0.797851724710703 0.797851724710703 0.877969104700736 0.959138475167488 1 1 0.879574774375727 0.81806101544765 0.858977908199989 1 1 1 0.838159570344942 0.838547145783733 0.898012291678202 0.838104202425115 0.838104202425115 0.898012291678202 0.979403133824262 1 0.919827252090139 0.858977908199989 1 1 1 1 1 1
-9999 -9999 -9999 -9999 -9999 -9999 -9999 -9999 -9999 -9999 -9999 -9999 -9999 -9999 -9999 0.761917944742816 0.761917944742816 0.761917944742816 0.761917944742816 0.761917944742816 0.761917944742816 0.797851724710703 0.797851724710703 0.797851724710703 0.797851724710703 0.797851724710703 0.761917944742816 0.779635679087537 0.797851724710703 0.797851724710703 0.797851724710703 0.797851724710703 0.797851724710703 0.797851724710703 0.797851724710703 0.797851724710703 0.838159570344942 0.958806267648525 0.979403133824262 0.979403133824262 0.879076463097281 1 0.879187198936936 0.838381042024251 1 1 1 1 1 0.879076463097281 0.898012291678202 0.898012291678202 0.898012291678202 0.898012291678202 0.979403133824262 0.979403133824262 1 0.919827252090139 0.879574774375727 1 1 1 1 1 1
-9999 -9999 -9999 -9999 -9999 -9999 -9999 -9999 -9999 -9999 -9999 -9999 -9999 -9999 -9999 -9999 0.743314323680859 0.761917944742816 0.761917944742816 0.761917944742816 0.761917944742816 0.797851724710703 0.797851724710703 0.797851724710703 0.797851724710703 0.797851724710703 0.797851724710703 0.779635679087537 0.797851724710703 0.797851724710703 0.797851724710703 0.797851724710703 0.797851724710703 1 1 0.958806267648525 1 1 1 1 1 1 0.858977908199989 1 1 1 1 1 1 0.879076463097281 0.979403133824262 0.958806267648525 0.898012291678202 0.898012291678202 0.979403133824262 0.979403133824262 1 1 0.858977908199989 1 1 1 1 1 0.973423398482919
-9999 -9999 -9999 -9999 -9999 -9999 -9999 -9999 -9999 -9999 -9999 -9999 -9999 -9999 -9999 -9999 0.743314323680859 0.743314323680859 0.761917944742816 0.761917944742816 0.73523060738608 0.797851724710703 0.797851724710703 0.797851724710703 0.797851724710703 0.797851724710703 0.797851724710703 0.797851724710703 0.797851724710703 0.797851724710703 0.878356680139527 0.979403133824262 0.979403133824262 0.979403133824262 1 1 1 1 1 1 1 0.858977908199989 1 -9999 1 1 1 1 1 1 0.959138475167488 0.979403133824262 0.979403133824262 0.979403133824262 0.979403133824262 1 1 1 1 1 1 1 1 1 1
-9999 -9999 -9999 -9999 -9999 -9999 -9999 -9999 -9999 -9999 -9999 -9999 -9999 -9999 -9999 -9999 0.743314323680859 0.743314323680859 0.743314323680859 0.743314323680859 0.761917944742816 0.761917944742816 0.779635679087537 0.797851724710703 0.797851724710703 0.779635679087537 0.797851724710703 0.797851724710703 0.797851724710703 0.797851724710703 0.958806267648525 0.979403133824262 0.979403133824262 0.979403133824262 1 0.979403133824262 1 1 1 1 1 1 1 1 1 1 1 1 1 1 1 1 0.979403133824262 0.979403133824262 0.979403133824262 1 1 1 1 1 1 1 1 1 0.858977908199989
-9999 -9999 -9999 -9999 -9999 -9999 -9999 -9999 -9999 -9999 -9999 -9999 -9999 -9999 -9999 -9999 -9999 0.743314323680859 0.743314323680859 0.743314323680859 0.743314323680859 0.761917944742816 0.761917944742816 0.797851724710703 0.797851724710703 0.797851724710703 0.797851724710703 0.797851724710703 0.797851724710703 0.797851724710703 0.979403133824262 0.979403133824262 0.979403133824262 1 1 1 1 0.979901445102707 1 1 1 1 0.899784065112674 0.858977908199989 0.980344388461325 1 1 1 1 1 1 0.979403133824262 0.979403133824262 0.979403133824262 0.979403133824262 1 1 1 1 0.979901445102707 1 1 0.980344388461325 0.838381042024251 0.900171640551464
-9999 -9999 -9999 -9999 -9999 -9999 -9999 -9999 -9999 -9999 -9999 -9999 -9999 -9999 -9999 -9999 -9999 -9999 0.743314323680859 0.761917944742816 0.761917944742816 0.743314323680859 0.743314323680859 0.761917944742816 0.761917944742816 0.797851724710703 0.797851724710703 0.797851724710703 0.797851724710703 0.797851724710703 0.958806267648525 0.958806267648525 0.958806267648525 1 1 0.85875643652068 0.838381042024251 1 1 1 1 1 1 1 1 0.858977908199989 0.980344388461325 1 1 1 1 0.979403133824262 0.979403133824262 0.979403133824262 0.979403133824262 0.979403133824262 0.979403133824262 1 1 0.919827252090139 0.95969215436576 0.838381042024251 0.838381042024251 0.797851724710703 0.797851724710703
-9999 -9999 -9999 -9999 -9999 -9999 -9999 -9999 -9999 -9999 -9999 -9999 -9999 -9999 -9999 -9999 -9999 -9999 0.743314323680859 0.743314323680859 0.761917944742816 0.743314323680859 0.743314323680859 0.743314323680859 0.779635679087537 0.797851724710703 0.797851724710703 0.797851724710703 0.797851724710703 0.797851724710703 0.797851724710703 0.797851724710703 0.797851724710703 0.797851724710703 0.958806267648525 0.979403133824262 0.959636786445933 0.838381042024251 0.879187198936936 1 1 1 1 1 1 1 0.858977908199989 0.960079729804551 1 1 1 0.979403133824262 0.979403133824262 0.979403133824262 0.979403133824262 0.918221582415149 0.85875643652068 0.838547145783733 0.797851724710703 0.838381042024251 0.797851724710703 0.797851724710703 0.797851724710703 0.640496096561652 0.797851724710703
-9999 -9999 -9999 -9999 -9999 -9999 -9999 -9999 -9999 -9999 -9999 -9999 -9999 -9999 -9999 -9999 -9999 -9999 0.743314323680859 0.743314323680859 0.743314323680859 0.743314323680859 0.761917944742816 0.761917944742816 0.761917944742816 0.779635679087537 0.797851724710703 0.797851724710703 0.797851724710703 0.797851724710703 0.797851724710703 0.797851724710703 0.797851724710703 0.797851724710703 0.918221582415149 0.958806267648525 0.85875643652068 0.797851724710703 1 0.899285753834228 0.899285753834228 0.899285753834228 0.918885997453076 1 1 1 1 0.879574774375727 1 1 1 1 0.979403133824262 0.817507336249377 0.797851724710703 0.797851724710703 0.797851724710703 0.797851724710703 0.797851724710703 0.640496096561652 0.674713471014894 0.797851724710703 0.797851724710703 0.797851724710703 0.797851724710703
-9999 -9999 -9999 -9999 -9999 -9999 -9999 -9999 -9999 -9999 -9999 -9999 -9999 -9999 -9999 -9999 -9999 -9999 0.743314323680859 0.743314323680859 0.743314323680859 0.743314323680859 0.761917944742816 0.761917944742816 0.761917944742816 0.779635679087537 0.797851724710703 0.797851724710703 0.797851724710703 0.797851724710703 0.797851724710703 0.797851724710703 0.797851724710703 0.797851724710703 0.797851724710703 0.797851724710703 0.797851724710703 0.640496096561652 0.797851724710703 0.838657881623387 0.797851724710703 0.797851724710703 0.797851724710703 0.81844859088644 0.838657881623387 0.838657881623387 0.979403133824262 1 0.838381042024251 1 1 1 0.797851724710703 0.797851724710703 0.797851724710703 0.797851724710703 0.797851724710703 0.797851724710703 0.7805769337246 0.604894524112729 0.744366314157577 0.771385859033276 0.797851724710703 0.797851724710703 0.797851724710703
-9999 -9999 -9999 -9999 -9999 -9999 -9999 -9999 -9999 -9999 -9999 -9999 -9999 -9999 -9999 -9999 -9999 -9999 -9999 0.698521676540612 0.743314323680859 0.743314323680859 0.743314323680859 0.743314323680859 0.743314323680859 0.743314323680859 0.761917944742816 0.797851724710703 0.797851724710703 0.797851724710703 0.797851724710703 0.797851724710703 0.797851724710703 0.797851724710703 0.797851724710703 0.797851724710703 0.797851724710703 0.797851724710703 0.622944465976413 0.622944465976413 0.622944465976413 0.797851724710703 0.797851724710703 0.727368362770611 0.797851724710703 0.797851724710703 0.797851724710703 0.899673329273019 0.838381042024251 0.960079729804551 1 0.979735341343226 0.797851724710703 0.797851724710703 0.797851724710703 0.797851724710703 0.779635679087537 0.779635679087537 0.586678478489563 0.369027185648635 0.673163169259731 0.797851724710703 0.797851724710703 0.771275123193622 0.797851724710703
-9999 -9999 -9999 -9999 -9999 -9999 -9999 -9999 -9999 -9999 -9999 -9999 -9999 -9999 -9999 -9999 -9999 -9999 -9999 0.743314323680859 0.688721554731189 0.743314323680859 0.743314323680859 0.743314323680859 0.743314323680859 0.743314323680859 0.797851724710703 0.797851724710703 0.797851724710703 0.797851724710703 0.797851724710703 0.797851724710703 0.797851724710703 0.797851724710703 0.797851724710703 0.797851724710703 0.797851724710703 0.797851724710703 0.797851724710703 0.797851724710703 0.797851724710703 0.797851724710703 0.797851724710703 0.797851724710703 0.797851724710703 0.797851724710703 0.797851724710703 0.797851724710703 0.838381042024251 0.939482863628814 1 1 0.979403133824262 0.797851724710703 0.779635679087537 0.761364265544544 0.7068268645147 0.458224904490338 0.458224904490338 0.779635679087537 0.797851724710703 0.797851724710703 0.797851724710703 -9999 -9999
-9999 -9999 -9999 -9999 -9999 -9999 -9999 -9999 -9999 -9999 -9999 -9999 -9999 -9999 -9999 -9999 0.52145506893306 0.555561707546647 0.486019600243619 0.270084712917336 0.45900005536792 0.379270250816677 0.670671612867505 0.582858092021483 0.459719838325674 0.661646641935662 0.688223243452743 0.797851724710703 0.797851724710703 0.797851724710703 0.779635679087537 0.797851724710703 0.797851724710703 0.797851724710703 0.797851724710703 0.797851724710703 0.797851724710703 0.797851724710703 0.797851724710703 0.797851724710703 0.797851724710703 0.797851724710703 0.797851724710703 0.797851724710703 0.797851724710703 0.797851724710703 0.797851724710703 0.797851724710703 0.745252200874813 0.838381042024251 1 1 0.838381042024251 0.761364265544544 0.779635679087537 0.670117933669232 0.458224904490338 0.4394551796689 0.4394551796689 0.779635679087537 0.797851724710703 -9999 -9999 -9999 -9999
-9999 -9999 -9999 -9999 -9999 -9999 -9999 -9999 -9999 -9999 -9999 -9999 -9999 -9999 -9999 -9999 -9999 0.198992303859144 0.278389900891424 0.225402801616743 0.323514755550634 0.251702563534688 0.395105475887271 0.459332262886883 0.323736227229943 0.331930679364376 0.445268811250761 0.797851724710703 0.797851724710703 0.797851724710703 0.797851724710703 0.797851724710703 0.797851724710703 0.797851724710703 0.797851724710703 0.797851724710703 0.797851724710703 0.797851724710703 0.797851724710703 0.797851724710703 0.797851724710703 0.797851724710703 0.797851724710703 0.797851724710703 0.797851724710703 0.797851724710703 0.797851724710703 0.797851724710703 0.762526991860916 0.763302142738497 0.919384308731521 1 0.797851724710703 0.779635679087537 0.779635679087537 0.633132163224628 0.4394551796689 -9999 -9999 -9999 -9999 -9999 -9999 -9999 -9999
-9999 -9999 -9999 -9999 -9999 -9999 -9999 -9999 -9999 -9999 -9999 -9999 -9999 -9999 -9999 -9999 -9999 -9999 0.225402801616743 0.225402801616743 0.225402801616743 0.225402801616743 0.225402801616743 0.305686285366259 0.342118376612591 0.535684624328664 0.688223243452743 0.797851724710703 0.779635679087537 0.779635679087537 0.797851724710703 0.797851724710703 0.797851724710703 0.797851724710703 0.797851724710703 0.797851724710703 0.797851724710703 0.797851724710703 0.797851724710703 0.797851724710703 0.797851724710703 0.797851724710703 0.797851724710703 0.797851724710703 0.797851724710703 0.797851724710703 0.797851724710703 0.797851724710703 0.797851724710703 0.797851724710703 0.797851724710703 1 0.797851724710703 0.797851724710703 -9999 -9999 -9999 -9999 -9999 -9999 -9999 -9999 -9999 -9999 -9999
-9999 -9999 -9999 -9999 -9999 -9999 -9999 -9999 -9999 -9999 -9999 -9999 -9999 -9999 -9999 -9999 -9999 -9999 -9999 -9999 0.225402801616743 0.225402801616743 0.198660096340181 0.252366978572615 0.377221637783068 0.473894025801451 0.314157577099828 0.797851724710703 0.752339294612701 0.752339294612701 0.779635679087537 0.797851724710703 0.797851724710703 0.797851724710703 0.797851724710703 0.797851724710703 0.797851724710703 0.797851724710703 0.797851724710703 0.797851724710703 0.797851724710703 0.797851724710703 0.797851724710703 0.797851724710703 0.797851724710703 0.797851724710703 0.797851724710703 0.797851724710703 0.622944465976413 0.709816732185372 0.797851724710703 -9999 -9999 -9999 -9999 -9999 -9999 -9999 -9999 -9999 -9999 -9999 -9999 -9999 -9999
-9999 -9999 -9999 -9999 -9999 -9999 -9999 -9999 -9999 -9999 -9999 -9999 -9999 -9999 -9999 -9999 -9999 -9999 -9999 -9999 -9999 -9999 0.172249598582581 0.172249598582581 0.198992303859144 0.359005592159903 0.547865566690659 0.547865566690659 0.707602015392282 0.725319749737002 0.752339294612701 0.698853884059576 0.779635679087537 0.797851724710703 0.797851724710703 0.797851724710703 0.797851724710703 0.797851724710703 0.797851724710703 0.797851724710703 0.779635679087537 0.797851724710703 0.797851724710703 0.797851724710703 0.797851724710703 0.797851724710703 0.797851724710703 -9999 -9999 -9999 -9999 -9999 -9999 -9999 -9999 -9999 -9999 -9999 -9999 -9999 -9999 -9999 -9999 -9999 -9999
-9999 -9999 -9999 -9999 -9999 -9999 -9999 -9999 -9999 -9999 -9999 -9999 -9999 -9999 -9999 -9999 -9999 -9999 -9999 -9999 -9999 -9999 -9999 -9999 -9999 0.172249598582581 0.354188583134932 0.309728143513648 0.41647749294059 0.752339294612701 0.725319749737002 0.725319749737002 0.779635679087537 0.779635679087537 0.797851724710703 0.797851724710703 0.797851724710703 0.797851724710703 0.797851724710703 0.797851724710703 0.779635679087537 0.779635679087537 0.797851724710703 -9999 -9999 -9999 -9999 -9999 -9999 -9999 -9999 -9999 -9999 -9999 -9999 -9999 -9999 -9999 -9999 -9999 -9999 -9999 -9999 -9999 -9999
-9999 -9999 -9999 -9999 -9999 -9999 -9999 -9999 -9999 -9999 -9999 -9999 -9999 -9999 -9999 -9999 -9999 -9999 -9999 -9999 -9999 -9999 -9999 -9999 -9999 -9999 -9999 -9999 -9999 0.52145506893306 0.752339294612701 0.752616134211838 0.752339294612701 0.698632412380267 0.716571618404297 0.752339294612701 0.779635679087537 0.797851724710703 -9999 -9999 -9999 -9999 -9999 -9999 -9999 -9999 -9999 -9999 -9999 -9999 -9999 -9999 -9999 -9999 -9999 -9999 -9999 -9999 -9999 -9999 -9999 -9999 -9999 -9999 -9999
-9999 -9999 -9999 -9999 -9999 -9999 -9999 -9999 -9999 -9999 -9999 -9999 -9999 -9999 -9999 -9999 -9999 -9999 -9999 -9999 -9999 -9999 -9999 -9999 -9999 -9999 -9999 -9999 -9999 -9999 -9999 -9999 0.57444216820774 0.52145506893306 -9999 -9999 -9999 -9999 -9999 -9999 -9999 -9999 -9999 -9999 -9999 -9999 -9999 -9999 -9999 -9999 -9999 -9999 -9999 -9999 -9999 -9999 -9999 -9999 -9999 -9999 -9999 -9999 -9999 -9999 -9999
