data-raw/DATASET_PNE/a_DATA/PFGS/ENVSUIT_A1B/HS_f30_C3_cushion.asc
NCOLS 619 
NROWS 782 
XLLCORNER 876826 
YLLCORNER 1947424 
CELLSIZE 100 
NODATA_value -9999 
[rows 522 to 550 of 782, columns 390 to 454 of 619]
0 0 0 0.0815329006818368 0.0624332539226156 0.0815329006818368 0 0 0.0815329006818368 0.0624332539226156 0 0.0573400147868233 0.129015033270352 0 0 0 0 0 0 0 0 0 0 0 0.0382403680276021 0.401626550562721 0.981270023823215 1 1 1 1 1 1 1 1 0.976012486650785 1 0.980202086585065 0.90170869958104 0.785139242586051 0.765423478189436 0.765423478189436 0.121334100057504 0.0382403680276021 0 0.0195925408691366 0.0195925408691366 0.594923190667871 0.765423478189436 1 0.952517867411484 0.783824858292943 0.8803910293272 0.952517867411484 0.831553437936417 0.927421342314959 0.87924094307073 0.976053561159944 1 1 1 1 1 1 1
0 0.0195925408691366 0.0624332539226156 0.0195925408691366 0 0.0573400147868233 0 0.0195925408691366 0.0195925408691366 0 0.0195925408691366 0.105027519921137 0.0241928858950136 0.0234946192393001 0 0 0 0 0 0 0 0 0.0237821408034174 0.19662367534708 1 1 1 1 1 1 0.976012486650785 0.976012486650785 0.976012486650785 1 0.928571428571428 1 1 1 1 0.90170869958104 0.785139242586051 0.805142528546784 0.765423478189436 0.0382403680276021 0 0 0.0195925408691366 0.0584901010432925 0.727018812125195 1 0.976012486650785 0.928735726608067 0.904173170130617 0.832005257537172 0.952271420356527 0.807606999096361 0.87924094307073 0.928078534461513 1 1 1 1 1 1 1
0.0815329006818368 0.105027519921137 0.0195925408691366 0 0 0.0474821325885156 0.0386921876283578 0 0 0 0 0 0 0.0234946192393001 0 0 0 0 0 0 0 0 0.741189517785262 1 1 1 1 0.951819600755771 0.976012486650785 0.952517867411484 1 0.952066047810729 0.928571428571428 0.9765053807607 0.952517867411484 0.783824858292943 0.976012486650785 0.976012486650785 1 0.980202086585065 0.823379610613653 0.785139242586051 1 0.121334100057504 0 0 0 0.0382403680276021 0.727018812125195 0.901215805471125 1 0.904542840713053 0.928324981516471 0.951860675264931 0.952517867411484 0.807976669678797 0.951860675264931 0.976053561159944 0.976053561159944 1 1 1 1 1 1
0.0815329006818368 0.105027519921137 0.105027519921137 0.0241928858950136 0 0.0954571592869465 0 0 0 0 0 0 0 0 0 0 0 0 0.0815329006818368 0.152838248582929 0.274459870204551 0.942126016594102 1 1 1 0.951573153700813 1 1 1 0.856239217941346 0.928324981516471 0.951778526246611 0.92836605602563 0.951860675264931 0.831799884991374 0.783824858292943 1 0.952517867411484 1 1 0.842109586790438 0.765423478189436 0.765423478189436 1 0.043374681672554 0 0 0 0.121334100057504 0.765423478189436 1 0.976012486650785 0.83221063008297 0.831594512445576 1 0.807976669678797 0.903310605438265 0.976053561159944 1 1 1 1 1 1 1
0.0241928858950136 0 0 0 0 0.0954571592869465 0 0.0234946192393001 0 0.0241928858950136 0 0 0 0 0 0 0 0.129015033270352 0.196295079273803 0.606382978723404 0.8633040335168 1 1 1 1 0.975807114104987 0.951819600755771 0.979955639530108 0.951860675264931 0.927708863879077 0.928078534461513 0.904132095621457 0.879569539144007 0.9765053807607 0.783824858292943 0.832169555573811 1 0.976012486650785 1 1 1 0.785139242586051 0.765423478189436 1 0.631725950874887 0 0 0 0.0584901010432925 0.785139242586051 1 0.952517867411484 0.856444590487144 0.855828472849749 0.903926723075659 0.783824858292943 1 1 1 1 1 1 1 1 1
0.0621868068676579 0 0 0 0 0.0472767600427175 0 0 0.244270105972234 0.284523124948657 0 0 0 0 0 0 0 0.148566499630329 0.148566499630329 0.148566499630329 0.805142528546784 1 1 0.951819600755771 0.951860675264931 0.879733837180646 0.928735726608067 0.904542840713053 0.951860675264931 0.808182042224595 0.952517867411484 1 0.927257044278321 0.927955310934034 0.831923108518853 0.831923108518853 1 1 0.832169555573811 0.976012486650785 1 1 0.746405980448534 1 0.765423478189436 0 0 0 0.0195925408691366 0.765423478189436 1 0.976012486650785 0.83221063008297 0.904173170130617 0.783824858292943 0.831923108518853 0.976176784687423 1 1 1 1 1 1 1 1
0.0815329006818368 0 0 0 0 0 0 0.0425942659985213 0.0234946192393001 0 0 0 0 0 0 0 0 0.148566499630329 0.124578986281114 0.148566499630329 0.61217448451491 1 1 0.951860675264931 1 0.976012486650785 0.976053561159944 0.976053561159944 0.976012486650785 0.927626714860757 1 0.95194282428325 1 0.87924094307073 0.928037459952354 0.855253429721515 0.951983898792409 0.783824858292943 0.904132095621457 0.976012486650785 1 1 0.804279963854432 1 1 0.385073523371396 0 0 0 0.747186396122566 1 1 0.83221063008297 0.879528464634848 0.783619485747145 0.807976669678797 0.951983898792409 1 0.976053561159944 1 1 1 1 1 1
0.0573400147868233 0 0 0 0 0 0 0 0 0 0 0 0 0 0 0 0.0573400147868233 0.148566499630329 0.148566499630329 0.148566499630329 0.331840959500534 1 1 1 1 0.928571428571428 1 0.976053561159944 1 0.951860675264931 1 1 1 0.856526739505463 0.87924094307073 0.855253429721515 0.855253429721515 0.619937566746077 0.952517867411484 0.976012486650785 1 1 1 1 1 0.765423478189436 0.0195925408691366 0 0 0.573769818450669 1 1 0.904542840713053 0.831430214408938 0.807771297132999 0.759673046907089 0.831923108518853 0.927996385443194 0.951860675264931 0.951860675264931 1 1 0.90384457405734 1 1
0 0 0 0 0 0 0 0 0 0 0 0 0 0 0 0 0.105027519921137 0.148566499630329 0.101084367041814 0.148566499630329 0.215928694652099 0.863139735480161 1 1 1 0.928735726608067 0.783824858292943 0.856115994413867 1 1 0.783824858292943 0.879692762671486 1 0.880719625400476 0.903474903474903 0.855253429721515 0.879815986198965 0.577712971329993 0.807606999096361 0.952517867411484 1 1 1 1 1 0.765423478189436 0.121334100057504 0.0382403680276021 0 0.192803745995235 1 1 0.952517867411484 1 0.807771297132999 0.783824858292943 0.783824858292943 0.927996385443194 0.879487390125688 0.951860675264931 1 1 0.976053561159944 1 0.903105232892467
0 0 0 0 0 0 0 0 0.0234946192393001 0 0 0 0 0.105027519921137 0.105027519921137 0.0234946192393001 0.0815329006818368 0.0815329006818368 0.0815329006818368 0.0815329006818368 0.101084367041814 0.687874804896081 1 0.951819600755771 0.976012486650785 0.976053561159944 1 0.903187381910786 0.951983898792409 0.831923108518853 1 0.87924094307073 1 1 0.927421342314959 0.951983898792409 0.951983898792409 0.855253429721515 0.644089378131931 0.807606999096361 0.976012486650785 1 0.96044524767929 1 1 0.746447054957693 0.308674936334511 0.0826829869383061 0.0584901010432925 0.0584901010432925 1 1 0.976012486650785 1 0.783824858292943 0.783824858292943 0.759673046907089 0.88034995481804 0.855705249322271 0.9765053807607 1 0.976053561159944 0.9765053807607 1 0.951778526246611
0 0 0 0 0 0 0 0 0 0 0 0 0 0.129015033270352 0.0573400147868233 0.129015033270352 0.0815329006818368 0.0573400147868233 0.0382403680276021 0.0815329006818368 0.101084367041814 0.19760946356691 0.882855499876776 1 0.976012486650785 1 1 0.85574632383143 0.721514827897807 0.855253429721515 0.837180645691284 0.861168159040499 0.952230345847367 1 1 0.831799884991374 0.951983898792409 0.927749938388236 0.879815986198965 0.85574632383143 0.976012486650785 1 1 1 1 0.728168898381664 0.765423478189436 0.555039842273885 0.121334100057504 0.0584901010432925 0.805142528546784 1 0.976012486650785 1 0.8803910293272 0.856115994413867 0.879939209726444 0.783824858292943 0.807771297132999 1 0.97543744352255 0.97543744352255 1 0.880021358744763 1
0 0 0 0 0 0 0 0.0190996467592212 0 0.0234946192393001 0 0 0.0234946192393001 0.152838248582929 0.172389714942906 0.0573400147868233 0.148566499630329 0.0382403680276021 0.0382403680276021 0.0382403680276021 0.125071880391029 0.149059393740245 0.765423478189436 1 0.928037459952354 0.976012486650785 1 1 0.87924094307073 0.702456255647745 0.824899367452559 0.90380349954818 0.927996385443194 0.8803910293272 0.855458802267313 0.831799884991374 0.856157068923026 0.928489279553109 0.927749938388236 0.856115994413867 0.880267805799721 0.976053561159944 1 1 1 0.785139242586051 0.785139242586051 0.765423478189436 0.746405980448534 0.607574139489033 -9999 0.765423478189436 1 1 1 0.8803910293272 0.976012486650785 0.807771297132999 0.976012486650785 0.928530354062269 0.904132095621457 0.951860675264931 0.932473506941592 0.789000246447055 0.855458802267313
0 0 0 0 0 0 0 0.0573400147868233 0 0 0 0 0 0 0.196171855746324 0.196171855746324 0.0382403680276021 0.148566499630329 0.0382403680276021 0.148566499630329 0.101084367041814 0.101084367041814 0.501930501930502 0.981270023823215 1 0.880596401872998 0.904583915222213 1 0.831923108518853 0.630493715600099 0.678263369752731 0.90380349954818 0.927996385443194 0.927626714860757 0.807976669678797 0.831758810482215 0.783824858292943 0.880473178345519 0.90380349954818 0.855705249322271 0.832169555573811 0.788219830773022 0.707015526164462 1 1 1 1 1 1 0.765423478189436 0.0584901010432925 -9999 0.785139242586051 0.881828637147786 0.765423478189436 1 0.856239217941346 0.783824858292943 1 1 0.976176784687423 0.951983898792409 0.927873161915715 0.927873161915715 0.903474903474903
0 0 0 0 0 0 0.0573400147868233 0.105027519921137 0 0 0 0 0 0.0234946192393001 0 0.148566499630329 0.196171855746324 0.0382403680276021 0.172348640433747 0.0815329006818368 0.148895095703606 0.0624743284317752 0.124702209808593 0.804279963854432 1 0.976012486650785 0.976012486650785 0.975848188614146 0.783824858292943 0.90380349954818 0.885361044935513 0.703811714450012 0.927996385443194 0.775774254497659 0.856198143432186 0.783824858292943 0.951983898792409 0.90380349954818 0.680029573646595 0.831553437936417 0.880267805799721 0.757906843013226 0.69654152632876 0.976053561159944 1 1 1 1 1 1 0.765423478189436 -9999 -9999 0.823379610613653 0.765423478189436 1 1 1 1 1 0.952682165448123 0.951983898792409 0.951860675264931 0.951983898792409 1
0 0 0.0241928858950136 0 0 0.0573400147868233 0 0 0 0 0.0234946192393001 0 0.0234946192393001 0 0 0 0.0815329006818368 0.22011829458638 0.0815329006818368 0.148566499630329 0.0382403680276021 0.129590076398587 0.17312905610778 0.785139242586051 0.976012486650785 1 1 1 0.880267805799721 0.951983898792409 0.952230345847367 0.879815986198965 0.976053561159944 0.783824858292943 0.83221063008297 0.951983898792409 0.927749938388236 0.752238560749199 0.764807360552041 0.856115994413867 0.606629425778362 0.655343793641666 0.667296475807114 0.880267805799721 0.976053561159944 1 1 1 1 1 0.941427749938388 0.746405980448534 -9999 -9999 0.765423478189436 0.784523124948657 1 1 1 1 1 1 0.951983898792409 0.951983898792409 0.951860675264931
0 0 0 0 0 0.0573400147868233 0 0 0 0 0 0 0 0.0573400147868233 0.0195925408691366 0.0382403680276021 0.0382403680276021 0.0382403680276021 0.220323667132178 0.125071880391029 0.101084367041814 0.0382403680276021 0.687874804896081 0.882855499876776 1 1 1 0.88030888030888 0.951983898792409 0.927749938388236 0.952230345847367 0.952230345847367 1 0.976053561159944 0.83221063008297 0.976176784687423 0.928037459952354 0.702825926230182 0.783824858292943 0.831758810482215 0.680029573646595 0.606629425778362 0.879815986198965 0.957693255565596 0.903762425039021 0.976053561159944 0.939743695062844 1 1 0.976012486650785 1 0.960157726115173 0.765423478189436 -9999 0.785139242586051 0.451285632136696 0.883430543005011 1 1 1 0.976012486650785 0.976012486650785 0.856115994413867 0.770516717325228 0.831101618335661
0 0 0 0 0 0.105027519921137 0 0 0 0 0.0234946192393001 0 0 0.0573400147868233 0.0815329006818368 0.0815329006818368 0.0815329006818368 0.124578986281114 0.0815329006818368 0.19654152632876 0.0382403680276021 0.101084367041814 0.785139242586051 0.863139735480161 0.962170377063994 1 1 0.879774911689805 0.951983898792409 0.927749938388236 0.958104000657192 0.806374763821572 0.976053561159944 0.855458802267313 0.927832087406555 0.904255319148936 0.90380349954818 0.673293354144418 0.625646923519264 0.606629425778362 0.752936827404913 0.813686026451984 0.678838412880966 0.726772365070237 0.836728826090528 0.95194282428325 0.812043046085599 0.584983159451245 1 1 1 1 0.785139242586051 0.4466031380925 0.247556066705003 0.650538076069991 0.698636326295901 0.617103425614064 1 1 1 1 0.976012486650785 0.664873079766697 0.683972726525918
0 0 0 0 0 0.0241928858950136 0 0 0 0 0 0 0 0 0.0382403680276021 0.0382403680276021 0.0624332539226156 0.0815329006818368 0.172389714942906 0.125071880391029 0.101084367041814 0.0382403680276021 0.17304690708946 0.765423478189436 0.863961225663353 0.976012486650785 1 0.92844820504395 0.976176784687423 0.951983898792409 0.976176784687423 0.981927215969769 0.976176784687423 0.952394643884006 0.83221063008297 0.927421342314959 0.951983898792409 0.88573071551795 0.702825926230182 0.587858375092418 0.587858375092418 0.606629425778362 0.654686601495112 0.678838412880966 0.689189189189189 0.84293107697363 0.73396040417317 0.509734658670829 0.620964429475068 1 0.980202086585065 1 0.981270023823215 0.844409759303376 0.298817054136203 0.278567321120513 0.278567321120513 0.352296065062022 0.804279963854432 0.941920644048304 1 1 1 0.838084284892796 0.579889920315452
0.0573400147868233 0.0479750266984309 0 0 0.0573400147868233 0.105027519921137 0.0195925408691366 0 0 0 0 0 0 0 0 0.0382403680276021 0.0866672143267888 0.0815329006818368 0.0815329006818368 0.101084367041814 0.217859196582601 0.237246364905939 0.232070976751828 0.703072373285139 1 0.952517867411484 0.904460691694734 0.904460691694734 0.976176784687423 0.928489279553109 0.928037459952354 0.976053561159944 0.83221063008297 0.783824858292943 0.952517867411484 1 0.951614228209973 0.976176784687423 0.818738191078617 0.727018812125195 0.635504805717572 0.564076234289 0.836441304526411 0.855458802267313 0.752238560749199 0.9337878912347 0.90380349954818 0.728743941509899 0.752690380349955 0.976053561159944 1 0.980202086585065 1 1 0.804279963854432 0.445001232235275 0.0715517949560503 0.0621868068676579 0.570812453791177 0.765423478189436 0.922533475724965 1 1 0.494249568717654 0.361209233549659
0.0234946192393001 0.0808346340261234 0 0 0.0573400147868233 0.192105479339522 0.0573400147868233 0 0 0 0 0 0 0 0.0382403680276021 0.0815329006818368 0.149305840795202 0.148895095703606 0.221555902406966 0.352008543497905 0.747186396122566 0.804279963854432 0.671445001232235 0.746447054957693 0.96044524767929 1 0.928283907007311 0.928283907007311 0.880185656781401 0.808017744187957 0.83221063008297 0.759673046907089 0.952312494865686 0.880103507763082 1 0.783824858292943 0.8803910293272 0.927832087406555 0.879692762671486 0.831964183028013 0.86749363345108 0.855458802267313 0.855458802267313 0.879692762671486 0.879692762671486 0.952558941920644 0.927996385443194 0.783824858292943 0.832333853610449 0.856526739505463 1 1 0.980202086585065 1 1 0.823995728251047 0.746405980448534 0.338741477039349 0.109504641419535 0.746447054957693 0.803253101125442 1 1 0.59833237492812 0.549535858046496
0.0234946192393001 0.0808346340261234 0.0472767600427175 0 0 0.263657274295572 0.244270105972234 0.0382403680276021 0.124578986281114 0.0815329006818368 0 0 0.0195925408691366 0.0382403680276021 0.0382403680276021 0.0382403680276021 0.101084367041814 0.263657274295572 0.432350283414113 0.960157726115173 1 1 0.765423478189436 0.232235274788466 0.838618253511871 0.976176784687423 0.976012486650785 0.903721350529861 1 0.9765053807607 0.783455187710507 0.9765053807607 1 1 1 0.952517867411484 0.903967797584819 0.856403515977984 0.927832087406555 0.855458802267313 0.855458802267313 0.855458802267313 0.952394643884006 0.976176784687423 0.976176784687423 0.879692762671486 0.976176784687423 0.976176784687423 0.807606999096361 0.904091021112298 0.880678550891317 1 1 1 1 1 1 1 1 0.746447054957693 0.803253101125442 1 0.526287685862154 0.922369177688327 0.783824858292943
0.0234946192393001 0.0234946192393001 0 0 0.0386921876283578 0.148566499630329 0.918179577754046 0.0573400147868233 0.0573400147868233 0.239505462909718 0.124578986281114 0.0195925408691366 0.0382403680276021 0.0573400147868233 0.0815329006818368 0.101084367041814 0.197280867493633 0.765423478189436 0.39526000164298 0.960157726115173 1 0.951860675264931 0.975848188614146 0.773268709438922 1 1 1 0.927955310934034 0.951614228209973 0.9765053807607 1 1 1 1 1 0.927503491333279 0.880267805799721 0.9765053807607 0.759673046907089 0.831471288918097 0.87928201757989 0.927832087406555 0.951614228209973 0.903474903474903 0.951614228209973 0.879692762671486 0.927832087406555 0.855458802267313 0.783824858292943 0.855417727758153 0.855951696377228 0.928283907007311 0.88034995481804 0.975848188614146 0.960897067280046 1 1 0.784523124948657 1 0.727429557216791 0.746405980448534 1 0.251375996056847 0.980612831676661 0.832333853610449
0 0.0573400147868233 0 0 0.0386921876283578 0.148566499630329 0.741271666803582 0.0573400147868233 0.0195925408691366 0 0.0573400147868233 0.0382403680276021 0.0573400147868233 0.101084367041814 0.19760946356691 0.101084367041814 0.352008543497905 0.975848188614146 0.960157726115173 0.940852706810154 0.927667789369917 1 1 1 0.855992770886388 1 0.856033845395548 1 0.9765053807607 0.951573153700813 1 0.975848188614146 1 0.975848188614146 1 0.975848188614146 1 0.95190174977409 1 1 0.9765053807607 1 1 0.976012486650785 1 0.856403515977984 0.83225170459213 0.83221063008297 0.927832087406555 0.808017744187957 0.831799884991374 0.807606999096361 0.904460691694734 0.88034995481804 1 0.902283742709275 1 0.746405980448534 0.746405980448534 0.672143267887949 0.274829540786988 0.765423478189436 0.80444426189107 1 0.88034995481804
0.0476875051343136 0.105027519921137 0 0.0234946192393001 0.0672800460034503 0.148566499630329 0.24468085106383 0.0573400147868233 0 0.0195925408691366 0 0.0382403680276021 0.0382403680276021 0.101084367041814 0.101084367041814 0.101084367041814 0.256633533229278 0.9209726443769 0.39526000164298 0.804731783455188 1 0.831430214408938 0.928694652098907 0.856321366959665 1 0.927503491333279 1 1 1 0.975848188614146 0.856239217941346 1 0.975848188614146 1 1 0.975848188614146 0.975848188614146 0.975848188614146 1 0.975848188614146 0.904214244639777 1 1 1 1 0.928160683479832 1 0.952517867411484 0.952517867411484 1 0.879980284235603 0.879569539144007 0.831758810482215 0.904460691694734 0.928283907007311 0.494578164790931 0.664133738601824 0.861989649223692 0.746405980448534 0.577836194857471 0.298817054136203 0.274829540786988 0.413250636654892 1 0.856526739505463
0.0386921876283578 0.129179331306991 0.0472767600427175 0 0.105027519921137 0.288219830773022 0.284317752402859 0.249733015690462 0.153536515238643 0.0195925408691366 0.0195925408691366 0.0195925408691366 0.0382403680276021 0.0573400147868233 0.101084367041814 0.371026041238807 0.785139242586051 0.824118951778526 0.367699005996878 0.391193625236178 1 0.976012486650785 0.95194282428325 0.880678550891317 1 1 1 0.928160683479832 1 0.952066047810729 0.975848188614146 0.975848188614146 1 1 1 1 1 1 1 0.975848188614146 1 0.95190174977409 0.92840713053479 1 1 1 1 1 1 1 1 0.904008872093979 0.855951696377228 0.904460691694734 0.903762425039021 0.662531832744599 0.50957036063419 1 0.765423478189436 0.728127823872505 0.274829540786988 0.254579807771297 0.274829540786988 0.960897067280046 1
0 0.0815329006818368 0 0.105027519921137 0.263657274295572 0.468536925983734 0.741271666803582 0.760987431200197 0.765423478189436 0.456337796763329 0.0382403680276021 0.0195925408691366 0.0382403680276021 0.0768914811468003 0.653166844656206 0.9209726443769 0.942249240121581 0.942249240121581 1 0.976053561159944 1 0.928283907007311 0.975766039595827 0.90384457405734 0.951449930173334 1 1 1 1 1 1 1 1 1 1 1 1 1 1 1 1 1 1 0.975848188614146 1 1 1 1 1 1 1 0.879857060708125 0.879774911689805 0.904337468167255 0.879815986198965 0.373449437279224 0.455927051671733 1 0.942167091103261 0.746405980448534 0.318204222459542 0.274829540786988 0.067526493058408 0.63571017826337 1
0.0815329006818368 0 0 0.14852542512117 0.250431282346176 0.792245132670665 1 0.975807114104987 1 0.805142528546784 0.17304690708946 0.0382403680276021 0.0382403680276021 0.424997946274542 0.976012486650785 1 1 0.952517867411484 1 0.928694652098907 0.928283907007311 1 0.927955310934034 1 1 1 1 1 1 1 1 1 1 1 1 1 1 1 1 1 1 1 1 1 1 1 1 1 1 1 1 0.952066047810729 0.903721350529861 0.9765053807607 0.951860675264931 0.452805388975602 0.495440729483283 0.980612831676661 1 1 0.960897067280046 0.803253101125442 0.357142857142857 0.318204222459542 0.941509898956707
0.176907910950464 0 0.0573400147868233 0.263657274295572 1 0.927749938388236 1 0.952230345847367 1 0.785139242586051 0.19760946356691 0.25002053725458 0.101084367041814 0.765423478189436 1 1 0.976012486650785 1 0.951778526246611 0.928283907007311 1 0.951449930173334 0.879980284235603 1 1 0.975848188614146 1 1 1 1 1 1 1 1 1 1 1 1 1 1 1 1 1 1 1 1 1 1 1 1 1 0.927914236424875 1 0.976176784687423 0.928037459952354 0.651647087817301 0.879815986198965 0.908609217119855 1 1 1 1 1 0.318204222459542 0.63571017826337
0.0808346340261234 0 0.203483118376735 0.885073523371396 0.928037459952354 0.951983898792409 1 1 0.765423478189436 0.765423478189436 0.445124455762754 0.229852953257209 0.727429557216791 0.785139242586051 1 0.976012486650785 0.976012486650785 1 1 0.976012486650785 0.976012486650785 0.904542840713053 1 1 0.975848188614146 1 1 1 1 1 1 1 1 1 1 1 1 1 1 1 1 1 1 1 1 1 1 1 1 1 1 0.928037459952354 1 0.928037459952354 0.87924094307073 0.897313727100961 0.951860675264931 0.855253429721515 0.951860675264931 0.951983898792409 0.980612831676661 0.941509898956707 0.976012486650785 0.844122237739259 0.357142857142857
