data-raw/DATASET_PNE/a_DATA/PFGS/ENVSUIT_A1B/HS_f75_H9_NardStri.asc
NCOLS 619 
NROWS 782 
XLLCORNER 876826 
YLLCORNER 1947424 
CELLSIZE 100 
NODATA_value -9999 
[rows 224 to 251 of 782, columns 130 to 194 of 619]
0.556684330105782 0.53713695704937 0.278226539492607 0.260914459824562 0.331087756901979 0.504671037197113 0.435006469488144 0.594715431332588 0.343620885163546 0.380819499492645 0.551766648888588 0.595702022314072 0.556052297353745 0.474933713674545 0.588949874043465 0.509974107146263 0.498350501060486 0.0628969594836235 0.32956157065928 0.62489977478981 0.694040179252625 0.634719729423523 0.60883641242981 0.450915690511465 0.360254675149918 0.0571005754172802 0.0383548140525818 0.0951778963208199 0.0286427829414606 0.00941912829875946 0 0 0 0 0 0 0 0 0 0 0 -9999 -9999 -9999 0 0 0 0 0 0 0 0 0.0094345435500145 0.0773108452558517 0.241844981908798 0.320543259382248 0.523463025689125 0.641487330198288 0.685499787330627 0.787352800369263 0.674107402563095 0.497718431055546 0.301535427570343 0.271628528833389 0.319587469100952
0.528072386980057 0.373265720903873 0.298976376652718 0.302213713526726 0.287830665707588 0.322948142886162 0.211660608649254 0.268637850880623 0.364586539566517 0.297804772853851 0.530754759907722 0.545924037694931 0.528843179345131 0.393784292042255 0.354643285274506 0.389930333942175 0.451116107404232 0.0389560349285603 0.139390761032701 0.46179936081171 0.545846939086914 0.589227348566055 0.575322195887566 0.490025907754898 0.0977061092853546 0.239363014698029 0.220401436090469 0.0383548140525818 0.0477893576025963 0.00941912829875946 0 0 0 0 0 0 0 0 0 0 0 0 0 0 0 0 0 0 0 0 0 0 0.0094345435500145 0 0.17387618124485 0.282126784324646 0.44653756916523 0.625470176339149 0.823934733867645 0.801704972982407 0.51738914847374 0.397592019289732 0.339381515979767 0.211907252669334 0.0963032618165016
0.258941233158112 0.220416843891144 0.105583645403385 0.0864987373352051 0.0864987373352051 0.0960411876440048 0.0865603983402252 0.0865603983402252 0.278226539492607 0.0769254490733147 0.490056723356247 0.500323742628098 0.481161743402481 0.431676626205444 0.307054320350289 0.530754759907722 0.231778383255005 0.307316392660141 0.0389560349285603 0.613430336117744 0.259095400571823 0.587223291397095 0.557763457298279 0.278519451618195 0.278226539492607 0.268529936671257 0.191866561770439 0.0383548140525818 0.0286427829414606 0 0 0 0 0 0 0 0 0 0 0 0 0 0 0 0 0 0 0 0 0 0.0474347919225693 0 0 0 0.154575452208519 0.232194617390633 0.379586230963469 0.576632544398308 0.812326550483704 0.563405677676201 0.388388711959124 0.475750766694546 0.368887573480606 0.154513776302338 0.00968119874596596
0.00941912829875946 0.0383548140525818 0.0191003270447254 0.00941912829875946 0.00941912829875946 0.105583645403385 0.258941233158112 0.105583645403385 0.258941233158112 0.0383548140525818 0.0477739423513412 0.0865141525864601 0.315039781853557 0.197940438985825 0.255318500101566 0.244188204407692 0.159971013665199 0.268637850880623 0.183218229562044 0.0501017458736897 0.35977678745985 0.275420844554901 0.286535736173391 0.402710117399693 0.0768175348639488 0.268529936671257 0.0959795266389847 0.0286427829414606 0.00941912829875946 0 0 0 0 0 0 0 0 0 0 0 0 0 0 0 0 0 0 0 0 0 0.220355182886124 0.00941912829875946 0 0 0.106554850935936 0.232194617390633 0.340830601751804 0.56809213757515 0.764614284038544 0.474794954061508 0.397592019289732 0.416553616523743 0.368378847837448 0.0683387815952301 0.00968119874596596
0.00941912829875946 0.00941912829875946 0.00941912829875946 0.00941912829875946 0.0191003270447254 0.201285690069199 0.268529936671257 0.201285690069199 0.105583645403385 0.0191003270447254 0.0288123581558466 0.0383548140525818 0.0383548140525818 0.0679379627108574 0.116189800202847 0.0674446597695351 0.331380635499954 0.230760931968689 0.14446260035038 0.149873584508896 0.0866066478192806 0.383794791996479 0.227554425597191 0.0288123581558466 0.0481747537851334 0.153419256210327 0.0383548140525818 0.00941912829875946 0 0 0 0 0 0.104519948363304 0.0189615841954947 0 0 0 0 0 0 0 0 0 0 0 0 0 0 0.00941912829875946 0.00941912829875946 0.018853671848774 0 0.162884622812271 0.240812107920647 0.232194617390633 0.348862290382385 0.442745268344879 0.688305467367172 0.416599866002798 0.418249377980828 0.298868477344513 0.259588688611984 0.0392181053757668 0.00968119874596596
0.00941912829875946 0 0.00941912829875946 0.0189615841954947 0.0286427829414606 0.153419256210327 0.287830665707588 0.268529936671257 0.258941233158112 0.00941912829875946 0.0383548140525818 0.0383548140525818 0.230036377906799 0.0865912288427353 0.287830665707588 0.287830665707588 0.287830665707588 0.287830665707588 0.268946174532175 0.116251461207867 0.0288277734071016 0.193284824490547 0.271489799022675 0.0769254490733147 0.0769562795758247 0.0191003270447254 0 0 0 0 0 0 0.00941912829875946 0.0189615841954947 0 0 0 0 0 0 0 0 0 0 0 0 0 0.104535363614559 0 0.00941912829875946 0 0.00941912829875946 0.0476660281419754 0.248689651489258 0.299392610788345 0.251294940710068 0.28214218467474 0.360562982037663 0.65899983048439 0.330085724592209 0.299793422222137 0.222174257040024 0.106431521475315 0.00968119874596596 0
0 0 0.00941912829875946 0.00941912829875946 0.0286427829414606 0.0286427829414606 0.162930876016617 0.268529936671257 0.0383548140525818 0.00941912829875946 0.0191003270447254 0.00941912829875946 0.0286427829414606 0.0383548140525818 0.202549800276756 0.316411785781384 0.287830665707588 0.297373121604323 0.297450194135308 0.240380465984344 0.366282293573022 0.0528766103088856 0.0480514280498028 0.0288123581558466 0.115264847874641 0.0191003270447254 0 0 0 0 0 0 0 0.114062406122684 0 0 -9999 0 0 0 0 0 0 0 0 0 0 0.219430230557919 0 0.0957791209220886 0.298853069543839 0.279136091470718 0.279136091470718 0.299392610788345 0.359545528888702 0.319202065467834 0.241613745689392 0.387186300009489 0.339766923338175 0.270333588123322 0.25084787607193 0.0971048921346664 0.0481901690363884 0.0191003270447254 0
0 0 0 0.00941912829875946 0.00941912829875946 0 0.0191003270447254 0.268529936671257 0 0 0.00941912829875946 0.00941912829875946 0.00941912829875946 0.0286427829414606 0.0574551410973072 0.194441020488739 0.278226539492607 0.268529936671257 0.261777758598328 0.159971013665199 0.420777589082718 0.139128684997559 0.159971013665199 0.0383548140525818 0.153419256210327 0.0959795266389847 0 0 0.0286427829414606 0 0 0 0 0 0 0 -9999 -9999 0 0 0 0 0 0 0 0 0 0.238391816616058 0 0.191666156053543 0.279136091470718 0.288724780082703 0.308981329202652 0.426003586500883 0.522044777870178 0.407119074836373 0.0885182246565819 0.571468204259872 0.10808102786541 0.0881636589765549 0.0585496686398983 0.0780353918671608 0.0286427829414606 0.0286427829414606 0
0 0 0 0 0 0 0.172488749027252 0.0959795266389847 0.00941912829875946 0 0.00941912829875946 0.00941912829875946 0.00941912829875946 0.00941912829875946 0.0286427829414606 0.0286427829414606 0.0674446597695351 0.0383548140525818 0.114401556551456 0.178886353969574 0.362042903900146 0.139128684997559 0.381004512310028 0.0768175348639488 0.230067208409309 0.0286427829414606 0.0286427829414606 0.0286427829414606 0.0861750021576881 0 0 0 0 0 0 -9999 -9999 0 0 0 0 0 0 0 0 0 0 0.219430230557919 0 0.0191003270447254 0.279136091470718 0.36862550675869 0.339412331581116 0.56036876142025 0.522044777870178 0.627474263310432 0.137201696634293 0.476876124739647 0.290281802415848 0.321714878082275 0.26971697807312 0.249429613351822 0.279105246067047 0.258278340101242 0.0951008200645447
0 0 0 0 0 0.00941912829875946 0.239486336708069 0.0286427829414606 0.00941912829875946 0 0 0.00941912829875946 0.00941912829875946 0.00941912829875946 0.00941912829875946 0.00941912829875946 0.0191003270447254 0.0191003270447254 0.0191003270447254 0.201069861650467 0.409647295251489 0.248751312494278 0.42399949580431 0.162345066666603 0.162930876016617 0.00941912829875946 0.133455634117126 0.0572701469063759 0.287291115149856 0.220401436090469 0 0 0 0 -9999 -9999 -9999 0 0 0 0 0 0 0 0 0 0 0.0760004967451096 0 0 0.328097060322762 0.427221447229385 0.454738862812519 0.464512556791306 0.627474263310432 0.657489031553268 0.253961894661188 0.456187937408686 0.260205328464508 0.3105229139328 0.220848485827446 0.210781902074814 0.229697227478027 0 0
0 0 0 0 0 0.00941912829875946 0.00941912829875946 0.00941912829875946 0 0 0 0.00941912829875946 0.00941912829875946 0.00941912829875946 0 0.00941912829875946 0.00941912829875946 0.0191003270447254 0.0191003270447254 0.123913176357746 0.338996112346649 0.0288123581558466 0.258941233158112 0.143768891692162 0 0.201069861650467 0.297373121604323 -9999 -9999 0.0955324694514275 0 0.0094345435500145 -9999 -9999 -9999 -9999 -9999 0 0 0 0 0 0 0 0 0 0 0 0 0.191712394356728 0.600588873028755 0.513982228934765 0.541299268603325 0.618024304509163 0.638604536652565 0.647900342941284 0.387432942166924 0.445057664066553 0.136292159557343 0.299392610788345 0.201069861650467 0.210781902074814 0.0573780611157417 0 0.133902698755264
0 0 0 0 0 0.00941912829875946 0 0 0 0 0 0 0 0 0 0.00941912829875946 0 0 0.0191003270447254 0.14349140226841 0.275374621152878 0.0865141525864601 0.0383548140525818 0.0191003270447254 0.00941912829875946 -9999 -9999 -9999 0.00968119874596596 0 0 -9999 -9999 -9999 -9999 -9999 -9999 0 0 0 0 0 0 0 0 0 0 0 0 0.191712394356728 0.240287974476814 0.400937298312783 0.619827941060066 0.646836668252945 0.708192020654678 0.79843682050705 0.667555630207062 0.146805822849274 0.0970432236790657 0.145541712641716 0.201069861650467 0.162422150373459 0.0286427829414606 0.0579022020101547 0.0665659457445145
0 0 0 0 0.00941912829875946 0 0 0 0 0 0 0 0.00941912829875946 0 0 0 0 0 0.00941912829875946 0.0191003270447254 0.0481747537851334 0.278226539492607 0.114401556551456 0.0383548140525818 0.0383548140525818 0.172257512807846 0.00968119874596596 0 0 0.0285348705947399 -9999 -9999 -9999 -9999 -9999 -9999 -9999 -9999 0 0 0 0 0 0 0 0 0 0 0 0.248689640313387 0.241613745689392 0.369457978755236 0.664503291249275 0.698603302240372 0.78729110956192 0.787260293960571 0.78729110956192 0.24142874777317 0.0585496686398983 0.165135353803635 0.1434605717659 0.114848613739014 0.268344938755035 0.248951718211174 0.258278340101242
0 0 0 0 0.00941912829875946 0 0 0 0 0 0 0.00941912829875946 0.00941912829875946 0.00941912829875946 0 0 0 0 0 0.0191003270447254 0.0191003270447254 0.0288123581558466 0.258941233158112 0.153419256210327 0.230067208409309 0.123944006860256 0.0288123581558466 0.0960411876440048 0.124036505818367 0.0571005754172802 0.00941912829875946 0 0 -9999 -9999 -9999 -9999 0 0 0 0 0 0 0 0 0 0 0 0.191712394356728 0.25875623896718 0.312989465892315 0.73612567782402 0.681198716163635 0.717904061079025 0.767990380525589 0.79843682050705 0.79843682050705 0.290096819400787 0.368240118026733 0.329176187515259 0.08733119815588 0.0286427829414606 0.0286427829414606 0.143984705209732 0.258278340101242
0 0 0 0 0 0 0 0 0 0 0 0 0.00941912829875946 0.00941912829875946 0.00941912829875946 0 0 0 0 0 0 0 0.278226539492607 0.0769562795758247 0.115095272660255 0.0960411876440048 0.22061724960804 0.0671671703457832 0.278226539492607 0 0.0191003270447254 0.0286427829414606 -9999 -9999 -9999 -9999 0 0 0 0 0 0 0 0 0 0 0 0 0.12459147721529 0.0499013364315033 0.406903237104416 0.758478760719299 0.758478760719299 0.788878947496414 0.747625946998596 0.777686983346939 0.4759511500597 0.310877481475472 0.426049832254648 0.262440651655197 0.0972590520977974 0.0488376393914223 0 0 0.229589313268661
0 0 0 0 0 0 0 0 0 0 0 0 0 0.00941912829875946 0.00941912829875946 0 0 0 0 0 0 0 0.0191003270447254 0.268637850880623 0.0769254490733147 0.0961953513324261 0.229990139603615 0.278226539492607 0 0.0383548140525818 -9999 -9999 -9999 -9999 -9999 -9999 -9999 0 0 0 0 0 0 0 0 0 0 0 0.00968119874596596 0.314962685108185 0.329299503937364 0.510806575417519 0.809613347053528 0.789002269506454 0.787352800369263 0.766556710004807 0.717904061079025 0.464712955057621 0.196028862148523 0.147699937224388 0.220046866685152 0.25875623896718 0.172334581613541 0 0.0286427829414606
0 0 0 0 0 0 0 0 0 0 0 0 0 0 0.00941912829875946 0.0568693354725838 0.00941912829875946 0 0 0 0 0 0.0664888694882393 0.287907738238573 0.311864081770182 0.356909418478608 0.172473326325417 0.0383548140525818 0.0577634572982788 0.306668942794204 0.0768175348639488 -9999 -9999 -9999 -9999 -9999 -9999 -9999 0 0 0 0 0 0 0 0 0 0.00968119874596596 0.172334581613541 0.303616583347321 0.367453906685114 0.601575493812561 0.798483073711395 0.720077693462372 0.711814761161804 0.601359665393829 0.373003650456667 0.529937714338303 0.484691992402077 0.454708009958267 0.242415368556976 0.201778993010521 0.125100210309029 0.0094345435500145 0
0 0 0 0 0 0 0 0 0 0 0 0 0 0 0 0.143337234854698 0.230067208409309 0.0189615841954947 0.00941912829875946 0 0 0 0 0.201131522655487 0.461121052503586 0.47222051024437 0.326987117528915 0.0767867043614388 0.307054320350289 0.287830665707588 -9999 -9999 -9999 -9999 -9999 -9999 0 0 0 0 0 0 0 0 0 0.037907749414444 0 0.0577480420470238 0.172781646251678 0.161142632365227 0.562064483761787 0.618440538644791 0.798483073711395 0.879262506961823 0.90419003367424 0.784485429525375 0.78971141576767 0.289526421576738 0.557470560073853 0.512286499142647 0.157242402434349 0.0303539503365755 0.0392951853573322 0.00968119874596596 0
0 0 0 0 0 0 0 0 0 0 0 0 0 0 0 0.00941912829875946 0.0854504555463791 0.239393845200539 0.00941912829875946 0 0 0 0 0.277162849903107 0.278319049626589 0.297450194135308 0.211953500285745 0.336221244186163 0.355152018368244 0.220586428418756 0.0481747537851334 -9999 0 0 0 0 -9999 0 0 0 0 0 0 0 0 0 0.0381235741078854 0.173167049884796 0.271243125200272 0.464235067367554 0.558842554688454 0.696306347846985 0.80967503786087 0.747841775417328 0.691296190023422 0.936224311590195 0.72334586083889 0.355737812817097 0.585666283965111 0.584432989358902 0.518098287284374 -9999 0.14540296792984 0.0208114944398403 0.00968119874596596
0 0 0 0 0 0 0 0 0 0 0 0 0 0 0 0.00941912829875946 0.210781902074814 0.248982548713684 0.00941912829875946 0 0 0 0.191712394356728 0.248689640313387 0.278319049626589 0.25944996252656 0.144601348787546 0.232502931728959 0.0674600750207901 0.0383548140525818 0.0191003270447254 0 0 0 -9999 -9999 -9999 0 0 0 0 0 0 0 0 0.00941912829875946 0.0863291621208191 0.191712394356728 0.292532533407211 0.415998654440045 0.56655053794384 0.680181264877319 0.798483073711395 0.844638347625732 0.841693907976151 0.820712834596634 0.812711954116821 0.560538306832314 0.596919909119606 0.594561249017715 -9999 0.300764620304108 0.164225816726685 0.0482210032641888 0.00968119874596596
0 0 0 0 0 0 0 0 0 0 0 0 0 0 0 0.018853671848774 0.268005803227425 0.277702406048775 0.0189615841954947 0.00941912829875946 0 0 0.229620143771172 0.211259782314301 0.241814151406288 0.278319049626589 0.0501017458736897 0.0389560349285603 0.211259782314301 0.153542578220367 0.0286581981927156 0 0 0 0 -9999 -9999 0 0 0 0 0 0 0 0 0 0.0577480420470238 0.315718069672585 0.302768707275391 0.406610354781151 0.430551268160343 0.327387927100062 0.504778929054737 0.766125053167343 0.966300785541534 0.952734798192978 -9999 0.981470048427582 0.387710437178612 0.610825046896935 0.490627124905586 0.251849912106991 0.192945674061775 0.0197477955371141 0
0 0 0 0 0 0 0 0 0 0 0 0 0 0 0 0.00941912829875946 0.220447674393654 0.248982548713684 0.0189615841954947 0.00941912829875946 0 0.0094345435500145 0.201146937906742 0.230668440461159 0.232117533683777 0.374221488833427 0.268776599317789 0.221388056874275 0.0475427024066448 0 0 0 0 0.00941912829875946 -9999 -9999 -9999 -9999 0 0 0 0 -9999 -9999 -9999 0 0 0.347767770290375 0.281340569257736 0.193993955850601 0.540127649903297 0.527455754578114 0.634442239999771 0.597413197159767 0.772830963134766 0.977662324905396 0.988900542259216 0.771073549985886 0.75279027223587 0.62713511288166 0.539696007966995 0.385737195611 0.183434054255486 0.0197477955371141 0
0 0 0 0 0 0 0 0 0 0 0 0 0 0 0 0 0.00941912829875946 0.220108523964882 0.00941912829875946 0 0 0.0286581981927156 0.258201263844967 0.264259725809097 0.264259725809097 0.450900286436081 0.191712394356728 0.191712394356728 0 0.0385860502719879 0.0383548140525818 -9999 -9999 -9999 -9999 -9999 -9999 -9999 0 0 0 0 -9999 -9999 -9999 0 0.239023867994547 0.0188845042139292 0.220910161733627 0.312573228031397 0.689014598727226 0.816812604665756 0.878568798303604 0.642366021871567 0.772830963134766 0.787136942148209 0.899010300636292 0.834433019161224 0.734044522047043 0.662807524204254 0.528396129608154 0.424415737390518 0.0591354742646217 0.0197477955371141 0.00968119874596596
0 0 0 0 0 0 0 0 0 0 0 0 0 0 0 0.00941912829875946 0.00941912829875946 0.0572701469063759 0.0286427829414606 0 0 0.182000368833542 0.277162849903107 0.232117533683777 0.66297709941864 0.240349635481834 0.201146937906742 0.0288123581558466 0.0383548140525818 0.278226539492607 0.123820684850216 0.0476660281419754 -9999 -9999 -9999 -9999 -9999 -9999 0 0 0 0 0.00941912829875946 0.00941912829875946 -9999 -9999 0.104997843503952 0.0384318940341473 0.0581180229783058 0.168172294273973 0.658645242452621 0.802861213684082 0.878568798303604 0.897191226482391 0.657165333628654 0.695011407136917 0.932801991701126 0.716578274965286 0.644015520811081 0.632422760128975 0.407766535878181 0.289911821484566 0.321822784841061 0.0100665967911482 0.0286427829414606
0 0 0 0 0 0 0 0 0 0 0 0 0 0 0 0.00941912829875946 0 0.00941912829875946 0 0 0.0094345435500145 0.191712394356728 0.201131522655487 0.270241096615791 0.703089356422424 0.211259782314301 0.0191311594098806 0.316766351461411 0.307054320350289 0.181522479280829 0.268776580691338 0.0383548140525818 -9999 -9999 -9999 -9999 -9999 -9999 0 0 0 0 0.00941912829875946 0 0 0 0 0.0383548140525818 0.230098038911819 0.31215700879693 0.627258434891701 0.81118580698967 0.855213671922684 0.926651030778885 0.835589200258255 0.441080339252949 0.74406486749649 0.647684544324875 0.567352160811424 0.499953761696815 0.119072578847408 0.10808102786541 0.407489068806171 0.0100665967911482 0.0383548140525818
0 0 0 0 0 0 0 0 0 0 0 0 0 0 0 0 0.230067208409309 0.00941912829875946 0.00941912829875946 0.00941912829875946 0.00941912829875946 0.0478510223329067 0.230930507183075 0.240349635481834 0.279922295361757 0.230668440461159 0.00941912829875946 0.183218229562044 0.278226539492607 0.278226539492607 0.248982548713684 0.106061540544033 0.0963495075702667 0.0674446597695351 0.0286427829414606 0 -9999 -9999 -9999 -9999 -9999 0 0.00941912829875946 0 0 0 0.104782022535801 0.0494851097464561 0.369350070133805 0.359776781871915 0.169929701834917 0.376025170087814 0.695735961198807 0.722205072641373 0.851113051176071 0.816488891839981 0.598523154854774 0.397268287837505 0.339874831959605 0.149102792143822 0.72313004732132 0.452657699584961 0.0305235255509615 0.0392951853573322 0.224609971046448
0 0 0 0 0 0 0 0 0 0 0 0 0 0 0 0 0 0 0.00941912829875946 0.0191003270447254 0.0191003270447254 0.0284423753619194 0.13416476547718 0.240349635481834 0.264259725809097 0.450900286436081 0.0581796877086163 0.0769254490733147 0.0675063207745552 0.18244743347168 0.268807411193848 0.0476814471185207 0.0383548140525818 0.0191003270447254 0.0191003270447254 0 0 -9999 -9999 -9999 -9999 0 0 0 0 0 0.230468034744263 0.280061036348343 0.458114951848984 0.469075672328472 0.336051665246487 0.380911996588111 0.691373229026794 0.687257200479507 0.831966459751129 0.618440538644791 0.408413998782635 0.666199043393135 0.725396171212196 0.803354501724243 0.782049715518951 0.465792059898376 0.0400659814476967 0.250262081623077 0.368779689073563
0 0 0 0 0 0 0 0 0 0 0 0 0 0 0 0 0 0 0 0.00941912829875946 0.0288123581558466 0.0672442466020584 0.13416476547718 0.201331928372383 0.264259725809097 0.558919653296471 0.0486372336745262 0.183218229562044 0.0486372336745262 0.0480514280498028 0.268776580691338 0.0288123581558466 0 0.201146937906742 0.191712394356728 0.0094345435500145 0 0 0 -9999 -9999 -9999 0.0286427829414606 0 0 0.143892213702202 0.314207307994366 0.427884304895997 0.413270026445389 0.413300864398479 0.392304386943579 0.448048356920481 0.718751937150955 0.84320467710495 0.667093187570572 0.405253756791353 0.891471922397614 0.901076018810272 0.878661274909973 0.780199766159058 0.682108268141747 0.408568168058991 0.222266763448715 0.299392610788345 0.638188302516937
