data-raw/DATASET_PNE/a_DATA/PFGS/ENVSUIT_A1B/HS_f30_H6_megaph.asc
NCOLS 619 
NROWS 782 
XLLCORNER 876826 
YLLCORNER 1947424 
CELLSIZE 100 
NODATA_value -9999 
[rows 405 to 431 of 782, columns 480 to 539 of 619]
0.421853930140502 0.472573839662447 0.560920440210535 0.598068641524207 0.617164730958284 0.617164730958284 0.63556483535604 0.63556483535604 0.63556483535604 0.63556483535604 0.63556483535604 0.584844925834095 0.533994519117839 0.610204880595067 0.432685197268259 0.508460568097786 0.559180477619731 0.559615468267432 0.610074383400757 0.63556483535604 0.63556483535604 0.63556483535604 0.63556483535604 0.63556483535604 0.610074383400757 0.63556483535604 0.63556483535604 0.610074383400757 0.584714428639784 0.559441472008352 0.584975423028405 0.63556483535604 0.63556483535604 0.559745965461743 0.610335377789377 0.63556483535604 0.63556483535604 0.63556483535604 0.63556483535604 0.63556483535604 0.799556309539345 0.799556309539345 0.799556309539345 0.799556309539345 0.799556309539345 0.799556309539345 0.78146069859498 0.78146069859498 0.74483448605855 0.726738875114185 0.690547653225456 0.690547653225456 0.63556483535604 0.690547653225456 0.63556483535604 0.63556483535604 0.63556483535604 0.63556483535604 0.480925660098308 -9999
0.447213884901475 0.510853016660142 0.591935273391622 0.5667928139545 0.591935273391622 0.63556483535604 0.63556483535604 0.63556483535604 0.63556483535604 0.63556483535604 0.63556483535604 0.533559528470138 0.610204880595067 0.559354473878812 0.610074383400757 0.559093479490191 0.432293705685328 0.616468745921963 0.616468745921963 0.63556483535604 0.609987385271217 0.616468745921963 0.610074383400757 0.63556483535604 0.610074383400757 0.584714428639784 0.559093479490191 0.584975423028405 0.610074383400757 0.610074383400757 0.63556483535604 0.63556483535604 0.63556483535604 0.610335377789377 0.63556483535604 0.617164730958284 0.617164730958284 0.591935273391622 0.690460655095915 0.743964504763147 0.743964504763147 0.799556309539345 0.799556309539345 0.799556309539345 0.799556309539345 0.799556309539345 0.799556309539345 0.799556309539345 0.78146069859498 0.78146069859498 0.708860759493671 0.690547653225456 0.690547653225456 0.690547653225456 0.63556483535604 0.63556483535604 0.63556483535604 0.63556483535604 -9999 0.540954369481056
0.548218713297664 0.617164730958284 0.617164730958284 0.63556483535604 0.63556483535604 0.63556483535604 0.63556483535604 0.63556483535604 0.63556483535604 0.63556483535604 0.610204880595067 0.508852059680717 0.63556483535604 0.63556483535604 0.584670929575014 0.559093479490191 0.584453434251164 0.584583931445474 0.616468745921963 0.572186697985993 0.432772195397799 0.526556179042151 0.533994519117839 0.559093479490191 0.610074383400757 0.63556483535604 0.610030884335987 0.610204880595067 0.483144112401583 0.610335377789377 0.63556483535604 0.610335377789377 0.610335377789377 0.617164730958284 0.598068641524207 0.598068641524207 0.725346905041542 0.671364565661838 0.671364565661838 0.689242681282352 0.743964504763147 0.743964504763147 0.743964504763147 0.725346905041542 0.762364609160903 0.780460220105268 0.799556309539345 0.799556309539345 0.799556309539345 0.63556483535604 0.63556483535604 0.726738875114185 0.74483448605855 0.726738875114185 0.726738875114185 0.690547653225456 0.63556483535604 0.67219104789247 -9999 0.63556483535604
0.617164730958284 0.617164730958284 0.63556483535604 0.63556483535604 0.63556483535604 0.63556483535604 0.63556483535604 0.63556483535604 0.610204880595067 0.63556483535604 0.508460568097786 0.610030884335987 0.559049980425421 0.463917525773196 0.508373569968246 0.508373569968246 0.609943886206447 0.508460568097786 0.533559528470138 0.559180477619731 0.63556483535604 0.483709600243595 0.458088651094001 0.584714428639784 0.559789464526513 0.610204880595067 0.63556483535604 0.63556483535604 0.63556483535604 0.63556483535604 0.63556483535604 0.617164730958284 0.598068641524207 0.598068641524207 0.598068641524207 0.598068641524207 0.743964504763147 0.689242681282352 0.598068641524207 0.616599243116273 0.598068641524207 0.689242681282352 0.689242681282352 0.671364565661838 0.671364565661838 0.762060115707512 0.780460220105268 0.616468745921963 0.616468745921963 0.63556483535604 0.78146069859498 0.78146069859498 0.78146069859498 0.799556309539345 0.799556309539345 0.78146069859498 0.78146069859498 0.78146069859498 0.78146069859498 0.74483448605855
0.617164730958284 0.63556483535604 0.63556483535604 0.63556483535604 0.63556483535604 0.63556483535604 0.610378876854148 0.610204880595067 0.63556483535604 0.63556483535604 0.508678063421636 0.616468745921963 0.616468745921963 0.584627430510244 0.63556483535604 0.63556483535604 0.63556483535604 0.63556483535604 0.63556483535604 0.533951020053069 0.584714428639784 0.63556483535604 0.63556483535604 0.63556483535604 0.63556483535604 0.63556483535604 0.63556483535604 0.63556483535604 0.509243551263648 0.560006959850363 0.617164730958284 0.591935273391622 0.572839183957545 0.560920440210535 0.560920440210535 0.560920440210535 0.670973074078907 0.579407542737831 0.560876941145765 0.560876941145765 0.560876941145765 0.616599243116273 0.598068641524207 0.598068641524207 0.598068641524207 0.598068641524207 0.817521423289399 0.780460220105268 0.744268998216538 0.799556309539345 0.799556309539345 0.78146069859498 0.836617512723476 0.909043455565705 0.836617512723476 0.836617512723476 0.63556483535604 0.799556309539345 0.78146069859498 0.818043412066641
0.63556483535604 0.63556483535604 0.63556483535604 0.63556483535604 0.63556483535604 0.63556483535604 0.610204880595067 0.63556483535604 0.508721562486407 0.539997390056114 0.565487842011397 0.59106529209622 0.514463439036061 0.457784157640611 0.63556483535604 0.584670929575014 0.610204880595067 0.584975423028405 0.63556483535604 0.559745965461743 0.584975423028405 0.63556483535604 0.63556483535604 0.63556483535604 0.63556483535604 0.610335377789377 0.63556483535604 0.591935273391622 0.591935273391622 0.598068641524207 0.572839183957545 0.572839183957545 0.579799034320762 0.535299491060942 0.541998347035539 0.541998347035539 0.560876941145765 0.560876941145765 0.560876941145765 0.560876941145765 0.560876941145765 0.491017443124973 0.541998347035539 0.560920440210535 0.598068641524207 0.598068641524207 0.817173430771238 0.817521423289399 0.799034320762104 0.818130410196181 0.818130410196181 0.818130410196181 0.836617512723476 0.909043455565705 0.92713906651007 0.63556483535604 0.836617512723476 0.799556309539345 0.63556483535604 0.63556483535604
0.63556483535604 0.63556483535604 0.63556483535604 0.63556483535604 0.63556483535604 0.63556483535604 0.63556483535604 0.458045152029231 0.546826743225021 0.565400843881857 0.457784157640611 0.381921788681543 0.610204880595067 0.63556483535604 0.63556483535604 0.63556483535604 0.559180477619731 0.63556483535604 0.559832963591283 0.63556483535604 0.610335377789377 0.560006959850363 0.560006959850363 0.610335377789377 -9999 0.617164730958284 0.598068641524207 0.598068641524207 0.598068641524207 0.598068641524207 0.579799034320762 0.560920440210535 0.491147940319283 0.424159380573318 0.464396015485667 0.523293749184393 0.541998347035539 0.541998347035539 0.541998347035539 0.522075775370829 0.483100613336813 0.483100613336813 0.541998347035539 0.541998347035539 0.598068641524207 0.598068641524207 0.598068641524207 0.817521423289399 0.817521423289399 0.854669624603071 0.836617512723476 0.836617512723476 0.873026229936056 0.909043455565705 0.909043455565705 0.63556483535604 0.909043455565705 0.909043455565705 0.909043455565705 0.78146069859498
0.63556483535604 0.63556483535604 0.610378876854148 0.63556483535604 0.63556483535604 0.483448605854974 0.483144112401583 0.381921788681543 0.418548001217974 0.63556483535604 0.610030884335987 0.63556483535604 0.63556483535604 0.63556483535604 0.63556483535604 0.63556483535604 0.63556483535604 0.63556483535604 0.610335377789377 0.689982165383444 0.610335377789377 0.610335377789377 0.541345861063987 0.5667928139545 0.617164730958284 0.598068641524207 0.598068641524207 0.560920440210535 0.5545695767541 0.484884074992388 0.365435643133673 0.398538431423724 0.327156466135978 0.327156466135978 0.328200443690461 0.386924181130106 0.386924181130106 0.405628778981252 0.443733959719866 0.443733959719866 0.366131628169994 0.405454782722171 0.464396015485667 0.541998347035539 0.579190047413981 0.598068641524207 0.598068641524207 0.817521423289399 0.909043455565705 0.909043455565705 0.909043455565705 0.909043455565705 0.92713906651007 0.873026229936056 0.63556483535604 0.873026229936056 0.927400060898691 0.818130410196181 0.909043455565705 0.836617512723476
0.610378876854148 0.63556483535604 0.63556483535604 0.63556483535604 0.559441472008352 0.59097829396668 0.407281743442516 0.483448605854974 0.63556483535604 0.63556483535604 0.63556483535604 0.63556483535604 0.63556483535604 0.63556483535604 0.53460350602462 0.610335377789377 0.63556483535604 0.63556483535604 0.63556483535604 0.617164730958284 0.541215363869677 0.503806168167384 0.484623080603767 0.433990169211362 0.408630214450389 0.560920440210535 0.560920440210535 0.516377397885945 0.424159380573318 0.345730566792814 0.271782156683631 0.202836139023011 0.253643046674496 0.177737178650659 0.272217147331332 0.272217147331332 0.272217147331332 0.290356257340467 0.290356257340467 0.290356257340467 0.290356257340467 0.347601026577929 0.483100613336813 0.516377397885945 0.598068641524207 0.598068641524207 0.598068641524207 0.889947366131628 0.889947366131628 0.799034320762104 0.799034320762104 0.63556483535604 0.63556483535604 0.63556483535604 0.63556483535604 0.63556483535604 0.945495671843055 0.96346078559311 0.927400060898691 0.89068685023272
0.63556483535604 0.63556483535604 0.407281743442516 0.59097829396668 0.413719605028492 0.483448605854974 0.483448605854974 0.63556483535604 0.63556483535604 0.63556483535604 0.63556483535604 0.63556483535604 0.63556483535604 0.56674931488973 0.617164730958284 0.617164730958284 0.617164730958284 0.617164730958284 0.522554265083301 0.55465657488364 0.400582887467919 0.322545565270347 0.28357040323633 0.347949019096089 0.387141676453956 0.463526034190265 0.483100613336813 0.437905085040672 0.302970986123798 0.144677889425377 0.253643046674496 0.228065596589673 0.228065596589673 0.253643046674496 0.253643046674496 0.253643046674496 0.253643046674496 0.253643046674496 0.177606681456349 0.272217147331332 0.290356257340467 0.405454782722171 0.516377397885945 0.579799034320762 0.598068641524207 0.598068641524207 0.616468745921963 0.908303971464614 0.799034320762104 0.799034320762104 0.616468745921963 0.616468745921963 0.63556483535604 0.63556483535604 0.616468745921963 0.63556483535604 0.63556483535604 0.63556483535604 1 1
0.63556483535604 0.458393144547392 0.514767932489451 0.514811431554221 0.63556483535604 0.63556483535604 0.63556483535604 0.63556483535604 0.63556483535604 0.63556483535604 0.63556483535604 0.617164730958284 0.497585801905259 0.325851494192875 0.503501674713994 0.547479229196572 0.572839183957545 0.598068641524207 0.579799034320762 0.349949976075514 0.290225760146157 0.271782156683631 0.246161207534038 0.195093305493932 0.239505850624212 0.138196528774631 0.21445038931663 0.188481447648876 0.101439819043891 0.253643046674496 0.152159728565836 0.202879638087781 0.202879638087781 0.228065596589673 0.202879638087781 0.253643046674496 0.228065596589673 0.253643046674496 0.253643046674496 0.253643046674496 0.290356257340467 0.483100613336813 0.535299491060942 0.598068641524207 0.598068641524207 0.598068641524207 0.799034320762104 0.889947366131628 0.616468745921963 0.616468745921963 0.616468745921963 0.616468745921963 0.616468745921963 0.616468745921963 0.616468745921963 0.616468745921963 0.616468745921963 0.616468745921963 0.63556483535604 1
0.63556483535604 0.640784723128453 0.63556483535604 0.63556483535604 0.63556483535604 0.63556483535604 0.63556483535604 0.63556483535604 0.63556483535604 0.63556483535604 0.617164730958284 0.592022271521162 0.459828613684806 0.40897820696855 0.260994388620645 0.330462395058506 0.503414676584453 0.338422723911436 0.322545565270347 0.327156466135978 0.246161207534038 0.10126582278481 0.228022097524903 0.202836139023011 0.253643046674496 0.202923137152551 0.253643046674496 0.253643046674496 0.253643046674496 0.177519683326808 0.177650180521119 0.202836139023011 0.152507721083997 0.177650180521119 0.177650180521119 0.177650180521119 0.228065596589673 0.228065596589673 0.228065596589673 0.253643046674496 0.290356257340467 0.483100613336813 0.535299491060942 0.598068641524207 0.598068641524207 0.579799034320762 0.598068641524207 0.598068641524207 0.598068641524207 0.598068641524207 0.598068641524207 0.598068641524207 0.598068641524207 0.598068641524207 0.598068641524207 0.598068641524207 0.616468745921963 0.616468745921963 0.616468745921963 1
0.63556483535604 0.63556483535604 0.63556483535604 0.63556483535604 0.63556483535604 0.63556483535604 0.63556483535604 0.617164730958284 0.617164730958284 0.440080038279177 0.376788899038671 0.330375396928966 0.169254861020488 0.270303188481448 0.28339640697725 0.244899734655705 0.290225760146157 0.437905085040672 0.246161207534038 0.144677889425377 0.151898734177215 0.126669276610553 0.202836139023011 0.177258688938188 0.152159728565836 0.202879638087781 0.202879638087781 0.202879638087781 0.177650180521119 0.177650180521119 0.177737178650659 0.152507721083997 0.0764713558658489 0.177650180521119 0.202836139023011 0.228065596589673 0.228065596589673 0.228065596589673 0.202705641828701 0.253643046674496 0.290356257340467 0.483100613336813 0.560920440210535 0.560920440210535 0.579190047413981 0.560920440210535 0.598068641524207 0.598068641524207 0.579799034320762 0.579799034320762 0.579799034320762 0.579799034320762 0.579799034320762 0.598068641524207 0.598068641524207 0.598068641524207 0.591369785549611 0.616468745921963 0.616468745921963 0.616468745921963
0.63556483535604 0.63556483535604 0.63556483535604 0.63556483535604 0.63556483535604 0.43307668885119 0.617164730958284 0.547479229196572 0.325851494192875 0.528731132280656 0.286441341511158 0.250815607464439 0.0935664883205011 0.10126582278481 0.0757318717647571 0.0938709817738919 0.144677889425377 0.246161207534038 0.253643046674496 0.0502414198094741 0.152159728565836 0.253643046674496 0.127104267258254 0.152507721083997 0.177737178650659 0.177737178650659 0.177737178650659 0.152507721083997 0.152507721083997 0.102005306885902 0.152507721083997 0.152333724824916 0.076514854930619 0.177650180521119 0.228065596589673 0.228065596589673 0.228065596589673 0.253643046674496 0.253643046674496 0.253643046674496 0.290356257340467 0.483100613336813 0.541998347035539 0.560920440210535 0.541998347035539 0.541998347035539 0.560920440210535 0.521510287528818 0.423506894601766 0.482143633911871 0.560920440210535 0.560920440210535 0.560920440210535 0.560920440210535 0.579799034320762 0.598068641524207 0.598068641524207 0.616468745921963 0.799034320762104 0.616468745921963
0.63556483535604 0.63556483535604 0.63556483535604 0.63556483535604 0.465048501457219 0.370307538387925 0.547305232937492 0.332985340815172 0.358171299317065 0.306711905694028 0.264691809126104 0.10126582278481 0.101744312497281 0.152290225760146 0.177867675844969 0.177650180521119 0.177215189873418 0.228022097524903 0.228413589107834 0.228457088172604 0.202836139023011 0.228065596589673 0.152333724824916 0.127104267258254 0 0 0.177693679585889 0.0759493670886076 0.0508504067162556 0.202879638087781 0.152507721083997 0.202879638087781 0.127104267258254 0.202879638087781 0.202879638087781 0.177650180521119 0.152159728565836 0.228065596589673 0.253643046674496 0.253643046674496 0.290356257340467 0.347601026577929 0.483100613336813 0.483100613336813 0.483100613336813 0.384836226021141 0.384836226021141 0.309060855191613 0.345730566792814 0.384836226021141 0.424159380573318 0.502588194353821 0.502588194353821 0.541998347035539 0.560920440210535 0.560920440210535 0.598068641524207 0.616468745921963 0.810474574796642 0.616468745921963
0.63556483535604 0.63556483535604 0.617164730958284 0.465178998651529 0.326677976423507 0.305276436556614 0.387446169907347 0.270477184740528 0.340989168732872 0.271782156683631 0.0506329113924051 0.202879638087781 0.0766453521249293 0.127408760711645 0.051024402975336 0.152029231371525 0.152246726695376 0.152246726695376 0.202879638087781 0.228065596589673 0.202879638087781 0.177737178650659 0 0 0 0 0 0 0 0.0764713558658489 0.127104267258254 0.127104267258254 0.228065596589673 0.228065596589673 0.228065596589673 0.151855235112445 0.20244464744008 0.228065596589673 0.177171690808648 0.272217147331332 0.272217147331332 0.290356257340467 0.366131628169994 0.347601026577929 0.345730566792814 0.290356257340467 0.253643046674496 0.253643046674496 0.253643046674496 0.290356257340467 0.308495367349602 0.405454782722171 0.502588194353821 0.502588194353821 0.483100613336813 0.560920440210535 0.598068641524207 0.616468745921963 0.980903910565923 0.773935360389752
0.63556483535604 0.617164730958284 0.598068641524207 0.510374526947671 0.244421244943234 0.264691809126104 0.246161207534038 0.195180303623472 0.10126582278481 0.152029231371525 0.0766453521249293 0.0766453521249293 0.102005306885902 0.152116229501066 0.177737178650659 0.152333724824916 0.202923137152551 0.177432685197268 0.152333724824916 0.253643046674496 0.177737178650659 0 0 0 0 0 0 0.102005306885902 0.126712775675323 0.228457088172604 0 0.0255339510200531 0.20257514463439 0.152116229501066 0.0757753708295272 0.0503719170037844 0.228065596589673 0.152072730436296 0.0503284179390143 0.151637739788595 0.253643046674496 0.272217147331332 0.290356257340467 0.272217147331332 0.253643046674496 0.253643046674496 0.253643046674496 0.253643046674496 0.221453738744617 0.24685719257036 0.272217147331332 0.327199965200748 0.424159380573318 0.502588194353821 0.483100613336813 0.541998347035539 0.598068641524207 0.616468745921963 0.980903910565923 0.955804950193571
0.483840097437905 0.598068641524207 0.598068641524207 0.42502936186872 0.156640132237157 0.0506329113924051 0.10126582278481 0.0766453521249293 0.126625777545783 0.101526817173431 0.0766453521249293 0.0762103614772282 0 0 0.102005306885902 0.127408760711645 0.101613815302971 0.076123363347688 0.101613815302971 0.152333724824916 0.151942233241985 0 0 0 0 0 0 0 0 0 0.0508939057810257 0.0508939057810257 0.228065596589673 0.20257514463439 0.126930270999174 0.20257514463439 0.151855235112445 0.176954195484797 0.100917830266649 0.151637739788595 0.177171690808648 0.202705641828701 0.253643046674496 0.253643046674496 0.253643046674496 0.253643046674496 0.177171690808648 0.177171690808648 0.202749140893471 0.202749140893471 0.24681369350559 0.272217147331332 0.386924181130106 0.424159380573318 0.483100613336813 0.502588194353821 0.579799034320762 0.962503806168167 0.980903910565923 0.980903910565923
0.617164730958284 0.579799034320762 0.47775022837009 0.257818956892427 0.0766453521249293 0.152638218278307 0.0766453521249293 0.127234764452564 0.101613815302971 0.101483318108661 0.127234764452564 0 0 0 0 0 0 0 0 0.0255339510200531 0 0 0 0 0 0 0 0 0 0 0 0.0764713558658489 0.202879638087781 0.177650180521119 0.228065596589673 0.253643046674496 0.253643046674496 0.253643046674496 0.253643046674496 0.253643046674496 0.228065596589673 0.253643046674496 0.253643046674496 0.253643046674496 0.253643046674496 0.0503719170037844 0.253643046674496 0.253643046674496 0.202749140893471 0.272217147331332 0.272217147331332 0.290356257340467 0.386924181130106 0.424159380573318 0.463526034190265 0.560920440210535 0.579799034320762 0.907694984557832 0.616468745921963 0.616468745921963
0.598068641524207 0.535603984514333 0.250598112140589 0.10126582278481 0.0766453521249293 0.127234764452564 0.127234764452564 0.051024402975336 0 0 0 0 0 0 0 0 0 0 0 0 0 0 0 0 0 0 0 0 0 0 0 0 0.0253599547609726 0.0253599547609726 0.127104267258254 0.152507721083997 0.177737178650659 0.202879638087781 0.228065596589673 0.202879638087781 0.202879638087781 0.228457088172604 0.228065596589673 0.228065596589673 0.20257514463439 0.177171690808648 0.221279742485537 0.221279742485537 0.272217147331332 0.290356257340467 0.308495367349602 0.4252033581278 0.386924181130106 0.347601026577929 0.483100613336813 0.560920440210535 0.907694984557832 0.798729827308713 0.598068641524207 0.616468745921963
0.579799034320762 0.346078559310975 0.0804732698246988 0.0766453521249293 0.0766453521249293 0 0 0 0 0 0 0 0 0 0 0 0 0 0 0 0 0 0 0 0 0 0 0 0 0 0 0 0 0 0.0253599547609726 0.0253599547609726 0.0509809039105659 0.102005306885902 0.0253599547609726 0.127408760711645 0.152507721083997 0.202879638087781 0.253643046674496 0.228065596589673 0.253643046674496 0.221279742485537 0.221279742485537 0.272217147331332 0.290356257340467 0.309060855191613 0.4252033581278 0.347601026577929 0.704945843664361 0.502588194353821 0.541998347035539 0.579799034320762 0.962503806168167 0.598068641524207 0.616468745921963 0.616468745921963
0.560920440210535 0.200226195136805 0.10126582278481 0.101613815302971 0 0 0 0 0 0 0 0 0 0 0 0 0 0 0 0 0 0 0 0 0 0 0 0 0 0 0 0 0 0 0 0 0 0 0 0.0253599547609726 0.0504589151333246 0.177737178650659 0.228065596589673 0.253643046674496 0.228065596589673 0.228065596589673 0.272217147331332 0.272217147331332 0.290356257340467 0.308495367349602 0.499499760755144 0.444821436339119 0.483100613336813 0.560920440210535 0.907694984557832 0.598068641524207 0.962503806168167 0.598068641524207 0.616468745921963 0.616468745921963
0.503023185001522 0.137935534386011 0.0766453521249293 0.0764713558658489 0 0 0 0 0 0 0 0 0 0 0 0 0 0 0 0 0 0 0 0 0 0 0 0 0 0 0 0 0 0 0 0 0 0 0 0.0764713558658489 0.127104267258254 0.076514854930619 0.202879638087781 0.228065596589673 0.20244464744008 0.253643046674496 0.202836139023011 0.272217147331332 0.290356257340467 0.327199965200748 0.483100613336813 0.649267040758624 0.541998347035539 0.944234198964722 0.598068641524207 0.962503806168167 0.962503806168167 0.634346861542477 0.634346861542477 0.616468745921963
0.28339640697725 0.0758188698942973 0 0 0 0 0 0 0 0 0 0 0 0 0 0 0 0 0 0 0 0 0 0 0 0 0 0 0 0 0 0 0 0 0 0 0.0253599547609726 0.152333724824916 0.127104267258254 0.152507721083997 0.0764713558658489 0.152246726695376 0 0 0.228065596589673 0.253643046674496 0.253643046674496 0.272217147331332 0.272217147331332 0.327199965200748 0.502588194353821 0.685458262647353 0.944234198964722 0.962503806168167 0.962503806168167 0.962503806168167 0.980903910565923 0.905041541606855 0.652877463134543 0.616468745921963
0.0686415242072295 0 0 0 0 0 0 0 0 0 0 0 0 0 0 0 0 0 0 0 0 0 0 0 0 0 0 0 0 0 0 0 0 0 0 0 0 0.0508939057810257 0.177389186132498 0.228065596589673 0.228065596589673 0.228065596589673 0.202879638087781 0.228065596589673 0.0251859585018922 0.10117882465527 0.177171690808648 0.195615294271173 0.272217147331332 0.308495367349602 0.424159380573318 0.868850319718126 0.944234198964722 0.598068641524207 0.962503806168167 0.980903910565923 0.616468745921963 0.980903910565923 0.980903910565923 0.616468745921963
0 0 0 0 0 0 0 0 0 0 0 0 0 0 0 0 0 0 0 0 0 0 0 0 0 0 0 0 0 0 0 0 0 0 0 0.101570316238201 0 0.202879638087781 0.253643046674496 0.177476184262038 0.101439819043891 0.0758188698942973 0.126712775675323 0.253643046674496 0.253643046674496 0.253643046674496 0.228065596589673 0.170690330157902 0.272217147331332 0.308495367349602 0.502588194353821 0.560920440210535 0.944234198964722 0.962503806168167 0.962503806168167 0.980903910565923 0.980903910565923 0.980903910565923 0.889947366131628 0.780460220105268
0 0 0 0 0 0 0 0 0 0 0 0 0 0 0 0 0 0 0 0 0 0 0 0 0 0 0 0 0 0 0 0.0253599547609726 0 0 0 0.101570316238201 0.0759928661533777 0.202879638087781 0.253643046674496 0.152116229501066 0.0251859585018922 0.177563182391579 0.0251859585018922 0.0251859585018922 0.177302188002958 0.253643046674496 0.272217147331332 0.290356257340467 0.345730566792814 0.424159380573318 0.502588194353821 0.560920440210535 0.944234198964722 0.944234198964722 0.962503806168167 0.980903910565923 0.930444995432598 0.908042977075993 0.707642785680108 0.616468745921963
