data-raw/DATASET_PNE/a_DATA/PFGS/ENVSUIT_A1B/HS_f0_C1_ruderal.asc
NCOLS 619 
NROWS 782 
XLLCORNER 876826 
YLLCORNER 1947424 
CELLSIZE 100 
NODATA_value -9999 
[rows 319 to 347 of 782, columns 192 to 255 of 619]
0.693437753173103 1 1 1 1 1 1 1 1 0.917850391574399 1 1 0.972832838239265 1 1 1 1 1 1 1 1 1 1 1 1 1 1 0.835484742100999 1 1 1 1 1 0.972832838239265 0.803618687550635 0.534593572778828 0.72460167431812 0.723035376721577 0.365487442614097 0.327194166891709 0.172508776667567 0.247204968944099 0.534593572778828 0.552687010532001 0.7294625978936 0.754847421009992 0.818093437753173 0.748960302457467 0.580448285174183 1 0.661301647312989 0.539724547664056 0.719524709694842 0.815608965703484 0.644126384012962 0.451417769376181 0.23056980826357 0.193788819875776 0.256332703213611 0.292249527410208 0.327194166891709 0.154523359438293 0.0180394274912233 0
0.890737240075614 1 1 1 1 1 1 1 1 1 1 1 1 1 1 1 1 1 1 1 1 1 1 1 1 0.835484742100999 1 1 1 1 1 1 0.972832838239265 0.702187415608966 0.562030785849311 0.677018633540373 0.506130164731299 0.136862003780718 0.0359168241965974 0.0359168241965974 0.0359168241965974 0.283607885498245 0.576667566837699 0.511099108830678 0.534593572778828 0.556791790440184 0.865028355387524 0.815446934917634 0.661301647312989 0.661301647312989 0.600486092357548 0.868052930056711 1 0.539724547664056 0.673994058871185 0.676424520658925 0.231325951930867 0.256818795571158 0.175047258979206 0.20226843100189 0.292249527410208 0.308344585471239 0.0180394274912233 0.0180394274912233
0.94577369700243 0.900999189846071 1 1 1 1 1 1 1 1 1 1 1 1 1 1 1 1 1 1 1 1 1 0.835484742100999 1 1 1 1 1 1 1 1 0.702187415608966 0.589305968133945 0.407561436672968 0.1177423710505 0.237213070483392 0.0359168241965974 0.0359168241965974 0.0359168241965974 0.453308128544423 0.13178503915744 0.568241965973535 0.677018633540373 0.477990818255469 0.303753713205509 0.441533891439373 0.885282203618688 0.972832838239265 0.613340534701593 0.697056440723738 0.51990278152849 0.482581690521199 0.444072373751013 0.442560086416419 0.503267620847961 0.361166621658115 0.339886578449905 0.256818795571158 0.120334863624089 0.284256008641642 0.327194166891709 0.0631920064812314 0.0180394274912233
0.86346205779098 1 1 1 1 1 1 1 1 1 1 1 1 1 1 1 1 1 1 1 1 1 1 1 1 1 1 1 1 1 0.972832838239265 0.756413718606535 0.589143937348096 0.473345935727788 0.0823116392114502 0.172616797191466 0.145179584120983 0.0453146097758574 0.0359168241965974 0 0.0180394274912233 0.0180394274912233 0.170240345665676 0.202106400216041 0.338374291115312 0.266054550364569 0.311369160140427 0.317418309478801 0.552687010532001 0.576343505266001 0.703159600324062 0.482851741830948 0.403456656764785 0.403456656764785 0.384337024034567 0.376181474480151 0.329948690251148 0.267674858223062 0.267026735079665 0.147394004860924 0.283283823926546 0.365487442614097 0.280799351876857 0.0359168241965974
0.86346205779098 0.868431001890359 1 1 1 1 1 1 1 1 1 1 1 1 1 1 1 1 1 1 0.835484742100999 1 1 1 1 1 1 1 1 0.972832838239265 0.857682959762355 0.61658115041858 0.677018633540373 0.15538752362949 0.0359168241965974 0.0728598433702403 0.0999189846070754 0 0.0359168241965974 0.0180394274912233 0 0.154739400486092 0.172616797191466 0.0933297326492033 0.0933297326492033 0.346961922765325 0.365487442614097 0.365487442614097 0.534593572778828 0.351714825816905 0.561868755063462 0.707642452065892 0.394598973805023 0.442560086416419 0.403456656764785 0.365487442614097 0.301971374561167 0.201458277072644 0.174507156359708 0.16699972994869 0.23056980826357 0.63300027005131 0.346961922765325 0.308344585471239
0.840723737510127 1 1 1 1 1 1 1 1 1 1 1 1 1 1 1 1 1 1 0.653092087496624 0.754469349176343 1 1 1 1 1 1 1 1 0.850283553875236 0.756629759654334 0.554091277342695 0.365487442614097 0.0359168241965974 0.0631920064812314 0.0180394274912233 0 0 0 0.0180394274912233 0 0.0180394274912233 0.0359168241965974 0.0359168241965974 0.0180394274912233 0.199837969214151 0.281177423710505 0.346961922765325 0.622576289495004 0.651957871995679 0.534593572778828 0.534593572778828 0.628031325951931 0.278530920874966 0.158574129084526 0.174831217931407 0.147285984337024 0.228571428571429 0.201620307858493 0.0930596813394545 0.112179314069673 0.570294355927626 0.338374291115312 0.346961922765325
1 1 1 1 1 1 1 1 1 1 1 1 1 1 1 1 0.422306238185255 0.377153659195247 1 1 1 1 1 1 1 1 1 1 0.868431001890359 0.728490413178504 0.643532271131515 0.365487442614097 0.27291385363219 0.0359168241965974 0.145341614906832 0 0 0 0 0 0 0 0.0180394274912233 0.0359168241965974 0.0180394274912233 0.0180394274912233 0.0180394274912233 0.0180394274912233 0.0359168241965974 0.346961922765325 0.365487442614097 0.570456386713476 0.561868755063462 0.462867944909533 0.388117742371051 0.185363219011612 0.201458277072644 0.174345125573859 0.201620307858493 0.11050499594923 0.0930596813394545 0.240561706724278 0.330326762084796 0.365487442614097
1 1 1 1 1 1 1 1 1 1 1 1 1 1 1 0.526924115581961 0.422306238185255 0.734647583040778 1 1 1 1 0.945287604644882 1 1 0.972832838239265 1 0.890683229813665 0.567215770996489 0.532919254658385 0.457790980286254 0.365487442614097 0.172562786929517 0.0359168241965974 0.0631920064812314 0 0 0 0 0 0 0 0 0 0 0.0180394274912233 0.0180394274912233 0.0180394274912233 0.0180394274912233 0.0180394274912233 0.0910072913853632 0.365487442614097 0.339184445044558 0.504779908182555 0.395895220091817 0.25887118552525 0.0930596813394545 0.147394004860924 0.147394004860924 0.0745341614906832 0.0556845800702133 0.0930596813394545 0.0745341614906832 0.0745341614906832
1 1 1 1 1 1 1 1 1 1 1 1 0.900783148798272 0.780124223602484 0.6352687010532 0.404428841479881 0.564137186065352 1 1 1 1 1 1 0.972832838239265 0.972832838239265 0.952470969484202 0.959600324061572 0.693437753173103 0.543829327572239 0.385255198487713 0.365487442614097 0.238617337294086 0.0912773426951121 0.0359168241965974 0.0904671887658655 0.0180394274912233 0 0 0 0 0 0 0 0.0180394274912233 0 0 0.0180394274912233 0.0180394274912233 0.0180394274912233 0.0180394274912233 0.0359168241965974 0.0359168241965974 0.346961922765325 0.436889008911693 0.544909532811234 0.473615987037537 0.158304077774777 0.0930596813394545 0.0930596813394545 0.0930596813394545 0.120604914933837 0.0359168241965974 0.0359168241965974 0.0745341614906832
1 1 1 1 1 1 1 1 1 1 1 1 0.835484742100999 0.402538482311639 0.767323791520389 1 1 1 1 1 1 1 0.972832838239265 0.87755873615987 0.7294625978936 0.737564137186065 0.532919254658385 0.20480691331353 0.431541992978666 0.311423170402376 0.229921685120173 0.0826897110450986 0.0359168241965974 0.0359168241965974 0.0359168241965974 0 0 0 0 0 0 0 0 0 0 0 0 0 0 0.235754793410748 0.154739400486092 0.0180394274912233 0.181636510937078 0.308344585471239 0.585741290845261 0.705428031325952 0.411180124223603 0.229273561976776 0.0930596813394545 0.0930596813394545 0.0930596813394545 0.0359168241965974 0.0359168241965974 0.0556845800702133
1 1 1 1 1 1 1 1 1 1 0.983364839319471 0.835484742100999 0.727842290035107 0.54350526600054 1 1 1 1 1 1 1 1 0.878530920874966 0.716554145287605 0.456062651903862 0.357169862273832 0.643046178773967 0.40226843100189 0.202754523359438 0.202970564407237 0.0826897110450986 0.0359168241965974 0.0359168241965974 0.0544423440453686 0.0359168241965974 0 0 0 0 0 0 -9999 0 0 0 0 0 0 0 0.0727518228463408 0.208803672697813 0.0180394274912233 0.0180394274912233 0.0180394274912233 0.0633540372670807 0.365487442614097 0.450769646232784 0.373751012692412 0.365487442614097 0.102079395085066 0.0359168241965974 0.0359168241965974 0.0359168241965974 0.0556845800702133
1 1 1 1 1 1 1 1 1 0.917310288954902 1 0.835484742100999 0.384661085606265 1 1 1 1 1 1 1 1 0.959600324061572 0.783688900891169 0.479017013232514 0.175695382122603 0.365487442614097 0.365487442614097 0.380448285174183 0.175965433432352 0.0547664056170672 0.0638401296246287 0.0359168241965974 0.0544423440453686 0.0180394274912233 0.0180394274912233 0.0180394274912233 0 0 0 0 0 0 -9999 0 0 0 0 0 0 0 0 0.0180394274912233 0.0180394274912233 0.0180394274912233 0.0180394274912233 0.0180394274912233 0.109586821496084 0.256332703213611 0.311207129354577 0.365487442614097 0.164083175803403 0.0634620577909803 0.0556845800702133 0.0359168241965974
1 1 1 1 1 1 1 1 1 1 1 0.45887118552525 0.734647583040778 1 1 1 1 1 1 0.972832838239265 0.959600324061572 0.821712125303808 0.587793680799352 0.544909532811234 0.365487442614097 0.0638401296246287 0.0638401296246287 0.251579800162031 0.195679179044018 0.0638401296246287 0.0359168241965974 0.0544423440453686 0.0359168241965974 0.0359168241965974 0 0 -9999 0 0 0 0 -9999 -9999 -9999 0 0 0 0 0 0 0 0 0 0.0180394274912233 0.0180394274912233 0.0180394274912233 0.0180394274912233 0.0359168241965974 0.25406427221172 0.281231433972455 0.145179584120983 0.118552524979746 0.0359168241965974 0.0359168241965974
1 1 1 1 1 1 1 1 1 1 1 1 1 1 1 1 1 1 0.972832838239265 0.925519848771266 0.720712935457737 0.413178503915744 0.40226843100189 0.365487442614097 0.338320280853362 0.118066432622198 0.0359168241965974 0.0359168241965974 0.139832568187956 0.090359168241966 0.0359168241965974 0.0180394274912233 0.0359168241965974 0.0359168241965974 -9999 -9999 -9999 0 0 0 0 -9999 -9999 -9999 0 0 0 0 0 0 0 0 0 0 0 0 0.0449905482041588 0.0180394274912233 0.0180394274912233 0.0359168241965974 0.0631920064812314 0.281231433972455 0.308344585471239 0.0359168241965974
1 1 1 1 1 1 1 1 1 1 1 1 1 1 1 1 1 1 1 0.837807183364839 0.697596543343235 0.365487442614097 0.365487442614097 0.311207129354577 0.118066432622198 0.0630839859573319 0.0359168241965974 0.0180394274912233 0.0180394274912233 0.0349446394815015 0.0359168241965974 0.0180394274912233 0 0 -9999 -9999 0 0 0 0 0 -9999 0 0 0 -9999 0 0 0 0 0 0 0 0 0 0 0 0 0.0180394274912233 0.208587631650014 0.154739400486092 0.154739400486092 0.0455846610856063 0.235808803672698
1 1 1 1 1 1 1 1 1 1 1 1 1 1 1 1 1 1 0.788765865514448 0.632082095598164 0.434998649743451 0.318552524979746 0.318552524979746 0.245962732919255 0.0359168241965974 0.0359168241965974 0.0180394274912233 0 0 0 0 0 0 -9999 0 0 0 0 0 0 0 0 0 0 -9999 0 0 0 0 0 0 0 0 0 0 0 0 0 0 0 0.0180394274912233 0.100189035916824 0.252660005401026 0.171644612476371
1 1 0.967269781258439 1 1 1 1 1 1 1 1 1 1 1 1 1 1 0.693437753173103 0.476532541182825 0.139184445044558 0.311423170402376 0.365487442614097 0.300027005130975 0.0359168241965974 0.0359168241965974 0.0180394274912233 0 0 0 0 0 0 0 0 0 0 0 0 0 0 0 0 0 0 -9999 0 0 0 0 0 0 0 0 0 0 0 0 0 0 0 0 0 0.0509856872805833 0.351228733459357
1 0.611612206319201 0.79756953821226 1 1 1 1 1 1 1 1 1 1 1 1 1 1 0.671239535511747 0.139832568187956 0.525141776937618 0.599459897380502 0.397029435592763 0.292681609505806 0.118228463408048 0.0180394274912233 0.0180394274912233 0 0 0 0 0 0 0 0 0 0 0 0 0 0 0 0 0 0 0 0 -9999 0 0 0 0 0 0 0 0 0 0 0 0 0 0 0 0 0
0.817607345395625 0.79756953821226 1 1 1 1 1 1 1 1 1 1 1 1 1 1 1 0.934485552254928 0.474210099918985 0.139184445044558 0.626735079665136 0.129624628679449 0.0638401296246287 0.0359168241965974 0.0359168241965974 0.0180394274912233 0 0 0 0 0 0 0 0 0 0 0 0 0 0 0 -9999 0 0 0 0 -9999 -9999 0 0 0 0 0 0 0 0 0 0 0 0 0 0 0 0
1 1 1 1 1 1 1 1 1 1 1 1 1 1 1 1 1 0.835484742100999 0.536916014042668 0.166459627329193 0.229921685120173 0.129624628679449 0.0638401296246287 0.0359168241965974 0.0180394274912233 0.0180394274912233 0 0 0 0 0 0 0 0 0 0 0 0 0 0 -9999 0 0 0 0 0 0 0 0 0 0 0 0 0 0 0 0 0 0 0 0 0 0 0
1 1 1 1 1 1 1 1 1 1 1 1 1 1 1 1 1 0.818093437753173 0.476532541182825 0.439751552795031 0.365487442614097 0.210423980556306 0.0638401296246287 0.0359168241965974 0.0359168241965974 0.0359168241965974 0.0359168241965974 0.0180394274912233 0 0 0 0 -9999 -9999 0 0 0 0 0 0 0 0 0 0 0 -9999 0 0 0 0 -9999 -9999 0 0 0 0 0 0 0 0 0 0 0 0
1 1 1 1 1 1 1 1 1 1 1 1 1 1 1 1 1 0.868431001890359 0.598649743451256 0.544315419929787 0.229921685120173 0.109856872805833 0.0359168241965974 0.0359168241965974 0.0359168241965974 0.0359168241965974 0.0359168241965974 0.0359168241965974 0 0 0 0 0 -9999 -9999 0 0 0 0 0 0 0 0 0 0 -9999 0 0 0 0 0 -9999 -9999 -9999 -9999 0 0 0 0 0 0 0 0 0
1 1 1 1 1 1 0.917850391574399 0.972832838239265 1 0.894571968674048 1 1 1 1 1 1 1 1 0.690197137456117 0.525195787199568 0.229921685120173 0.16467728868485 0.0638401296246287 0.0742100999189846 0.0359168241965974 0.0359168241965974 0.0359168241965974 0.0359168241965974 0 0 0 -9999 0 -9999 -9999 0 0 0 0 0 0 0 0 0 0 -9999 0 0 0 0 0 0 0 0 0 0 0 0 0 0 0 0 0 0
1 1 1 1 1 0.972832838239265 0.690197137456117 0.553389143937348 0.4587091547394 0.580556305698083 0.693437753173103 0.967269781258439 1 1 1 1 1 0.917850391574399 0.73880637321091 0.525195787199568 0.211396165271402 0.0638401296246287 0.0359168241965974 0.0359168241965974 0.0180394274912233 0.0359168241965974 0.0180394274912233 0 0 0 0 -9999 0 -9999 0 0 0 0 0 0 0 0 0 0 0 0 0 0 0 0 0 0 0 0 0 0 0 0 0 0 0 0 0 0
1 1 1 0.972832838239265 0.812476370510397 0.973048879287065 0.614960842560086 0.507480421280043 0.284310018903592 0.284310018903592 0.250013502565487 0.693437753173103 0.868431001890359 1 1 1 1 1 0.837807183364839 0.365487442614097 0.191628409397786 0.0359168241965974 0.0359168241965974 0.0359168241965974 0.0180394274912233 0.0359168241965974 0 0 0 0 0 0 -9999 -9999 0 0 0 0 0 0 0 0 0 0 0 0 0 0 0 0 0 0 0 0 0 0 0 0 0 0 0 0 0 0
1 1 1 0.775209289765055 0.431758034026465 0.525141776937618 0.566837699162841 0.365487442614097 0.0930596813394545 0.35284904131785 0.120334863624089 0.782554685390224 0.693437753173103 0.900999189846071 1 1 1 1 0.837807183364839 0.365487442614097 0.365487442614097 0.245638671347556 0.0359168241965974 0.127464218201458 0 0 0 0 0 0 0 0 0 0 0 0 0 0 0 0 0 0 0 0 0 0 0 0 0 0 0 0 0 0 0 0 0 0 0 0 0 0 0 0
1 0.840723737510127 0.54582770726438 0.723089386983527 0.552687010532001 0.518066432622198 0.537456116662166 0.0359168241965974 0.183094788009722 0.0933297326492033 0.335889819065622 0.22111801242236 0.836456926816095 0.836672967863894 0.808155549554415 1 1 1 0.754199297866595 0.419713745611666 0.338320280853362 0.218687550634621 0.0359168241965974 0.0180394274912233 0 0 0 0 0 0 0 0 0 0 0 0 0 0 0 0 0 0 0 0 0 0 0 0 0 0 0 0 0 0 0 0 0 0 0 0 0 0 0 0
1 0.673291925465838 0.67529030515798 0.40226843100189 0.257358898190656 0.614960842560086 0.291439373480961 0.0359168241965974 0.345719686740481 0.0933297326492033 0.131028895490143 0.365487442614097 0.536105860113422 0.552687010532001 0.395463137996219 0.6353767215771 1 1 0.614960842560086 0.365487442614097 0.345719686740481 0.27291385363219 0.0359168241965974 0.0180394274912233 0 0 0 0 0 0 -9999 -9999 0 0 0 0 0 0 0 0 0 0 0.0180394274912233 0.0180394274912233 0 0 0 0 0 0 0 0 0 0 0 0 0 0 0 0 0 0 0 0
0.734593572778828 0.339076424520659 0.589305968133945 0.365487442614097 0.345719686740481 0.128004320820956 0.0547664056170672 0.0359168241965974 0.0359168241965974 0.0359168241965974 0.131028895490143 0.365487442614097 0.643370240345666 0.615987037537132 0.615987037537132 0.111909262759924 0.466162570888469 0.638185255198488 0.120334863624089 0.365487442614097 0.365487442614097 0.145017553335134 0.0742100999189846 0.0180394274912233 0 0 0 0 0 0 -9999 0 0 0 0 0 0 0 0.0180394274912233 0.0180394274912233 0.0180394274912233 0.0180394274912233 0.0180394274912233 0.0180394274912233 0.0180394274912233 0.0180394274912233 0.127464218201458 0 0 0 0 0 0 0 0 0 0 0 0 0 0 0 0 0
