data-raw/DATASET_PNE/a_DATA/PFGS/ENVSUIT_A1B/HS_f0_H6_megaph.asc
NCOLS 619 
NROWS 782 
XLLCORNER 876826 
YLLCORNER 1947424 
CELLSIZE 100 
NODATA_value -9999 
[rows 638 to 666 of 782, columns 390 to 454 of 619]
0.583278959502371 0.565357344817086 0.47779372743486 0.313019270085693 0.59097829396668 0.616077254339032 0.598199138718517 0.653094958458393 0.980903910565923 0.689329679411893 0.560702944886685 1 1 0.974857540562878 0.974857540562878 0.974857540562878 0.974857540562878 1 0.974857540562878 1 1 0.949584583931445 0.872721736482665 0.974509548044717 1 1 1 0.949410587672365 1 0.974770542433338 1 1 1 1 1 1 1 1 1 1 1 1 1 0.960676845447823 0.960676845447823 0.778546261255383 0.734394710513724 0.672713036669712 0.665231197529253 0.570142241941798 0.646483100613337 0.747922919657227 0.729783809648093 0.729783809648093 0.722345469572404 0.704075862368959 0.747922919657227 0.696811518552351 0.544999782504676 0.588585845404324 0.544738788116055 0.563443385967202 0.722345469572404 0.704075862368959 0.729218321806081
-9999 -9999 0.313019270085693 0.47779372743486 0.521379790334508 0.980903910565923 0.853451650789508 0.937230849536735 0.937230849536735 0.598199138718517 0.937230849536735 0.974857540562878 1 1 0.822610813867502 0.822610813867502 0.822610813867502 1 0.898560180956109 0.949236591413285 1 0.771499412762626 1 1 1 1 1 1 0.949410587672365 0.949410587672365 1 1 1 1 1 0.974770542433338 0.974770542433338 1 1 1 1 1 1 1 0.960676845447823 0.960676845447823 0.759972160598547 0.709252251076602 0.664883205011092 0.570142241941798 0.696724520422811 0.748662403758319 0.711079211796946 0.674018008612815 0.692722606463961 0.711079211796946 0.704075862368959 0.729783809648093 0.704206359563269 0.704206359563269 0.722345469572404 0.704075862368959 0.711079211796946 0.674018008612815 0.674018008612815
-9999 -9999 -9999 0.427291313236765 0.452172778285267 0.799164817956414 0.962895297751098 0.980903910565923 0.980903910565923 0.930010004784897 0.980903910565923 0.816564443864457 0.616077254339032 0.937230849536735 0.962503806168167 0.617164730958284 0.898473182826569 0.949454086737135 0.847492278916003 0.898473182826569 0.974640045239027 0.924137631040933 1 1 1 1 1 -9999 -9999 -9999 1 0.974422549915177 1 1 1 1 0.974770542433338 0.974770542433338 1 1 1 1 1 1 1 0.980251424594371 0.759972160598547 0.708860759493671 0.709034755752751 0.570142241941798 0.640175736221671 -9999 0.711949193092348 0.692722606463961 0.674018008612815 0.692722606463961 0.674018008612815 0.692722606463961 0.674018008612815 0.674018008612815 0.692722606463961 0.692722606463961 0.674018008612815 0.674018008612815 0.674018008612815
-9999 -9999 -9999 -9999 -9999 0.452390273609117 0.980903910565923 0.980903910565923 0.980903910565923 0.962503806168167 0.579799034320762 0.468049936926356 0.523424246378703 0.541998347035539 0.541998347035539 0.937013354212884 0.974857540562878 0.822610813867502 0.949497585801905 1 1 1 0.924137631040933 1 1 0.898299186567489 1 -9999 -9999 1 1 0.923789638522772 1 1 1 1 1 0.974770542433338 1 1 1 1 1 1 0.981469398407934 0.960676845447823 0.960676845447823 0.778546261255383 0.683457305667928 0.570142241941798 0.614554787072078 0.748227413110618 -9999 -9999 -9999 0.692722606463961 0.674018008612815 0.674018008612815 0.674018008612815 0.674018008612815 0.674018008612815 0.674018008612815 0.674018008612815 0.674018008612815 0.674018008612815
-9999 -9999 -9999 -9999 -9999 -9999 -9999 1 0.962634303362478 0.871547261733873 0.597677149941276 0.541998347035539 0.541998347035539 0.502718691548132 0.796641872199748 0.893166296924616 0.949236591413285 0.822610813867502 0.974857540562878 1 1 1 1 0.974901039627648 0.873069729000826 0.822741311061812 1 -9999 1 1 1 0.974770542433338 1 1 1 1 1 1 1 1 1 1 1 1 1 1 0.960676845447823 0.917090782548175 0.709034755752751 0.589020836052025 0.570272739136109 0.748618904693549 0.692940101787812 -9999 -9999 0.648788551046152 0.655443907955979 0.674018008612815 0.604984992822654 0.604984992822654 0.65574840140937 0.674018008612815 0.674018008612815 0.560528948627604 0.65574840140937
-9999 -9999 -9999 -9999 -9999 -9999 -9999 -9999 -9999 0.963286789334029 0.871242768280482 0.687850711209709 0.874244203749619 0.621906129018226 0.649006046370003 0.867980338422724 0.610422375918918 1 0.974857540562878 1 1 1 1 1 0.924137631040933 0.822306320414111 1 1 1 1 0.974640045239027 1 1 1 1 1 1 1 1 1 1 1 1 1 1 1 0.960676845447823 0.960676845447823 0.760146156857627 0.614206794553917 0.570142241941798 0.766801513767454 0.667797642350689 -9999 -9999 0.674018008612815 0.561050937404846 0.383531254078037 0.383531254078037 0.36443516464396 0.36443516464396 0.560528948627604 0.484579581538997 0.560702944886685 0.535342990125712
-9999 -9999 -9999 -9999 -9999 -9999 -9999 -9999 0.771455913697855 1 0.974509548044717 0.822610813867502 0.974857540562878 0.937361346731045 0.816999434512158 0.937361346731045 0.63556483535604 1 0.974857540562878 1 1 1 0.974857540562878 0.974857540562878 0.873026229936056 0.898168689373178 1 1 1 0.974422549915177 0.974640045239027 0.949410587672365 1 1 1 1 1 1 1 1 1 1 1 1 1 1 0.960676845447823 0.960676845447823 0.760146156857627 0.664926704075862 0.570142241941798 -9999 0.711644699638958 0.674018008612815 0.692722606463961 0.674018008612815 0.51024402975336 0.383531254078037 0.383531254078037 0.383531254078037 0.40902170603332 0.36443516464396 0.36443516464396 0.383531254078037 0.36443516464396
-9999 -9999 -9999 -9999 -9999 -9999 -9999 -9999 1 0.898473182826569 0.949671582060986 0.746356953325504 0.727782852668667 0.56687981208404 0.475575275131585 0.949454086737135 0.822610813867502 1 0.974857540562878 0.974857540562878 1 1 0.974857540562878 0.974857540562878 0.923876636652312 1 1 1 1 1 0.974640045239027 0.974770542433338 0.974640045239027 1 1 1 1 1 1 0.981425899343164 0.981425899343164 1 1 1 1 1 0.981469398407934 0.960676845447823 0.960676845447823 0.589020836052025 0.570142241941798 0.653007960328853 0.747922919657227 0.692940101787812 0.674018008612815 0.674018008612815 0.547479229196572 0.484753577798077 0.415198573230676 0.36443516464396 0.311235808430119 0.354821871329766 0.200965679237896 0.36443516464396 0.383009265300796
-9999 -9999 -9999 -9999 -9999 -9999 -9999 -9999 1 0.898386184697029 0.822132324155031 0.949454086737135 1 0.746356953325504 0.613945800165296 0.803688720692505 0.847796772369394 1 0.848057766758015 1 1 1 1 1 0.974857540562878 1 1 1 1 1 1 1 0.974770542433338 1 1 1 1 1 1 0.981425899343164 0.981425899343164 1 1 1 1 1 1 0.960676845447823 0.960676845447823 0.898212188437949 0.589020836052025 0.570142241941798 0.646483100613337 0.711644699638958 0.692722606463961 0.674018008612815 0.648484057592762 0.623254600026099 0.383531254078037 0.36443516464396 0.389925616599243 0.389925616599243 0.226456131193179 0.36443516464396 0.36443516464396
-9999 -9999 -9999 -9999 -9999 -9999 -9999 -9999 1 1 1 0.746356953325504 0.822132324155031 0.974814041498108 0.898473182826569 0.771455913697855 0.771455913697855 0.822393318543651 0.974857540562878 0.974857540562878 1 1 1 1 1 0.847840271434164 1 1 1 1 1 1 1 0.974640045239027 1 1 1 1 1 1 1 0.981425899343164 1 1 1 1 1 1 0.960676845447823 0.942146243855757 0.570142241941798 0.646483100613337 0.628300491539432 0.711949193092348 0.693070598982122 0.674148505807125 0.674018008612815 0.630214450389317 0.484971073121928 0.389621123145852 0.389925616599243 0.389925616599243 0.389925616599243 0.226456131193179 0.389925616599243
-9999 -9999 -9999 -9999 1 1 -9999 1 0.949323589542825 1 1 1 1 1 0.771890904345557 0.949584583931445 0.974814041498108 1 1 1 0.873113228065597 1 0.898473182826569 0.949454086737135 1 0.873461220583757 0.822219322284571 1 1 1 1 1 1 0.949410587672365 1 0.974640045239027 0.974509548044717 1 1 1 1 1 1 1 1 0.981425899343164 1 1 0.960676845447823 0.960676845447823 0.696768019487581 0.652964461264083 0.570533733524729 0.711949193092348 0.711949193092348 0.674148505807125 0.674018008612815 0.674018008612815 0.561050937404846 0.383531254078037 0.274566096828918 0.200965679237896 0.353821392840054 0.299317064683109 0.200965679237896
-9999 -9999 -9999 1 1 1 -9999 1 1 1 1 1 0.89864717908565 1 1 1 0.949280090478055 0.797033363782679 0.771890904345557 0.924050632911392 0.822132324155031 0.771890904345557 0.771499412762626 0.872895732741746 0.873461220583757 0.924137631040933 1 0.847709774239854 1 0.872721736482665 1 1 0.974422549915177 0.974640045239027 1 1 1 1 1 1 1 1 1 1 1 1 1 1 0.960676845447823 0.803732219757275 0.747922919657227 0.620905650528514 0.697203010135282 0.711644699638958 0.674148505807125 0.674148505807125 0.674018008612815 0.674018008612815 0.561050937404846 0.36443516464396 0.200965679237896 0.181869589803819 0.269259210926965 0.36443516464396 0.181869589803819
-9999 -9999 -9999 -9999 1 1 1 1 1 1 1 1 1 1 1 1 1 1 1 1 1 1 1 1 1 1 1 1 1 1 1 1 1 1 1 1 0.949410587672365 1 1 1 1 1 1 1 1 1 1 0.961677323937535 0.863934925399104 0.803732219757275 0.747922919657227 0.59537169950846 0.722780460220105 0.711644699638958 0.674148505807125 0.648919048240463 0.674148505807125 0.623254600026099 0.43333768323981 0.36443516464396 0.440776023315499 0.397059463221541 0.236417417025534 0.36443516464396 0.181869589803819
-9999 -9999 -9999 -9999 1 1 1 1 0.848188263952325 0.873417721518987 0.873374222454217 0.923920135717082 0.949323589542825 1 1 1 1 1 1 1 1 1 0.949367088607595 1 1 1 1 1 1 1 1 1 1 1 0.949323589542825 1 0.949410587672365 0.949410587672365 1 1 1 1 1 1 1 1 1 0.980251424594371 0.960676845447823 0.766801513767454 0.747922919657227 0.620905650528514 0.747922919657227 0.711644699638958 0.692722606463961 0.674148505807125 0.648484057592762 0.604984992822654 0.383009265300796 0.36443516464396 0.207360041759102 0.181869589803819 0.181869589803819 0.291922223672191 0.128235242942277
-9999 -9999 -9999 -9999 1 1 1 1 0.797163860976989 0.924094131976163 0.923963634781852 1 1 1 1 1 1 1 1 1 1 1 1 1 1 1 1 1 1 1 1 1 0.974422549915177 0.949410587672365 1 0.974640045239027 0.974770542433338 0.974770542433338 1 1 1 1 1 1 1 1 1 1 0.88250902605594 0.766801513767454 0.729218321806081 0.620905650528514 0.722780460220105 0.711644699638958 0.692722606463961 0.674148505807125 0.611640349732481 0.554308582365479 0.383009265300796 0.36443516464396 0.262386358693288 0.181869589803819 0.181869589803819 0.181869589803819 0.181869589803819
-9999 -9999 -9999 -9999 1 1 1 1 1 0.974466048979947 0.974770542433338 0.848188263952325 0.89873417721519 1 1 1 1 1 1 1 1 1 1 1 1 1 0.949280090478055 1 1 0.949280090478055 1 1 1 1 1 1 0.974770542433338 0.898429683761799 1 1 1 1 1 1 1 1 1 1 0.940884770977424 0.766801513767454 0.747922919657227 0.620905650528514 0.671712558179999 0.692940101787812 0.692722606463961 0.655443907955979 0.579625038061682 0.484971073121928 0.383531254078037 0.36443516464396 0.389925616599243 0.236895906738005 0.200400191395885 0.127756753229806 0.181869589803819
-9999 -9999 -9999 -9999 1 1 1 1 1 1 1 1 0.974770542433338 0.923702640393231 0.974770542433338 1 1 1 1 0.873417721518987 0.924311627300013 0.848188263952325 0.797163860976989 1 1 1 1 1 1 1 1 1 1 1 1 1 1 1 1 1 1 1 1 1 1 1 1 0.940884770977424 0.803732219757275 0.78533211535952 0.671538561920919 0.620905650528514 0.595937187350472 0.692940101787812 0.674018008612815 0.674018008612815 0.529209621993127 0.433859672017052 0.440384531732568 0.328548436208622 0.306146417852016 0.25525251207099 0.200400191395885 0.181869589803819 0.0549828178694158
-9999 -9999 -9999 -9999 -9999 1 1 1 1 1 1 1 1 1 1 1 1 0.974466048979947 0.797163860976989 0.797163860976989 0.797163860976989 1 1 1 1 1 1 1 1 1 1 1 1 1 1 1 1 1 1 1 1 1 1 1 1 1 1 0.960676845447823 0.803732219757275 0.78533211535952 0.59537169950846 0.620905650528514 0.704075862368959 0.692722606463961 0.674018008612815 0.674018008612815 0.611640349732481 0.459480621166645 0.51007003349428 0.365435643133673 0.298621079646788 0.269259210926965 0.199965200748184 0.181869589803819 0.181869589803819
-9999 -9999 -9999 -9999 -9999 1 1 1 1 1 1 1 1 1 1 1 1 1 1 1 1 1 1 1 1 1 1 1 1 1 1 1 1 1 1 1 1 1 1 1 1 1 1 1 1 1 0.960676845447823 0.803732219757275 0.78533211535952 0.760146156857627 0.59537169950846 0.602201052677367 0.722780460220105 0.674148505807125 0.674148505807125 0.692722606463961 0.648484057592762 0.510548523206751 0.51007003349428 0.389925616599243 0.36443516464396 0.346339553699595 0.199965200748184 0.181869589803819 0
-9999 -9999 -9999 -9999 1 1 1 1 1 1 1 1 1 1 1 1 1 1 1 1 1 1 1 1 1 1 1 1 1 1 1 1 1 1 1 1 1 1 1 1 1 1 1 1 0.960676845447823 0.960676845447823 0.803732219757275 0.78533211535952 0.78533211535952 0.674148505807125 0.570142241941798 0.62769150463265 0.711644699638958 0.692722606463961 0.674148505807125 0.674148505807125 0.648614554787072 0.510548523206751 0.263430336247771 0.256252990560703 0.390056113793553 0.254513027969899 0.181869589803819 0.163773978859454 0.0184871025272957
-9999 -9999 -9999 -9999 1 1 1 1 1 1 1 1 1 1 1 1 1 1 1 1 1 1 1 1 1 1 1 1 1 1 1 1 1 1 1 1 1 1 1 1 1 1 1 0.960676845447823 0.960676845447823 0.785201618165209 0.766801513767454 0.78533211535952 0.715951107051198 0.734525207708034 0.620905650528514 0.704075862368959 0.711644699638958 0.674018008612815 0.692722606463961 0.674148505807125 0.62338509722041 0.535951977032494 0.335638783766149 0.256252990560703 0.371960502849189 0.199965200748184 0.181869589803819 0.163773978859454 0.036843707860281
-9999 -9999 -9999 0.803732219757275 1 0.873591717778068 1 1 1 1 1 1 1 1 1 1 1 1 1 1 1 1 1 1 1 1 1 1 1 1 1 1 1 1 1 1 1 1 1 1 1 1 0.960676845447823 0.803732219757275 0.785201618165209 0.766801513767454 0.78533211535952 0.715951107051198 0.715951107051198 0.715994606115969 0.722432467701944 0.711079211796946 0.692722606463961 0.674018008612815 0.674148505807125 0.674148505807125 0.586410892165818 0.408717212579929 0.299317064683109 0.347079037800687 0.491234938448823 0.181869589803819 0.181869589803819 0.0362782200182696 0.181869589803819
-9999 -9999 -9999 -9999 0.803732219757275 0.980425420853452 1 1 1 1 1 1 1 1 1 1 1 1 1 1 1 1 1 1 1 1 0.847709774239854 0.796946365653138 1 1 0.980425420853452 1 1 1 1 1 1 1 1 1 1 0.960676845447823 0.960676845447823 0.803732219757275 0.766801513767454 0.766801513767454 0.734525207708034 0.715994606115969 0.620818652398973 0.595893688285702 0.635434338161729 0.692940101787812 0.674018008612815 0.674018008612815 0.648484057592762 0.561050937404846 0.510548523206751 0.408717212579929 0.219539779894732 0.36443516464396 0.36443516464396 0.181869589803819 0.116490495454348 0 0.127191265387794
-9999 -9999 -9999 -9999 -9999 0.803732219757275 0.803732219757275 0.803732219757275 1 1 0.949497585801905 1 1 0.803732219757275 1 1 1 1 1 1 1 1 1 1 1 1 1 0.980425420853452 0.960676845447823 0.960676845447823 0.803732219757275 0.803732219757275 0.960676845447823 1 1 1 1 1 0.980425420853452 0.960676845447823 0.960676845447823 0.942146243855757 0.785201618165209 0.78533211535952 0.766801513767454 0.715994606115969 0.595676192961851 0.620905650528514 0.620905650528514 0.60315803210231 0.711644699638958 0.674018008612815 0.674018008612815 0.630214450389317 0.586497890295359 0.560876941145765 0.434338161729523 0.383531254078037 0.274131106181217 0.25503501674714 0.36443516464396 0.181869589803819 0.10940014789682 0 0.0549828178694158
-9999 -9999 -9999 -9999 -9999 0.803732219757275 0.803732219757275 0.803732219757275 0.803732219757275 0.803732219757275 0.803732219757275 0.803732219757275 0.803732219757275 0.803732219757275 0.803732219757275 0.803732219757275 1 1 1 1 1 1 1 0.980425420853452 0.980425420853452 0.980425420853452 0.803732219757275 0.803732219757275 0.734612205837574 0.803732219757275 0.803732219757275 0.803732219757275 0.803732219757275 0.960676845447823 0.960676845447823 0.960676845447823 0.960676845447823 0.960676845447823 0.960676845447823 0.803732219757275 0.803732219757275 0.803732219757275 0.78533211535952 0.78533211535952 0.741180564617861 0.646091609030406 0.620818652398973 0.67197355256862 0.686763234590456 0.693070598982122 0.674148505807125 0.674018008612815 0.648484057592762 0.611640349732481 0.37243899256166 0.37243899256166 0.408717212579929 0.491234938448823 0.36443516464396 0.36443516464396 0.36443516464396 0.199965200748184 0.1458088651094 0 0.0549828178694158
-9999 -9999 -9999 -9999 -9999 0.78533211535952 0.78533211535952 0.78533211535952 0.78533211535952 0.803732219757275 0.803732219757275 0.803732219757275 0.803732219757275 0.803732219757275 0.803732219757275 0.803732219757275 0.803732219757275 0.803732219757275 0.980425420853452 0.980425420853452 0.980425420853452 0.960676845447823 0.803732219757275 0.803732219757275 0.803732219757275 0.803732219757275 0.803732219757275 0.803732219757275 0.803732219757275 0.803732219757275 0.785158119100439 0.803732219757275 0.803732219757275 0.803732219757275 0.803732219757275 0.803732219757275 0.803732219757275 0.803732219757275 0.803732219757275 0.803732219757275 0.78533211535952 0.766801513767454 0.78533211535952 0.766801513767454 0.697116012005742 0.696811518552351 0.595893688285702 0.711644699638958 0.667145156379138 0.692722606463961 0.674018008612815 0.674018008612815 0.630214450389317 0.503719170037844 0.244856235590935 0.238244377745878 0.372264996302579 0.36443516464396 0.25503501674714 0.346339553699595 0.199965200748184 0.181869589803819 0.0362782200182696 0 0
-9999 -9999 -9999 -9999 -9999 0.78533211535952 0.78533211535952 0.78533211535952 0.747922919657227 0.747922919657227 0.766801513767454 0.766801513767454 0.803732219757275 0.803732219757275 0.803732219757275 0.803732219757275 0.803732219757275 0.785201618165209 0.803732219757275 0.785201618165209 0.785201618165209 0.766323024054983 0.785201618165209 0.785201618165209 0.785201618165209 0.803732219757275 0.803732219757275 0.803732219757275 0.803732219757275 0.766758014702684 0.766758014702684 0.78533211535952 0.78533211535952 0.78533211535952 0.78533211535952 0.78533211535952 0.766801513767454 0.766801513767454 0.766801513767454 0.766801513767454 0.766801513767454 0.747922919657227 0.722301970507634 0.697116012005742 0.671538561920919 0.652877463134543 0.686067249554134 0.692722606463961 0.692722606463961 0.674148505807125 0.629909956935926 0.630214450389317 0.611640349732481 0.434338161729523 0.263430336247771 0.256252990560703 0.200965679237896 0.273130627691505 0.273130627691505 0.181869589803819 0.181869589803819 0.0179216146852843 0 0.0184871025272957 0.025490451955283
-9999 -9999 -9999 -9999 -9999 0.78533211535952 0.78533211535952 0.747922919657227 0.747922919657227 0.747922919657227 0.747922919657227 0.766801513767454 0.766801513767454 0.78533211535952 0.78533211535952 0.78533211535952 0.78533211535952 0.766801513767454 0.766801513767454 0.766801513767454 0.747922919657227 0.747922919657227 0.747922919657227 0.747922919657227 0.747922919657227 0.747922919657227 0.747922919657227 0.766801513767454 0.78533211535952 0.78533211535952 0.766758014702684 0.766801513767454 0.766801513767454 0.78533211535952 0.78533211535952 0.78533211535952 0.766801513767454 0.78533211535952 0.766801513767454 0.722301970507634 0.722301970507634 0.671538561920919 0.722301970507634 0.722736961155335 0.646439601548567 0.747922919657227 0.692722606463961 0.674148505807125 0.674148505807125 0.598242637783288 0.586280394971508 0.611640349732481 0.51007003349428 0.408717212579929 0.347079037800687 0.347079037800687 0.200965679237896 0.163773978859454 0.181869589803819 0.181869589803819 0.0915220322763061 0 0.0252294575666623 0 0.1091391535082
-9999 -9999 -9999 -9999 -9999 0.747922919657227 0.747922919657227 0.747922919657227 0.722301970507634 0.747922919657227 0.747922919657227 0.766801513767454 0.78533211535952 0.766801513767454 0.747922919657227 0.747922919657227 0.766801513767454 0.747922919657227 0.747922919657227 0.747922919657227 0.729218321806081 0.747922919657227 0.747922919657227 0.747922919657227 0.747922919657227 0.747922919657227 0.747922919657227 0.747922919657227 0.747922919657227 0.78533211535952 0.747922919657227 0.747922919657227 0.747922919657227 0.766801513767454 0.760146156857627 0.715994606115969 0.722301970507634 0.715994606115969 0.734525207708034 0.715951107051198 0.722736961155335 0.722736961155335 0.570533733524729 0.660968289181783 0.711644699638958 0.686067249554134 0.692722606463961 0.674148505807125 0.655443907955979 0.579973030579843 0.535908477967724 0.611640349732481 0.389621123145852 0.36443516464396 0.36443516464396 0.25503501674714 0.181869589803819 0.199965200748184 0.328330940884771 0.181869589803819 0.0179216146852843 0 0.177258688938188 0 0.181869589803819
