data-raw/DATASET_PNE/a_DATA/PFGS/ENVSUIT_A1B/HS_f90_H9_NardStri.asc
NCOLS 619 
NROWS 782 
XLLCORNER 876826 
YLLCORNER 1947424 
CELLSIZE 100 
NODATA_value -9999 
[rows 32 to 63 of 782, columns 292 to 364 of 619]
0.515600912622557 0.61528026145403 0.534994141949806 0.958531170993402 0.980791761731516 0.980791761731516 1 1 1 1 1 0.980791761731516 0.958592834679657 0.803724486649812 0.935900598137757 0.935900598137757 0.935869766294629 1 1 1 1 0.980791761731516 0.980791761731516 0.936332243941543 0.93623974841216 1 1 -9999 -9999 -9999 -9999 -9999 -9999 -9999 -9999 -9999 -9999 -9999 -9999 -9999 -9999 -9999 -9999 -9999 -9999 -9999 -9999 -9999 -9999 -9999 -9999 -9999 -9999 -9999 -9999 -9999 -9999 -9999 -9999 -9999 -9999 -9999 -9999 -9999 -9999 -9999 -9999 -9999 -9999 -9999 -9999 -9999 -9999
0.836560399580687 0.696398840722698 0.707590799778011 0.980791761731516 0.980791761731516 1 1 1 1 1 0.980791761731516 0.980791761731516 0.894277609915521 0.980791761731516 0.824011839427761 0.958161188875871 0.980791761731516 1 1 1 1 0.955540482210027 0.980791761731516 0.980791761731516 0.958531170993402 0.958531170993402 1 -9999 -9999 -9999 -9999 -9999 -9999 -9999 -9999 -9999 -9999 -9999 -9999 -9999 -9999 -9999 -9999 -9999 -9999 -9999 -9999 -9999 -9999 -9999 -9999 -9999 -9999 -9999 -9999 -9999 -9999 -9999 -9999 -9999 -9999 -9999 -9999 -9999 -9999 -9999 -9999 -9999 -9999 -9999 -9999 -9999 -9999
0.96136770056114 0.696244681507061 0.936332243941543 0.96136770056114 0.980791761731516 1 1 1 1 1 0.980791761731516 0.894277609915521 0.891132761916507 0.958500339150275 0.869242153295924 0.980791761731516 1 0.955540482210027 1 1 1 1 1 0.958531170993402 0.958531170993402 0.958531170993402 1 -9999 -9999 -9999 -9999 -9999 -9999 -9999 -9999 -9999 -9999 -9999 -9999 -9999 -9999 -9999 -9999 -9999 -9999 -9999 -9999 -9999 -9999 -9999 -9999 -9999 -9999 -9999 -9999 -9999 -9999 -9999 -9999 -9999 -9999 -9999 -9999 -9999 -9999 -9999 -9999 -9999 -9999 -9999 -9999 -9999 -9999
0.980791761731516 0.958531170993402 0.936332243941543 0.96136770056114 0.980791761731516 1 1 1 1 0.980791761731516 0.980791761731516 0.827310846642412 0.869242153295924 0.93623974841216 0.980791761731516 0.980791761731516 0.980791761731516 1 0.977739409261886 1 1 1 0.955540482210027 0.980791761731516 0.914040821360301 0.93623974841216 1 -9999 -9999 -9999 -9999 -9999 -9999 -9999 -9999 -9999 -9999 -9999 -9999 -9999 -9999 -9999 -9999 -9999 -9999 -9999 -9999 -9999 -9999 -9999 -9999 -9999 -9999 -9999 -9999 -9999 -9999 -9999 -9999 -9999 -9999 -9999 -9999 -9999 -9999 -9999 -9999 -9999 -9999 -9999 -9999 -9999 -9999
0.980791761731516 1 0.980791761731516 0.980791761731516 0.96136770056114 0.980791761731516 1 1 0.980791761731516 0.980791761731516 0.958161188875871 0.958531170993402 0.958531170993402 0.980791761731516 0.980791761731516 0.980791761731516 0.980791761731516 0.980791761731516 1 0.955540482210027 1 1 1 0.958531170993402 0.93623974841216 0.958531170993402 1 -9999 -9999 -9999 -9999 -9999 -9999 -9999 -9999 -9999 -9999 -9999 -9999 -9999 -9999 -9999 -9999 -9999 -9999 -9999 -9999 -9999 -9999 -9999 -9999 -9999 -9999 -9999 -9999 -9999 -9999 -9999 -9999 -9999 -9999 -9999 -9999 -9999 -9999 -9999 -9999 -9999 -9999 -9999 -9999 -9999 -9999
1 1 0.980791761731516 0.980791761731516 0.980791761731516 0.980791761731516 1 1 0.980791761731516 0.958531170993402 0.93623974841216 0.958531170993402 0.980791761731516 0.980791761731516 1 0.980791761731516 0.977739409261886 1 0.955540482210027 1 1 1 1 0.93623974841216 0.958531170993402 0.980791761731516 1 -9999 -9999 -9999 -9999 -9999 -9999 -9999 -9999 -9999 -9999 -9999 -9999 -9999 -9999 -9999 -9999 -9999 -9999 -9999 -9999 -9999 -9999 -9999 -9999 -9999 -9999 -9999 -9999 -9999 -9999 -9999 -9999 -9999 -9999 -9999 -9999 -9999 -9999 -9999 -9999 -9999 -9999 -9999 -9999 -9999 -9999
1 0.980791761731516 0.980791761731516 0.980791761731516 0.980791761731516 0.980791761731516 1 1 0.980791761731516 0.980791761731516 0.93623974841216 0.980791761731516 0.980791761731516 0.980791761731516 1 1 1 0.977801072948141 1 1 1 1 0.955540482210027 0.914040821360301 0.980791761731516 0.980791761731516 1 -9999 -9999 -9999 -9999 -9999 -9999 -9999 -9999 -9999 -9999 -9999 -9999 -9999 -9999 -9999 -9999 -9999 -9999 -9999 -9999 -9999 -9999 -9999 -9999 -9999 -9999 -9999 -9999 -9999 -9999 -9999 -9999 -9999 -9999 -9999 -9999 -9999 -9999 -9999 -9999 -9999 -9999 -9999 -9999 -9999 -9999
0.980791761731516 0.980791761731516 0.980791761731516 0.980791761731516 0.980791761731516 1 0.955139668249368 1 0.980791761731516 0.93623974841216 0.980791761731516 0.980791761731516 0.980791761731516 0.980791761731516 1 1 1 1 0.977801072948141 0.977739409261886 1 1 0.977801072948141 0.891656903249676 0.980791761731516 0.980791761731516 1 1 1 1 -9999 -9999 -9999 -9999 -9999 -9999 -9999 -9999 -9999 -9999 -9999 -9999 -9999 -9999 -9999 -9999 -9999 -9999 -9999 -9999 -9999 -9999 -9999 -9999 -9999 -9999 -9999 -9999 -9999 -9999 -9999 -9999 -9999 -9999 -9999 -9999 -9999 -9999 -9999 -9999 -9999 -9999 -9999
0.980791761731516 0.958192020718999 0.955139668249368 1 1 1 1 1 0.891132761916507 0.980791761731516 0.980791761731516 0.980791761731516 0.980791761731516 1 1 1 1 1 1 1 1 1 0.955540482210027 0.93623974841216 0.980791761731516 0.980791761731516 1 1 1 1 0.977739409261886 -9999 -9999 -9999 -9999 -9999 -9999 -9999 -9999 -9999 -9999 -9999 -9999 -9999 -9999 -9999 -9999 -9999 -9999 -9999 -9999 -9999 -9999 -9999 -9999 -9999 -9999 -9999 -9999 -9999 -9999 -9999 -9999 -9999 -9999 -9999 -9999 -9999 -9999 -9999 -9999 -9999 -9999
0.958531170993402 0.958531170993402 0.977739409261886 1 1 0.977739409261886 1 0.980791761731516 0.958531170993402 0.958531170993402 0.980791761731516 0.980791761731516 0.980791761731516 1 1 1 1 1 1 1 1 0.977801072948141 1 0.980791761731516 0.980791761731516 1 1 1 1 1 1 1 -9999 -9999 -9999 -9999 -9999 -9999 -9999 -9999 -9999 -9999 -9999 -9999 -9999 -9999 -9999 -9999 -9999 -9999 -9999 -9999 -9999 -9999 -9999 -9999 -9999 -9999 -9999 -9999 -9999 -9999 -9999 -9999 -9999 -9999 -9999 -9999 -9999 -9999 -9999 -9999 -9999
1 0.980791761731516 0.980791761731516 1 1 0.977739409261886 1 0.891132761916507 0.980791761731516 0.980791761731516 1 0.980791761731516 0.980791761731516 1 0.977616081889375 1 1 1 1 1 1 1 1 0.980791761731516 0.980791761731516 1 0.980791761731516 0.980791761731516 1 0.977739409261886 0.955540482210027 1 -9999 -9999 -9999 -9999 -9999 -9999 -9999 -9999 -9999 -9999 -9999 -9999 -9999 -9999 -9999 -9999 -9999 -9999 -9999 -9999 -9999 -9999 -9999 -9999 -9999 -9999 -9999 -9999 -9999 -9999 -9999 -9999 -9999 -9999 -9999 -9999 -9999 -9999 -9999 -9999 -9999
1 1 1 1 1 0.977739409261886 1 0.936023925510267 0.980791761731516 1 1 1 1 0.977616081889375 0.977616081889375 0.977616081889375 1 1 1 1 1 1 0.980791761731516 0.980791761731516 0.980791761731516 1 0.93623974841216 0.980791761731516 1 1 0.955540482210027 1 -9999 -9999 -9999 -9999 -9999 -9999 -9999 -9999 -9999 -9999 -9999 -9999 -9999 -9999 -9999 -9999 -9999 -9999 -9999 -9999 -9999 -9999 -9999 -9999 -9999 -9999 -9999 -9999 -9999 -9999 -9999 -9999 -9999 -9999 -9999 -9999 -9999 -9999 -9999 -9999 -9999
1 1 1 1 1 1 1 0.980791761731516 1 1 1 1 1 1 0.932509095393723 0.955417154837516 0.977616081889375 1 1 1 1 1 0.980791761731516 1 1 0.980791761731516 0.958531170993402 1 1 0.955170500092496 0.888357896035025 0.888357896035025 0.888357896035025 1 -9999 -9999 -9999 -9999 -9999 -9999 -9999 -9999 -9999 -9999 -9999 -9999 -9999 -9999 -9999 -9999 -9999 -9999 -9999 -9999 -9999 -9999 -9999 -9999 -9999 -9999 -9999 -9999 -9999 -9999 -9999 -9999 -9999 -9999 -9999 -9999 -9999 -9999 -9999
1 0.977739409261886 0.977739409261886 1 1 1 0.980791761731516 1 1 1 1 1 1 1 0.977616081889375 0.910618486773139 1 0.980791761731516 0.980791761731516 1 1 1 1 1 1 0.980791761731516 0.958531170993402 0.980791761731516 0.955540482210027 0.820743664056237 0.977801072948141 0.821391132761917 0.888357896035025 0.977369427144355 -9999 -9999 -9999 -9999 -9999 -9999 -9999 -9999 -9999 -9999 -9999 -9999 -9999 -9999 -9999 -9999 -9999 -9999 -9999 -9999 -9999 -9999 -9999 -9999 -9999 -9999 -9999 -9999 -9999 -9999 -9999 -9999 -9999 -9999 -9999 -9999 -9999 -9999 -9999
1 1 1 0.977739409261886 1 1 0.980791761731516 1 1 1 1 1 1 1 0.977801072948141 1 0.95510883640624 0.955417154837516 1 1 1 1 0.980791761731516 0.980791761731516 1 0.958531170993402 0.980791761731516 0.958592834679657 0.977739409261886 0.887957082074367 0.932663254609361 0.776160818893754 0.776160818893754 0.977369427144355 -9999 -9999 -9999 -9999 -9999 -9999 -9999 -9999 -9999 -9999 -9999 -9999 -9999 -9999 -9999 -9999 -9999 -9999 -9999 -9999 -9999 -9999 -9999 -9999 -9999 -9999 -9999 -9999 -9999 -9999 -9999 -9999 -9999 -9999 -9999 -9999 -9999 -9999 -9999
1 1 1 0.977739409261886 1 0.977739409261886 0.980791761731516 1 1 1 1 1 1 1 1 0.888018745760622 0.977616081889375 1 1 1 1 1 1 0.980791761731516 0.980791761731516 0.980791761731516 0.955293827465006 0.933033236726892 0.955232163778751 0.887926250231239 0.865696491336252 0.776160818893754 0.776160818893754 1 1 1 -9999 -9999 -9999 -9999 -9999 -9999 -9999 -9999 -9999 -9999 -9999 -9999 -9999 -9999 -9999 -9999 -9999 -9999 -9999 -9999 -9999 -9999 -9999 -9999 -9999 -9999 -9999 -9999 -9999 -9999 -9999 -9999 -9999 -9999 -9999 -9999 -9999
1 1 1 1 1 1 1 1 1 1 1 1 1 1 1 0.955417154837516 1 1 1 1 1 1 1 1 0.977801072948141 0.933094900413147 0.821082814330641 1 1 1 1 0.955078004563113 0.798637232533761 0.776160818893754 0.977369427144355 1 0.910556823086884 -9999 -9999 -9999 -9999 -9999 -9999 -9999 -9999 -9999 -9999 -9999 -9999 -9999 -9999 -9999 -9999 -9999 -9999 -9999 -9999 -9999 -9999 -9999 -9999 -9999 -9999 -9999 -9999 -9999 -9999 -9999 -9999 -9999 -9999 -9999 -9999
1 1 1 0.955447986680644 1 1 1 1 1 1 1 1 1 0.910063513596843 1 1 1 1 1 1 1 1 1 1 1 0.843374236911883 0.776160818893754 1 1 1 1 1 0.798637232533761 0.820743664056237 0.865634827649997 1 0.888357896035025 1 -9999 -9999 -9999 -9999 -9999 -9999 -9999 -9999 -9999 -9999 -9999 -9999 -9999 -9999 -9999 -9999 -9999 -9999 -9999 -9999 -9999 -9999 -9999 -9999 -9999 -9999 -9999 -9999 -9999 -9999 -9999 -9999 -9999 -9999 -9999
1 1 1 1 1 1 1 1 1 1 1 1 1 1 1 1 1 1 1 1 1 1 1 1 0.776160818893754 0.932909909354381 1 0.980791761731516 0.980791761731516 1 1 1 0.933156564099402 0.798452241474995 0.910834309675033 1 1 0.910433495714374 -9999 -9999 -9999 -9999 -9999 -9999 -9999 -9999 -9999 -9999 -9999 -9999 -9999 -9999 -9999 -9999 -9999 -9999 -9999 -9999 -9999 -9999 -9999 -9999 -9999 -9999 -9999 -9999 -9999 -9999 -9999 -9999 -9999 -9999 -9999
1 1 1 1 1 1 0.977739409261886 1 1 1 1 1 1 1 0.980791761731516 0.980791761731516 0.980791761731516 1 1 1 1 1 0.977801072948141 1 0.798760559906271 1 1 0.868903003021521 1 1 1 1 0.955540482210027 0.846704075969662 0.776160818893754 1 0.955540482210027 0.933341555158167 0.869334648825307 0.887833754701856 -9999 -9999 -9999 -9999 -9999 -9999 -9999 -9999 -9999 -9999 -9999 -9999 -9999 -9999 -9999 -9999 -9999 -9999 -9999 -9999 -9999 -9999 -9999 -9999 -9999 -9999 -9999 -9999 -9999 -9999 -9999 -9999 -9999
1 1 1 0.977739409261886 1 0.977739409261886 0.977739409261886 1 1 1 1 1 1 0.980791761731516 0.980791761731516 0.980791761731516 0.980791761731516 0.980791761731516 0.980791761731516 1 1 1 1 0.8659739779244 0.776160818893754 0.865943146081273 0.868933834864648 0.801720416846519 1 0.980791761731516 1 1 0.869334648825307 0.779244003206512 1 1 0.82083615958562 0.798452241474995 0.801720416846519 0.869334648825307 0.980791761731516 0.980791761731516 0.980791761731516 0.916846519084911 0.958531170993402 -9999 -9999 -9999 -9999 -9999 -9999 -9999 -9999 -9999 -9999 -9999 -9999 -9999 -9999 -9999 -9999 -9999 -9999 -9999 -9999 -9999 -9999 -9999 -9999 -9999 -9999 -9999 0.660510575322193
1 1 1 1 1 1 0.977739409261886 1 1 1 1 1 1 0.980791761731516 0.980791761731516 0.980791761731516 0.980791761731516 0.980791761731516 0.980791761731516 0.980791761731516 0.980791761731516 1 0.977739409261886 0.88854288709379 0.888234568662515 0.824350989702164 0.958592834679657 0.82083615958562 1 0.980791761731516 0.980791761731516 1 0.891533575877166 0.977739409261886 1 0.910525991243757 0.824104334957144 0.843312573225627 0.865819818708762 0.846734907812789 1 1 0.980791761731516 0.980791761731516 0.936023925510267 -9999 -9999 -9999 -9999 -9999 -9999 -9999 -9999 -9999 -9999 -9999 -9999 -9999 -9999 -9999 -9999 -9999 -9999 -9999 -9999 -9999 0.699297033976691 -9999 0.623204045137818 0.621539125608929 0.737682678670531 0.776160818893754 -9999
1 1 1 1 0.977739409261886 1 1 1 1 1 1 1 1 0.980791761731516 0.980791761731516 0.980791761731516 0.891533575877166 0.891533575877166 0.936023925510267 0.980791761731516 0.958284516248381 0.936085589196522 0.846704075969662 0.846704075969662 0.82441265338842 0.891194425602763 0.89122525744589 0.801627921317136 1 0.980791761731516 0.980791761731516 1 0.801720416846519 0.798637232533761 0.798637232533761 0.779428994265277 0.801720416846519 0.846704075969662 0.84315841400999 0.843528396127521 0.888327064191897 0.980791761731516 0.980791761731516 0.980791761731516 0.980791761731516 0.869334648825307 -9999 -9999 -9999 -9999 -9999 -9999 -9999 -9999 -9999 -9999 -9999 -9999 -9999 -9999 -9999 -9999 -9999 -9999 -9999 0.760374915212431 0.699297033976691 0.75707590799778 0.68082875994327 0.776160818893754 0.776160818893754 -9999 -9999
1 1 1 1 1 1 0.977739409261886 1 1 1 -9999 1 0.980791761731516 0.958531170993402 0.958531170993402 0.869334648825307 0.869334648825307 0.868903003021521 0.846704075969662 0.846704075969662 0.869334648825307 0.846704075969662 0.824104334957144 0.806252697786274 0.870968736511069 0.851143861380033 0.958161188875871 0.955540482210027 1 0.980791761731516 1 1 0.82441265338842 0.801812912375902 0.779428994265277 0.776160818893754 0.801720416846519 0.868903003021521 0.823919343898378 0.779244003206512 0.798637232533761 0.798637232533761 0.980791761731516 0.980791761731516 0.980791761731516 0.831072331503977 0.933094900413147 -9999 -9999 -9999 -9999 -9999 -9999 -9999 -9999 -9999 -9999 -9999 -9999 -9999 -9999 -9999 1 1 -9999 0.888142073133132 0.798637232533761 0.75707590799778 0.718505272245175 0.718505272245175 -9999 -9999 -9999
1 1 1 1 1 1 1 1 0.843497564284393 0.865788986865635 0.977739409261886 0.958531170993402 0.958531170993402 0.958531170993402 0.869334648825307 0.846704075969662 0.935653943392736 0.868964666707776 0.847043226244065 0.82441265338842 0.89122525744589 0.893599309366714 0.806252697786274 0.640254054387371 0.53557994696923 0.743201578590368 0.958161188875871 1 1 0.980791761731516 1 1 0.980791761731516 0.913362520811494 0.958500339150275 0.820928655115003 0.776160818893754 0.75695258062527 0.846303262009003 0.824011839427761 0.75695258062527 0.75695258062527 0.980791761731516 0.980791761731516 0.980791761731516 0.942529444410187 0.913824998458408 -9999 -9999 -9999 -9999 -9999 -9999 -9999 -9999 -9999 -9999 -9999 -9999 -9999 0.955232163778751 1 1 -9999 -9999 -9999 0.955201331935623 0.776160818893754 0.699297033976691 0.662175494851082 -9999 -9999 -9999
1 1 1 1 1 1 1 1 0.776160818893754 0.933249059628785 0.977739409261886 0.958284516248381 0.869334648825307 0.891533575877166 0.91379416661528 0.980791761731516 0.980791761731516 0.980791761731516 0.846673244126534 0.846673244126534 0.980791761731516 0.828513288524388 0.680212123080718 0.574582228525621 0.554418203120183 0.63988407226984 0.722729234753654 0.977369427144355 1 1 0.980791761731516 0.980791761731516 1 0.980791761731516 0.891163593759635 0.891071098230252 0.86572732317938 0.843528396127521 0.86572732317938 0.801720416846519 0.955509650366899 0.776160818893754 1 1 0.980791761731516 0.942529444410187 0.831072331503977 0.955540482210027 0.821021150644386 0.977400258987482 1 1 -9999 -9999 -9999 -9999 1 1 1 0.955540482210027 0.977492754516865 0.977492754516865 -9999 -9999 -9999 -9999 -9999 -9999 0.74113584510082 0.585959178639699 -9999 -9999 -9999
1 1 1 1 1 1 0.980791761731516 0.980791761731516 0.955540482210027 1 1 0.914040821360301 0.891595239563421 0.936085589196522 0.980791761731516 0.96059690448295 0.7916384041438 0.686409323549362 0.619565887648764 0.828513288524388 0.916044891163594 0.63988407226984 0.554418203120183 0.554418203120183 0.554418203120183 0.53557994696923 0.554418203120183 0.977801072948141 1 0.893260159092311 0.871277054942345 0.759203305173583 0.824135166800271 0.75695258062527 0.57485971511377 0.675926496885984 0.776160818893754 0.756027625331442 0.779552321637788 0.801843744219029 1 0.955447986680644 0.843127582166862 1 0.980791761731516 0.980791761731516 0.831072331503977 0.776160818893754 0.846734907812789 1 1 1 0.980791761731516 1 1 1 1 0.980791761731516 0.980791761731516 0.936023925510267 0.955232163778751 0.977492754516865 -9999 -9999 -9999 -9999 -9999 0.955201331935623 0.699297033976691 0.604797434790652 -9999 -9999 -9999
1 1 1 1 1 1 0.980791761731516 0.980791761731516 1 1 0.980791761731516 0.980791761731516 0.980791761731516 0.980791761731516 0.895449219954369 0.64167231917124 0.459610285502867 0.554418203120183 0.516926681877043 0.5770179441327 0.554418203120183 0.554418203120183 0.53557994696923 0.53557994696923 0.696244681507061 0.53557994696923 0.516926681877043 1 0.82095948695813 0.781803046186101 0.828544120367516 0.711074798051427 0.688567552568292 0.893475981994204 0.736819387062959 0.554418203120183 0.554418203120183 0.655669975951162 0.57485971511377 0.655669975951162 0.821236973546279 0.932909909354381 0.888234568662515 1 0.980791761731516 0.980791761731516 0.894555096503669 0.888450391564408 0.846734907812789 0.980791761731516 1 1 1 0.980791761731516 1 1 1 1 1 0.980791761731516 1 0.955232163778751 -9999 -9999 -9999 -9999 -9999 0.977400258987482 0.757322562742801 0.623265708824074 0.604797434790652 0.776160818893754 -9999
0.980791761731516 1 1 1 1 1 1 0.980791761731516 0.980791761731516 1 0.980791761731516 0.980791761731516 0.96059690448295 0.980791761731516 0.936208916569032 0.554418203120183 0.497502620706666 0.554418203120183 0.459610285502867 0.53557994696923 0.53557994696923 0.343898378245052 0.304988592218043 0.459610285502867 0.614139483258309 0.498458407843621 0.479034346673244 0.865542332120614 0.824135166800271 0.718844422519578 0.806098538570636 0.599216871184559 0.534994141949806 0.554418203120183 0.739162607140655 0.554418203120183 0.554418203120183 0.554418203120183 0.75695258062527 0.655669975951162 0.846519084910896 1 0.977739409261886 1 0.980791761731516 0.980791761731516 0.891533575877166 0.776160818893754 0.936023925510267 1 1 1 1 1 1 1 1 1 1 1 0.958284516248381 0.955232163778751 1 -9999 -9999 -9999 1 1 0.86292162545477 0.821637787506937 0.649688598384411 0.623265708824074 0.843312573225627
1 1 1 1 1 1 1 0.980791761731516 1 1 0.980791761731516 0.832028118640932 0.580471110562989 0.658013196028859 0.554418203120183 0.554418203120183 0.554418203120183 0.53557994696923 0.53557994696923 0.343898378245052 0.497502620706666 0.304988592218043 0.247394709255719 0.53557994696923 0.614139483258309 0.516926681877043 0.459610285502867 0.776160818893754 0.716562866128137 0.554418203120183 0.554418203120183 0.554418203120183 0.554418203120183 0.554418203120183 0.554418203120183 0.554418203120183 0.554418203120183 0.554418203120183 0.776160818893754 0.75695258062527 0.958161188875871 0.977369427144355 1 1 0.980791761731516 0.980791761731516 0.891533575877166 1 0.891533575877166 1 1 1 1 1 1 1 1 1 1 1 0.93599309366714 0.958284516248381 0.932940741197509 0.977492754516865 1 1 1 1 1 0.958654498365912 0.961737682678671 0.859653450083246 0.699852007152988
1 1 1 1 1 1 1 1 0.980791761731516 0.980791761731516 0.980791761731516 0.814145649626935 0.459610285502867 0.554418203120183 0.478078559536289 0.516155885798853 0.594067953382253 0.285811185792687 0.53557994696923 0.304988592218043 0.459610285502867 0.266417956465438 0.516155885798853 0.594067953382253 0.558179687981748 0.501233273725103 0.479034346673244 0.932817413824998 0.554418203120183 0.554418203120183 0.53557994696923 0.554418203120183 0.554418203120183 0.554418203120183 0.554418203120183 0.554418203120183 0.554418203120183 0.5770179441327 0.57485971511377 0.776160818893754 0.913578343713387 0.888234568662515 1 1 0.980791761731516 0.961706850835543 0.846734907812789 1 0.891533575877166 1 1 1 1 1 1 1 1 1 1 1 0.958284516248381 0.93599309366714 0.913732502929025 0.91074181414565 0.955232163778751 1 1 1 1 1 0.840630202873528 0.961737682678671 0.821637787506937
1 1 1 1 1 1 1 1 0.96059690448295 0.87910834309675 0.87910834309675 0.5770179441327 0.459610285502867 0.558179687981748 0.478078559536289 0.516155885798853 0.53557994696923 0.53557994696923 0.285811185792687 0.516155885798853 0.304988592218043 0.324350989702164 0.573626441388666 0.343898378245052 0.459610285502867 0.498458407843621 0.5770179441327 0.86585065055189 0.53557994696923 0.53557994696923 0.114231978787692 0.285595362890794 0.554418203120183 0.554418203120183 0.554418203120183 0.554418203120183 0.554418203120183 0.554418203120183 0.57485971511377 0.696090522291423 0.935900598137757 0.910525991243757 0.932817413824998 1 0.980791761731516 0.942529444410187 0.865943146081273 1 1 1 1 1 1 1 1 1 1 1 1 1 0.977708577418758 0.93599309366714 0.93599309366714 0.913732502929025 0.913732502929025 0.955540482210027 1 1 1 0.977492754516865 0.936023925510267 0.942529444410187 0.939477091940556
