data-raw/DATASET_PNE/a_DATA/PFGS/ENVSUIT_A1B/HS_f75_H1_alpines.asc
NCOLS 619 
NROWS 782 
XLLCORNER 876826 
YLLCORNER 1947424 
CELLSIZE 100 
NODATA_value -9999 
[rows 360 to 389 of 782, columns 134 to 200 of 619]
-9999 -9999 -9999 -9999 -9999 -9999 -9999 -9999 -9999 -9999 -9999 -9999 -9999 -9999 -9999 -9999 0.233232632279396 0.194475620985031 0.174910083413124 0.0385699905455112 0 0 0 0 0 0 0 0 0 0 0 0 0 0 0 0.0967918261885643 0.164997845888138 0.194475620985031 0.194475620985031 0.252409730106592 0.233232632279396 0.233232632279396 0.262048631906509 0.233232632279396 0.271745078265667 0.194475620985031 0.00972521957010031 0 0 0 0 0 0 0 0 0 0 0.0772694572806358 0.0967918261885643 0.0870809927582741 0.0385699905455112 0.0289454758167267 0.194374904036522 0.233232632279396 0.233232632279396 0.233232632279396 0.312444239854813
-9999 -9999 -9999 -9999 -9999 -9999 -9999 -9999 -9999 -9999 -9999 -9999 -9999 -9999 -9999 -9999 -9999 0.194475620985031 0.194475620985031 0.135735869407654 0.0579341091215611 0.0967918261885643 0.0579341091215611 0 0 0 0 0 0 0 0 0 0 0 0 0.0967918261885643 0.194475620985031 0.194475620985031 0.194475620985031 0.233232632279396 0.300848789513111 0.35970363765955 0.33024025708437 0.233232632279396 0.320515036582947 0.252409730106592 0.0579341091215611 0 0 0 0 0 0 0 0 0 0 0.0481513440608978 0.0772694572806358 0.194475620985031 0.0579341091215611 0.204056963324547 0.233232632279396 0.233232632279396 0.252812534570694 0.27298229932785 0.342957854270935
-9999 -9999 -9999 -9999 -9999 -9999 -9999 -9999 -9999 -9999 -9999 -9999 -9999 -9999 -9999 -9999 -9999 0.194475620985031 0.194475620985031 0.194475620985031 0.242626965045929 0.223478641360998 0.194475620985031 0.0385699905455112 0 0 0 0 0 0 0 0 0 0 0 0.0481513440608978 0.155287012457848 0.194475620985031 0.204200840555131 0.301093377172947 0.330254636704922 0.467457920312881 0.437965765595436 0.31071787327528 0.291267447173595 0.339907929301262 0.164997845888138 0.0193785075098276 0 0 0 0 0 0 0 0 0 0.029003020375967 0.164997845888138 0.164997845888138 0.194475620985031 0.233232632279396 0.233232632279396 0.233232632279396 0.252812534570694 0.302560776472092 0.522270172834396
-9999 -9999 -9999 -9999 -9999 -9999 -9999 -9999 -9999 -9999 -9999 -9999 -9999 -9999 -9999 -9999 -9999 0.213897287845612 0.223478641360998 0.252409730106592 0.194475620985031 0.194475620985031 0.164997845888138 0.00972521957010031 0 0 0 0 0 0 0 0 0 0 0 0.029003020375967 0.0579341091215611 0.194475620985031 0.223478641360998 0.359473466873169 0.4088044911623 0.467457920312881 0.497036397457123 0.389037549495697 0.310818590223789 0.320515036582947 0.174910083413124 0.0579341091215611 0.0579341091215611 0.0579341091215611 0 0 0 0 0 0 0 0 0.106459505856037 0.194475620985031 0.233232632279396 0.204200840555131 0.233232632279396 0.253085881471634 0.302560776472092 0.342957854270935 0.57971516251564
-9999 -9999 -9999 -9999 -9999 -9999 -9999 -9999 -9999 -9999 -9999 -9999 -9999 -9999 -9999 -9999 -9999 0.233232632279396 0.271831396967173 0.233232632279396 0.194475620985031 0.194475620985031 0.125996261835098 0.0385699905455112 0.00972521957010031 0 0 0 0 0 0 0 0 0 0 0 0.029003020375967 0.0481513440608978 0.223478641360998 0.271745078265667 0.291267447173595 0.448122590780258 0.477528408169746 0.349877707660198 0.320515036582947 0.252409730106592 0.194475620985031 0.135692700743675 0.0870809927582741 0.145432308316231 0 0 0 0 0 0 0 0.0289454758167267 0.223521798849106 0.233232632279396 0.233232632279396 0.252812534570694 0.253085881471634 0.322054380550981 0.351388299837708 0.460768222808838 0.615508571267128
-9999 -9999 -9999 -9999 -9999 -9999 -9999 -9999 -9999 -9999 -9999 -9999 -9999 -9999 -9999 -9999 -9999 -9999 0.320399932563305 0.233232632279396 0.233232632279396 0.174910083413124 0.164997845888138 0.0772694572806358 0.0967918261885643 0 0 0 0 0 0 0 0.0967918261885643 0 0 0 0 0 0.194475620985031 0.223478641360998 0.252409730106592 0.4088044911623 0.467457920312881 0.282664358615875 0.320515036582947 0.233045611530542 0.233232632279396 0.233232632279396 0.174910083413124 0.194475620985031 0 0 0 0 0 0 0 0.204056963324547 0.233232632279396 0.233232632279396 0.233232632279396 0.253085881471634 0.342957854270935 0.382865786552429 0.448654882609844 0.586289748549461 0.608272194862366
-9999 -9999 -9999 -9999 -9999 -9999 -9999 -9999 -9999 -9999 -9999 -9999 -9999 -9999 -9999 -9999 -9999 -9999 -9999 0.271745078265667 0.213854128494859 0.194475620985031 0.174910083413124 0.0870809927582741 0.0579341091215611 0 0 0 0 0 0 0 0.0967918261885643 0 0 0 0 0 0.0967918261885643 0.194475620985031 0.213854128494859 0.310502089560032 0.437980145215988 0.546870961785316 0.428226158022881 0.349877707660198 0.253085881471634 0.233232632279396 0.194475620985031 0.242626965045929 0.0871385410428047 0 0 0 0 0 0.16489714384079 0.194374904036522 0.233232632279396 0.233232632279396 0.252812534570694 0.30235936678946 0.370522230863571 0.477844931185246 0.636210635304451 0.614300116896629 0.617867931723595
-9999 -9999 -9999 -9999 -9999 -9999 -9999 -9999 -9999 -9999 -9999 -9999 -9999 -9999 -9999 -9999 -9999 -9999 -9999 0.233045611530542 0.194475620985031 0.194475620985031 0.145820751786232 0.0481513440608978 0 0 0 0 0 0 0 0 0 0 0 0 0 0 0.0579341091215611 0.194475620985031 0.242626965045929 0.291267447173595 0.418083727359772 0.457948490977287 0.487037837505341 0.477744221687317 0.487339943647385 0.458164304494858 0.291267447173595 0.291267447173595 0.194475620985031 0.136052370071411 0.0677456483244896 0.0677456483244896 0.0579341091215611 0.0773126184940338 0.223521798849106 0.233232632279396 0.223636880517006 0.252812534570694 0.252812534570694 0.312444239854813 0.399640344083309 0.546583235263824 0.625248178839684 0.628744080662727 0.711710527539253
-9999 -9999 -9999 -9999 -9999 -9999 -9999 -9999 -9999 -9999 -9999 -9999 -9999 -9999 -9999 -9999 -9999 0.252409730106592 0.233232632279396 0.223636880517006 0.213897287845612 0.223636880517006 0.194475620985031 0.165199249982834 0.0579341091215611 0 0 0 0 0 0 0 0 0 0 0 0 0 0.0579341091215611 0.194475620985031 0.223478641360998 0.271745078265667 0.388778582215309 0.437980145215988 0.506919860839844 0.516846507787704 0.487670838832855 0.507078111171722 0.457862198352814 0.320515036582947 0.252409730106592 0.233232632279396 0.223521798849106 0.223521798849106 0.223521798849106 0.233232632279396 0.233232632279396 0.233232632279396 0.233232632279396 0.466824918985367 0.495943039655685 0.474636748433113 0.402359366416931 0.546583235263824 0.619148343801498 0.752050071954727 0.877974390983582
-9999 -9999 -9999 -9999 -9999 -9999 -9999 -9999 -9999 -9999 -9999 -9999 0.194475620985031 -9999 -9999 -9999 0.194475620985031 0.291267447173595 0.213854128494859 0.311955127865076 0.223636880517006 0.213854128494859 0.252409730106592 0.194475620985031 0.194475620985031 0.0579341091215611 0 0 0 0 0 0 0 0 0 0 0 0 0 0.135692700743675 0.194475620985031 0.242626965045929 0.291166745126247 0.340166874229908 0.418529704213142 0.497280970215797 0.637404695153236 0.66876707971096 0.497266590595245 0.428700909018517 0.330168321728706 0.233232632279396 0.233232632279396 0.233232632279396 0.233232632279396 0.233232632279396 0.233232632279396 0.233232632279396 0.302560776472092 0.41868794709444 0.429636009037495 0.648424699902534 0.589541062712669 0.618946895003319 0.56586104631424 0.614300116896629 0.575543105602264
-9999 -9999 -9999 -9999 -9999 -9999 -9999 -9999 -9999 -9999 0 0 0.0193785075098276 0 0.0289454758167267 0.0481513440608978 0.116400517523289 0.194475620985031 0.252409730106592 0.233232632279396 0.291152358055115 0.281570989638567 0.281326420605183 0.194475620985031 0.194475620985031 0.106632135808468 0 0 0 0 0 0 0 0 0.0967918261885643 0 0 0 0 0.0772694572806358 0.194475620985031 0.223478641360998 0.252409730106592 0.281570989638567 0.330916408449411 0.448367148637772 0.536541521549225 0.690706387162209 0.556222140789032 0.487670838832855 0.428700909018517 0.330542363226414 0.233232632279396 0.252812534570694 0.252812534570694 0.252812534570694 0.302560776472092 0.37040714174509 0.438483670353889 0.36059558391571 0.3513163626194 0.529592871665955 0.609308004379272 0.577772989869118 0.56586104631424 0.657962873578072 0.546583235263824
-9999 -9999 -9999 -9999 -9999 -9999 -9999 -9999 0.0967918261885643 0 0 0 0 0 0 0 0.0193785075098276 0.164997845888138 0.252409730106592 0.252409730106592 0.271831396967173 0.262178108096123 0.282462948933244 0.252409730106592 0.194475620985031 0.174910083413124 0.0579341091215611 0.0579341091215611 0 0 0 0 0 0 0.223248459398746 0 0 0 0 0 0.116342969238758 0.194475620985031 0.194475620985031 0.223478641360998 0.301424253731966 0.350251756608486 0.497280970215797 0.567170202732086 0.668910950422287 0.516932815313339 0.497266590595245 0.369946755468845 0.272665798664093 0.302560776472092 0.302560776472092 0.312444239854813 0.353920310735703 0.399582806974649 0.517177388072014 0.517163008451462 0.458149895071983 0.477888077497482 0.546583235263824 0.526744365692139 0.630168303847313 0.419162712991238 0.380304995924234
-9999 -9999 -9999 -9999 -9999 -9999 -9999 0 0 0 0 0 0 0 0 0 0 0.00972521957010031 0.194475620985031 0.242626965045929 0.252409730106592 0.281570989638567 0.528816014528275 0.252409730106592 0.252409730106592 0.194475620985031 0.164997845888138 0.116342969238758 0.0579341091215611 0 0 0 0 0 0 0 0 0 0 0 0.0385699905455112 0.0676161721348763 0.194475620985031 0.194475620985031 0.252409730106592 0.320759601891041 0.389656148850918 0.536742925643921 0.670061871409416 0.615566119551659 0.527003318071365 0.497266590595245 0.409394316375256 0.322370886802673 0.351388299837708 0.403337646275759 0.499597169458866 0.585138842463493 0.579326719045639 0.568407416343689 0.567170202732086 0.546583235263824 0.487598910927773 0.461732126772404 0.389871947467327 0.389728106558323 0.262235652655363
-9999 -9999 -9999 -9999 -9999 -9999 0 0 0 0 0 0 0 0 0 0 0 0 0.116342969238758 0.233045611530542 0.194475620985031 0.252409730106592 0.519047632813454 0.291166741400957 0.252409730106592 0.194475620985031 0.194475620985031 0.174910083413124 0.0967918261885643 0 0 0 0 0 0 0 0 0 0 0 0 0 0.0481513440608978 0.174910083413124 0.233045611530542 0.291267447173595 0.399079278111458 0.516846507787704 0.546583235263824 0.701582506299019 0.615566119551659 0.527003318071365 0.507078111171722 0.537260815501213 0.637246444821358 0.627535611391068 0.575543105602264 0.625248178839684 0.660681918263435 0.690879017114639 0.660840168595314 0.712501809000969 0.526974529027939 0.438483670353889 0.38006042689085 0.262048631906509 0.194475620985031
-9999 -9999 -9999 -9999 -9999 0 0 0 0 0 0 0 0 0 0 0 0 0 0.0579341091215611 0.194475620985031 0.194475620985031 0.223478641360998 0.291166741400957 0.310746643692255 0.271745078265667 0.213854128494859 0.194475620985031 0.194475620985031 0.0579341091215611 0 0.0481513440608978 0 0 0 0 0 0 0 0 0 0 0 0 0.0871385410428047 0.194475620985031 0.194475620985031 0.320759601891041 0.487339943647385 0.536742925643921 0.576809108257294 0.655977547168732 0.712501809000969 0.568407416343689 0.636124297976494 0.721320688724518 0.754021018743515 0.625248178839684 0.732355058193207 0.74131777882576 0.699539631605148 0.699539631605148 0.56586104631424 0.517163008451462 0.331434313207865 0.233232632279396 0.233232632279396 0.233232632279396
-9999 -9999 -9999 -9999 -9999 0 0 0 0 0 0 0 0 0 0 0 0 0 0.0481513440608978 0.194475620985031 0.194475620985031 0.194475620985031 0.291267447173595 0.389699317514896 0.281383976340294 0.291166741400957 0.252409730106592 0.194475620985031 0.194475620985031 0.174910083413124 0.0967918261885643 0.0481513440608978 0 0 0 0 0 0 0 0 0 0 0 0.0579341091215611 0.155287012457848 0.223636880517006 0.233232632279396 0.438411727547646 0.516846507787704 0.556222140789032 0.688821732997894 0.743259966373444 0.567170202732086 0.668968483805656 0.743001013994217 0.743001013994217 0.701568111777306 0.677744209766388 0.824313044548035 0.783657014369965 0.597410440444946 0.56586104631424 0.507567256689072 0.243044167757034 0.233232632279396 0.233232632279396 0.204056963324547
-9999 -9999 -9999 -9999 0 0 0 0 0 0 0 0 0 0 0 0 0 0 0 0.135692700743675 0.194475620985031 0.194475620985031 0.252409730106592 0.340368293225765 0.587541356682777 0.437980145215988 0.398748382925987 0.281556613743305 0.204200840555131 0.262063018977642 0.194475620985031 0.0967918261885643 0.194475620985031 0.0967918261885643 0 0 0 0 0 0 0 0 0.0579341091215611 0.125996261835098 0.213897287845612 0.233232632279396 0.252812534570694 0.370522230863571 0.516846507787704 0.546583235263824 0.721435755491257 0.65590563416481 0.710559636354446 0.682664349675179 0.699683487415314 0.732355058193207 0.732355058193207 0.762854278087616 0.742180973291397 0.597410440444946 0.586491167545319 0.56586104631424 0.507567256689072 0.252611139789224 0.233232632279396 0.233232632279396 0.204056963324547
-9999 -9999 -9999 0.0385699905455112 0 0 0 0 0 0 0 0 0 0 0 0 0 0 0 0.00972521957010031 0.0871385410428047 0.194475620985031 0.223478641360998 0.291267447173595 0.398633286356926 0.506919860839844 0.457862198352814 0.408487990498543 0.300906337797642 0.291267447173595 0.252409730106592 0.155287012457848 0.174910083413124 0.194475620985031 0.0967918261885643 0 0 0 0 0 0 0.0967918261885643 0.0385699905455112 0.155258238315582 0.233232632279396 0.233232632279396 0.282664358615875 0.341389715671539 0.419148333370686 0.604618057608604 0.646928504109383 0.66678175330162 0.710588395595551 0.752251476049423 0.711681753396988 0.712501809000969 0.723406717181206 0.575543105602264 0.56586104631424 0.556222140789032 0.556222140789032 0.565472602844238 0.477643519639969 0.389656148850918 0.300848789513111 0.233232632279396 0.223521798849106
-9999 -9999 -9999 0 0 0 0 0 0 0 0 0 0 0 0 0 0 0 0 0 0.0193785075098276 0.145547404885292 0.194475620985031 0.252409730106592 0.398748382925987 0.467457920312881 0.555603519082069 0.467457920312881 0.457862198352814 0.388951241970062 0.291267447173595 0.194475620985031 0.194475620985031 0.271745078265667 0.204100135713816 0.135692700743675 0 0 0 0 0.0579341091215611 0.0772694572806358 0.0871385410428047 0.213897287845612 0.233232632279396 0.233232632279396 0.312242830172181 0.380304995924234 0.615566119551659 0.712501809000969 0.867055088281631 0.772852838039398 0.722586661577225 0.732355058193207 0.586491167545319 0.546583235263824 0.526974529027939 0.517163008451462 0.517163008451462 0.507121294736862 0.477772995829582 0.477772995829582 0.637404695153236 0.419162712991238 0.448582947254181 0.252409730106592 0.194475620985031
-9999 -9999 -9999 0 0 0 0 0 0 0 0 0 0 0 0 0 0 0 0 0 0 0.0579341091215611 0.194475620985031 0.242626965045929 0.300978280603886 0.447892382740974 0.497266590595245 0.565242424607277 0.507078111171722 0.418385848402977 0.388951241970062 0.271831396967173 0.330168321728706 0.388951241970062 0.388951241970062 0.233045611530542 0.194475620985031 0.0772694572806358 0 0 0 0.0289454758167267 0.184764787554741 0.233232632279396 0.233232632279396 0.253085881471634 0.341389715671539 0.596921309828758 0.699525266885757 0.73209610581398 0.772852838039398 0.743259966373444 0.743001013994217 0.597410440444946 0.556222140789032 0.507121294736862 0.399482078850269 0.389871962368488 0.339907929301262 0.310689114034176 0.38006042689085 0.428787231445312 0.399582795798779 0.559430301189423 0.399582795798779 0.339907929301262 0.271745078265667
-9999 -9999 -9999 0 0 0 0 0 0 0 0 0 0 0 0 0 0 0 0 0 0 0.029003020375967 0.145547404885292 0.223478641360998 0.291267447173595 0.369428850710392 0.447892382740974 0.477355763316154 0.576190486550331 0.487339943647385 0.467745661735535 0.447892382740974 0.457862198352814 0.408487990498543 0.330168321728706 0.252409730106592 0.233045611530542 0.135692700743675 0.00972521957010031 0 0.0193785075098276 0.106473885476589 0.223636880517006 0.223636880517006 0.233232632279396 0.322370886802673 0.380304995924234 0.594979152083397 0.576809108257294 0.557531297206879 0.576809108257294 0.701568111777306 0.614300116896629 0.546583235263824 0.507121294736862 0.448582947254181 0.291267447173595 0.252409730106592 0.252409730106592 0.242626965045929 0.242626965045929 0.281570989638567 0.38006042689085 0.458077982068062 0.3513163626194 0.341749394312501 0.389871962368488
-9999 -9999 0.204315930604935 0 0 0 0 0 0 0 0 0 0 0 0 0 0 0 0 0 0 0 0.0579341091215611 0.194475620985031 0.271745078265667 0.291267447173595 0.311019990593195 0.398964166641235 0.487339943647385 0.555502817034721 0.517163008451462 0.517407566308975 0.507121294736862 0.497266590595245 0.457862198352814 0.213897287845612 0.281455911695957 0.194475620985031 0.116400517523289 0.155474036931992 0.174910083413124 0.194475620985031 0.233232632279396 0.233232632279396 0.253085881471634 0.322370886802673 0.399812988936901 0.565817877650261 0.576809108257294 0.615508571267128 0.712501809000969 0.56586104631424 0.536742925643921 0.477643519639969 0.360538057982922 0.252409730106592 0.194475620985031 0.164997845888138 0.125996261835098 0.135692700743675 0.194475620985031 0.194475620985031 0.223636880517006 0.360538057982922 0.448453456163406 0.322370886802673 0.252812534570694
-9999 -9999 0.00978276506066322 0 0 0 0 0 0 0 0 0 0 0 0 0 0 0 0 0 0 0 0.0385699905455112 0.164997845888138 0.223478641360998 0.36924184858799 0.388951241970062 0.340166874229908 0.447863608598709 0.507078111171722 0.546583235263824 0.61673142015934 0.536814838647842 0.517163008451462 0.477744221687317 0.233232632279396 0.252409730106592 0.223636880517006 0.233232632279396 0.213897287845612 0.194475620985031 0.233232632279396 0.233232632279396 0.233232632279396 0.292864322662354 0.3513163626194 0.438699454069138 0.594878450036049 0.608286589384079 0.712501809000969 0.56586104631424 0.536742925643921 0.487469434738159 0.350798431783915 0.223636880517006 0.194475620985031 0.164997845888138 0.0579341091215611 0.029003020375967 0.0579341091215611 0.174910083413124 0.184678465127945 0.194475620985031 0.194475620985031 0.291267447173595 0.291267447173595 0.262206871062517
-9999 0.194475620985031 0 0 0 0 0 0 0 0 0 0 0 0 0 0 0 0 0 0 0 0 0 0.0772694572806358 0.194475620985031 0.223478641360998 0.291267447173595 0.271831396967173 0.369428850710392 0.487339943647385 0.527003318071365 0.567170202732086 0.636124297976494 0.536814838647842 0.507121294736862 0.340799871832132 0.213897287845612 0.233232632279396 0.233232632279396 0.233232632279396 0.233232632279396 0.233232632279396 0.292864322662354 0.322054380550981 0.438483670353889 0.43859875202179 0.594777747988701 0.556222140789032 0.614300116896629 0.594878450036049 0.517163008451462 0.487670838832855 0.360538057982922 0.223636880517006 0.223636880517006 0.194475620985031 0.0772694572806358 0 0 0 0.0579341091215611 0.0772694572806358 0.155287012457848 0.194475620985031 0.194475620985031 0.223478641360998 0.252409730106592
-9999 0.194475620985031 0 0 0 0 0 0 0 0 0 0 0 0 0 0 0 0 0 0 0 0 0 0 0.0870809927582741 0.174910083413124 0.194475620985031 0.223478641360998 0.281570989638567 0.457862168550491 0.507121294736862 0.567170202732086 0.615566119551659 0.556222140789032 0.536814838647842 0.487339943647385 0.330571137368679 0.253085881471634 0.253085881471634 0.282865762710571 0.312444239854813 0.322370886802673 0.360955268144608 0.458221852779388 0.536814838647842 0.556222140789032 0.647086754441261 0.604618057608604 0.604618057608604 0.497367277741432 0.399582795798779 0.281570989638567 0.281455911695957 0.194475620985031 0.194475620985031 0.164997845888138 0.0579341091215611 0 0 0 0 0.0193785075098276 0 0.0870809927582741 0.194475620985031 0.194475620985031 0.194475620985031
-9999 0.0871241539716721 0 0 0 0 0 0 0 0 0 0 0 0 0 0 0 0 0 0 0 0 0 0 0.0481513440608978 0.164997845888138 0.164997845888138 0.194475620985031 0.223636880517006 0.311019990593195 0.497266590595245 0.546583235263824 0.556222140789032 0.701582506299019 0.56586104631424 0.536814838647842 0.467774406075478 0.497338518500328 0.516846507787704 0.487354323267937 0.487368732690811 0.460868932306767 0.536656603217125 0.536814838647842 0.557531297206879 0.556222140789032 0.556222140789032 0.647086754441261 0.45802041888237 0.389656148850918 0.242957851849496 0.213897287845612 0.194475620985031 0.135692700743675 0.155287012457848 0.116342969238758 0.0385699905455112 0 0 0 0 0 0 0 0.0579341091215611 0.0481513440608978 0.0579341091215611
-9999 0 0 0 0 0 0 0 0 0 0 0 0 0 0 0 0 0 0 0 0 0 0 0 0 0.0869802907109261 0.0967918261885643 0.194475620985031 0.194475620985031 0.223636880517006 0.467774406075478 0.536814838647842 0.557531297206879 0.712501809000969 0.65590563416481 0.536814838647842 0.546583235263824 0.555761754512787 0.594979152083397 0.536814838647842 0.546583235263824 0.556222140789032 0.546583235263824 0.575456783175468 0.647086754441261 0.546122863888741 0.448453456163406 0.370133779942989 0.350798431783915 0.271788224577904 0.194475620985031 0.194475620985031 0.164997845888138 0.0579341091215611 0.0676161721348763 0.0481513440608978 0.0385699905455112 0 0 0 0 0 0 0 0 0 0
0 0 0 0 0 0 0 0 0 0 0 0 0 0 0 0 0 0 0 0 0 0 0 0 0 0 0 0.194475620985031 0.194475620985031 0.194475620985031 0.340281970798969 0.507121294736862 0.546583235263824 0.586390450596809 0.846439361572266 0.556222140789032 0.536814838647842 0.594979152083397 0.604618057608604 0.599064871668816 0.619623079895973 0.589440360665321 0.576809108257294 0.594878450036049 0.536742925643921 0.457862168550491 0.389656148850918 0.301424253731966 0.252409730106592 0.233045611530542 0.194475620985031 0.194475620985031 0.194475620985031 0.0967918261885643 0.0869802907109261 0 0 0 0 0 0 0 0 0 0 0 0
0 0 0 0 0 0 0 0 0 0 0 0 0 0 0 0 0 0 0 0 0 0 0 0 0 0 0 0.0967918261885643 0.194475620985031 0.194475620985031 0.242900308221579 0.448266446590424 0.507121294736862 0.556222140789032 0.688764214515686 0.712501809000969 0.556222140789032 -9999 -9999 0.670953810214996 0.709710836410522 0.753287315368652 0.670522227883339 0.536814838647842 0.429218828678131 0.322370886802673 0.253085881471634 0.233232632279396 0.213897287845612 0.194475620985031 0.194475620985031 0.0967918261885643 0 0 0 0 0 0 0 0 0 0 0 0 0 0 0
0 0 0 0 0 0 0 0 0 0 0 0 0 0 0 0 0 0 0 0 0 0 0 0 0 0 0 0 0.0772694572806358 0.194475620985031 0.252409730106592 0.311120696365833 0.487670838832855 0.527003318071365 0.567170202732086 0.712501809000969 0.635419368743896 -9999 -9999 0.740454614162445 0.781844347715378 0.753287315368652 0.629448994994164 0.546583235263824 0.391569573432207 0.332009792327881 0.233232632279396 0.233232632279396 0.213897287845612 0.0773126184940338 0 0 0 0 0 0 0 0 0 0 0 0 0 0 0 0 0
