data-raw/DATASET_PNE/a_DATA/PFGS/ENVSUIT_A1B/HS_f15_H8_notgraz.asc
NCOLS 619 
NROWS 782 
XLLCORNER 876826 
YLLCORNER 1947424 
CELLSIZE 100 
NODATA_value -9999 
[rows 286 to 311 of 782, columns 360 to 419 of 619]
0.873010814189911 0.883504688739777 0.872891247272491 0.862317681312561 0.894011855125427 0.894011855125427 0.894011855125427 0.894011855125427 0.894011855125427 0.894011855125427 0.894011855125427 0.894011855125427 0.894011855125427 0.894011855125427 0.904638558626175 0.904638558626175 0.947039127349854 0.926330327987671 0.915305107831955 0.894144684076309 0.883597671985626 0.862291097640991 0.862291097640991 0.904678404331207 0.936425715684891 0.947052419185638 0.872758418321609 0.904638558626175 0.957679122686386 0.947052419185638 0.957625985145569 0.925852119922638 1 1 1 1 0.968026876449585 1 1 1 1 1 1 1 -9999 -9999 1 0.978786438703537 0.978786438703537 1 1 1 -9999 -9999 -9999 -9999 -9999 -9999 -9999 -9999
0.862384110689163 0.862410664558411 0.851690977811813 0.851690977811813 0.894011855125427 0.894011855125427 0.904519021511078 0.894011855125427 0.894011855125427 0.91522541642189 0.894011855125427 0.915185570716858 0.915185570716858 0.883504688739777 0.894011855125427 0.894011855125427 0.904638558626175 0.894144684076309 0.936345994472504 0.936345994472504 0.894025146961212 0.861972332000732 0.809316962957382 0.894011855125427 0.894011855125427 0.936425715684891 0.809330254793167 0.915424674749374 0.936359286308289 0.968172997236252 0.946879714727402 1 1 1 1 1 0.936213165521622 0.989452987909317 1 1 1 1 1 1 -9999 -9999 1 1 1 1 1 1 -9999 -9999 -9999 -9999 -9999 -9999 -9999 -9999
0.851690977811813 0.841197103261948 0.862357527017593 0.883504688739777 0.894011855125427 0.894011855125427 0.947039127349854 0.894011855125427 0.936372578144073 0.904678404331207 0.904678404331207 0.957692414522171 0.894011855125427 0.883504688739777 0.883504688739777 0.894171237945557 0.894011855125427 0.894011855125427 0.915305107831955 0.947039127349854 0.936345994472504 0.883557826280594 0.830357849597931 0.809197425842285 0.894011855125427 0.894011855125427 0.915398091077805 0.862264543771744 0.915278553962708 0.957546293735504 0.957493156194687 1 1 1 1 0.904505729675293 0.957479864358902 1 1 1 1 1 1 1 -9999 1 1 1 1 1 1 0.98933345079422 0.978826284408569 -9999 -9999 -9999 -9999 -9999 -9999 -9999
0.8305703997612 0.862264543771744 0.851690977811813 0.883504688739777 0.894011855125427 0.894011855125427 0.925719290971756 0.957546293735504 0.904519021511078 0.915265262126923 0.904638558626175 0.883504688739777 0.904784679412842 0.904758095741272 0.904758095741272 0.894064962863922 0.883424997329712 0.904731541872025 0.894011855125427 0.894011855125427 0.904638558626175 0.936345994472504 0.915185570716858 0.819837421178818 0.830450832843781 0.894011855125427 0.978812992572784 0.83047741651535 0.851544857025146 0.947052419185638 0.978866130113602 0.968119859695435 0.862410694360733 0.872984260320663 0.904505729675293 0.915012896060944 1 1 1 1 1 1 -9999 -9999 0.98942643404007 1 -9999 -9999 -9999 -9999 1 -9999 -9999 -9999 -9999 -9999 -9999 -9999 -9999 -9999
0.841117411851883 0.851690977811813 0.851690977811813 0.883504688739777 0.968252688646317 0.894011855125427 0.915305107831955 0.968226134777069 0.925772428512573 0.957692414522171 0.915145725011826 0.872891247272491 0.841117411851883 0.904545575380325 0.894064962863922 0.851797252893448 0.894118100404739 0.894237667322159 0.925852119922638 0.904678404331207 0.894011855125427 0.894011855125427 0.894011855125427 0.936345994472504 0.830490678548813 0.830490678548813 0.968265980482101 0.936452269554138 0.872864693403244 0.947052419185638 0.978866130113602 0.862145006656647 0.978799700737 0.915185570716858 0.936213165521622 0.894011855125427 1 1 1 -9999 -9999 -9999 1 1 1 1 -9999 -9999 -9999 -9999 -9999 -9999 -9999 -9999 -9999 -9999 -9999 -9999 -9999 -9999
0.841024398803711 0.851690977811813 0.873010814189911 0.925772428512573 0.915305107831955 0.904638558626175 0.968372255563736 0.936345994472504 0.968239426612854 0.989506125450134 0.926038086414337 0.926051378250122 0.893892288208008 0.872678726911545 0.946946144104004 0.872678726911545 0.925732553005219 0.947105526924133 0.904731541872025 0.915358245372772 0.915305107831955 0.894011855125427 0.904678404331207 0.936345994472504 0.851611256599426 0.798650413751602 0.947012573480606 0.957732260227203 0.809330254793167 0.925931841135025 0.978799700737 0.957493156194687 0.957679122686386 0.915012896060944 1 0.915012896060944 0.915012896060944 0.904585421085358 1 1 1 1 1 1 -9999 -9999 1 -9999 -9999 -9999 -9999 -9999 -9999 -9999 -9999 -9999 -9999 -9999 -9999 -9999
0.873010814189911 0.883504688739777 0.904519021511078 0.947092264890671 0.978879421949387 0.978879421949387 0.936345994472504 0.862317681312561 0.819903820753098 0.841130673885345 0.894064962863922 0.862184852361679 0.883305430412292 0.936492115259171 0.925825566053391 0.957639276981354 0.862184852361679 0.893799304962158 0.957612693309784 0.904797971248627 0.904758095741272 0.936571806669235 0.904678404331207 0.904638558626175 0.957546293735504 0.841037690639496 0.894011855125427 0.968239426612854 0.872758418321609 0.883398413658142 0.978866130113602 0.946826606988907 0.957679122686386 0.925759136676788 1 0.925639599561691 0.904505729675293 0.936213165521622 1 1 1 1 0.989452987909317 1 0.989452987909317 1 -9999 -9999 -9999 -9999 -9999 -9999 -9999 -9999 -9999 -9999 -9999 -9999 -9999 1
0.894011855125427 0.915145725011826 0.904638558626175 0.968212842941284 1 0.947012573480606 0.872811555862427 0.883318722248077 0.894011855125427 0.894011855125427 0.872811555862427 0.862184852361679 0.946999281644821 0.978799700737 0.978627026081085 0.957533001899719 0.936372578144073 0.957639276981354 0.978866130113602 0.947052419185638 0.872758418321609 0.894078254699707 0.915371537208557 0.894011855125427 0.894011855125427 0.968119859695435 0.894011855125427 0.957612723112106 0.904678404331207 0.915185570716858 0.968172997236252 0.957493156194687 0.957679122686386 0.925759136676788 1 1 0.883332014083862 0.894011855125427 0.946906298398972 1 1 1 1 1 1 -9999 -9999 -9999 1 -9999 -9999 -9999 -9999 -9999 -9999 -9999 -9999 -9999 -9999 -9999
0.915145725011826 0.904519021511078 0.968252688646317 0.98942643404007 0.989506125450134 0.915212124586105 0.8305703997612 0.894011855125427 0.851690977811813 0.851690977811813 0.904678404331207 0.968172997236252 0.98930686712265 0.957679122686386 0.98930686712265 1 0.936266303062439 0.947025835514069 0.915132433176041 0.946985989809036 0.925971686840057 0.894064962863922 0.925998240709305 0.894011855125427 0.894011855125427 0.925679445266724 1 0.978812992572784 0.883385121822357 0.925971686840057 0.957679122686386 0.968172997236252 0.957493156194687 0.968172997236252 0.957546293735504 0.936332732439041 0.925639599561691 0.851704269647598 0.894011855125427 0.957453310489655 0.989320158958435 1 1 1 1 -9999 -9999 -9999 1 1 -9999 -9999 -9999 -9999 -9999 -9999 -9999 -9999 -9999 -9999
0.904638558626175 0.915145725011826 0.989373296499252 1 1 0.862490385770798 0.894011855125427 0.872811555862427 0.989492833614349 0.978799700737 0.947052419185638 0.894011855125427 0.894011855125427 0.894011855125427 0.936505407094955 1 1 0.978653609752655 1 0.946826577186584 0.936478853225708 0.936478853225708 0.883504688739777 0.957612723112106 0.936492115259171 0.915305107831955 0.978799700737 0.957612723112106 0.978932559490204 0.904797971248627 0.957679122686386 0.968172997236252 0.968172997236252 0.968172997236252 0.989492833614349 0.904691696166992 0.894011855125427 0.925705999135971 0.851704269647598 0.894011855125427 0.968133151531219 0.98933345079422 0.98933345079422 0.989320158958435 -9999 -9999 1 0.978746592998505 0.978746592998505 0.978746592998505 0.978746592998505 -9999 -9999 1 -9999 -9999 -9999 -9999 -9999 -9999
0.925719290971756 0.968252688646317 1 1 0.957785397768021 0.883318722248077 0.872811555862427 0.915251970291138 1 0.947052419185638 0.894011855125427 0.904505729675293 0.904505729675293 0.968133151531219 0.957559585571289 0.925692737102509 1 1 1 0.957479864358902 0.957679122686386 0.936478853225708 0.851651132106781 0.989506125450134 0.978879421949387 0.957612723112106 0.978799700737 0.968305826187134 0.989506125450134 0.851637840270996 0.904638558626175 0.957679122686386 0.978866130113602 0.968119859695435 0.968172997236252 0.936505407094955 0.904691696166992 0.936385869979858 0.936213165521622 1 1 0.957453310489655 0.978653609752655 -9999 -9999 -9999 1 0.989320158958435 0.968319118022919 1 0.989452987909317 0.978746592998505 0.978746592998505 0.978746592998505 0.978746592998505 -9999 0.978746592998505 0.978746592998505 0.978746592998505 0.978746592998505
0.925719290971756 1 0.98942643404007 0.989506125450134 0.841117411851883 0.883504688739777 0.936385840177536 0.925931841135025 0.915265262126923 0.957559585571289 0.925586462020874 0.946760177612305 0.936133474111557 1 0.957559585571289 1 1 1 0.989320158958435 0.968119859695435 0.957479864358902 0.947105556726456 0.947105556726456 0.92598494887352 0.978998959064484 0.978879421949387 0.957453310489655 0.957612723112106 0.989506125450134 0.989506125450134 0.883411705493927 0.91534498333931 0.968172997236252 0.946946144104004 0.978812992572784 0.989492833614349 0.904691696166992 1 1 -9999 -9999 -9999 -9999 -9999 -9999 1 0.989320158958435 0.968319118022919 1 -9999 -9999 -9999 1 1 1 -9999 1 1 0.978693455457687 0.946959435939789
1 1 1 0.862370818853378 0.894011855125427 0.968119859695435 0.925931841135025 0.894011855125427 0.968199580907822 1 0.968080013990402 1 0.98942643404007 1 -9999 -9999 1 1 1 0.978799700737 0.946866452693939 0.968172997236252 0.936478853225708 0.936425685882568 0.936478853225708 0.968186289072037 0.894011855125427 0.957612723112106 0.989506125450134 0.989506125450134 1 0.93651869893074 1 0.989492833614349 0.978866130113602 1 0.904691696166992 0.915185570716858 1 -9999 -9999 -9999 -9999 -9999 -9999 1 0.968319118022919 0.968372255563736 1 -9999 -9999 -9999 1 1 1 1 1 1 1 -9999
1 1 0.989506125450134 0.883491396903992 0.872811555862427 0.92591854929924 0.947052419185638 0.925759136676788 1 0.978759855031967 0.978653609752655 1 1 -9999 -9999 -9999 0.957506448030472 -9999 1 0.925759136676788 0.978799700737 0.978866130113602 0.968305826187134 0.915278553962708 0.915185570716858 0.968239426612854 0.894011855125427 0.989506125450134 0.989506125450134 0.989506125450134 0.883411705493927 0.957679122686386 0.978799700737 0.989320158958435 1 1 0.925759136676788 0.904505729675293 1 0.968172997236252 -9999 -9999 -9999 0.978812992572784 1 0.978812992572784 0.968372255563736 0.968372255563736 0.959459096193314 0.970829665660858 -9999 -9999 1 1 1 1 1 1 1 -9999
1 1 0.93651869893074 0.851690977811813 0.872811555862427 0.989492833614349 0.957679122686386 0.925759136676788 0.957453310489655 1 1 1 1 0.968080013990402 -9999 0.957453310489655 0.936133474111557 0.968199580907822 1 0.989492833614349 0.978799700737 0.968186289072037 0.936478853225708 0.936598390340805 0.904638558626175 0.968239426612854 0.957612723112106 1 0.989506125450134 0.978998959064484 0.92585214972496 0.947052419185638 0.968119859695435 0.872851401567459 0.936505407094955 0.957546293735504 0.957546293735504 0.946999281644821 0.925639599561691 1 -9999 -9999 0.947025835514069 1 0.989492833614349 0.957692414522171 0.968372255563736 0.968372255563736 0.958741784095764 1 1 1 1 1 1 1 1 -9999 1 0.989320158958435
1 1 0.925878703594208 0.883584380149841 0.872811555862427 0.978945821523666 0.98930686712265 0.915079295635223 0.968080013990402 1 1 1 1 1 1 1 0.946839869022369 0.968133151531219 1 1 0.957572847604752 0.946866452693939 0.936478853225708 0.936438977718353 0.904704958200455 0.989506125450134 0.968305826187134 0.989506125450134 0.989506125450134 0.989506125450134 0.894197821617126 0.968172997236252 0.989492833614349 0.957679122686386 0.947052419185638 0.946999281644821 0.946786761283875 0.925586462020874 0.946959435939789 -9999 -9999 0.978866130113602 1 1 0.968319118022919 0.968372255563736 0.968372255563736 0.958741784095764 0.957626014947891 1 1 1 -9999 -9999 -9999 -9999 -9999 -9999 1 1
1 1 0.989506125450134 0.894264221191406 0.851690977811813 0.978799700737 0.947052419185638 0.894011855125427 0.936213165521622 1 1 1 1 0.968199580907822 0.915012896060944 0.904505729675293 0.904505729675293 0.968133151531219 1 0.98933345079422 0.968172997236252 0.957493156194687 0.957679122686386 0.947105556726456 0.894078254699707 0.989506125450134 1 0.989506125450134 1 1 1 0.968172997236252 0.968172997236252 0.957679122686386 0.957546293735504 0.925639599561691 0.925639599561691 1 1 1 -9999 -9999 1 0.978826284408569 0.968372255563736 0.968372255563736 0.929531633853912 0.929531633853912 1 1 -9999 -9999 -9999 -9999 -9999 -9999 -9999 1 1 1
-9999 -9999 -9999 0.915424674749374 0.936319440603256 0.978799700737 1 0.957506448030472 0.925586462020874 0.957453310489655 1 1 -9999 1 0.946906298398972 0.925586462020874 1 1 1 0.968279272317886 1 0.989492833614349 0.957679122686386 0.947105556726456 0.904704958200455 0.989506125450134 1 0.989506125450134 0.978998959064484 1 1 0.915212124586105 0.968172997236252 0.936505407094955 0.968172997236252 0.904505729675293 0.978746592998505 0.98933345079422 1 1 1 -9999 0.968319118022919 0.978998959064484 0.968372255563736 0.968372255563736 0.929531633853912 0.990369558334351 1 -9999 -9999 -9999 -9999 -9999 -9999 -9999 -9999 1 -9999 -9999
-9999 -9999 -9999 -9999 0.968319118022919 0.989492833614349 0.957625985145569 0.936319440603256 0.915012896060944 0.915012896060944 0.968080013990402 1 1 -9999 1 1 1 1 1 1 1 0.989492833614349 0.968305826187134 0.92589196562767 0.894078254699707 0.989506125450134 1 0.989506125450134 1 1 1 0.915212124586105 0.926051378250122 0.894011855125427 0.925652891397476 0.894011855125427 0.98933345079422 1 1 1 1 -9999 0.989506125450134 0.968372255563736 0.968372255563736 0.948951929807663 0.908318042755127 0.990369558334351 1 -9999 -9999 -9999 -9999 -9999 -9999 1 1 -9999 1 -9999
-9999 -9999 -9999 -9999 0.978773146867752 0.989492833614349 0.978799700737 0.904532313346863 0.925652891397476 1 0.894011855125427 1 1 1 1 1 1 1 1 1 1 0.989492833614349 0.968305826187134 0.925971686840057 0.957732260227203 0.978998959064484 1 0.989506125450134 1 1 0.904771387577057 0.978799700737 0.957679122686386 0.894011855125427 0.936319440603256 0.904585421085358 0.98933345079422 1 1 1 0.989452987909317 -9999 0.989506125450134 0.968372255563736 0.957825243473053 1 1 1 1 -9999 -9999 -9999 -9999 -9999 -9999 0.968119859695435 0.989373296499252 -9999 -9999 0.978773146867752
-9999 1 -9999 -9999 -9999 1 0.957679122686386 0.883531272411346 0.872957676649094 1 -9999 1 1 0.957599431276321 1 1 -9999 1 1 1 1 0.978799700737 0.947052419185638 0.936478853225708 0.947065711021423 0.989506125450134 0.989506125450134 1 1 0.93651869893074 0.968172997236252 0.968172997236252 0.947052419185638 0.978680163621902 0.925639599561691 0.915212124586105 1 1 1 1 1 1 -9999 0.968372255563736 1 1 1 1 1 0.98933345079422 -9999 -9999 -9999 -9999 -9999 -9999 0.968199580907822 -9999 -9999 0.968199580907822
0.904758095741272 1 -9999 -9999 -9999 -9999 0.978799700737 0.925812274217606 0.946893006563187 1 1 0.925905257463455 1 1 1 -9999 -9999 1 1 1 1 0.968172997236252 0.957679122686386 0.936478853225708 0.936531960964203 0.978998959064484 0.989506125450134 0.989506125450134 1 0.904638558626175 0.978799700737 0.968172997236252 0.947052419185638 0.989373296499252 0.968133151531219 0.978653609752655 1 1 1 1 1 1 1 0.968372255563736 1 1 1 1 -9999 0.989452987909317 -9999 1 -9999 -9999 -9999 -9999 0.978879421949387 0.968119859695435 1 1
1 -9999 -9999 -9999 -9999 -9999 0.989373296499252 0.915185570716858 0.915026187896729 0.957599431276321 -9999 1 -9999 1 0.936452269554138 -9999 -9999 1 1 1 0.978799700737 0.978799700737 0.968172997236252 0.936478853225708 0.90455886721611 0.989506125450134 1 1 1 0.894091546535492 0.957493156194687 0.968172997236252 0.915265262126923 0.925652891397476 1 0.978653609752655 1 1 1 1 1 1 1 1 1 1 1 -9999 -9999 1 0.989320158958435 0.978746592998505 0.978746592998505 -9999 -9999 -9999 -9999 1 0.957586139440536 1
1 1 -9999 -9999 -9999 -9999 0.904505729675293 0.925652891397476 0.915079295635223 -9999 1 0.978653609752655 1 -9999 -9999 -9999 1 1 1 1 0.978799700737 0.978799700737 0.957679122686386 0.947105556726456 0.894011855125427 0.989506125450134 1 0.989506125450134 1 0.936465561389923 0.968172997236252 0.968172997236252 0.925838857889175 0.957625985145569 0.968133151531219 1 0.978653609752655 1 -9999 -9999 1 1 1 0.978826284408569 -9999 -9999 1 -9999 -9999 -9999 -9999 1 1 -9999 -9999 -9999 -9999 1 1 1
1 0.968172997236252 0.978799700737 -9999 -9999 -9999 0.968133151531219 0.904585421085358 0.915278553962708 1 1 1 -9999 -9999 -9999 1 1 1 1 1 1 1 0.968305826187134 0.936478853225708 0.915238708257675 1 1 1 1 0.978919267654419 0.968172997236252 0.968172997236252 0.947052419185638 0.968133151531219 0.894011855125427 0.894011855125427 1 -9999 -9999 -9999 1 1 1 0.978826284408569 -9999 -9999 1 1 1 1 1 1 1 1 -9999 -9999 -9999 -9999 1 1
1 0.978826284408569 -9999 -9999 -9999 -9999 -9999 0.915278553962708 0.957692414522171 1 1 -9999 -9999 -9999 1 1 1 1 1 0.957652568817139 1 1 0.968172997236252 0.936478853225708 0.957732260227203 1 1 1 1 0.947012573480606 0.978799700737 0.978799700737 0.936505407094955 0.989373296499252 0.957466602325439 0.989492833614349 -9999 -9999 -9999 1 1 1 1 0.978826284408569 1 -9999 1 -9999 -9999 -9999 1 -9999 1 1 1 1 1 1 1 1
