data-raw/DATASET_PNE/a_DATA/PFGS/ENVSUIT_A1B/HS_f15_C4_shrubs.asc
NCOLS 619 
NROWS 782 
XLLCORNER 876826 
YLLCORNER 1947424 
CELLSIZE 100 
NODATA_value -9999 
[rows 567 to 593 of 782, columns 488 to 548 of 619]
1 1 1 0.974701970815659 1 0.931840837001801 0.91204497218132 0.991009116172791 0.991009116172791 1 1 1 1 1 1 1 1 1 1 1 1 0.911167830228806 0.888341784477234 0.824747830629349 0.811869531869888 0.850025922060013 0.911167830228806 0.911167830228806 0.726147264242172 0.699254423379898 0.824488669633865 1 1 1 1 1 1 1 1 1 1 1 1 1 1 1 0.987181544303894 0.961704075336456 0.974701970815659 1 0.678461775183678 0.696742564439774 0.528547510504723 0.438459381461143 0.60067380964756 0.809676647186279 0.718651562929153 0.718651562929153 0.435070380568504 0.255173236131668 0.283322036266327
0.939814984798431 0.91451695561409 0.965352267026901 1 1 0.748754024505615 0.978330224752426 0.991009116172791 0.987321078777313 1 1 1 1 1 1 1 1 1 1 1 1 1 0.911167830228806 0.891112804412842 1 1 1 1 1 1 1 0.81192934513092 0.709740430116653 0.901020705699921 0.960647493600845 1 1 1 1 1 1 1 1 1 1 1 1 1 1 1 1 0.936226636171341 1 1 0.651788204908371 0.680116415023804 0.703420922160149 0.810713291168213 0.80626767873764 0.410350456833839 0.372832030057907
0.554842323064804 0.843128263950348 0.952513843774796 1 0.991009116172791 0.991009116172791 0.96549180150032 0.940014362335205 1 1 1 1 1 1 1 1 0.991009116172791 1 1 1 1 1 1 1 1 1 1 1 1 1 1 1 1 1 0.786312341690063 0.786312341690063 0.911167830228806 1 1 1 1 1 1 1 1 1 1 1 1 1 1 1 1 0.949084967374802 0.936246573925018 0.918523997068405 0.860671430826187 1 0.897811084985733 0.483094766736031 0.355727441608906
0.576751336455345 0.879749625921249 0.901698499917984 0.965352267026901 0.939894735813141 0.965531677007675 0.889039516448975 0.978210598230362 0.96188348531723 1 0.991009116172791 1 1 1 1 0.991009116172791 0.991009116172791 1 1 1 1 1 1 1 1 1 1 1 1 1 1 1 1 1 1 1 1 1 1 0.987181544303894 1 1 1 1 1 1 1 1 1 1 1 1 1 1 0.97448268532753 1 1 1 0.910828918218613 0.897811084985733 0.573362305760384
0.760157078504562 0.991009116172791 0.97815078496933 0.965531677007675 0.965451925992966 0.876121371984482 0.864180058240891 0.972289770841599 0.991009116172791 0.763546109199524 0.622403413057327 0.649854481220245 0.564590737223625 0.953550487756729 0.972289770841599 0.991009116172791 0.991009116172791 1 0.936266481876373 0.952852755784988 1 1 1 1 1 1 1 1 1 1 1 1 1 1 1 1 1 1 1 1 1 1 1 1 1 1 1 1 1 1 1 1 1 1 1 1 1 1 1 1 0.841752707958221
0.624277353286743 0.868944615125656 0.870021134614944 0.938200235366821 0.939814984798431 0.946632921695709 0.953550487756729 0.953550487756729 0.953550487756729 0.555679604411125 0.488537155091763 0.519337341189384 0.542980752885342 0.762529402971268 0.850344896316528 0.725190386176109 0.763546109199524 0.854930013418198 0.991009116172791 0.991009116172791 0.914616644382477 0.978330224752426 0.978170722723007 0.92753478884697 0.991009116172791 0.991009116172791 1 1 1 1 1 1 1 1 1 1 1 1 1 1 1 1 1 1 1 1 1 1 1 1 1 1 1 1 1 1 1 1 1 1 0.915493786334991
0.862106770277023 0.810653477907181 0.797974556684494 0.710398316383362 0.889478087425232 0.953550487756729 0.845640122890472 0.869024366140366 0.840436995029449 0.376181177794933 0.370798617601395 0.358179502189159 0.525696743279696 0.576492168009281 0.614887766540051 0.519337341189384 0.633567243814468 0.763546109199524 0.943682461977005 0.953550487756729 0.876878917217255 0.690781861543655 0.836190730333328 0.991009116172791 0.943204015493393 0.991009116172791 1 1 1 1 1 1 1 0.981998324394226 1 1 1 1 1 1 1 1 1 1 0.897113353013992 0.97448268532753 1 1 1 1 1 1 1 1 1 1 1 1 1 1 0.946333885192871
0.519716113805771 0.75331923365593 0.451756317168474 0.759040713310242 0.680136352777481 0.866751730442047 0.762629091739655 0.62379889190197 0.565467894077301 0.345560390502214 0.336569506675005 0.345460698008537 0.309098519384861 0.419799841940403 0.535724237561226 0.699154734611511 0.792671740055084 0.863362699747086 0.86828675866127 0.817212224006653 0.773414134979248 0.854930013418198 0.981958448886871 0.991009116172791 0.987301141023636 1 1 1 1 1 1 0.890933364629745 0.928013235330582 0.991009116172791 1 1 1 1 1 1 1 1 1 1 1 1 0.987201482057571 0.910988390445709 1 1 1 1 1 1 1 1 1 1 1 1 1
0.896834254264832 0.471891067922115 0.373649388551712 0.442326873540878 0.491009116172791 0.595849446952343 0.563793309032917 0.461823682300746 0.345560390502214 0.317650809884071 0.198855713009834 0.187293167226017 0.0128384036943316 0.0443562865257263 0.211534629575908 0.301443330943584 0.608707785606384 0.801582872867584 0.733603119850159 0.646266102790833 0.763546109199524 0.782763838768005 0.819803833961487 0.864658504724503 0.955005794763565 0.991009116172791 0.937123715877533 0.882759869098663 0.809397548437119 0.773414134979248 0.773414134979248 0.773414134979248 0.845480650663376 1 1 0.974701970815659 1 1 1 1 1 1 1 1 1 1 1 1 0.885271728038788 0.961803764104843 1 1 1 1 1 1 1 1 1 1 0.987181544303894
0.434751413762569 0.704058855772018 0.310872763395309 0.319863647222519 0.482157796621323 0.576512098312378 0.423587579280138 0.507794756442308 0.242992699146271 0.0825724629685283 0 0.0408476553857327 0.0791635066270828 0.0848251655697823 0.0256967432796955 0.108249273151159 0.277600578963757 0.383756637573242 0.66508512198925 0.797595798969269 0.573581591248512 0.564590737223625 0.564590737223625 0.574079990386963 0.569873601198196 0.618017613887787 0.744747012853622 0.627586618065834 0.60958494246006 0.627586618065834 0.754076778888702 0.763546109199524 0.681751102209091 0.564750194549561 0.862764656543732 0.864180058240891 0.972628682851791 1 1 1 1 1 1 1 1 1 1 1 1 0.961484789848328 1 1 1 1 1 1 1 1 1 1 1
0.42195288091898 0.437562309205532 0.337267249822617 0.113372676074505 0.458614077419043 0.571528241038322 0.391072936356068 0.317810297012329 0.211534629575908 0.0408476553857327 0.0949922278523445 0.0637733712792397 0.0128384036943316 0.0128384036943316 0 0.0128583386540413 0.0767712593078613 0.127506878226995 0.263546109199524 0.50671824067831 0.555978640913963 0.36184760555625 0.387404799461365 0.418284766376019 0.434751413762569 0.447450265288353 0.438459381461143 0.510226860642433 0.564590737223625 0.600494399666786 0.618535950779915 0.591543391346931 0.536940321326256 0.59515169262886 0.807722985744476 0.627586618065834 0.78124874830246 0.991009116172791 1 1 1 1 1 1 1 1 1 1 1 0.974602282047272 0.872772216796875 0.859933823347092 1 1 1 1 1 1 1 1 1
0.361688122153282 0.421932943165302 0.291615158319473 0.42753478884697 0.319903500378132 0.385152108967304 0.28110920637846 0 0 0.038156371563673 0 0 0 0.0128384036943316 0.0128384036943316 0 0.0252980347722769 0.0638331808149815 0.140145927667618 0.398289546370506 0.383756637573242 0.323731102049351 0.339559841901064 0.323491877876222 0.349208556115627 0.343128260225058 0.422052554786205 0.506638489663601 0.488537155091763 0.510226860642433 0.501236006617546 0.465451940894127 0.438459381461143 0.501236006617546 0.726406440138817 0.591383919119835 0.627586618065834 0.953749865293503 1 1 1 1 1 1 1 1 1 1 1 1 0.809078603982925 0.97448268532753 1 1 1 1 1 1 1 1 1
0.332662187516689 0.336230620741844 0.430883943103254 0.407300338149071 0.282185703516006 0.292332846671343 0.111518681049347 0 0 0 0 0 0 0 0.0126191144809127 0 0 0 0.0128782745450735 0.158307085745037 0.348670303821564 0.367050737142563 0.284976668655872 0.181232806295156 0.292153418064117 0.301443338394165 0.336350215598941 0.413081608712673 0.413081608712673 0.358179502189159 0.409373633563519 0.434751413762569 0.434751413762569 0.438459381461143 0.618516013026237 0.510226860642433 0.671544194221497 0.953769773244858 1 1 1 1 1 1 1 1 1 1 1 1 1 0.84727481007576 0.91084885597229 0.987301141023636 1 1 1 1 1 1 1
0.298054307699203 0.18382440507412 0.18382440507412 0.33272198587656 0.0381962433457375 0.114788088947535 0.00919022411108017 0 0 0 0 0 0 0 0 0 0.0128384036943316 0.0126191144809127 0 0 0.0631952509284019 0.143116306513548 0.102208845317364 0.204298079013824 0.166061960160732 0.086539613083005 0.162832424044609 0.267274029552937 0.384972684085369 0.378214597702026 0.387644022703171 0.336350215598941 0.387484543025494 0.454587124288082 0.438459381461143 0.447450265288353 0.501236006617546 0.699593305587769 1 1 1 1 1 1 1 1 1 1 1 1 1 0.821637898683548 0.860073357820511 0.961684137582779 0.872772216796875 1 1 1 1 1 1
0.292053759098053 0.0675012990832329 0.14903712272644 0.175790444016457 0 0.0253777764737606 0.00919022411108017 0 0 0 0 0 0 0 0 0 0 0 0.0126191144809127 0.0128782745450735 0.0128384036943316 0.031497947871685 0 0.0254575181752443 0.140305414795876 0.153343163430691 0.114927630871534 0.0509947761893272 0.0992982760071754 0.107870500534773 0.191419795155525 0.410350456833839 0.402515850961208 0.505661644041538 0.429029956459999 0.419740036129951 0.492324873805046 0.7180335521698 0.972190111875534 1 1 1 1 1 1 1 1 1 1 1 0.987181544303894 1 0.872772216796875 0.770543456077576 0.860093295574188 0.948805868625641 1 1 0.987201482057571 1 0.948845744132996
0.26017701625824 0.0128184678032994 0.0381962433457375 0.0128184678032994 0 0.0894701182842255 0 0 0 0 0 0 0 0 0 0 0 0 0 0 0.0254575181752443 0.0254575181752443 0.0128384036943316 0 0 0 0 0.0381763093173504 0.152944460511208 0.153044134378433 0.102188907563686 0.245245404541492 0.367947861552238 0.216239377856255 0.170846462249756 0.381364375352859 0.510226860642433 0.991009116172791 0.917886048555374 1 1 1 1 1 1 1 1 1 1 0.961783826351166 0.89791077375412 0.923647373914719 1 1 0.770543456077576 1 1 1 0.987301141023636 0.990092098712921 1
0.095052033662796 0 0.0381962433457375 0 0.114867825061083 0 0 0 0 0 0 0 0 0 0 0 0 0 0 0 0 0.0126988552510738 0.0253179706633091 0.038256049156189 0 0 0 0 0 0 0.0893903747200966 0.191340059041977 0.165703121572733 0.137075871229172 0.260715276002884 0.425660848617554 0.69484868645668 1 0.962003111839294 1 1 1 1 1 1 1 1 1 1 0.910988390445709 0.867230176925659 0.757166773080826 0.961684137582779 1 0.809078574180603 1 1 1 1 0.806965440511703 0.922491133213043
0.102089233696461 0.0382361151278019 0.0126789202913642 0 0.114967502653599 0 0 0 0 0 0 0 0 0 0 0 0 0 0 0 0 0 0 0.0255372598767281 0.0126191144809127 0 0 0 0 0 0.127586618065834 0.204178459942341 0.188030775636435 0.346417598426342 0.438459381461143 0.528029188513756 0.928252458572388 1 1 1 1 1 1 1 1 1 1 1 1 0.923806875944138 0.872433334589005 0.876181185245514 0.923647373914719 1 1 0.821956843137741 1 1 1 1 1
0.137494519352913 0.0253777764737606 0 0 0.0766117796301842 0 0 0 0 0 0 0 0 0 0 0 0 0 0 0 0 0 0 0.0128384036943316 0.0253977105021477 0 0 0 0 0.0126191144809127 0.124237474054098 0.347055546939373 0.158885217271745 0.438459381461143 0.546349838376045 0.782763838768005 1 1 1 1 1 1 1 1 1 1 1 1 1 1 0.898130059242249 0.85979425907135 0.885491013526917 1 1 1 0.96188348531723 1 1 1 1
0.0253777764737606 0 0 0 0.0894701182842255 0.0253777764737606 0 0 0 0 0 0 0 0 0 0 0 0 0 0 0 0 0 0 0 0 0 0 0 0.178461782634258 0.197320684790611 0.359355680644512 0.394362263381481 0.519337341189384 0.752362340688705 1 1 1 1 1 1 1 1 1 1 1 1 1 0.987201482057571 0.910988390445709 0.923806875944138 0.936226636171341 0.872911751270294 1 1 1 0.987301141023636 1 1 1 1
0 0 0 0 0 0 0 0 0 0 0 0 0 0 0 0 0 0 0 0 0 0 0 0 0 0.0638132467865944 0 0 0.0126191144809127 0.236932344734669 0.349467717111111 0.403652183711529 0.438459381461143 0.555260941386223 0.90116024017334 0.991009116172791 1 1 1 1 1 1 1 1 1 1 1 1 0.898110121488571 0.821857184171677 0.809277951717377 0.87564292550087 0.885491013526917 1 1 1 1 0.834655731916428 1 1 1
0 0 0 0 0 0 0 0 0 0 0 0 0 0 0 0 0 0 0 0 0 0 0 0 0 0 0 0.0381962433457375 0.178262427449226 0.416331104934216 0.256090275011957 0.438459381461143 0.510226860642433 0.782763838768005 1 1 0.991009116172791 1 1 1 1 1 1 1 1 1 1 1 0.786152839660645 0.540050238370895 0.799190610647202 0.82133886218071 0.923587590456009 1 1 1 1 0.961763888597488 0.910709291696548 1 1
0 0 0 0 0 0 0 0 0 0 0 0 0 0 0 0 0 0 0 0 0 0 0.0381763093173504 0.0128583386540413 0 0 0 0.127666359767318 0.251106418669224 0.400263138115406 0.387484543025494 0.519337341189384 0.773414134979248 1 1 1 1 1 1 1 1 1 1 1 1 1 1 0.79057851433754 0.821857184171677 0.613372683525085 0.808759599924088 0.859973669052124 1 1 1 0.987201482057571 1 0.97448268532753 1 0.897970587015152 0.834316819906235
0 0 0 0 0 0 0 0 0 0 0 0 0 0 0 0 0 0 0 0 0.0255571939051151 0 0 0 0 0.0381763093173504 0.114788085222244 0.0634942799806595 0.230433400720358 0.310872763395309 0.458035968244076 0.627586618065834 0.846517294645309 1 1 1 1 1 1 1 1 1 1 1 1 0.990131974220276 0.961763888597488 0.961743950843811 0.810673415660858 0.837566286325455 0.811829656362534 0.885411262512207 0.974602282047272 1 1 1 1 0.949005216360092 1 1 1
0 0 0 0 0 0 0 0 0 0 0 0 0 0 0 0 0 0 0 0.0128782745450735 0.0126191144809127 0 0 0.0508552305400372 0.114788085222244 0.102089233696461 0.178760811686516 0.239284716546535 0.333479523658752 0.567620895802975 0.596746556460857 0.782763838768005 0.800446540117264 0.928013235330582 1 0.991009116172791 1 1 1 1 1 1 1 1 1 1 0.970595270395279 0.912662953138351 1 0.948985278606415 0.948985278606415 0.987301141023636 1 1 1 1 1 0.949005216360092 0.783421725034714 0.859953761100769 0.783421725034714
0 0 0 0 0 0 0 0 0 0 0 0 0 0 0 0 0 0 0 0.0126191144809127 0 0 0.0126789202913642 0.127586618065834 0.0763924866914749 0.025377775542438 0.025477453134954 0 0.22002711892128 0.605896882712841 0.753578394651413 0.925381749868393 0.943682461977005 0.962900191545486 0.991009116172791 1 1 1 1 1 1 1 1 0.888321846723557 1 1 1 1 1 0.987181544303894 0.977293580770493 0.948985278606415 0.987301141023636 1 0.987181544303894 1 1 0.987201482057571 0.898149996995926 0.834655731916428 0.821617960929871
0 0 0 0 0 0 0 0 0 0 0 0 0 0 0 0 0 0 0 0 0 0 0.114788085222244 0.0636936351656914 0.0126789202913642 0.0126789202913642 0.0128184678032994 0.242255091667175 0.507475780323148 0.643495082855225 0.726406440138817 0.717076674103737 0.744308441877365 0.823491901159286 0.927833825349808 1 1 1 1 1 1 1 1 0.901020705699921 0.849966108798981 1 1 1 1 0.987181544303894 0.990092098712921 0.76506119966507 0.961803764104843 0.987301141023636 0.898189872503281 0.961684137582779 1 1 1 0.834655731916428 0.79624018073082
