data-raw/DATASET_PNE/a_DATA/PFGS/ENVSUIT_A1B/HS_f15_C1_ruderal.asc
NCOLS 619 
NROWS 782 
XLLCORNER 876826 
YLLCORNER 1947424 
CELLSIZE 100 
NODATA_value -9999 
[rows 390 to 415 of 782, columns 472 to 530 of 619]
0.00901971384882927 0.118039425462484 0.210694026201963 0.210694026201963 0.142722118645906 0.183580875396729 0.287847682833672 0.27429111301899 0.264866322278976 0.278422892093658 0.237672153860331 0.22811234369874 0.181582503020763 0.253767222166061 0.185903318226337 0.0635430729016662 0.0135835809633136 0.0270591415464878 0 0 0.149473398923874 0.190143130719662 0.240399673581123 0.226357012987137 0.253848239779472 0.253848239779472 0.296732373535633 0.158547125756741 0.11755333468318 0.168620035052299 0.3226572945714 0.438509315252304 0.466945737600327 0.475884437561035 0.529759645462036 0.581960588693619 0.56475830078125 0.547556042671204 0.547556042671204 0.636672958731651 0.782932758331299 0.830650836229324 0.830650836229324 0.830650836229324 0.830650836229324 0.848150134086609 1 1 1 1 1 1 1 1 1 1 1 1 1
0.00901971384882927 0.00901971384882927 0.0774507150053978 0.118066430091858 0.195814199745655 0.196867410093546 0.210694026201963 0.197056435979903 0.205238990485668 0.199324879795313 0.158520121127367 0.24029166251421 0.226573057472706 0.226654060184956 0.0405347011983395 0.0135835809633136 0.0135835809633136 0 0 0 0.0406967326998711 0.212881445884705 0.240534707903862 0.267809890210629 0.117958411574364 0.204887926578522 0.292384549975395 0.359384283423424 0.318390488624573 0.419308677315712 0.439589530229568 0.475884437561035 0.590602219104767 0.610045909881592 0.681015387177467 0.73232513666153 0.723737508058548 0.68133944272995 0.742344051599503 0.82249528169632 0.830650836229324 0.830650836229324 0.830650836229324 0.830650836229324 0.848150134086609 0.917742371559143 0.917742371559143 1 1 1 1 1 1 1 1 1 1 1 1
0.00901971384882927 0.00901971384882927 0.00901971384882927 0.0501755326986313 0.199243851006031 0.18576830253005 0.158736158162355 0.185930334031582 0.213097497820854 0.226573050022125 0.240210637450218 0.226573050022125 0.19035916775465 0.0947069935500622 0.0135835809633136 0.0135835809633136 0 0 0.0270591415464878 0.148852281272411 0.213016472756863 0.18163651227951 0.196840394288301 0.301809340715408 0.462138816714287 0.452416971325874 0.453173115849495 0.453173115849495 0.492276541888714 0.545827716588974 0.581663519144058 0.590602219104767 0.644423454999924 0.712233319878578 0.830650836229324 0.857115864753723 0.830650836229324 -9999 -9999 -9999 0.917742371559143 0.917742371559143 0.87469619512558 0.917742371559143 0.917742371559143 0.934188485145569 0.991844445466995 1 1 1 1 1 1 1 1 1 1 1 1
0.00901971384882927 0.00901971384882927 0.0364569276571274 0.18576829507947 0.199378877878189 0.185579262673855 0.213016472756863 0.212935462594032 0.213016472756863 0.212692409753799 0.203996762633324 0.135511748492718 0.0405347011983395 0.0270591415464878 0.0135835809633136 0 0.0135835809633136 0.0270591415464878 0.176181472837925 0.240615718066692 0.267728872597218 0.237672153860331 0.404590860009193 0.439589530229568 0.555252507328987 0.70178234577179 0.58228462934494 0.56513637304306 0.601107209920883 0.618066430091858 0.644423454999924 0.693626791238785 0.730569809675217 0.857115864753723 0.900594115257263 -9999 -9999 -9999 -9999 -9999 -9999 0.925762891769409 0.925762891769409 0.991844445466995 1 -9999 1 1 1 1 1 1 1 1 1 1 1 1 1
0.109019711613655 0.135943830013275 0.199054822325706 0.0405347011983395 0.0405347011983395 0.0405347011983395 0.0541722923517227 0.176397509872913 0.0405347011983395 0.0405347011983395 0 0.0270591415464878 0.0135835809633136 0 0 0.0405347011983395 0.0677558733150363 0.213016472756863 0.253929249942303 0.164353225380182 0.247096944600344 0.389873087406158 0.493410766124725 0.58228462934494 0.627545237541199 0.644423454999924 0.610045909881592 0.620226845145226 0.646151751279831 0.71323250234127 0.811423182487488 0.830650836229324 0.848204165697098 0.87469619512558 0.917742371559143 -9999 -9999 -9999 -9999 -9999 -9999 -9999 -9999 -9999 -9999 -9999 -9999 -9999 -9999 -9999 -9999 -9999 -9999 1 1 1 1 1 1
0.0405347011983395 0.0135835809633136 0.0270591415464878 0.0135835809633136 0.0135835809633136 0.0135835809633136 0.0270591415464878 0.0405347011983395 0.0405347011983395 0.0270591415464878 0.0270591415464878 0.0405347011983395 0 0 0.226654060184956 0.226654060184956 0.253767222166061 0.267728872597218 0.22811234369874 0.290440194308758 0.59522008895874 0.554037272930145 0.6683229804039 0.689467996358871 0.721388056874275 0.781366467475891 0.740480691194534 0.713718608021736 0.813448548316956 0.830650836229324 0.8834188580513 0.900594115257263 0.857115864753723 0.917742371559143 0.917742371559143 0.967242777347565 -9999 -9999 -9999 -9999 -9999 -9999 -9999 -9999 -9999 -9999 -9999 1 1 1 1 1 0.945152580738068 1 0.917877405881882 1 1 1 0.991358369588852
0.0135835809633136 0.0135835809633136 0.0135835809633136 0.0135835809633136 0 0 0 0.0135835809633136 0.0270591415464878 0.0135835809633136 0 0.122792325913906 0.199378877878189 0.226573057472706 0.18568728864193 0.205076958984137 0.22811234369874 0.251147709786892 0.284634083509445 0.531758040189743 0.648339182138443 0.657439902424812 0.793545782566071 0.983796924352646 0.917742371559143 0.847177952528 0.917742371559143 0.830650836229324 0.857115864753723 0.8834188580513 0.917742371559143 1 1 0.967242777347565 0.991844445466995 1 1 1 1 1 -9999 -9999 -9999 -9999 -9999 -9999 1 1 1 1 1 1 1 1 1 1 1 1 1
0 0 0 0 0 0 0.0135835809633136 0.199054822325706 0.226654060184956 0.15816905349493 0.0906562283635139 0.226573057472706 0.145341615192592 0.201080206781626 0.210640016943216 0.251147709786892 0.260572500526905 0.280394271016121 0.453173115849495 0.563462063670158 0.662867948412895 0.703051581978798 0.84709694981575 0.892114490270615 0.917742371559143 0.917742371559143 0.917742371559143 0.917742371559143 0.991844445466995 0.925762891769409 0.991844445466995 1 1 1 1 1 1 1 1 1 1 1 1 1 0.986038357019424 1 1 1 0.972967863082886 0.645044565200806 0.464974343776703 0.66373211145401 0.647285968065262 0.572805851697922 0.75398325920105 0.959195256233215 0.972967863082886 1 0.734971642494202
0 0 0 0 0 0.0135835809633136 0.144774507731199 0.24037266522646 0.213016472756863 0.145233601331711 0.178125838749111 0.197164456360042 0.206589247100055 0.260572500526905 0.366810694336891 0.434944644570351 0.453173115849495 0.466945737600327 0.47585740685463 0.577882811427116 0.723575472831726 0.820712924003601 0.861058592796326 0.917742371559143 0.925762891769409 0.958925187587738 0.991844445466995 0.967242777347565 0.991844445466995 0.991844445466995 1 1 1 1 1 1 1 1 1 1 1 1 1 1 0.78023225069046 0.485390216112137 0.312989465892315 0.353443145751953 0.442830130457878 0.640129625797272 0.974750220775604 1 1 1 1 1 1 1 1
0 0 0 0 0.0135835809633136 0.104131788015366 0.240210644900799 0.15854712203145 0.0772886872291565 0.0772886872291565 0.150985687971115 0.251147709786892 0.387334607541561 0.453173115849495 0.537348091602325 0.58228462934494 0.58228462934494 0.563759133219719 0.577585726976395 0.703051581978798 0.857115864753723 0.917742371559143 0.925762891769409 0.991844445466995 0.991844445466995 0.991844445466995 1 1 1 1 1 1 1 1 1 1 1 1 0.991358369588852 0.97367000579834 1 1 0.571050494909286 0.512395352125168 1 1 1 1 1 1 1 1 1 1 1 1 1 1 0.991358369588852
0 0 0 0.0135835809633136 0.0771806612610817 0.185579266399145 0.145233601331711 0.131677016615868 0.0500945188105106 0.100810155272484 0.183580875396729 0.261193618178368 0.420496888458729 0.466945737600327 0.539238452911377 0.610045909881592 0.626492023468018 0.685579270124435 0.693626791238785 0.750985682010651 0.917742371559143 0.934215486049652 1 1 1 1 1 1 1 1 1 1 1 1 1 1 1 1 0.458871185779572 0.863273024559021 0.865784496068954 1 1 1 1 1 1 1 1 1 1 1 1 1 1 1 1 1 1
0 0 0.0270591415464878 0.0634620562195778 0.145260598510504 0.174021065235138 0.150985687971115 0.123575478792191 0.2242776080966 0.27429111301899 0.312935464084148 0.429678626358509 0.426221996545792 0.428868472576141 0.539481490850449 0.693626791238785 0.733648389577866 0.750985682010651 0.750985682010651 0.917742371559143 0.975479334592819 1 1 1 1 1 1 1 1 1 1 1 1 1 0.991358369588852 0.661301672458649 0.677909821271896 0.856413722038269 1 0.669322192668915 1 1 1 1 1 1 1 1 1 1 1 1 1 1 1 1 1 1 1
0.0135835809633136 0.0950580611824989 0.145233601331711 0.145233601331711 0.174021065235138 0.169808268547058 0.183580875396729 0.220118816941977 0.220118816941977 0.444207385182381 0.466945737600327 0.479773163795471 0.572265729308128 0.638779371976852 0.723575472831726 0.750985682010651 0.770915478467941 0.820712924003601 0.890467196702957 0.950904667377472 1 1 1 1 1 1 1 0.98660546541214 1 1 1 0.949932485818863 0.857574939727783 0.661301672458649 0.661301672458649 1 0.974885225296021 0.933567374944687 0.899783968925476 0.983526855707169 1 1 1 1 1 1 1 1 1 1 1 1 1 1 1 1 1 1 1
0.117715366184711 0.24037266522646 0.145233601331711 0.174021065235138 0.183580875396729 0.193005666136742 0.216392108239233 0.363813109695911 0.443262204527855 0.466945737600327 0.493410766124725 0.620496898889542 0.710099905729294 0.74180394411087 0.820712924003601 0.820712924003601 0.81701323390007 0.849257349967957 0.991844445466995 1 1 1 1 1 1 1 1 1 1 0.975263297557831 0.983526855707169 0.865730494260788 0.661301672458649 0.672049671411514 0.805671066045761 0.983526855707169 0.983526855707169 1 1 1 1 1 1 1 1 1 1 1 1 1 1 1 0.991844445466995 0.991844445466995 1 1 1 1 1
0.145233601331711 0.141560897231102 0.183580875396729 0.193005666136742 0.206481226719916 0.220118816941977 0.286362409591675 0.466945737600327 0.479773163795471 0.550445586442947 0.647826075553894 0.731731027364731 0.811666220426559 0.857115864753723 0.917742371559143 0.886767476797104 0.876991629600525 0.991844445466995 1 1 1 1 1 1 1 1 1 1 0.934188485145569 0.925762891769409 0.917121261358261 0.677909821271896 0.661301672458649 0.959060221910477 0.89168244600296 1 1 1 1 1 1 1 1 1 1 1 1 0.975290298461914 0.942209005355835 0.934188485145569 0.966837704181671 0.975290298461914 1 1 1 1 1 1 1
0.183580875396729 0.193005666136742 0.193005666136742 0.212368350476027 0.327842280268669 0.346475832164288 0.412314347922802 0.488738864660263 0.57828788459301 0.714636772871017 0.731731027364731 0.892114490270615 0.917742371559143 0.904104769229889 0.830299764871597 0.991844445466995 1 1 1 1 1 1 1 1 1 1 1 0.983526855707169 0.891682416200638 0.729111552238464 0.661301672458649 0.661301672458649 0.986416429281235 0.925762891769409 1 1 1 1 1 1 1 1 1 1 0.991844445466995 0.991844445466995 0.925762891769409 0.909046709537506 1 1 1 1 1 1 1 1 1 1 1
0.202025379985571 0.211288150399923 0.348663233220577 0.412125311791897 0.466945737600327 0.39883878827095 0.316932216286659 0.585336208343506 0.74180394411087 0.900594115257263 0.917742371559143 0.975479334592819 0.970159322023392 1 1 1 1 1 1 1 1 0.958925187587738 1 0.661301672458649 0.599162846803665 0.582608699798584 0.257844984531403 0.440831750631332 0.458871185779572 0.413070484995842 0.931217938661575 0.90094518661499 1 1 1 1 1 1 1 1 1 1 0.967242777347565 0.917742371559143 0.917742371559143 0.942479074001312 1 1 1 1 1 1 1 1 1 1 1 1 1
0.302214428782463 0.436699986457825 0.426330000162125 0.4533621519804 0.471050500869751 0.554712384939194 0.653200089931488 0.718255460262299 0.934215486049652 0.917742371559143 0.917742371559143 0.892843633890152 0.9506616294384 0.991844445466995 1 1 1 1 1 1 0.975263297557831 0.661301672458649 0.781798541545868 0.661301672458649 0.661301672458649 0.661301672458649 0.46991628408432 0.213394537568092 0.677288681268692 1 1 1 1 1 1 1 1 1 0.991844445466995 1 1 0.934215486049652 0.917742371559143 0.857115864753723 1 1 1 1 1 1 1 1 1 1 1 1 1 0.942209005355835 0.93351337313652
0.426330000162125 0.439724549651146 0.412368357181549 0.526708081364632 0.627383217215538 0.675425320863724 0.697434529662132 0.820712924003601 0.917742371559143 0.917742371559143 0.86297595500946 0.863191992044449 1 1 1 1 1 1 1 0.909586817026138 0.849851459264755 0.665352404117584 0.90094518661499 0.90094518661499 0.661301672458649 0.704131782054901 0.661301672458649 0.808236569166183 1 1 1 1 1 1 1 1 1 0.991844445466995 0.967242777347565 0.967242777347565 0.917742371559143 0.857115864753723 0.830650836229324 0.830650836229324 0.989819079637527 1 1 1 0.991736441850662 1 1 1 1 1 1 0.830650836229324 0.830650836229324 0.839238464832306 1
0.509667828679085 0.516797199845314 0.43132596090436 0.60672427713871 0.711207136511803 0.751822859048843 0.801431268453598 0.857115864753723 0.917742371559143 0.865838497877121 0.896138280630112 1 1 1 1 1 1 1 0.458871185779572 0.673507958650589 0.669862270355225 0.661301672458649 0.975263297557831 0.917742371559143 0.917742371559143 0.975263297557831 1 1 1 1 1 1 1 1 1 0.991844445466995 1 1 0.925762891769409 0.942479074001312 0.917742371559143 0.760896563529968 0.753686189651489 0.711207136511803 0.979611128568649 0.952659994363785 0.903402656316757 0.903402656316757 0.887118548154831 1 0.770915478467941 0.820442885160446 0.779962182044983 0.830650836229324 1 1 1 1 1
0.620658934116364 0.60191735625267 0.533324338495731 0.642425075173378 0.768106937408447 0.830650836229324 0.917742371559143 0.868106931447983 0.838482320308685 0.909856885671616 1 1 1 1 1 1 0.661301672458649 0.381609499454498 0.35822306573391 0.472211718559265 0.757223874330521 0.730866849422455 1 0.991682410240173 1 1 1 1 1 1 1 1 0.991844445466995 0.991844445466995 0.967242777347565 1 1 0.917742371559143 0.958925187587738 0.942479074001312 0.806427210569382 0.712233319878578 0.63251419365406 0.632244125008583 0.7074264138937 0.734485551714897 0.789332985877991 0.785876303911209 0.877126663923264 0.639724552631378 0.694328919053078 0.74180394411087 0.750850647687912 0.780961394309998 1 1 1 1 1
0.683661893010139 0.656413719058037 0.697812601923943 0.798460721969604 0.857115864753723 0.917742371559143 0.917742371559143 0.852200925350189 0.896138280630112 1 1 1 1 1 1 0.950067520141602 0.309046715497971 0.659735351800919 0.85635969042778 1 1 1 1 1 1 1 1 1 1 1 1 0.967242777347565 -9999 0.917742371559143 0.892114490270615 0.839562505483627 0.873480975627899 0.873480975627899 0.907561451196671 0.769754260778427 0.703051581978798 0.693626791238785 0.366756692528725 0.375209294259548 0.684526056051254 0.680016204714775 0.763137996196747 0.826708078384399 0.604347825050354 0.56475830078125 0.530272766947746 0.629921674728394 0.721280038356781 0.770780444145203 0.830650836229324 1 1 1 1
0.633108302950859 0.728085353970528 0.788900911808014 0.830650836229324 0.865838497877121 0.835970818996429 0.863462060689926 0.951039701700211 1 1 1 1 1 0.909586817026138 0.917742371559143 1 1 1 1 1 1 1 1 1 1 1 1 0.912125289440155 0.918417513370514 0.991844445466995 0.991844445466995 1 0.900594115257263 0.806994318962097 0.763840138912201 0.697488516569138 0.809775859117508 0.703051581978798 0.707831487059593 0.604482844471931 0.684147983789444 0.692303538322449 0.466945737600327 0.560059409588575 0.701080203056335 0.719416692852974 0.763759106397629 0.710504993796349 0.538617342710495 0.421280026435852 0.430002689361572 0.589251950383186 0.707642450928688 0.800378084182739 0.830650836229324 1 1 1 1
0.68328383564949 0.615338921546936 0.830650836229324 0.721388071775436 0.827869296073914 0.880016207695007 1 1 1 1 1 1 0.661301672458649 0.656089663505554 0.917742371559143 0.876262485980988 1 1 1 1 1 1 1 1 0.991844445466995 0.991844445466995 0.876991629600525 0.917742371559143 1 0.750661611557007 0.711207136511803 0.731460973620415 0.780853360891342 0.703051581978798 0.693626791238785 0.640696734189987 0.666270583868027 0.573345929384232 0.540561705827713 0.301485281437635 0.45247095823288 0.291277330368757 0.403132580220699 0.389738038182259 0.430623807013035 0.417148247361183 0.389657020568848 0.416905201971531 0.399054832756519 0.304860919713974 0.441938973963261 0.643316224217415 0.760761559009552 0.820712924003601 0.830650836229324 1 1 1 1
0.810342967510223 0.65711584687233 0.756818771362305 0.852146923542023 0.909775853157043 1 1 1 1 1 0.895679175853729 0.652930051088333 0.829300552606583 0.909586817026138 0.917742371559143 1 1 1 1 1 0.986524432897568 0.877504736185074 0.972886860370636 0.970159322023392 0.983796924352646 0.917742371559143 0.917742371559143 0.907561451196671 0.738968402147293 0.667782872915268 0.676100462675095 0.604968935251236 0.611612215638161 0.603213593363762 0.626492023468018 0.591547399759293 0.502133399248123 0.416851192712784 0.211288150399923 0.193005666136742 0.183580875396729 0.193005666136742 0.193005666136742 0.193005666136742 0.231812041252851 0.261166613548994 0.301485281437635 0.291277330368757 0.32506075501442 0.430002689361572 0.635295704007149 0.731460973620415 0.830650836229324 0.769619226455688 0.830650836229324 1 1 1 0.830650836229324
0.890386164188385 0.909559816122055 0.950796663761139 0.959168255329132 1 1 1 1 0.909586817026138 1 0.724601686000824 0.719173640012741 0.917742371559143 1 1 1 1 1 0.958898186683655 0.912125289440155 0.986362397670746 0.972886860370636 0.991844445466995 0.917742371559143 0.917742371559143 0.975479334592819 0.888495802879333 0.765325397253036 0.579935193061829 0.469970293343067 0.483445845544338 0.479368075728416 0.444180384278297 0.488549813628197 0.488360792398453 0.470645412802696 0.240696739405394 0.202025379985571 0.146610856056213 0.103861734271049 0.0633540377020836 0.0362138822674751 0.0362138822674751 0.0691601410508156 0.0825816914439201 0.150823652744293 0.211288150399923 0.207750465720892 0.426086969673634 0.617553323507309 0.662219822406769 0.76068052649498 0.779746145009995 0.739508509635925 0.983283817768097 1 0.749419391155243 0.830650836229324 0.830650836229324
