data-raw/DATASET_PNE/a_DATA/PFGS/ENVSUIT_A1B/HS_f0_P3_ubac2.asc
NCOLS 619 
NROWS 782 
XLLCORNER 876826 
YLLCORNER 1947424 
CELLSIZE 100 
NODATA_value -9999 
[rows 155 to 185 of 782, columns 140 to 209 of 619]
0.981161643104828 1 1 1 1 1 1 1 1 1 1 1 1 1 1 0.957555348092825 0.928881034942651 0.952453987730061 1 0.943218191517738 0.876400373432916 0.733595625500133 0.757368631635103 0.805148039477194 0.852927447319285 0.943218191517738 0.943218191517738 0.943218191517738 0.943218191517738 0.943218191517738 0.980828220858896 0.980828220858896 0.980828220858896 0.980828220858896 0.980828220858896 1 0.952620698853027 0.857295278740998 0.928781008268872 0.88100160042678 1 1 1 0.952353961056282 1 1 1 1 1 1 1 1 1 1 1 1 1 0.952187249933316 0.951987196585756 1 0.904507868765004 0.957221925846893 0.918978394238464 0.776173646305682 0.545578821018938 0.31855161376367 0.394171779141104 0.394138436916511 0.275940250733529 0.308982395305415
0.981161643104828 1 1 1 1 1 1 1 1 1 1 1 1 1 1 1 0.97642704721259 0.833488930381435 1 0.980828220858896 0.900373432915444 0.900373432915444 0.92411309682582 0.92411309682582 0.92411309682582 0.943218191517738 0.943218191517738 0.943218191517738 0.943218191517738 0.943218191517738 0.92411309682582 0.943218191517738 0.961989863963724 0.980828220858896 0.980828220858896 1 1 1 1 0.97642704721259 1 1 1 1 1 1 1 1 1 1 1 1 1 1 1 1 1 0.904141104294478 0.759769271805815 0.976226993865031 0.980894905308082 0.942984795945586 0.895138703654308 0.545578821018938 0.31855161376367 0.237229927980795 0.299979994665244 0.29507868765004 0.313650306748466 0.313850360096026
0.981161643104828 0.981161643104828 1 1 1 1 1 1 1 1 1 1 1 1 1 1 1 0.819618564950654 1 1 0.980828220858896 0.980828220858896 0.980828220858896 0.980828220858896 0.943218191517738 0.943218191517738 0.943218191517738 0.943218191517738 0.980828220858896 0.961989863963724 0.92411309682582 0.943218191517738 0.961989863963724 0.980828220858896 0.980828220858896 1 1 1 1 1 1 1 1 1 1 1 1 1 1 1 1 1 1 1 1 1 1 1 0.976226993865031 1 0.824119765270739 0.895205388103494 0.6392704721259 0.31855161376367 0.237229927980795 0.0370765537476661 0.213656975193385 0.256601760469459 0.313650306748466 0.337623366230995
0.981161643104828 0.981161643104828 1 1 1 1 1 1 1 1 1 1 1 1 1 1 1 0.938716991197653 0.833488930381435 1 -9999 0.980828220858896 0.980828220858896 0.961989863963724 0.943218191517738 0.943218191517738 0.943218191517738 0.943218191517738 0.943218191517738 0.980828220858896 0.943218191517738 0.943218191517738 0.980828220858896 0.961989863963724 0.980828220858896 1 1 1 1 1 1 1 1 1 1 1 1 1 1 1 1 1 1 1 1 1 1 1 1 0.952320618831689 0.96205654841291 0.796545745532142 0.36673112830088 0.332388636969859 0.0370765537476661 0.0370765537476661 0.0370765537476661 0.213656975193385 0.29507868765004 0.313650306748466
0.957355294745265 0.981161643104828 0.981161643104828 0.981161643104828 1 1 1 1 1 1 1 1 1 1 1 1 1 1 0.914943985062683 1 -9999 -9999 0.943218191517738 0.980828220858896 0.943218191517738 0.943218191517738 0.980828220858896 0.961989863963724 0.943218191517738 0.943218191517738 0.943218191517738 0.943218191517738 0.980828220858896 0.980828220858896 1 1 1 1 1 1 1 1 1 1 1 1 1 1 1 1 1 1 1 1 1 1 1 1 1 0.904274473192851 0.938283542277941 0.536676447052547 0.280574819951987 0.0370765537476661 0.0370765537476661 0.0370765537476661 0.0370765537476661 0.237429981328354 0.256601760469459 0.31875166711123
0.943118164843958 0.981161643104828 0.981161643104828 0.981161643104828 0.981161643104828 1 1 1 1 1 1 1 1 1 1 1 1 1 0.906141637770072 1 1 -9999 0.943218191517738 0.943218191517738 0.943218191517738 0.943218191517738 0.943218191517738 0.943218191517738 0.943218191517738 0.943218191517738 0.943218191517738 0.943218191517738 0.943218191517738 0.943218191517738 1 1 1 0.962289943985063 1 1 1 1 1 1 1 1 1 1 1 1 1 1 1 1 1 1 1 1 1 0.862029874633236 0.871532408642305 0.423612963456922 0.304047746065618 0.0370765537476661 0.0370765537476661 0.0370765537476661 0 0.0370765537476661 0.237429981328354 0.276307015204054
0.607461989863964 0.962223259535876 0.981161643104828 0.981161643104828 0.981161643104828 1 0.904607895438784 1 1 1 1 1 1 1 1 1 1 1 0.8873032808749 0.97642704721259 1 0.943218191517738 0.943218191517738 0.943218191517738 0.961989863963724 0.943218191517738 0.943218191517738 0.943218191517738 0.943218191517738 0.943218191517738 0.943218191517738 0.943218191517738 0.943218191517738 0.980828220858896 1 1 1 0.962289943985063 1 1 1 1 1 1 1 1 1 1 1 1 1 1 1 1 1 1 1 1 0.880468124833289 0.885169378500934 0.918978394238464 0.484729261136303 0.328354227794078 0.0370765537476661 0.0370765537476661 0 0 0.0370765537476661 0.0370765537476661 0.261403040810883
0.588690317417978 0.962223259535876 0.981161643104828 0.981161643104828 0.981161643104828 1 0.904241130968258 0.880568151507069 1 1 1 1 1 1 1 1 1 1 0.962289943985063 0.86373032808749 1 1 0.943218191517738 0.943218191517738 0.980828220858896 0.943218191517738 0.961989863963724 0.943218191517738 0.943218191517738 0.943218191517738 0.943218191517738 0.943218191517738 0.92411309682582 1 0.976193651640437 1 1 1 1 1 1 1 1 1 1 1 1 1 1 1 1 1 1 1 1 1 1 1 0.856628434249133 0.885169378500934 0.918978394238464 0.641304347826087 0.352127233929048 0.0370765537476661 0.0370765537476661 0 0 0.0370765537476661 0.0370765537476661 0.261403040810883
0.779607895438784 0.962223259535876 0.981161643104828 0.981161643104828 0.981161643104828 1 0.928047479327821 0.776373699653241 0.813783675646839 1 1 1 1 1 1 1 1 1 1 0.86869831955188 0.928847692718058 1 0.943218191517738 0.943218191517738 0.980828220858896 0.943218191517738 0.943218191517738 0.96205654841291 0.943218191517738 0.92411309682582 0.92411309682582 0.92411309682582 0.980828220858896 1 1 1 1 1 1 1 1 1 1 1 1 1 1 1 1 1 1 1 1 1 1 1 1 1 1 0.885169378500934 0.82391971192318 0.733628967724727 0.672012536676447 0.0370765537476661 0.0370765537476661 0 0 0.0370765537476661 0.0370765537476661 0.237429981328354
0.707822085889571 0.962223259535876 0.981161643104828 0.981161643104828 0.981161643104828 1 1 0.880568151507069 0.975793544945319 0.980828220858896 1 1 1 1 1 1 1 1 1 0.8873032808749 1 1 1 0.943218191517738 0.980828220858896 0.943218191517738 0.943218191517738 0.943218191517738 0.943218191517738 0.943218191517738 0.905474793278208 0.980828220858896 1 1 1 1 1 1 1 1 1 1 1 1 1 1 1 1 1 1 1 1 1 1 1 1 1 1 1 0.819218458255535 0.776373699653241 0.781008268871699 0.647806081621766 0.0370765537476661 0.0184382502000534 0 0 0.0370765537476661 0.0370765537476661 0.261403040810883
0.905174713256869 0.962223259535876 0.981161643104828 0.981161643104828 0.981161643104828 1 1 1 1 1 1 0.928847692718058 1 1 1 1 1 1 1 1 0.924879967991464 1 1 0.980828220858896 0.980828220858896 0.943218191517738 0.924579887970125 0.924579887970125 0.943218191517738 0.943218191517738 0.905474793278208 1 1 0.962289943985063 1 1 1 1 1 1 1 1 1 1 1 1 1 1 1 1 1 1 1 1 1 1 1 1 0.975993598292878 0.80014670578821 0.733695652173913 0.809715924246466 0.610062683382235 0.0370765537476661 0.0184382502000534 0 0 0.0184382502000534 0.0370765537476661 0.237429981328354
0.900506801813817 0.981161643104828 0.981161643104828 0.957588690317418 0.981161643104828 1 1 1 1 0.97642704721259 1 0.952420645505468 1 1 1 1 1 1 1 1 0.84512536676447 0.952620698853027 1 1 0.96205654841291 0.943218191517738 0.924579887970125 0.924579887970125 0.943218191517738 0.943218191517738 0.943218191517738 1 1 0.924879967991464 1 1 1 1 1 1 1 1 1 1 1 1 1 1 1 1 1 1 1 1 1 1 0.928414243798346 1 0.95688850360096 0.824119765270739 0.757435316084289 0.881168311549747 0.610062683382235 0.0370765537476661 0 0 0 0.0184382502000534 0.0370765537476661 0.453254201120299
0.981161643104828 0.981161643104828 0.981161643104828 0.981161643104828 1 1 1 1 0.97642704721259 0.97642704721259 1 1 1 1 1 1 1 1 0.952654041077621 1 0.8873032808749 0.843391571085623 0.952620698853027 1 0.980828220858896 0.943218191517738 0.943218191517738 0.943218191517738 0.943218191517738 0.980828220858896 1 0.952420645505468 0.924913310216058 0.981128300880235 1 1 1 1 1 1 0.976193651640437 1 1 1 1 0.976193651640437 0.975793544945319 1 0.976193651640437 0.976193651640437 1 1 1 1 1 1 1 1 0.80014670578821 0.752634035742865 0.900040010669512 0.814983995732195 0.472959455854895 0.0184382502000534 0 0 0 0.0184382502000534 0.0370765537476661 0.0370765537476661
0.981161643104828 0.957588690317418 0.981161643104828 1 1 1 1 1 1 1 1 1 1 1 1 1 1 1 1 1 0.906141637770072 0.88110162710056 0.952620698853027 1 1 0.980828220858896 0.943218191517738 0.943218191517738 0.943218191517738 0.943218191517738 1 0.952620698853027 0.8873032808749 1 1 1 1 1 1 1 0.904841291010936 0.809082421979194 0.881068284875967 0.952153907708722 0.976160309415844 0.975993598292878 1 1 1 1 1 1 0.975793544945319 0.951953854361163 1 1 0.962089890637503 0.871365697519339 0.918978394238464 0.757435316084289 0.857161909842625 0.647806081621766 0.435349426513737 0.0184382502000534 0 0 0 0 0.0370765537476661 0.0370765537476661
0.957388636969859 0.933615630834889 0.92844758602294 1 1 1 1 1 0.97642704721259 0.97642704721259 1 1 1 1 1 1 1 1 0.981128300880235 0.906141637770072 0.981128300880235 0.97642704721259 1 1 1 0.980828220858896 0.943218191517738 0.924579887970125 0.924579887970125 0.980828220858896 1 0.88100160042678 0.8873032808749 1 1 1 1 1 0.904441184315818 1 0.856395038676981 1 1 0.904707922112563 0.928547612696719 0.957155241397706 0.842558015470792 0.890770872232595 0.928380901573753 0.952153907708722 0.976160309415844 1 1 1 1 0.942984795945586 0.918978394238464 0.781008268871699 0.900040010669512 0.736696452387303 0.647806081621766 0.628634302480662 0.24503200853561 0 0 0 0 0 0.0370765537476661 0.0370765537476661
0.981161643104828 0.957188583622299 0.904241130968258 1 1 1 1 1 1 0.97642704721259 1 1 1 1 1 1 0.981128300880235 1 1 1 1 1 1 1 1 0.943218191517738 0.924579887970125 0.924579887970125 0.906141637770072 0.980828220858896 1 1 0.8873032808749 1 1 1 1 1 0.789977327287277 0.976193651640437 0.761636436383036 1 0.933548946385703 0.847692718058149 0.752634035742865 0.799946652440651 0.82391971192318 0.776373699653241 0.80014670578821 0.847692718058149 0.890437449986663 1 0.914443851693785 0.938050146705788 0.918978394238464 0.900040010669512 0.900273406241664 0.806315017337957 0.828821018938384 0.480394771939184 0.647806081621766 0.454187783408909 0.0370765537476661 0 0 0 0 0 0.0184382502000534 0.0955588156841825
0.909609229127767 0.814350493464924 0.790777540677514 0.856828487596693 0.904707922112563 1 1 1 1 1 1 1 1 0.906141637770072 1 1 1 1 1 1 1 1 0.952620698853027 1 1 0.924579887970125 0.924579887970125 0.906141637770072 0.906141637770072 0.980828220858896 1 1 1 1 1 1 1 1 0.76643771672446 0.856661776473726 0.809615897572686 0.976160309415844 0.848126166977861 0.666511069618565 0.647405974926647 0.738130168044812 0.876300346759136 0.804781275006669 0.757435316084289 0.752634035742865 0.752634035742865 0.847692718058149 0.776373699653241 0.895538810349427 0.905341424379835 0.881168311549747 0.833655641504401 0.509669245132035 0.647806081621766 0.347692718058149 0.491531074953321 0.0370765537476661 0 0 0 0 0 0 0.0184382502000534 0.0744198452920779
0.933615630834889 0.766604427847426 0.838590290744199 0.933648973059483 0.962590024006402 0.962590024006402 0.981428380901574 1 1 1 1 1 1 1 1 1 1 1 1 0.981128300880235 0.906141637770072 0.8873032808749 0.906141637770072 0.952620698853027 1 0.943218191517738 0.924579887970125 0.906141637770072 0.906141637770072 0.906141637770072 0.980828220858896 1 0.957555348092825 0.962289943985063 1 1 1 1 1 0.766204321152307 0.761636436383036 1 0.847959455854895 0.709889303814351 0.647405974926647 0.233362229927981 0.214723926380368 0.628634302480662 0.924046412376634 0.924046412376634 0.924046412376634 0.924046412376634 0.924046412376634 0.924046412376634 0.857495332088557 0.791210989597226 0.647806081621766 0.628634302480662 0.628634302480662 0.628634302480662 0.0765537476660443 0 0 0 0 0 0 0 0.0184382502000534 0.0370765537476661
0.981161643104828 0.910142704721259 0.981161643104828 0.957388636969859 0.943885036009603 0.962590024006402 0.6865164043745 0.914343825020005 0.975993598292878 1 0.976226993865031 1 1 1 1 1 1 1 0.981128300880235 0.962289943985063 0.906141637770072 0.8873032808749 0.850126700453454 0.86373032808749 1 1 0.924579887970125 0.906141637770072 0.906141637770072 0.906141637770072 0.906141637770072 1 1 0.981128300880235 1 1 1 0.962289943985063 1 0.766204321152307 0.856395038676981 1 0.981161643104828 0.799913310216058 0.233362229927981 0.214723926380368 0.214723926380368 0.814683915710856 0.838423579621232 0.528674313150173 0.881268338223526 0.904941317684716 0.829087756735129 0.672012536676447 0.647806081621766 0.472959455854895 0.472959455854895 0.341791144305148 0.226293678314217 0.0748532942117898 0.0184382502000534 0 0 0 0 0 0 0 0.0184382502000534 0.0370765537476661
0.881435049346493 0.857762069885303 0.905208055481462 0.641604427847426 0.699286476393705 0.781475060016004 0.915044011736463 0.962590024006402 0.981428380901574 0.726260336089624 0.976226993865031 1 1 1 1 1 0.981128300880235 0.981128300880235 0.962289943985063 0.962289943985063 1 1 0.8873032808749 0.8873032808749 0.792144571885836 1 1 0.906141637770072 0.906141637770072 0.906141637770072 0.906141637770072 1 1 1 1 1 1 1 1 0.904341157642038 1 0.9281475060016 1 0.981161643104828 0.709889303814351 0.609995998933049 0.233362229927981 0.838423579621232 0.771805814883969 0.0370765537476661 0.472959455854895 0.472959455854895 0.454187783408909 0.18838356895172 0.0370765537476661 0.0184382502000534 0.0184382502000534 0 0.0184382502000534 0.0184382502000534 0 0 0 0 0 0 0 0 0 0.0370765537476661
0.437583355561483 0.437583355561483 0.551880501467058 0.0799879967991464 0.207522005868232 0.207622032542011 0.724893304881302 0.872199253134169 0.962590024006402 0.651073619631902 0.976226993865031 1 1 1 1 1 1 1 1 1 1 1 0.981128300880235 0.8873032808749 0.8873032808749 0.933748999733262 1 0.980828220858896 0.887036543078154 0.906141637770072 0.924779941317685 0.980828220858896 1 0.928614297145906 1 0.981128300880235 0.962289943985063 1 1 1 1 1 0.976160309415844 1 0.799946652440651 0.85256068284876 0.620365430781542 0.843024806615097 0.084522539343825 0.0370765537476661 0.0750866897839424 0 0 0 0 0 0 0 0 0 0 0 0 0 0 0 0 0.0184382502000534 0.0184382502000534 0.0370765537476661
0.369098426246999 0.23656308348893 0.113530274739931 0.0184382502000534 0.0370765537476661 0.0370765537476661 0.257201920512137 0.252467324619899 0.981161643104828 0.820485462790077 0.906141637770072 1 1 1 1 1 1 1 1 1 1 1 1 1 0.962289943985063 0.882568684982662 1 1 0.906141637770072 0.906141637770072 0.906141637770072 0.924779941317685 1 1 1 0.962289943985063 0.962289943985063 1 1 1 1 1 1 1 0.914543878367565 0.804781275006669 0.838423579621232 0.843024806615097 0.472959455854895 0.0184382502000534 0 0 0 0 0 0 0 0 0 0 0 0 0 0 0 0 0 0.0184382502000534 0.0184382502000534 0.377734062416644
0.0184382502000534 0.160842891437717 0.0184382502000534 0.0184382502000534 0.0184382502000534 0.0370765537476661 0.281174979994665 0.824453187516671 0.975993598292878 1 1 1 1 1 1 1 1 1 1 0.905141371032275 1 0.976226993865031 0.962289943985063 1 1 0.962289943985063 0.792144571885836 1 1 0.906141637770072 0.906141637770072 0.924779941317685 1 1 0.97642704721259 1 1 1 1 1 1 1 1 0.976160309415844 0.957488663643638 0.924046412376634 0.838423579621232 0.843024806615097 0.0370765537476661 0.0184382502000534 0.0184382502000534 0 0 0 0 0 0 0 0 0 0 0 0 0 0 0 0.0184382502000534 0.0184382502000534 0.0370765537476661 0.453254201120299
0 0.0184382502000534 0.0184382502000534 0.0184382502000534 0.0184382502000534 0.0184382502000534 0.293144838623633 0.773939717257936 0.975993598292878 1 1 1 1 1 1 1 0.83302213923713 0.479961323019472 0.790410776206989 1 1 0.976226993865031 1 0.8873032808749 0.906141637770072 0.981128300880235 0.797312616697786 1 1 0.980828220858896 0.980828220858896 0.962389970658842 0.943618298212857 1 1 0.97642704721259 1 1 1 1 1 1 1 0.976160309415844 1 0.924046412376634 0.862196585756202 0.471725793544945 0.132535342758069 0.0370765537476661 0.0184382502000534 0 0 0 0 0 0 0 0 0 0 0 0 0 0 0.0184382502000534 0.0370765537476661 0.0370765537476661 0.471725793544945 0.866997866097626
0 0 0.0184382502000534 0.0184382502000534 0.0184382502000534 0.0184382502000534 0.680181381701787 0.347526006935183 0.895972259269138 1 1 0.976193651640437 1 1 1 0.829487863430248 0.347526006935183 0.347526006935183 0.611829821285676 1 1 1 0.94365164043745 1 0.86869831955188 1 0.802780741531075 0.904841291010936 1 1 0.980828220858896 0.962389970658842 0.906141637770072 1 1 0.90477460656175 1 1 1 1 1 1 1 1 0.962289943985063 0.942984795945586 0.88616964523873 0.604461189650573 0.376367031208322 0.132535342758069 0.0370765537476661 0 0 0 0 0 0 0 0 0 0 0 0 0.0184382502000534 0.0370765537476661 0.0370765537476661 0.257168578287543 0.295112029874633 0.49089757268605 0.547412643371566
0 0 0 0.0184382502000534 0.0184382502000534 0.0422112563350227 0.433815684182449 0.418911709789277 0.933215524139771 1 1 1 1 0.975993598292878 0.498699653240864 0.347526006935183 0.333188850360096 0.170778874366498 0.347526006935183 0.824319818618298 1 1 1 1 0.906141637770072 0.962289943985063 0.8873032808749 0.86373032808749 1 1 1 1 0.906141637770072 0.924779941317685 1 1 0.952587356628434 1 1 0.906141637770072 1 1 1 1 1 1 0.957155241397706 0.924046412376634 0.694285142704721 0.419311816484396 0.698586289677247 0.264037076553748 0.0184382502000534 0 0 0 0 0 0 0 0 0 0 0.0370765537476661 0.460989597225927 0.800680181381702 0.49089757268605 0.670378767671379 0.333155508135503 0.333155508135503
0 0 0 0 0.0184382502000534 0.0184382502000534 0.309415844225127 0.418911709789277 1 1 1 1 0.933582288610296 0.385169378500934 0.309415844225127 0.218091491064284 0.146305681515071 0.0658842357962123 0.309415844225127 0.724226460389437 1 1 1 1 1 1 0.8873032808749 0.86373032808749 1 1 1 1 1 0.906141637770072 1 1 1 1 1 1 1 1 1 1 1 1 0.938083488930381 0.70698853027474 0.763503600960256 0.924046412376634 0.88616964523873 0.471725793544945 0.0370765537476661 0 0 0 0 0 0 0 0 0 0.0370765537476661 0.341791144305148 0.8484262469992 0.866997866097626 0.904941317684716 0.881335022672713 0.895138703654308 0.961823152840758
0 0 0 0 0.0896905841557749 0.0375433448919712 0.328354227794078 0.480361429714591 0.957588690317418 1 0.981161643104828 0.957588690317418 0.909809282475327 0.290344091757802 0.0184382502000534 0.0184382502000534 0.0659175780208056 0.0184382502000534 0.170778874366498 0.347526006935183 0.928580954921312 1 1 1 1 1 0.962289943985063 0.84512536676447 0.928614297145906 1 1 1 1 0.924779941317685 0.924779941317685 1 1 1 0.962289943985063 1 1 1 1 1 1 0.976260336089624 0.976260336089624 1 1 0.96205654841291 0.924046412376634 0.471725793544945 0.132535342758069 0.0184382502000534 0 0 0 0 0 0 0.0475126700453454 0.0184382502000534 0.084955988263537 0.132535342758069 0.866997866097626 0.904941317684716 0.924046412376634 0.942984795945586 1 1
0 0 0 0 0.0658175513470259 0.0749533208855695 0.395138703654308 0.933815684182449 0.909375833555615 0.933382235262737 0.957588690317418 0.933815684182449 0.694318484929314 0.0421779141104295 0.0184382502000534 0 0.0184382502000534 0.0184382502000534 0.0421779141104295 0.371299013070152 0.404174446519072 0.6638770338757 1 1 1 1 1 0.86373032808749 0.97642704721259 1 1 1 1 0.962389970658842 0.924779941317685 1 1 1 1 1 1 1 1 1 1 1 1 1 1 1 0.825186716457722 0.680248066150974 0.471725793544945 0.228027473993065 0.0184382502000534 0 0 0 0 0 0.0845892237930115 0.132535342758069 0.423979727927447 0.49089757268605 0.88616964523873 0.904941317684716 0.876533742331288 0.980894905308082 1 1
0 0 0 0 0.089557215257402 0.189250466791144 0.480728194185116 0.885636169645239 0.885636169645239 0.81555081355028 0.891271005601494 0.914677247265938 0.645305414777274 0.0421779141104295 0 0 0 0.0237396639103761 0.0421779141104295 0.170145372099226 0.347526006935183 0.574653240864231 1 1 1 1 1 0.962289943985063 1 1 1 1 1 1 0.980828220858896 1 1 1 1 1 1 1 1 1 1 1 1 1 1 0.976193651640437 1 0.636669778607629 0.623166177647373 0.471725793544945 0.0608829021072286 0.0184382502000534 0 0.0475126700453454 0 0.084522539343825 0.204054414510536 0.443151507068552 0.314217124566551 0.41904507868765 0.924046412376634 0.876533742331288 0.942984795945586 1 1 1
0 0 0 0 0.13740330754868 0.251000266737797 0.957388636969859 0.914843958388904 0.890770872232595 0.872199253134169 0.924813283542278 0.250466791144305 0.0184382502000534 0.0237396639103761 0 0 0 0 0.0237396639103761 0.146572419311816 0.498699653240864 0.518171512403307 0.962289943985063 1 1 1 1 1 1 1 1 1 1 1 1 1 1 1 1 1 1 1 1 1 1 1 1 1 1 0.976260336089624 1 0.962289943985063 0.456721792477994 0.457188583622299 0.376367031208322 0.447986129634569 0.0608829021072286 0.18031475060016 0.251600426780475 0.352894105094692 0.290410776206989 0.362396639103761 0.924046412376634 0.942984795945586 0.942984795945586 0.942984795945586 1 1 1 1
