data-raw/DATASET_PNE/a_DATA/PFGS/ENVSUIT_A1B/HS_f75_C2_VaccUli.asc
NCOLS 619 
NROWS 782 
XLLCORNER 876826 
YLLCORNER 1947424 
CELLSIZE 100 
NODATA_value -9999 
[rows 480 to 503 of 782, columns 486 to 539 of 619]
0.554926350712776 0.693578243255615 0.408440873026848 0.193638987839222 0.193608626723289 0.183816604316235 0 0.126491576433182 0.353089421987534 0.811871856451035 0.903279185295105 0.903279185295105 0.849430680274963 0.967693954706192 0.903370261192322 0.989190816879272 0.903233647346497 0.914073169231415 0.935478985309601 0.956915140151978 0.989297091960907 1 1 0.989297091960907 0.924624264240265 0.903021097183228 0.989297091960907 0.682010024785995 0.629558235406876 0.693714916706085 0.620540469884872 0.363215409219265 0.225064520724118 0.2152876900509 0.236921206116676 0.22608167398721 0.22608167398721 0.00982237700372934 0 0.116578109562397 0.204493701457977 0.469819337129593 0.779717624187469 0.989388197660446 0.980476707220078 0.82231667637825 0.811461985111237 0.8675876557827 0.776833146810532 0.820783346891403 0.672612726688385 0.629436790943146 0.303005918860435 0.236799761652946
0.302474569529295 0.673508435487747 0.733095496892929 0.397980883717537 0.236814938485622 0.0204038266092539 0 0.204493701457977 0.396553814411163 0.655746161937714 0.903279185295105 0.903279185295105 0.827979356050491 0.935281604528427 0.935478985309601 1 0.946121156215668 0.924502819776535 0.903051465749741 0.97841203212738 1 0.844056487083435 0.990101724863052 0.967602849006653 0.913754373788834 0.956915140151978 0.847958087921143 0.618764251470566 0.580765157938004 0.640185207128525 0.683087900280952 0.424502812325954 0.257476847618818 0.226112039759755 0.22608167398721 0.387126162648201 0.0800364362075925 0 0.0389403365552425 0.204493701457977 0.243570668622851 0.619128584861755 0.970548063516617 0.903279185295105 0.924836814403534 0.935630798339844 0.935433447360992 0.8935327231884 0.753514498472214 0.767177760601044 0.450538940727711 0.565325632691383 0.521906793117523 0.265219368040562
0.214270532131195 0.441354185342789 0.73247304558754 0.49486868083477 0.236814938485622 0.222848027944565 0.0980871440842748 0.107211172580719 0.30130559951067 0.567618042230606 0.903370261192322 0.903279185295105 0.903279185295105 0.967693954706192 0.892621845006943 0.967663586139679 0.935296803712845 0.946090787649155 0.91384544968605 1 1 1 0.98920601606369 0.924502819776535 0.94610595703125 0.989297091960907 0.817094266414642 0.693714916706085 0.66168212890625 0.74770000576973 0.673174425959587 0.404311522841454 0.305966295301914 0.402565658092499 0.258402913808823 0.128434796817601 0 0.116578109562397 0.204493701457977 0.214270532131195 0.461864292621613 0.746424794197083 0.914088368415833 0.967845767736435 1 0.989190816879272 0.935676336288452 0.925003796815872 0.874783664941788 0.766130238771439 0.491164401173592 0.302277207374573 0.263048427179456 0.265219368040562
0.145908609032631 0.0779565796256065 0.332609683275223 0.387156531214714 0.247563384473324 0.290329433977604 0.290238343179226 0.0293304994702339 0.204493701457977 0.50226204097271 0.920251995325089 0.924882352352142 0.903279185295105 0.978472739458084 0.967633217573166 0.96757248044014 0.989221185445786 0.946090787649155 0.97841203212738 1 1 1 1 1 0.946166694164276 1 0.865386366844177 0.693714916706085 0.672430545091629 0.483862146735191 0.324548348784447 0.338029451668262 0.284484587609768 0.22608167398721 0.0895551852881908 0 0.116578109562397 0.204493701457977 0.224062547087669 0.602049484848976 0.597904965281487 0.783087879419327 0.946318507194519 0.978351294994354 0.956824034452438 0.989297091960907 0.967724293470383 0.892621845006943 0.873098522424698 0.660558670759201 0.509655386209488 0.265219368040562 0.23476545047015 0.275011382997036
0.204493701457977 0.116578109562397 0.204493701457977 0.155655071139336 0.205465306527913 0.279520265758038 0.279444359242916 0.00982237700372934 0.204493701457977 0.291999384760857 0.650903284549713 0.924882352352142 0.903279185295105 0.989297091960907 0.989175647497177 0.946090787649155 0.946121156215668 0.956915140151978 1 1 1 1 1 0.967678755521774 0.892500370740891 0.989190816879272 0.785076647996902 0.693714916706085 0.614574179053307 0.265538185834885 0.235873688943684 0.299058750271797 0.515393957495689 0.236906026490033 0.00982237700372934 0.0389403365552425 0.204493701457977 0.253438584506512 0.569333523511887 0.60851676762104 0.773022621870041 0.841597080230713 0.989160478115082 0.978351294994354 0.978518307209015 1 0.94610595703125 0.881827861070633 0.677501142024994 0.518946424126625 0.470381058752537 0.255396991968155 0.244572639465332 0.313071199692786
0.283194184303284 0.214270532131195 0.19467131793499 0.155973881483078 0.0204797321930528 0.119492936879396 0.301062703132629 0.128298159688711 0.204493701457977 0.233778653666377 0.497464716434479 0.935630798339844 0.903279185295105 0.967678755521774 0.989297091960907 0.935478985309601 0.924684971570969 0.946166694164276 1 1 1 1 0.990101724863052 0.990101724863052 0.881493836641312 1 0.785304367542267 0.703491747379303 0.693714916706085 0.32511006295681 0.235873688943684 0.475648984313011 0.494246244430542 0.226127222180367 0.204493701457977 0.204493701457977 0.282313641160727 0.608744502067566 0.63897068798542 0.813040852546692 0.76764839887619 0.946242600679398 0.978351294994354 1 0.946151494979858 0.97841203212738 0.93531197309494 0.872081369161606 0.66688933968544 0.520085036754608 0.382556536234915 0.363564599305391 0.510869890451431 0.813025653362274
0.429315306246281 0.608547121286392 0.340579926967621 0.204493701457977 0 0.0107939885929227 0.195551847107708 0.00982237700372934 0.204493701457977 0.27249126508832 0.497464716434479 0.905116140842438 0.892621845006943 0.967678755521774 1 0.946030050516129 0.935342341661453 0.946121156215668 0.946166694164276 0.989297091960907 1 0.935585230588913 0.989221185445786 0.946030050516129 0.892227113246918 0.946075618267059 0.918809801340103 0.776878714561462 0.704493701457977 0.596948549151421 0.323561549186707 0.276028536260128 0.253377863205969 0.214270532131195 0.214270532131195 0.214270532131195 0.598952487111092 0.660391673445702 0.915925323963165 0.882769107818604 0.989221185445786 0.989190816879272 0.978351294994354 0.978518277406693 0.989190816879272 0.989221185445786 0.892621845006943 0.728814333677292 0.646257787942886 0.606892377138138 0.606892377138138 0.721420973539352 0.893623799085617 0.95706695318222
0.297358428128064 0.392819203436375 0.517367541790009 0.204493701457977 0.039061788469553 0 0.0204797321930528 0.106846816837788 0.204493701457977 0.350645206868649 0.497464716434479 0.872658282518387 0.892621845006943 0.946045249700546 0.989190816879272 0.967633217573166 0.978396832942963 0.935296803712845 0.924502819776535 0.989297091960907 1 0.978518307209015 0.924578726291656 0.989190816879272 0.978412002325058 0.935463786125183 1 0.947077602148056 0.745377242565155 0.693714916706085 0.704827696084976 0.372734170407057 0.361059673130512 0.233763471245766 0.263033244758844 0.42969486117363 0.597707599401474 0.846151500940323 1 1 0.989190816879272 0.989190816879272 0.935448586940765 0.978412002325058 0.978396832942963 0.892621845006943 0.750220149755478 0.568498559296131 0.653924405574799 0.753635972738266 0.843100041151047 0.892621845006943 0.989190816879272 0.946288138628006
0.286655520088971 0.244557459838688 0.768984347581863 0.245559427887201 0.204493701457977 0.00982237700372934 0.0679672062397003 0 0.204493701457977 0.521937146782875 0.497312888503075 0.924836814403534 0.892621845006943 0.924867153167725 0.89234858751297 0.957082122564316 0.956869602203369 0.924502819776535 0.935342341661453 0.935296803712845 1 0.967709124088287 0.967709124088287 0.967709124088287 0.978412002325058 0.924502819776535 0.924715340137482 0.978518307209015 0.877470761537552 0.724108099937439 0.725899487733841 0.450493380427361 0.410672530531883 0.292758472263813 0.499225735664368 0.607727348804474 0.762410789728165 0.95706695318222 0.989190816879272 0.967648386955261 1 0.989190816879272 0.946272969245911 0.956808865070343 0.95689994096756 0.91384544968605 0.724108085036278 0.618521332740784 0.85409140586853 0.924502819776535 0.967693954706192 0.989221185445786 1 0.913906157016754
0.263427972793579 0.225064520724118 0.314984071999788 0.413572192192078 -9999 0.204493701457977 0.204493701457977 0 0.204493701457977 0.511112794280052 0.312054052948952 0.893593430519104 0.892621845006943 0.924821615219116 0.913739204406738 1 0.967830568552017 0.967587679624557 0.97841203212738 0.978366494178772 1 1 0.967709124088287 1 0.978351294994354 0.978381633758545 0.935281604528427 0.881843030452728 0.907909512519836 0.743904680013657 0.606892377138138 0.58709579706192 0.59711554646492 0.59711554646492 0.67028996348381 0.905055403709412 0.935448616743088 0.989190816879272 0.967648386955261 1 1 0.956991046667099 0.967587649822235 0.978396832942963 0.95689994096756 0.903112202882767 0.832047969102859 0.924548357725143 0.946060419082642 0.967693954706192 0.97841203212738 1 1 0.989221185445786
0.263427972793579 0.224108085036278 0.2349020736292 0.336480934172869 0.224108085036278 0.204493701457977 0.0584180951118469 0.204493701457977 0.204493701457977 0.253377863205969 0.253377863205969 0.873903125524521 0.903279185295105 0.914027631282806 0.946121156215668 1 0.978639751672745 0.978396832942963 0.956960678100586 1 1 1 0.957142859697342 1 1 0.989190816879272 0.978381633758545 0.967542111873627 0.892621845006943 0.812980115413666 0.752542912960052 0.637285560369492 0.708091676235199 0.915272504091263 0.967724293470383 1 0.924654632806778 0.956869602203369 1 1 0.967542111873627 0.978412002325058 0.946060448884964 0.989190816879272 0.978396832942963 0.989221185445786 0.978396832942963 0.989221185445786 0.989221185445786 0.956975847482681 0.989190816879272 1 1 0.989190816879272
0.372582354582846 0.253666304983199 0.268103837966919 0.225064520724118 0.382101118564606 0.243388492614031 0.204493701457977 0.243236679583788 0.106846816837788 0.246728405356407 0.273250349797308 0.776089251041412 0.914073169231415 0.914027631282806 0.978457570075989 1 0.978639751672745 0.946090787649155 0.967663586139679 1 1 1 0.989190816879272 1 1 0.989221185445786 1 0.978381633758545 0.96757248044014 0.956915140151978 0.946060419082642 0.935403078794479 0.978442370891571 0.978396832942963 0.989221185445786 0.989221185445786 0.978381633758545 0.978412002325058 1 1 0.97841203212738 0.967693954706192 0.956884771585464 0.967572510242462 0.990101724863052 1 0.989221185445786 0.956884771585464 0.967800199985504 0.989221185445786 1 1 1 0.989190816879272
0.538272365927696 0.253666304983199 0.246561408042908 0.29051161557436 0.309017769992352 0.24355548620224 0.204493701457977 0.204493701457977 0.207423709332943 0.204493701457977 0.292758472263813 0.825307428836823 0.903142541646957 0.914027631282806 0.946257770061493 0.967693954706192 0.989297091960907 0.946090787649155 0.956960678100586 0.978366494178772 0.989190816879272 0.989190816879272 1 0.989190816879272 1 1 1 0.967678785324097 0.956884771585464 0.97841203212738 0.924639463424683 0.967709124088287 0.956930309534073 0.94610595703125 0.969485372304916 1 0.978518307209015 1 1 0.989190816879272 1 0.956854403018951 0.97841203212738 0.989221185445786 0.989221185445786 0.967587679624557 1 1 1 1 1 1 0.956945508718491 1
0.59711554646492 0.307317454367876 0.247624114155769 0.194580227136612 0.226036131381989 0.457264304161072 0.204493701457977 0.214270532131195 0.106846816837788 0.204493701457977 0.488279953598976 0.777060866355896 0.782359182834625 0.892621845006943 0.978563845157623 0.946136325597763 1 0.935478985309601 1 0.914255350828171 0.989342629909515 0.989190816879272 0.989190816879272 1 0.97841203212738 1 1 0.989221185445786 0.989221185445786 0.967709124088287 0.978412002325058 0.978412002325058 0.967526942491531 0.967557311058044 1 0.989221185445786 1 1 0.967693954706192 0.978487938642502 1 1 0.97841203212738 0.989221185445786 1 1 1 1 0.967663586139679 1 1 1 0.935600429773331 1
0.59711554646492 0.283270069397986 0.247624114155769 0.194580227136612 0.2152876900509 0.313496276736259 0.204493701457977 0.145908609032631 0.226127222180367 0.214270532131195 0.497980877757072 0.607772886753082 0.76165172457695 0.88179749250412 0.956884771585464 0.902960389852524 0.967709124088287 0.967693954706192 1 1 1 1 1 0.989190816879272 1 0.978366494178772 1 1 0.97841203212738 0.989221185445786 0.989221185445786 1 0.989190816879272 1 0.956930309534073 1 0.978487938642502 0.989190816879272 0.935296803712845 1 0.989388197660446 1 1 1 1 1 1 1 1 1 1 1 1 1
0.59711554646492 0.283270069397986 0.23673902451992 0.147016853094101 0.2152876900509 0.234674358740449 0.126294210553169 0.00982237700372934 0.185805370099843 0.214270532131195 0.37293154746294 0.6175497174263 0.773538798093796 0.914027631282806 0.903339922428131 0.978351294994354 0.978503108024597 0.989297091960907 0.978518307209015 1 1 0.946212232112885 0.967663586139679 0.989190816879272 1 1 1 1 0.989190816879272 0.989221185445786 0.98920601606369 0.967557311058044 1 1 0.978518307209015 0.978487938642502 1 1 0.956824034452438 1 0.967830568552017 0.989388197660446 0.956915140151978 1 1 1 1 1 1 1 1 1 1 0.978730827569962
0.59711554646492 0.245468348264694 0.247624114155769 0.259086072444916 0.258418098092079 0.225064520724118 0.106846816837788 0.00982237700372934 0.185213297605515 0.224108085036278 0.521117359399796 0.711674526333809 0.795734018087387 0.803840905427933 0.956884771585464 0.967542111873627 0.967693954706192 0.989297091960907 0.989221185445786 0.989190816879272 1 0.924669802188873 1 1 1 1 0.98920601606369 1 1 0.98920601606369 1 0.989160478115082 1 1 1 0.967648386955261 1 1 1 1 1 1 1 1 1 1 1 1 1 1 1 1 1 1
0.322559573687613 0.257400944828987 0.258402921259403 0.279808707535267 0.269029900431633 0.258327011950314 0.204493701457977 0.204493701457977 0.214270532131195 0.370639145374298 0.705328673124313 0.772369831800461 0.781023234128952 0.657082140445709 0.97841203212738 0.967542111873627 0.989160478115082 1 0.935478985309601 1 0.989342629909515 0.989175647497177 0.978396832942963 1 0.989190816879272 1 1 -9999 1 1 1 1 1 1 0.978487938642502 1 1 1 1 1 0.97853347659111 1 1 1 1 1 1 1 1 1 1 1 1 1
0.307423710823059 0.26723849773407 0.300333984196186 0.279763169586658 0.290617890655994 0.269151352345943 0.146060422062874 0.204493701457977 0.282784264534712 0.587202072143555 0.542477607727051 0.760968565940857 0.806831657886505 0.666874140501022 0.957704573869705 0.924487620592117 0.989190816879272 1 0.98920601606369 0.967663586139679 1 1 1 0.989190816879272 0.989190816879272 1 1 -9999 -9999 -9999 1 0.978381663560867 0.978427201509476 0.978487938642502 1 1 1 1 1 1 1 1 1 1 1 1 1 1 1 1 1 1 1 1
0.353074245154858 0.320844084024429 0.278988920152187 0.301260061562061 0.290557153522968 0.145665700547397 0.107484437525272 0.224108085036278 0.50787915289402 0.59711554646492 0.63660241663456 0.903279185295105 0.817246109247208 0.698937296867371 0.850872933864594 0.913784742355347 1 1 0.989190816879272 1 0.967663586139679 1 1 1 0.97853347659111 -9999 -9999 -9999 -9999 1 1 1 1 1 1 1 1 1 1 1 1 1 1 1 1 0.989388197660446 1 1 1 1 1 1 1 1
0.310019731521606 0.353074245154858 0.277956585399806 0.247396389953792 0.133884924463928 0.0684074684977531 0.204493701457977 0.273174427449703 0.59711554646492 0.606892377138138 0.781994819641113 0.914027631282806 0.860968589782715 0.861575812101364 0.978351294994354 1 1 1 1 1 0.957006216049194 1 0.989190816879272 -9999 -9999 -9999 -9999 -9999 1 1 1 1 1 1 1 1 1 1 1 1 1 1 1 1 1 1 1 1 1 1 1 0.967709124088287 1 0.989190816879272
0.331334449350834 0.342173986136913 0.243843927979469 0.224108085036278 0.214270532131195 0.204493701457977 0.224108085036278 0.471049033105373 0.59711554646492 0.647396400570869 0.924867153167725 0.935478985309601 0.936025530099869 0.892652183771133 0.96769392490387 0.967693954706192 1 -9999 0.946288138628006 -9999 -9999 0.967709124088287 1 -9999 -9999 -9999 -9999 -9999 1 1 0.989190816879272 1 1 1 1 1 1 1 1 1 1 1 1 1 0.989342629909515 0.967800229787827 0.989175647497177 0.967542141675949 -9999 1 1 1 0.989175647497177 0.946212232112885
0.374388948082924 0.224108085036278 0.253772586584091 0.390526786446571 0.263382412493229 0.224108085036278 0.399666011333466 0.59711554646492 0.63660241663456 0.800288438796997 0.924654632806778 0.946090787649155 0.956763297319412 0.990101724863052 0.989160478115082 1 1 -9999 -9999 -9999 -9999 1 0.989175647497177 -9999 -9999 -9999 -9999 -9999 0.989297091960907 0.935524523258209 0.946303337812424 1 1 1 1 1 1 1 1 1 1 1 1 1 0.989388197660446 0.989388197660446 1 1 0.989251554012299 1 1 0.989175647497177 0.989175647497177 1
0.59711554646492 0.606892377138138 0.606892377138138 0.606892377138138 0.59711554646492 0.587202072143555 0.59711554646492 0.677941381931305 0.903279185295105 0.914027631282806 0.92463943362236 0.989221185445786 0.903127372264862 0.970502495765686 0.989160478115082 1 0.989190816879272 -9999 -9999 -9999 -9999 0.978730827569962 -9999 -9999 1 1 0.957006216049194 1 1 1 1 1 1 1 1 1 1 1 1 1 1 1 1 1 1 0.989175647497177 1 1 1 1 0.967587679624557 0.989160478115082 0.989175647497177 1
