data-raw/DATASET_PNE/a_DATA/PFGS/ENVSUIT_A1B/HS_f0_C4_shrubs.asc
NCOLS 619 
NROWS 782 
XLLCORNER 876826 
YLLCORNER 1947424 
CELLSIZE 100 
NODATA_value -9999 
[rows 600 to 629 of 782, columns 528 to 593 of 619]
0.517323870659065 0.535903672102388 0.587217415573542 0.572624695985009 0.572624695985009 1 1 1 1 1 1 1 1 1 1 1 0.872612734739444 0.770543439256808 0.796180375583111 0.770543439256808 0.770543439256808 0.770543439256808 0.770543439256808 0.770543439256808 0.770543439256808 0.795901279853275 0.872293768191061 0.631035445157689 0.649894342330848 0.649894342330848 0.631035445157689 0.600773493879829 0.600773493879829 0.600773493879829 0.600773493879829 0.57354172481161 0.57354172481161 0.864957537578246 0.795901279853275 1 1 0.846736573501854 0.550057812686894 0.462660978429887 0.821378732905387 -9999 -9999 0.949164706351421 1 1 1 1 0.821059766357003 1 1 0.974642159403533 0.744826761293409 0.744826761293409 0.974642159403533 1 0.944739045492604 -9999 -9999 -9999 1 1
0.535903672102388 0.535903672102388 0.612615126988557 0.802041385909653 0.901558949005223 1 1 1 1 0.974363063673697 1 1 0.974602288584985 1 1 1 0.770583310075356 0.770543439256808 0.873011442924923 0.770543439256808 0.770543439256808 0.770543439256808 0.770543439256808 0.770543439256808 0.770543439256808 0.795901279853275 0.846896056776046 0.600773493879829 0.619512778597345 0.649894342330848 0.600773493879829 0.600773493879829 0.600773493879829 0.600773493879829 0.524420876360592 0.879191419799849 0.695067979745624 0.864957537578246 0.821976795183605 1 1 0.550057812686894 0.462700849248435 0.506439137195487 -9999 -9999 -9999 -9999 0.974402934492245 1 1 1 1 1 1 0.974642159403533 0.770463697619712 1 1 1 -9999 -9999 -9999 -9999 -9999 -9999
0.535903672102388 0.561580479247239 0.776683545313185 1 1 1 1 1 1 1 1 1 0.872612734739444 1 1 0.846935927594594 0.796299988038754 0.796220246401659 0.770543439256808 0.770543439256808 0.770543439256808 0.770543439256808 0.770543439256808 0.770543439256808 0.770543439256808 0.770543439256808 0.795901279853275 0.600773493879829 0.600773493879829 0.619512778597345 0.600773493879829 0.600773493879829 0.600773493879829 0.600773493879829 0.879191419799849 0.847334635780073 0.898130058610103 0.821298991268291 0.821298991268291 1 0.770224472708425 0.481041425780471 -9999 -9999 -9999 -9999 -9999 -9999 0.974761771859176 1 0.974761771859176 1 1 -9999 -9999 0.770543439256808 0.795861409034727 1 1 -9999 -9999 -9999 -9999 -9999 -9999 -9999
0.674813603923289 0.623699214544875 0.842071687731749 1 0.921295004186436 1 1 1 1 1 1 0.847254894142977 0.974402934492245 1 1 0.770583310075356 0.821657828635222 0.796220246401659 0.847334635780073 0.545233443642598 0.821578086998126 0.821578086998126 0.821298991268291 0.770543439256808 0.770543439256808 0.796180375583111 0.795901279853275 0.600773493879829 0.600773493879829 0.600773493879829 0.649894342330848 0.649894342330848 0.600773493879829 0.72046569116064 0.795901279853275 0.796299988038754 0.796299988038754 0.770543439256808 0.949164706351421 1 0.831266695905267 -9999 -9999 -9999 -9999 -9999 -9999 -9999 -9999 -9999 -9999 -9999 -9999 -9999 -9999 -9999 1 1 1 -9999 -9999 -9999 -9999 -9999 -9999 -9999
0.750807384075595 0.598022407400024 0.648977313504246 1 0.776643674494637 0.802041385909653 1 1 1 1 1 0.77050356843826 0.872572863920896 1 0.974402934492245 0.770583310075356 0.821976795183605 0.796220246401659 0.949244447988517 0.30903871456481 0.671265101072525 0.821578086998126 0.948885610621586 0.94900522307723 0.770543439256808 0.796180375583111 0.795901279853275 0.600773493879829 0.582791754714724 0.631035445157689 0.575056815916431 0.795901279853275 0.795901279853275 0.770543439256808 0.770543439256808 0.821657828635222 0.770543439256808 0.872453251465253 0.770583310075356 0.821338862086839 -9999 -9999 -9999 -9999 -9999 -9999 -9999 -9999 -9999 -9999 -9999 -9999 -9999 -9999 -9999 -9999 -9999 -9999 -9999 -9999 -9999 -9999 -9999 -9999 -9999 -9999
0.572624695985009 0.776324707946254 1 1 0.861967226187154 0.861967226187154 1 1 1 1 1 0.872612734739444 1 0.923368286750927 0.79582153821618 0.796260117220207 0.796220246401659 0.770543439256808 0.809576970615207 0.886128942227184 0.291056975399705 0.821578086998126 0.795582313304892 0.897611737968981 0.796299988038754 0.821936924365057 0.770543439256808 0.811012320082931 0.557075076751326 0.624177664367449 0.575056815916431 0.600773493879829 0.770543439256808 0.770543439256808 0.770543439256808 0.796299988038754 0.847055540050237 0.898130058610103 0.821338862086839 0.550057812686894 -9999 -9999 -9999 -9999 -9999 -9999 -9999 -9999 -9999 -9999 -9999 -9999 -9999 -9999 -9999 -9999 -9999 -9999 -9999 -9999 -9999 -9999 -9999 -9999 -9999 -9999
0.842071687731749 1 1 1 1 1 1 1 1 1 0.948965352258682 0.897970575335912 1 0.872333639009609 0.872612734739444 0.84737450659862 0.897611737968981 0.770543439256808 0.489573780949723 0.905904868226945 0.767234161317332 0.770463697619712 0.872373509828157 0.795582313304892 0.923766994936406 0.821657828635222 0.770543439256808 0.549300267134484 0.605318767194291 0.513296917985726 0.488058689844903 0.600773493879829 0.770543439256808 0.770543439256808 0.796299988038754 0.872373509828157 0.675810374386986 0.898130058610103 0.847095410868785 0.481041425780471 0.481041425780471 -9999 -9999 -9999 -9999 -9999 -9999 -9999 -9999 -9999 -9999 -9999 -9999 -9999 -9999 -9999 -9999 -9999 -9999 -9999 -9999 -9999 -9999 -9999 -9999 -9999
0.802041385909653 1 1 1 1 1 1 1 1 1 0.948965352258682 0.923368286750927 0.872293768191061 0.82169769945377 0.770583310075356 0.846856185957498 0.974602288584985 0.770543439256808 0.748375264144173 0.787089828954188 0.826721422590806 0.795861409034727 0.872373509828157 0.770224472708425 0.923766994936406 0.770543439256808 0.770543439256808 0.649575375782465 0.910011562537379 0.53167736533631 0.557075076751326 0.795901279853275 0.796299988038754 0.796299988038754 0.796299988038754 0.58059885969459 0.532076073521789 0.770543439256808 0.795941150671823 0.481041425780471 0.499023164945576 -9999 -9999 -9999 -9999 -9999 -9999 -9999 -9999 -9999 -9999 -9999 -9999 -9999 -9999 -9999 -9999 -9999 -9999 -9999 -9999 -9999 -9999 -9999 -9999 -9999
1 1 1 1 1 1 1 1 1 0.795861409034727 0.974363063673697 0.923368286750927 0.948765998165942 0.770583310075356 0.898130058610103 0.770543439256808 0.770543439256808 0.770543439256808 0.599098919500817 0.43538933854312 0.770463697619712 0.828395996969818 0.846975798413141 0.795582313304892 0.923766994936406 0.770543439256808 0.770543439256808 0.631035445157689 0.795901279853275 0.795901279853275 0.770543439256808 0.796299988038754 0.770543439256808 0.770543439256808 0.846696702683306 0.524420876360592 0.506439137195487 0.821338862086839 0.923487899206571 0.481081296599019 -9999 -9999 -9999 -9999 -9999 -9999 -9999 -9999 -9999 -9999 -9999 -9999 -9999 -9999 -9999 -9999 -9999 -9999 -9999 -9999 -9999 -9999 -9999 -9999 -9999 -9999
1 1 1 1 1 1 1 0.948646385710299 0.974363063673697 0.948965352258682 1 0.847215023324429 0.872333639009609 0.770583310075356 0.821976795183605 0.770543439256808 0.770543439256808 0.744826761293409 0.767234161317332 0.744826761293409 0.744826761293409 0.744826761293409 0.744826761293409 0.923766994936406 0.94900522307723 0.770224472708425 0.770543439256808 0.624177664367449 0.752162991906224 0.821298991268291 0.795901279853275 0.846696702683306 0.770543439256808 0.770543439256808 0.904549260396316 0.599298273593557 0.499023164945576 0.872772218013636 0.974761771859176 -9999 -9999 -9999 -9999 -9999 -9999 -9999 -9999 -9999 -9999 -9999 -9999 -9999 -9999 -9999 -9999 -9999 -9999 -9999 -9999 -9999 -9999 -9999 -9999 -9999 -9999 -9999
1 1 1 1 1 1 0.974243451218053 0.846497348590567 0.974363063673697 1 0.872572863920896 0.744826761293409 0.796220246401659 0.770543439256808 0.821976795183605 0.770543439256808 0.770543439256808 0.744826761293409 0.744826761293409 0.744826761293409 0.744826761293409 0.744826761293409 0.770463697619712 0.94900522307723 0.923766994936406 0.770543439256808 0.795901279853275 0.649894342330848 0.733184482277421 0.89019576571907 0.795901279853275 0.897970575335912 0.872094414098321 0.872094414098321 0.86356205892907 0.890714086360193 0.740201746341852 0.898169929428651 0.550057812686894 -9999 -9999 -9999 -9999 -9999 -9999 -9999 -9999 -9999 -9999 -9999 -9999 -9999 -9999 -9999 -9999 -9999 -9999 -9999 -9999 -9999 -9999 -9999 -9999 -9999 -9999 -9999
1 1 1 1 1 0.871895060005582 0.846497348590567 0.897731350424624 0.897970575335912 0.872572863920896 0.77050356843826 0.821578086998126 0.744826761293409 0.744826761293409 0.821976795183605 0.770543439256808 0.770543439256808 0.744826761293409 0.744826761293409 0.744826761293409 0.744826761293409 0.770463697619712 0.770463697619712 1 0.923328415932379 0.770543439256808 0.795901279853275 0.879191419799849 0.649894342330848 0.811012320082931 0.795901279853275 0.872094414098321 0.821298991268291 0.821338862086839 0.902037398827798 0.904589131214864 0.94900522307723 0.923527770025119 0.462700849248435 0.464574777720187 -9999 -9999 -9999 -9999 -9999 -9999 -9999 -9999 -9999 -9999 -9999 -9999 -9999 -9999 -9999 -9999 -9999 -9999 -9999 -9999 -9999 -9999 -9999 -9999 -9999 -9999
1 1 1 1 1 0.846497348590567 0.872094414098321 0.948965352258682 0.872572863920896 0.796220246401659 0.744826761293409 0.796180375583111 0.744826761293409 0.744826761293409 0.821976795183605 0.770543439256808 0.770543439256808 0.770543439256808 0.744826761293409 0.744826761293409 0.744826761293409 0.744826761293409 0.897731350424624 0.948566644073203 1 0.770543439256808 0.795901279853275 0.864798054304055 0.795901279853275 0.821298991268291 0.821298991268291 0.796299988038754 0.796299988038754 0.846696702683306 0.72768230931781 0.897970575335912 0.846696702683306 0.561859574977074 0.488337785574738 -9999 -9999 -9999 -9999 -9999 -9999 -9999 -9999 -9999 -9999 -9999 -9999 -9999 -9999 -9999 -9999 -9999 -9999 -9999 -9999 -9999 -9999 -9999 -9999 -9999 -9999 -9999
1 1 1 1 1 0.974363063673697 0.948965352258682 0.948965352258682 0.872572863920896 0.770543439256808 0.796180375583111 0.821578086998126 0.744826761293409 0.770583310075356 1 0.770543439256808 0.770543439256808 0.770463697619712 0.821617957816674 0.872652605557992 0.744826761293409 0.770463697619712 0.795941150671823 0.948566644073203 0.948566644073203 0.897731350424624 0.879191419799849 0.649894342330848 0.795901279853275 0.897970575335912 0.923368286750927 1 0.796299988038754 0.930226067541167 0.626569913480324 0.897970575335912 0.955982616323113 0.506439137195487 0.57545552410191 -9999 -9999 -9999 -9999 -9999 -9999 -9999 -9999 -9999 -9999 -9999 -9999 -9999 -9999 -9999 -9999 -9999 -9999 -9999 -9999 -9999 -9999 -9999 -9999 -9999 -9999 -9999
1 1 1 1 0.84681631513895 0.974363063673697 1 0.974363063673697 0.821976795183605 0.770543439256808 0.744826761293409 0.744826761293409 0.770543439256808 0.796220246401659 0.796220246401659 0.770543439256808 0.770543439256808 0.923607511662214 0.872652605557992 0.897930704517364 0.795941150671823 0.770543439256808 0.974323192855149 0.922969578565448 0.897332642239145 0.846696702683306 0.795901279853275 0.795901279853275 0.795901279853275 0.771420597264862 0.864957537578246 1 0.821976795183605 0.846696702683306 0.599298273593557 0.548303496670787 0.981220844463937 0.506439137195487 -9999 -9999 -9999 -9999 -9999 -9999 -9999 -9999 -9999 -9999 -9999 -9999 -9999 -9999 -9999 -9999 -9999 -9999 -9999 -9999 -9999 -9999 -9999 -9999 -9999 -9999 -9999 -9999
1 1 1 1 0.821458474542482 0.744826761293409 0.948965352258682 0.846935927594594 0.948765998165942 0.796299988038754 0.770543439256808 0.770543439256808 0.796220246401659 0.796220246401659 0.770543439256808 0.770543439256808 0.770543439256808 0.897930704517364 0.872652605557992 0.94900522307723 0.897771221243172 0.795941150671823 0.770543439256808 0.981220844463937 0.805789242853156 0.795901279853275 0.795901279853275 0.795901279853275 0.872293768191061 0.821298991268291 0.770543439256808 1 0.770543439256808 0.651808141621147 0.524420876360592 0.846696702683306 0.923527770025119 0.626569913480324 -9999 -9999 -9999 -9999 -9999 -9999 -9999 -9999 -9999 -9999 -9999 -9999 -9999 -9999 -9999 -9999 -9999 -9999 -9999 -9999 -9999 -9999 -9999 -9999 -9999 -9999 -9999 -9999
1 1 1 0.974243451218053 0.744826761293409 0.77050356843826 1 1 0.871974801642678 1 1 1 1 0.770543439256808 0.770543439256808 0.770543439256808 0.770543439256808 0.923766994936406 0.94900522307723 0.94900522307723 0.795941150671823 0.795941150671823 0.795901279853275 0.795901279853275 0.846896056776046 0.795901279853275 0.770543439256808 0.795901279853275 0.897691479606076 0.821298991268291 0.974761771859176 0.821338862086839 0.890714086360193 0.524420876360592 0.955982616323113 0.846696702683306 0.897850962880268 -9999 -9999 -9999 -9999 -9999 -9999 -9999 -9999 -9999 -9999 -9999 -9999 -9999 -9999 -9999 -9999 -9999 -9999 -9999 -9999 -9999 -9999 -9999 -9999 -9999 -9999 -9999 -9999 -9999
1 1 1 0.923129061839639 0.821458474542482 1 0.948965352258682 1 1 0.948965352258682 0.94900522307723 1 1 1 0.770543439256808 0.744826761293409 0.770543439256808 0.872373509828157 0.94900522307723 1 1 0.923168932658187 0.795941150671823 0.795901279853275 0.821298991268291 0.770543439256808 0.770543439256808 0.923368286750927 0.72046569116064 0.821298991268291 0.821338862086839 0.770543439256808 0.94900522307723 0.57354172481161 0.846696702683306 0.795941150671823 0.872373509828157 -9999 -9999 -9999 -9999 -9999 -9999 -9999 -9999 -9999 -9999 -9999 -9999 -9999 -9999 -9999 -9999 -9999 -9999 -9999 -9999 -9999 -9999 -9999 -9999 -9999 -9999 -9999 -9999 -9999
1 1 1 0.744826761293409 0.949204577169969 1 0.872293768191061 1 0.974402934492245 0.898130058610103 0.974602288584985 0.974602288584985 0.770543439256808 1 1 1 0.846975798413141 0.923766994936406 0.94900522307723 1 0.974602288584985 0.795941150671823 0.821298991268291 0.821298991268291 0.795901279853275 0.795901279853275 0.821298991268291 0.72046569116064 0.701208085802002 0.904549260396316 0.795941150671823 0.796299988038754 0.872373509828157 0.811530640724054 0.872094414098321 0.949164706351421 0.930226067541167 -9999 -9999 -9999 -9999 -9999 -9999 -9999 -9999 -9999 -9999 -9999 -9999 -9999 -9999 -9999 -9999 -9999 -9999 -9999 -9999 -9999 -9999 -9999 -9999 -9999 -9999 -9999 -9999 -9999
0.974363063673697 1 0.974602288584985 0.744826761293409 0.661975200350863 1 1 1 0.821976795183605 0.770543439256808 0.872214026553965 1 1 1 1 1 1 1 1 0.846975798413141 0.846696702683306 0.846696702683306 0.821298991268291 0.821298991268291 0.923368286750927 0.821298991268291 0.795901279853275 0.864957537578246 0.572465212710817 0.682708025995774 0.770583310075356 0.872333639009609 0.923607511662214 0.651808141621147 0.795901279853275 0.923408157569475 -9999 -9999 -9999 -9999 -9999 -9999 -9999 -9999 -9999 -9999 -9999 -9999 -9999 -9999 -9999 -9999 -9999 -9999 -9999 -9999 -9999 -9999 -9999 -9999 -9999 -9999 -9999 -9999 -9999 -9999
1 1 0.94900522307723 0.796220246401659 1 1 0.948965352258682 0.796260117220207 0.821976795183605 0.744826761293409 0.770543439256808 0.974602288584985 1 1 0.871895060005582 0.923328415932379 1 1 1 0.898130058610103 0.923766994936406 0.795941150671823 0.846696702683306 0.89019576571907 0.624177664367449 0.770543439256808 0.821298991268291 0.821338862086839 0.955982616323113 0.821338862086839 0.974761771859176 0.770583310075356 0.651808141621147 0.94900522307723 0.897731350424624 -9999 -9999 -9999 -9999 -9999 -9999 -9999 -9999 -9999 -9999 -9999 -9999 -9999 -9999 -9999 -9999 -9999 -9999 -9999 -9999 -9999 -9999 -9999 -9999 -9999 -9999 -9999 -9999 -9999 -9999 -9999
1 1 0.923248674295283 0.821378732905387 0.897731350424624 1 0.821099637175551 0.77050356843826 0.744826761293409 0.744826761293409 0.923607511662214 0.974602288584985 0.770543439256808 0.974602288584985 1 1 0.846417606953471 0.795941150671823 0.872333639009609 0.949364060444161 0.949364060444161 0.795941150671823 0.795941150671823 0.821298991268291 0.821298991268291 0.795941150671823 0.821338862086839 0.846696702683306 0.795941150671823 1 0.949124835532874 0.897771221243172 0.529564211953271 0.650332921334875 0.795941150671823 -9999 -9999 -9999 -9999 -9999 -9999 -9999 -9999 -9999 -9999 -9999 -9999 -9999 -9999 -9999 -9999 -9999 -9999 -9999 -9999 -9999 -9999 -9999 -9999 -9999 -9999 -9999 -9999 -9999 -9999 -9999
1 1 0.923248674295283 0.770224472708425 0.923567640843667 0.872572863920896 0.821099637175551 0.846896056776046 0.796220246401659 0.744826761293409 0.94900522307723 0.872174155735417 0.923248674295283 0.796180375583111 0.770543439256808 0.770543439256808 1 0.974602288584985 0.948845739803038 0.795941150671823 0.795941150671823 0.821338862086839 0.795941150671823 0.872094414098321 0.872094414098321 0.795941150671823 0.821338862086839 0.744826761293409 0.949124835532874 0.795981021490371 0.795941150671823 0.8173119094135 0.561859574977074 0.949164706351421 -9999 -9999 -9999 -9999 -9999 -9999 -9999 -9999 -9999 -9999 -9999 -9999 -9999 -9999 -9999 -9999 -9999 -9999 -9999 -9999 -9999 -9999 -9999 -9999 -9999 -9999 -9999 -9999 -9999 -9999 -9999 -9999
1 1 0.897850962880268 0.821458474542482 0.846856185957498 0.84681631513895 0.77050356843826 0.82149834536103 0.796260117220207 0.94900522307723 0.974602288584985 1 1 0.94900522307723 0.770543439256808 0.770543439256808 0.770543439256808 0.846537219409114 0.770543439256808 0.795941150671823 0.821338862086839 0.821338862086839 0.821338862086839 0.744826761293409 0.770543439256808 0.821338862086839 0.87269247637654 0.974761771859176 0.744826761293409 0.837167577050357 0.554882181731191 0.549778716957059 0.974761771859176 -9999 -9999 -9999 -9999 -9999 -9999 -9999 -9999 -9999 -9999 -9999 -9999 -9999 -9999 -9999 -9999 -9999 -9999 -9999 -9999 -9999 -9999 -9999 -9999 -9999 -9999 -9999 -9999 -9999 -9999 -9999 -9999 -9999
1 1 1 0.821458474542482 0.821458474542482 0.84681631513895 0.821099637175551 0.77050356843826 0.974402934492245 0.974602288584985 0.974602288584985 1 1 0.923288545113831 0.796180375583111 0.796180375583111 0.744826761293409 0.770543439256808 0.795901279853275 0.795941150671823 0.770543439256808 0.744826761293409 0.744826761293409 0.770543439256808 0.770543439256808 0.744826761293409 0.949124835532874 0.795981021490371 0.974761771859176 0.524420876360592 0.524381005542044 0.770543439256808 -9999 -9999 -9999 -9999 -9999 -9999 -9999 -9999 -9999 -9999 -9999 -9999 -9999 -9999 -9999 -9999 -9999 -9999 -9999 -9999 -9999 -9999 -9999 -9999 -9999 -9999 -9999 -9999 -9999 -9999 -9999 -9999 -9999 -9999
1 1 1 0.923129061839639 1 1 0.821099637175551 0.77050356843826 0.94900522307723 1 1 1 1 1 1 0.770543439256808 0.770543439256808 0.770543439256808 0.795901279853275 0.669391172600774 0.795941150671823 0.796299988038754 0.744826761293409 0.528088991666999 0.795941150671823 0.744826761293409 0.744826761293409 0.821019895538455 0.57545552410191 0.638371675770504 -9999 -9999 -9999 -9999 -9999 -9999 -9999 -9999 -9999 -9999 -9999 -9999 -9999 -9999 -9999 -9999 -9999 -9999 -9999 -9999 -9999 -9999 -9999 -9999 -9999 -9999 -9999 -9999 -9999 -9999 -9999 -9999 -9999 -9999 -9999 -9999
1 0.948845739803038 0.948845739803038 0.974243451218053 1 1 0.974602288584985 0.974602288584985 0.94900522307723 0.974602288584985 0.94900522307723 0.974602288584985 1 1 0.974602288584985 0.770543439256808 0.770543439256808 0.770543439256808 0.821298991268291 0.872094414098321 0.795941150671823 0.770583310075356 0.744826761293409 0.553686057174754 0.770543439256808 0.744826761293409 0.744826761293409 0.765878553486703 -9999 -9999 -9999 -9999 -9999 -9999 -9999 -9999 -9999 -9999 -9999 -9999 -9999 -9999 -9999 -9999 -9999 -9999 -9999 -9999 -9999 -9999 -9999 -9999 -9999 -9999 -9999 -9999 -9999 -9999 -9999 -9999 -9999 -9999 -9999 -9999 -9999 -9999
0.897611737968981 0.897611737968981 0.948845739803038 0.948965352258682 1 0.974602288584985 0.974602288584985 0.795861409034727 0.744826761293409 0.796220246401659 0.770543439256808 0.770543439256808 1 1 1 0.770543439256808 0.770543439256808 0.795901279853275 0.795941150671823 0.629839320601252 0.930305809178263 0.744826761293409 0.744826761293409 0.821298991268291 0.744826761293409 0.744826761293409 0.81388301901838 0.471512300147522 -9999 -9999 -9999 -9999 -9999 -9999 -9999 -9999 -9999 -9999 -9999 -9999 -9999 -9999 -9999 -9999 -9999 -9999 -9999 -9999 -9999 -9999 -9999 -9999 -9999 -9999 -9999 -9999 -9999 -9999 -9999 -9999 -9999 -9999 -9999 -9999 -9999 -9999
0.744826761293409 0.84681631513895 0.84681631513895 0.872214026553965 0.974243451218053 0.974602288584985 0.77050356843826 0.744826761293409 0.744826761293409 0.744826761293409 0.94900522307723 0.770543439256808 0.821538216179578 1 1 1 0.770543439256808 0.770543439256808 0.770543439256808 0.872094414098321 0.600893106335473 0.770543439256808 0.744826761293409 0.744826761293409 0.744826761293409 0.846696702683306 0.528088991666999 0.528088991666999 0.744826761293409 -9999 -9999 -9999 -9999 -9999 -9999 -9999 -9999 -9999 -9999 -9999 -9999 -9999 -9999 -9999 -9999 -9999 -9999 -9999 -9999 -9999 -9999 -9999 -9999 -9999 -9999 -9999 -9999 -9999 -9999 -9999 -9999 -9999 -9999 -9999 -9999 -9999
0.744826761293409 0.77050356843826 0.77050356843826 0.744826761293409 0.77050356843826 0.77050356843826 0.77050356843826 0.744826761293409 0.744826761293409 0.744826761293409 0.796220246401659 0.770543439256808 0.744826761293409 0.770543439256808 0.898209800247199 1 1 0.770543439256808 0.770543439256808 0.795941150671823 0.650133567242136 0.795941150671823 0.744826761293409 0.744826761293409 0.744826761293409 0.744826761293409 0.846696702683306 0.553686057174754 0.974761771859176 -9999 -9999 -9999 -9999 -9999 -9999 -9999 -9999 -9999 -9999 -9999 -9999 -9999 -9999 -9999 -9999 -9999 -9999 -9999 -9999 -9999 -9999 -9999 -9999 -9999 -9999 -9999 -9999 -9999 -9999 -9999 -9999 -9999 -9999 -9999 -9999 -9999
