data-raw/DATASET_PNE/a_DATA/PFGS/ENVSUIT_A1B/HS_f30_H5_poorGrass.asc
NCOLS 619 
NROWS 782 
XLLCORNER 876826 
YLLCORNER 1947424 
CELLSIZE 100 
NODATA_value -9999 
[rows 108 to 134 of 782, columns 434 to 495 of 619]
0.152648964553424 0.152521915893787 0.274806250794054 0.305297929106848 0.183521788845128 0.305297929106848 0.305297929106848 0.305297929106848 0.305297929106848 0.305297929106848 0.305297929106848 0.305297929106848 0.305297929106848 0.305297929106848 0.305297929106848 0.305297929106848 0.274996823783509 0.305297929106848 0.305297929106848 0.305297929106848 0.305297929106848 0.305297929106848 0.305297929106848 0 0 0 0 0 0 0 -9999 -9999 -9999 -9999 -9999 -9999 -9999 -9999 -9999 -9999 -9999 -9999 -9999 -9999 -9999 -9999 -9999 -9999 -9999 -9999 -9999 -9999 -9999 -9999 -9999 -9999 -9999 -9999 -9999 -9999 -9999 -9999
0.0302375809935205 0.152521915893787 0.182568923897853 0.305297929106848 0.213568796849193 0.305297929106848 0.305297929106848 0.305297929106848 0.305297929106848 0.305297929106848 0.305297929106848 0.0303011053233388 0.305297929106848 0.305297929106848 0.305297929106848 0.305297929106848 0.305297929106848 0.305297929106848 0.305297929106848 0.305297929106848 0.305297929106848 0.305297929106848 0.305297929106848 0.305297929106848 0.244759242789989 0.275250921102782 0 0 0 0 -9999 -9999 -9999 -9999 -9999 -9999 -9999 -9999 -9999 -9999 -9999 -9999 -9999 -9999 -9999 -9999 -9999 -9999 -9999 -9999 -9999 -9999 -9999 -9999 0 0 0 0 0 0 0 0
0.274806250794054 0.0303011053233388 0.243996950832169 0.274806250794054 0.305297929106848 0.305297929106848 0.305297929106848 0.305297929106848 0.305297929106848 0.305297929106848 0.151505526616694 0.152648964553424 0.121649091602084 0.305297929106848 0.305297929106848 0.305297929106848 0.305297929106848 0.305297929106848 0.305297929106848 0.305297929106848 0.305297929106848 0.305297929106848 0.305297929106848 0.305297929106848 0.305297929106848 0.275250921102782 0 0 0 0 -9999 -9999 -9999 -9999 -9999 -9999 -9999 -9999 -9999 -9999 -9999 -9999 -9999 -9999 -9999 -9999 -9999 -9999 -9999 -9999 -9999 0 0 0 0 0 0 0 0 0 0 0
0.305297929106848 0.305297929106848 0.305297929106848 0.305297929106848 0.305297929106848 0.305297929106848 0.305297929106848 0.305297929106848 0.305297929106848 0.305297929106848 0.305297929106848 0.121458518612629 0.305297929106848 0.305297929106848 0.305297929106848 0.305297929106848 0.305297929106848 0.305297929106848 0.305297929106848 0.305297929106848 0.305297929106848 0.305297929106848 0.305297929106848 0.305297929106848 0.305297929106848 0.305297929106848 0 0 0 0 0 -9999 -9999 -9999 -9999 -9999 -9999 -9999 -9999 -9999 -9999 -9999 -9999 -9999 -9999 -9999 0.183585313174946 -9999 0.0610468809554059 0 0.121712615931902 0 0 0 0 0 0 0 0 0 0 0
0.305297929106848 0.18269597255749 0.305297929106848 0.305297929106848 0.305297929106848 0.305297929106848 0.305297929106848 0.305297929106848 0.305297929106848 0.305297929106848 0.305297929106848 0.305297929106848 0.305297929106848 0.305297929106848 0.305297929106848 0.305297929106848 0.305297929106848 0.305297929106848 0.305297929106848 0.305297929106848 0.305297929106848 0.305297929106848 0.305297929106848 0.305297929106848 0.305297929106848 0.305297929106848 0.275250921102782 0 0 0 0 0 0 0 -9999 -9999 -9999 -9999 -9999 -9999 -9999 -9999 -9999 0 0 0.21445813746665 0.122474907889722 0.244949815779444 0.274996823783509 0.213886418498285 0.152585440223606 0.0304281539829755 0 0 0 0 0 0 0 0 0 0
0.305297929106848 0.305297929106848 0.305297929106848 0.305297929106848 0.305297929106848 0.305297929106848 0.305297929106848 0.305297929106848 0.305297929106848 0.305297929106848 0.305297929106848 0.305297929106848 0.305297929106848 0.305297929106848 0.305297929106848 0.305297929106848 0.305297929106848 0.305297929106848 0.305297929106848 0.305297929106848 0.305297929106848 0.305297929106848 0.305297929106848 0.305297929106848 0.305297929106848 0.305297929106848 0.213759369838648 0 0 0 0 0 0 0 0 0 -9999 -9999 -9999 -9999 -9999 -9999 0 0 0 0.0920467539067463 0.244949815779444 0.274996823783509 0.121712615931902 0.152776013213061 0.244949815779444 0.151696099606149 0.213759369838648 0.121712615931902 0 0 0 0 0 0 0 0
0.305297929106848 0.305297929106848 0.305297929106848 0.305297929106848 0.305297929106848 0.305297929106848 0.305297929106848 0.305297929106848 0.305297929106848 0.305297929106848 0.305297929106848 0.305297929106848 0.305297929106848 0.305297929106848 0.305297929106848 0.305297929106848 0.305297929106848 0.305297929106848 0.305297929106848 0.305297929106848 0.305297929106848 0.305297929106848 0.305297929106848 0.305297929106848 0.305297929106848 0.305297929106848 0.305297929106848 0.275250921102782 0 0 0 0 0 0 0 0 0 0 0 -9999 0 0 0 0 0.122474907889722 0.0618091729132258 0.0610468809554059 0.21369584550883 0.0304281539829755 0.0304281539829755 0.0304281539829755 0.122030237580994 0.212425358912463 0.0907762673103799 0.305297929106848 0 0 0 0 0 0 0
0.305297929106848 0.305297929106848 0.305297929106848 0.305297929106848 0.305297929106848 0.305297929106848 0.305297929106848 0.305297929106848 0.305297929106848 0.305297929106848 0.305297929106848 0.305297929106848 0.305297929106848 0.305297929106848 0.305297929106848 0.305297929106848 0.305297929106848 0.305297929106848 0.305297929106848 0.305297929106848 0.305297929106848 0.305297929106848 0.305297929106848 0.305297929106848 0.305297929106848 0.305297929106848 0.305297929106848 0.305297929106848 0.214902807775378 0.244949815779444 0 0 0 0 0 0 0 0 0 0 0 0 0 0 0 0 0.0610468809554059 0.0916656079278364 0.0304281539829755 0.0915385592681997 0.151314953627239 0.212615931901918 0.212615931901918 0.18155253462076 0.212425358912463 0.060475161987041 -9999 0 0 0 0 0
0.305297929106848 0.305297929106848 0.305297929106848 0.305297929106848 0.305297929106848 0.305297929106848 0.305297929106848 0.305297929106848 0.305297929106848 0.322767119806886 0.322767119806886 0.322767119806886 0.322767119806886 0.305297929106848 0.305297929106848 0.305297929106848 0.305297929106848 0.305297929106848 0.305297929106848 0.305297929106848 0.305297929106848 0.305297929106848 0.305297929106848 0.305297929106848 0.305297929106848 0.305297929106848 0.305297929106848 0.305297929106848 0.305297929106848 0.244949815779444 0.152966586202516 0 0 0 0 0 0 0 -9999 0 0 0 0 0 0 0 0.122474907889722 0.0914750349383814 0.182378350908398 0.060475161987041 0.305297929106848 0.0909668402998348 0.274425104815144 0.18155253462076 0.18155253462076 0.18155253462076 0.18155253462076 0 0 0 0 0
0.305297929106848 0.305297929106848 0.305297929106848 0.322767119806886 0.305297929106848 0.305297929106848 0.305297929106848 0.322767119806886 0.322767119806886 0.322767119806886 0.322767119806886 0.322767119806886 0.322767119806886 0.305297929106848 0.305297929106848 0.322767119806886 0.305297929106848 0.305297929106848 0.305297929106848 0.305297929106848 0.305297929106848 0.305297929106848 0.305297929106848 0.305297929106848 0.305297929106848 0.305297929106848 0.305297929106848 0.305297929106848 0.305297929106848 0.305297929106848 0.305297929106848 0.153982975479609 0 0 0 0 0 0 -9999 -9999 -9999 0 0 0 0 0.0302375809935205 0.183013594206581 0.200355736246983 0.108245458010418 0.18155253462076 0.139499428281032 0.182568923897853 0.0303011053233388 0.0605386863168594 0.212615931901918 0.18155253462076 0.243425231863804 0.1210138483039 0 0 0 0
0.305297929106848 0.305297929106848 0.305297929106848 0.305297929106848 0.322767119806886 0.305297929106848 0.305297929106848 0.305297929106848 0.305297929106848 0.322767119806886 0.384004573751747 0.384004573751747 0.322767119806886 0.305297929106848 0.305297929106848 0.322767119806886 0.305297929106848 0.305297929106848 0.305297929106848 0.305297929106848 0.305297929106848 0.305297929106848 0.305297929106848 0.305297929106848 0.305297929106848 0.305297929106848 0.305297929106848 0.305297929106848 0.305297929106848 0.305297929106848 0.274996823783509 0.0919197052471097 0 0 0 0 0 0 0 0 0 0 0 0 0 0.0302375809935205 0 0.182441875238216 0.0300470080040656 0.151060856307966 0.18155253462076 0.212425358912463 0.244378096811079 0.1210138483039 0.0605386863168594 0.0300470080040656 0.0603481133274044 0.243425231863804 0.0304281539829755 0.0914115106085631 0 0
0.322767119806886 0.322767119806886 0.305297929106848 0.305297929106848 0.305297929106848 0.305297929106848 0.322767119806886 0.305297929106848 0.49091602083598 0.528967094397154 0.528967094397154 0.403824164655063 0.383686952102655 0.366535383051709 0.403824164655063 0.322767119806886 0.305297929106848 0.305297929106848 0.305297929106848 0.305297929106848 0.305297929106848 0.305297929106848 0.305297929106848 0.305297929106848 0.305297929106848 0.305297929106848 0.305297929106848 0.305297929106848 0.305297929106848 0.305297929106848 0.305297929106848 0.274996823783509 0.18269597255749 0 0 0 0 0 0 0 0 0 0 0 0 0 0 0 0 0 0.0609198322957693 0.212425358912463 0.212425358912463 0.0909668402998348 0 0.091602083598018 0.12139499428281 0.212425358912463 0.274488629144963 0 0 0
0.305297929106848 0.322767119806886 0.383623427772837 0.4667132511752 0.469762419006479 0.511497903697116 0.511497903697116 0.528967094397154 0.511497903697116 0.528967094397154 0.546880955405921 0.528967094397154 0.528967094397154 0.528967094397154 0.383686952102655 0.383686952102655 0.346398170499301 0.387625460551391 0.387625460551391 0.387625460551391 0.387625460551391 0.305297929106848 0.305297929106848 0.305297929106848 0.305297929106848 0.305297929106848 0.305297929106848 0.305297929106848 0.305297929106848 0.305297929106848 0.305297929106848 0.21445813746665 0.152394867234151 0 0 0 0 0 0 0 0 0 0 0 0 0 0 0 0 0.0309998729513404 0.060665734976496 0.21293355355101 0.212425358912463 0.275250921102782 0.121839664591539 0.213441748189557 0.0300470080040656 0.0605386863168594 0.18193368059967 0.0300470080040656 0 0
0.322767119806886 0.3456994028713 0.429106847922754 0.469762419006479 0.528967094397154 0.528967094397154 0.528967094397154 0.528967094397154 0.546880955405921 0.529411764705882 0.546880955405921 0.546880955405921 0.546880955405921 0.546880955405921 0.546880955405921 0.546880955405921 0.546880955405921 0.529411764705882 0.529411764705882 0.529411764705882 0.529411764705882 0.387625460551391 0.387625460551391 0.305297929106848 0.305297929106848 0.305297929106848 0.305297929106848 0.305297929106848 0.274488629144963 0.305297929106848 0.305297929106848 0.305297929106848 0.274806250794054 0.302058188286114 0 0 0 0 0 0 0 0 0 0 0 0 0 0 0 0 0.0605386863168594 0.18155253462076 0.212425358912463 0.243488756193622 0.275250921102782 0.244251048151442 0.121649091602084 0.213441748189557 0.151505526616694 0.0300470080040656 0.0300470080040656 0
0.322767119806886 0.366154237072799 0.429106847922754 0.507813492567653 0.528967094397154 0.511497903697116 0.546880955405921 0.546880955405921 0.546880955405921 0.56543005971287 0.56543005971287 0.56543005971287 0.581438190827087 0.581438190827087 0.581438190827087 0.581438190827087 0.581438190827087 0.56543005971287 0.547960869012832 0.547960869012832 0.547960869012832 0.547960869012832 0.529411764705882 0.387625460551391 0.305297929106848 0.305297929106848 0.305297929106848 0.305297929106848 0.305297929106848 0.274488629144963 0.274488629144963 0.274488629144963 0.305297929106848 0.424469571846017 0.424469571846017 0.0446576038622793 0.104942192859865 0.104942192859865 0 0 0 0 0 0 0 0 0 0 0 0 0 0 0.212425358912463 0.212425358912463 0.305297929106848 0.151696099606149 0.244378096811079 0.305297929106848 0.305297929106848 0.274298056155508 0 0
0.305297929106848 0.305297929106848 0.429106847922754 0.507813492567653 0.528967094397154 0.546880955405921 0.546880955405921 0.547960869012832 0.566382924660145 0.583852115360183 0.583852115360183 0.583852115360183 0.678058696480752 0.643437936729767 0.597065175962394 0.581438190827087 0.597065175962394 0.581438190827087 0.56543005971287 0.56543005971287 0.56543005971287 0.56543005971287 0.547960869012832 0.547960869012832 0.547960869012832 0.387625460551391 0.387625460551391 0.305297929106848 0.305297929106848 0.274869775123872 0.305297929106848 0.274488629144963 0.274488629144963 0.274488629144963 0.243488756193622 0.152394867234151 0.21445813746665 0.287384068098082 0.332105196290179 0 0 0 0 0 0 0 0 0 0 0 0 0 0.151505526616694 0.18155253462076 0.121267945623174 0.305297929106848 0.305297929106848 0.305297929106848 0.305297929106848 0.305297929106848 0.18269597255749 0
0.305297929106848 0.305297929106848 0.449244060475162 0.528967094397154 0.546880955405921 0.546880955405921 0.546880955405921 0.56543005971287 0.547960869012832 0.583852115360183 0.486850463727608 0.583852115360183 0.583852115360183 0.694702070893152 0.710456104688096 0.66185999237708 0.683331215855673 0.714902807775378 0.620696226654809 0.56543005971287 0.56543005971287 0.56543005971287 0.56543005971287 0.56543005971287 0.56543005971287 0.56543005971287 0.547960869012832 0.387625460551391 0.305297929106848 0.305297929106848 0.305297929106848 0.305297929106848 0.274488629144963 0.2125524075721 0.274488629144963 0.243615804853259 0.243615804853259 0.274996823783509 0.274996823783509 0.152331342904332 0 0 0 0 0 0 0 0 0 0 0 0 0.1210138483039 0.212425358912463 0.151696099606149 0.305297929106848 -9999 0.305297929106848 0.305297929106848 0.305297929106848 0.213759369838648 0
0.305297929106848 0.305297929106848 0.528967094397154 0.528967094397154 0.546880955405921 0.546880955405921 0.546880955405921 0.546880955405921 0.56543005971287 0.56543005971287 0.583852115360183 0.602655316986406 0.602655316986406 0.602655316986406 0.620696226654809 0.778871807902427 0.797230339219921 0.797230339219921 0.657032143310888 0.639054757972303 0.639054757972303 0.620696226654809 0.583470969381273 0.56543005971287 0.56543005971287 0.602274171007496 0.56543005971287 0.547960869012832 0.424088425867107 0.305297929106848 0.305297929106848 0.305297929106848 0.305297929106848 0.305297929106848 0.243425231863804 0.212615931901918 0.183521788845128 0.183077118536399 0.12253843221954 0.0304281539829755 0.274996823783509 0 0 0 0 0 0 0 0 0 0 0.0300470080040656 0.243425231863804 0.212425358912463 0.275060348113327 0.305297929106848 -9999 -9999 0.305297929106848 0.305297929106848 0.183712361834583 0
0.325879811967984 0.346398170499301 0.528967094397154 0.528967094397154 0.546880955405921 0.546880955405921 0.546880955405921 0.546880955405921 0.524774488629145 0.583852115360183 0.620696226654809 0.620696226654809 0.620696226654809 0.620696226654809 0.620696226654809 0.639054757972303 0.657032143310888 0.675327150298564 0.706962266548088 0.675327150298564 0.675327150298564 0.675327150298564 0.639054757972303 0.620696226654809 0.639054757972303 0.675327150298564 0.657032143310888 0.56543005971287 0.56543005971287 0.461377207470461 0.424914242154745 0.322767119806886 0.305297929106848 0.305297929106848 0.305297929106848 0.305297929106848 0.305297929106848 0.212615931901918 0.18155253462076 0.18155253462076 0.212425358912463 0.0300470080040656 0 0 0 0 0 0 0 0 0.195654935840427 0.151505526616694 0.212425358912463 0.274298056155508 0.275060348113327 0.305297929106848 -9999 0.305297929106848 0.305297929106848 0.274298056155508 0.0303011053233388 0
0.511497903697116 0.511497903697116 0.511497903697116 0.511497903697116 0.529411764705882 0.546880955405921 0.56543005971287 0.56543005971287 0.56543005971287 0.583852115360183 0.620696226654809 0.639054757972303 0.639054757972303 0.639054757972303 0.639054757972303 0.639054757972303 0.673040274425105 0.722652776013213 0.76851734214204 0.850336678948037 0.708169228814636 0.692161097700419 0.657032143310888 0.639054757972303 0.657032143310888 0.692161097700419 0.675327150298564 0.602274171007496 0.56543005971287 0.56543005971287 0.461377207470461 0.322767119806886 0.322767119806886 0.305297929106848 0.305297929106848 0.305297929106848 0.305297929106848 0.305297929106848 0.200546309236438 0.243425231863804 0.212425358912463 0.151505526616694 0.0609198322957693 0.0304281539829755 0.0304281539829755 0.0304281539829755 0 0 0 0 0.212425358912463 0.274298056155508 0.305297929106848 0.243996950832169 0.274234531825689 0.305297929106848 0.305297929106848 0.305297929106848 0.305297929106848 0.274298056155508 0 0.0303011053233388
0.511497903697116 0.546880955405921 0.546880955405921 0.546880955405921 0.546880955405921 0.546880955405921 0.56543005971287 0.56543005971287 0.56543005971287 0.620696226654809 0.639054757972303 0.639054757972303 0.670689874221827 0.688667259560412 0.688667259560412 0.670689874221827 0.657032143310888 0.692161097700419 0.707851607165545 0.692161097700419 0.740439588362343 0.675327150298564 0.675327150298564 0.692161097700419 0.692161097700419 0.692161097700419 0.692161097700419 0.65506288908652 0.56543005971287 0.56543005971287 0.56543005971287 0.52382162368187 0.322767119806886 0.305297929106848 0.305297929106848 0.305297929106848 0.305297929106848 0.305297929106848 0.322767119806886 0.322767119806886 0.322767119806886 0.212425358912463 0.0907127429805616 0 0.122601956549358 0.0300470080040656 0.0300470080040656 0.182505399568035 0.182378350908398 0.305297929106848 0.305297929106848 0.305297929106848 0.305297929106848 0.305297929106848 0.346017024520391 0.530047008004066 0.446639562952611 0.305297929106848 0.305297929106848 0.244060475161987 0.183712361834583 0.0308092999618854
0.529411764705882 0.546880955405921 0.546880955405921 0.529411764705882 0.56543005971287 0.56543005971287 0.56543005971287 0.56543005971287 0.583852115360183 0.620696226654809 0.639054757972303 0.657032143310888 0.817748697751239 0.8789861516961 0.722652776013213 0.657032143310888 0.657032143310888 0.692161097700419 0.692161097700419 0.692161097700419 0.675327150298564 0.675327150298564 0.692161097700419 0.692161097700419 0.692161097700419 0.692161097700419 0.850336678948037 0.736310506924152 0.62063270232499 0.56543005971287 0.56543005971287 0.56543005971287 0.52382162368187 0.344365391945115 0.323847033413798 0.305297929106848 0.305297929106848 0.305297929106848 0.2624825308093 0.322767119806886 0.322767119806886 0.305297929106848 0.243425231863804 0.12177614026172 0 0 0.0304281539829755 0.275250921102782 0.305297929106848 0.305297929106848 0.305297929106848 0.305297929106848 0.305297929106848 0.344428916274933 0.530047008004066 0.530047008004066 0.530047008004066 0.305297929106848 0.305297929106848 0.244251048151442 0.183521788845128 0.244251048151442
0.529411764705882 0.546880955405921 0.546880955405921 0.524774488629145 0.527442510481514 0.56543005971287 0.56543005971287 0.583852115360183 0.620696226654809 0.639054757972303 0.673040274425105 0.675327150298564 0.690954135433871 0.925422436793292 0.895820099097955 0.704357769025537 0.704357769025537 0.639054757972303 0.639054757972303 0.675327150298564 0.657032143310888 0.657032143310888 0.675327150298564 0.692161097700419 0.692161097700419 0.692161097700419 0.833502731546182 0.799453690763562 0.783636132638801 0.735040020327786 0.673040274425105 0.657032143310888 0.638610087663575 0.597001651632575 0.43495108626604 0.397789353322322 0.344365391945115 0.341316224113836 0.322767119806886 0.2624825308093 0.305297929106848 0.305297929106848 0.305297929106848 0.274488629144963 0.182568923897853 0.152077245585059 0.244378096811079 0.305297929106848 0.305297929106848 0.275060348113327 0.305297929106848 0.428090458645661 0.446639562952611 0.530047008004066 0.581374666497268 0.601829500698768 0.601829500698768 0.530047008004066 0.305297929106848 0.305297929106848 0.244060475161987 0.183204167196036
0.529411764705882 0.529411764705882 0.547960869012832 0.547960869012832 0.544911701181553 0.544911701181553 0.583852115360183 0.602655316986406 0.620696226654809 0.634862152204294 0.76400711472494 0.815207724558506 0.833502731546182 0.833502731546182 0.833502731546182 0.833502731546182 0.833502731546182 0.675327150298564 0.639054757972303 0.6210138483039 0.6210138483039 0.657032143310888 0.657032143310888 0.657032143310888 0.657032143310888 0.657032143310888 0.799453690763562 0.815207724558506 0.850336678948037 0.850336678948037 0.850336678948037 0.803011053233388 0.692161097700419 0.638610087663575 0.579024266293991 0.541862533350273 0.52382162368187 0.379748443653919 0.361834582645153 0.322767119806886 0.305297929106848 0.305297929106848 0.305297929106848 0.305297929106848 0.305297929106848 0.275250921102782 0.305297929106848 0.305297929106848 0.305297929106848 0.305297929106848 0.344428916274933 0.530047008004066 0.566319400330326 0.65544403506543 0.65544403506543 0.65544403506543 0.65544403506543 0.530047008004066 0.305297929106848 0.305297929106848 0.394803709820861 0.305297929106848
0.529411764705882 0.529411764705882 -9999 0.547960869012832 0.547960869012832 0.56543005971287 0.583852115360183 0.583852115360183 0.585186126286368 0.620696226654809 0.619235167068987 0.603227035954771 0.621585567272265 0.65506288908652 0.783636132638801 0.833502731546182 0.955278871807902 0.691335281412781 0.657032143310888 0.657032143310888 0.657032143310888 0.639054757972303 0.657032143310888 0.657032143310888 0.657032143310888 0.692161097700419 0.850336678948037 0.850336678948037 0.850336678948037 0.850336678948037 0.850336678948037 0.834582645153094 0.692161097700419 0.62063270232499 0.56543005971287 0.56543005971287 0.56543005971287 0.56543005971287 0.56543005971287 0.527506034811333 0.323847033413798 0.305297929106848 0.305297929106848 0.305297929106848 0.305297929106848 0.305297929106848 0.305297929106848 0.305297929106848 0.305297929106848 0.346017024520391 0.446639562952611 0.547960869012832 0.601829500698768 0.65544403506543 0.673866090712743 0.673866090712743 0.65544403506543 0.583788591030365 0.446639562952611 0.305297929106848 0.305297929106848 0.305297929106848
0.529411764705882 0.529411764705882 0.546880955405921 -9999 -9999 0.56543005971287 0.56543005971287 0.583852115360183 0.583852115360183 0.566382924660145 0.547960869012832 0.547960869012832 0.547960869012832 0.603227035954771 0.621585567272265 0.657032143310888 0.675327150298564 0.657032143310888 0.639054757972303 0.639054757972303 0.657032143310888 0.692161097700419 0.692161097700419 0.692161097700419 0.692161097700419 0.692161097700419 0.850336678948037 0.850336678948037 0.850336678948037 0.850336678948037 0.850336678948037 0.850336678948037 0.68987422182696 0.583788591030365 0.56543005971287 0.56543005971287 0.56543005971287 0.56543005971287 0.56543005971287 0.56543005971287 0.527506034811333 0.46709439715411 0.305297929106848 0.305297929106848 0.305297929106848 0.305297929106848 0.305297929106848 0.305297929106848 0.305297929106848 0.344428916274933 0.530047008004066 0.601829500698768 0.65544403506543 0.673866090712743 0.673866090712743 0.673866090712743 0.673866090712743 0.65544403506543 0.530047008004066 0.305297929106848 0.305297929106848 0.305297929106848
-9999 -9999 0.546880955405921 -9999 -9999 0.56543005971287 0.56543005971287 0.547960869012832 0.547960869012832 0.547960869012832 0.547960869012832 0.547960869012832 0.547960869012832 0.547960869012832 0.547960869012832 0.547960869012832 0.603227035954771 0.620696226654809 0.601893025028586 0.639054757972303 0.657032143310888 0.692161097700419 0.692161097700419 0.692161097700419 0.692161097700419 0.692161097700419 0.692161097700419 0.850336678948037 0.850336678948037 0.850336678948037 0.850336678948037 0.850336678948037 0.756130097827468 0.657032143310888 0.639054757972303 0.639054757972303 0.639054757972303 0.639054757972303 0.639054757972303 0.62063270232499 0.601829500698768 0.601829500698768 0.508893406174565 0.275060348113327 0.274806250794054 0.214140515817558 0.305297929106848 0.305297929106848 0.305297929106848 0.446639562952611 0.583788591030365 0.65544403506543 0.673866090712743 0.673866090712743 0.673866090712743 0.673866090712743 0.673866090712743 0.65544403506543 0.54840553932156 0.305297929106848 0.305297929106848 0.305297929106848
