data-raw/DATASET_PNE/a_DATA/PFGS/ENVSUIT_A1B/HS_f75_H8_notgraz.asc
NCOLS 619 
NROWS 782 
XLLCORNER 876826 
YLLCORNER 1947424 
CELLSIZE 100 
NODATA_value -9999 
[rows 31 to 61 of 782, columns 210 to 279 of 619]
-9999 -9999 -9999 -9999 -9999 -9999 -9999 -9999 -9999 -9999 1 -9999 -9999 -9999 -9999 -9999 -9999 -9999 -9999 -9999 -9999 -9999 1 1 1 1 1 1 1 1 1 0.989492833614349 0.980194479227066 0.838474005460739 0.829188913106918 0.770064562559128 0.507677800953388 0.311163373291492 0.184094466269016 0.0766849964857101 0.028625700622797 0.0190085284411907 0.00940463878214359 0.00940463878214359 0.00940463878214359 0.00940463878214359 0.0190085284411907 0.0190085284411907 0.0380303394049406 0.0766849964857101 0.156013395637274 0.28268376365304 0.414375275373459 0.362184852361679 0.0864350013434887 0.0287585351616144 0.0190085284411907 0 0 0 0 0 0 0 0 0 0.00940463878214359 0.00940463878214359 0.00940463878214359 0.00940463878214359
-9999 -9999 -9999 -9999 -9999 -9999 -9999 -9999 -9999 -9999 -9999 1 1 1 -9999 -9999 -9999 -9999 -9999 -9999 -9999 1 1 1 1 1 1 1 1 1 0.989492833614349 0.989492833614349 1 0.86974310874939 0.8098084628582 -9999 0.423514250665903 0.320953227579594 0.203687470406294 0.0766849964857101 0.028625700622797 0.0190085284411907 0.00940463878214359 0.00940463878214359 0.00940463878214359 0.00940463878214359 0.00940463878214359 0.0284131672233343 0.0380834732204676 0.0766849964857101 0.136260990053415 0.263369727879763 0.243205543607473 0.195345502346754 0.0766849964857101 0.0190085284411907 0.00940463878214359 0 0 0 0 0 0 0 0 0 0.00940463878214359 0.00940463878214359 0.0190085284411907 0.00940463878214359
-9999 -9999 -9999 -9999 -9999 -9999 -9999 -9999 -9999 -9999 -9999 1 -9999 -9999 -9999 -9999 -9999 -9999 -9999 -9999 -9999 1 1 1 1 1 1 1 1 1 0.989492833614349 1 1 0.819173246622086 0.731449738144875 0.744812831282616 0.391155920922756 0.31128292158246 0.0961584411561489 0.0766849964857101 0.0382960066199303 0.0190085284411907 0.00940463878214359 0.00940463878214359 0 0.00940463878214359 0.00940463878214359 0.0284131672233343 0.0284131672233343 0.0766849964857101 0.115844424813986 0.214526709169149 0.135556969791651 0.117212612181902 0.0383757054805756 0.0190085284411907 0 0 0 0 0 0 0 0 0 0.00940463878214359 0.00940463878214359 0.0190085284411907 0.0284131672233343 0.0190085284411907
-9999 -9999 -9999 -9999 -9999 -9999 -9999 -9999 -9999 -9999 -9999 1 -9999 -9999 -9999 -9999 -9999 -9999 -9999 -9999 -9999 -9999 1 1 1 1 1 1 1 1 0.989492833614349 1 1 0.877620160579681 0.818695038557053 0.679910197854042 0.47767062485218 0.15424670279026 0.262506317347288 0.0766849964857101 0.0382561571896076 0.0190085284411907 0.00940463878214359 0.00940463878214359 0.00940463878214359 0.00940463878214359 0.00940463878214359 0.0190085284411907 0.0284131672233343 0.0766849964857101 0.106001432985067 0.164979677647352 0.0961584411561489 0.0864350013434887 0.0190085284411907 0.00940463878214359 0 0 0 0 0 0 0 0 0 0.00940463878214359 0.0190085284411907 0.0284131672233343 0.038163173943758 0.0574639346450567
-9999 -9999 -9999 -9999 -9999 -9999 -9999 -9999 -9999 -9999 -9999 -9999 1 -9999 -9999 -9999 -9999 1 -9999 -9999 -9999 -9999 1 1 1 1 1 1 1 1 -9999 1 1 0.989824920892715 0.868374913930893 0.710329160094261 0.519353896379471 0.174543712288141 0.252716448158026 0.0766849964857101 0.028625700622797 0.0190085284411907 0.00940463878214359 0.00940463878214359 0.00940463878214359 0.00940463878214359 0.00940463878214359 0.0190085284411907 0.0284131672233343 0.0864350013434887 0.0961584411561489 0.145227279514074 0.0864350013434887 0.0670545436441898 0.0190085284411907 0 0 0 0 0 0 0 0 0 0 0.00940463878214359 0.0190085284411907 0.038163173943758 0.0479131806641817 0.057530352845788
-9999 -9999 -9999 -9999 -9999 -9999 -9999 -9999 -9999 -9999 -9999 -9999 1 1 1 1 1 -9999 -9999 -9999 -9999 1 1 1 1 1 1 1 1 1 1 1 0.989824920892715 0.96979358792305 0.8293217420578 0.671807333827019 0.389402516186237 0.134972505271435 0.252716448158026 0.0766849964857101 0.0190085284411907 0.0190085284411907 0.00940463878214359 0.00940463878214359 0.00940463878214359 0.00940463878214359 0.00940463878214359 0.0190085284411907 0.0477803442627192 0.0864350013434887 0.0961584411561489 0.145519521087408 0.0864350013434887 0.0287585351616144 0.0190085284411907 0 0 0 0 0 0 0 0 0 0.00940463878214359 0.00940463878214359 0.0284131672233343 0.038163173943758 0.057530352845788 0.0768045485019684
-9999 -9999 -9999 -9999 -9999 -9999 -9999 -9999 -9999 -9999 -9999 -9999 1 1 1 1 1 1 -9999 -9999 -9999 1 1 1 1 1 1 1 0.989492833614349 1 1 0.980035066604614 0.857362985610962 0.847612977027893 0.741584956645966 0.577149912714958 0.253991652280092 0.125302199274302 0.233335997909307 0.067081106826663 0.0190085284411907 0.00940463878214359 0.00940463878214359 0.00940463878214359 0.00940463878214359 0.00940463878214359 0.00940463878214359 0.0190085284411907 0.0477803442627192 0.0864350013434887 0.0961584411561489 0.115870993584394 0.0766849964857101 0.0190085284411907 0.00940463878214359 0 0 0 0 0 0 0 0 0 0.00940463878214359 0.0190085284411907 0.0284131672233343 0.038163173943758 0.0768045485019684 0.0864350013434887
-9999 -9999 -9999 -9999 -9999 -9999 -9999 -9999 -9999 -9999 -9999 -9999 1 1 1 1 1 -9999 -9999 -9999 -9999 1 1 1 1 1 1 0.989492833614349 0.989492833614349 1 0.980035066604614 0.857362985610962 0.808719217777252 0.681530773639679 0.68238091468811 0.437820468097925 0.320953227579594 0.125713985413313 0.125846814364195 0.0573311019688845 0.0190085284411907 0.00940463878214359 0.00940463878214359 0.00940463878214359 0.00940463878214359 0.00940463878214359 0.00940463878214359 0.0190085284411907 0.0574108008295298 0.0864350013434887 0.0864350013434887 0.0961584411561489 0.0477803442627192 0.0190085284411907 0 0 0 0 0 0 0 0 0 0.00940463878214359 0.00940463878214359 0.0284131672233343 0.0284131672233343 0.0479131806641817 0.0864350013434887 0.0864350013434887
-9999 -9999 -9999 -9999 -9999 -9999 -9999 -9999 -9999 -9999 -9999 1 1 1 1 1 1 1 -9999 -9999 1 1 1 1 1 1 1 0.989492833614349 1 0.89863446354866 0.878350734710693 0.838009089231491 0.729962006211281 0.807244747877121 0.508381828665733 0.359953232109547 0.134972505271435 0.223373454064131 0.067081106826663 0.028625700622797 0.00940463878214359 0.00940463878214359 0 0.00940463878214359 0 0.00940463878214359 0.00940463878214359 0.0190085284411907 0.0766849964857101 0.0864350013434887 0.0864350013434887 0.0864350013434887 0.0287585351616144 0.00940463878214359 0 0 0 0 0 0 0 0 0 0 0.00940463878214359 0.0284131672233343 0.038163173943758 0.0479131806641817 0.0768311116844416 0.0864350013434887
-9999 -9999 -9999 -9999 -9999 -9999 -9999 -9999 -9999 -9999 -9999 -9999 1 1 1 1 1 1 1 1 1 1 1 1 1 1 0.989492833614349 1 0.980035066604614 0.898873567581177 0.868866384029388 0.819678008556366 0.72086289525032 0.619072288274765 0.370287708938122 0.31128292158246 0.0961584411561489 0.184121038764715 0.0573311019688845 0.0190085284411907 0.00940463878214359 0 0 0.00940463878214359 0 0.00940463878214359 0.00940463878214359 0.0190085284411907 0.0766849964857101 0.0864350013434887 0.0864350013434887 0.0777343846857548 0.0190085284411907 0 0 0 0 0 0 0 0 0 0 0.00940463878214359 0.00940463878214359 0.0284131672233343 0.038163173943758 0.0479131806641817 0.0864350013434887 0.0961584411561489
-9999 -9999 -9999 -9999 -9999 -9999 -9999 -9999 -9999 -9999 -9999 -9999 -9999 1 1 1 1 1 1 -9999 -9999 1 1 1 1 0.989492833614349 0.990210145711899 0.960654616355896 0.781448423862457 0.771206915378571 0.819518595933914 0.730851992964745 0.63991391658783 0.444966934621334 0.302064243704081 0.125713985413313 0.0969820134341717 0.0767514128237963 0.0190085284411907 0.00940463878214359 0.00940463878214359 0 0.00940463878214359 0 0.00940463878214359 0.00940463878214359 0.0190085284411907 0.0190085284411907 0.0766849964857101 0.0864350013434887 0.0766849964857101 0.038163173943758 0.0190085284411907 0 0 0 0 0 0 0 0 0 0 0.00940463878214359 0.0190085284411907 0.0284131672233343 0.038163173943758 0.057530352845788 0.0864350013434887 0.14513429440558
-9999 -9999 -9999 -9999 -9999 -9999 -9999 -9999 -9999 -9999 -9999 -9999 -9999 -9999 1 1 1 1 1 1 1 1 1 1 1 1 0.980035066604614 0.898873567581177 0.771206915378571 0.818588763475418 0.76176244020462 0.731489598751068 0.609375409781933 0.435681823641062 0.25351345911622 0.0961584411561489 0.0776281151920557 0.0190085284411907 0.0190085284411907 0.00940463878214359 0.00940463878214359 0 0 0.00940463878214359 0.00940463878214359 0.00940463878214359 0.0190085284411907 0.0190085284411907 0.0574506539851427 0.0864350013434887 0.0593900252133608 0.0190085284411907 0 0 0 0 0 0 0 0 0 0 0 0.00940463878214359 0.0284131672233343 0.038163173943758 0.0479131806641817 0.0672006588429213 0.0864350013434887 0.164913261309266
-9999 -9999 -9999 -9999 -9999 -9999 -9999 -9999 -9999 -9999 -9999 1 1 -9999 1 1 1 1 1 1 1 1 1 1 1 1 0.750351995229721 0.84948593378067 0.732113912701607 0.749647989869118 0.72086289525032 0.628410518169403 0.546943500638008 0.341768268495798 0.204590741544962 0.0969820134341717 0.0380303394049406 0.0190085284411907 0.00940463878214359 0.00940463878214359 0.00940463878214359 0 0.00940463878214359 0.00940463878214359 0.00940463878214359 0.00940463878214359 0.0190085284411907 0.0190085284411907 0.0583273563534021 0.0768311116844416 0.0284131672233343 0.00940463878214359 0 0 0 0 0 0 0 0 0 0 0 0.00940463878214359 0.0284131672233343 0.038163173943758 0.0479131806641817 0.0864350013434887 0.0961584411561489 0.184519538655877
-9999 -9999 -9999 -9999 -9999 -9999 -9999 -9999 -9999 -9999 1 1 -9999 -9999 1 1 1 1 1 1 1 1 1 1 0.990210145711899 0.980035066604614 0.846789419651031 0.830078899860382 0.691998094320297 0.731489598751068 0.63991391658783 0.588918998837471 0.351690981537104 0.234106425195932 0.181026004254818 0.0766849964857101 0.0286389850080013 0.0190085284411907 0.00940463878214359 0.00940463878214359 0 0 0.00940463878214359 0.00940463878214359 0.00940463878214359 0.00940463878214359 0.0190085284411907 0.0487101841717958 0.0487101841717958 0.0593900252133608 0.0190085284411907 0 0 0 0 0 0 0 0 0 0 0 0.00940463878214359 0.0190085284411907 0.0284131672233343 0.0479131806641817 0.057530352845788 0.0864350013434887 0.125514734536409 0.304667780175805
-9999 -9999 -9999 -9999 -9999 -9999 -9999 -9999 -9999 -9999 1 1 -9999 1 1 1 1 1 1 1 1 1 1 0.989492833614349 1 0.96979358792305 0.710461989045143 0.741425573825836 0.720796465873718 0.63991391658783 0.609202727675438 0.382614705711603 0.294293463230133 0.156611140817404 0.107661861926317 0.0477803442627192 0.0286389850080013 0.00940463878214359 0.00940463878214359 0.00940463878214359 0.00940463878214359 0 0.00940463878214359 0 0.00940463878214359 0.00940463878214359 0.0190085284411907 0.038163173943758 0.038163173943758 0.0190085284411907 0.00940463878214359 0 0 0 0 0 0 0 0 0 0 0 0.00940463878214359 0.0284131672233343 0.038163173943758 0.0479131806641817 0.0864350013434887 0.135384287685156 0.254801938310266 0.304202863946557
-9999 -9999 -9999 -9999 -9999 -9999 -9999 -9999 -9999 -9999 1 -9999 -9999 1 1 1 0.989492833614349 0.989492833614349 0.989492833614349 1 0.989492833614349 0.989492833614349 0.989492833614349 1 0.980035066604614 0.878882080316544 0.858598351478577 0.692874789237976 0.628410518169403 0.609202742576599 0.340851727873087 0.263369727879763 0.136260990053415 0.107675140723586 0.0872320048511028 0.0380303394049406 0.0190085284411907 0.00940463878214359 0.00940463878214359 0.00940463878214359 0 0 0 0 0.00940463878214359 0.00940463878214359 0.0190085284411907 0.038163173943758 0.0284131672233343 0.0190085284411907 0 0 0 0 0 0 0 0 0 0 0 0.00940463878214359 0.0190085284411907 0.038163173943758 0.0479131806641817 0.0671342425048351 0.0961584411561489 0.353192010894418 0.353192010894418 0.3533248398453
-9999 -9999 -9999 -9999 -9999 -9999 -9999 -9999 -9999 -9999 1 1 -9999 -9999 1 0.979702979326248 1 1 1 1 1 0.989824920892715 0.857097297906876 0.846855819225311 0.836946427822113 0.858598351478577 0.829188913106918 0.590499728918076 0.558260932564735 0.300974998623133 0.174410883337259 0.0961584411561489 0.0969820134341717 0.067081106826663 0.0380303394049406 0.0190085284411907 0.00940463878214359 0.00940463878214359 0.00940463878214359 0 0 0 0 0 0 0.00940463878214359 0.0190085284411907 0.0488430168479681 0.0284131672233343 0.00940463878214359 0 0 0 0 0 0 0 0 0 0 0.00940463878214359 0.00940463878214359 0.0284131672233343 0.038163173943758 0.057530352845788 0.0864350013434887 0.294492701068521 0.45499587059021 0.42425812035799 0.363048264756799
-9999 -9999 -9999 -9999 -9999 -9999 -9999 -9999 -9999 -9999 1 1 -9999 1 1 0.98046013712883 1 0.990210145711899 0.888366401195526 0.898873567581177 0.847612977027893 0.798172205686569 0.727398306131363 0.657740220427513 0.778858155012131 0.791317969560623 0.720358118414879 0.598164230585098 0.213636729866266 0.115844424813986 0.128862142562866 0.0776281151920557 0.0382960066199303 0.0286389850080013 0.0190085284411907 0.00940463878214359 0.00940463878214359 0.00940463878214359 0 0 0 0 0 0 0.00940463878214359 0.00940463878214359 0.0190085284411907 0.038163173943758 0.00940463878214359 0 0 0 0 0 0 0 0 0 0 0.00940463878214359 0.00940463878214359 0.0190085284411907 0.038163173943758 0.0479131806641817 0.0864350013434887 0.0961584411561489 0.333506027236581 0.45499587059021 0.402832008898258 0.332987973466516
-9999 -9999 -9999 -9999 -9999 -9999 -9999 -9999 -9999 -9999 1 1 1 1 1 1 0.980035066604614 0.898873567581177 0.859142959117889 0.779017567634583 0.626072630286217 0.565593361854553 0.576220095157623 0.576352924108505 0.689155444502831 0.558752417564392 0.578531384468079 0.495682898908854 0.134945940226316 0.117398578673601 0.0969820134341717 0.067081106826663 0.0284131672233343 0.0190085284411907 0.00940463878214359 0.00940463878214359 0.00940463878214359 0.00940463878214359 0 0 0 0 0 0.00940463878214359 0.00940463878214359 0.00940463878214359 0.00940463878214359 0.0284131672233343 0.00940463878214359 0 0 0 0 0 0 0 0 0 0 0.00940463878214359 0.00940463878214359 0.0284131672233343 0.0479131806641817 0.057530352845788 0.0864350013434887 0.205560427159071 0.363048264756799 0.454384833574295 0.422690689563751 0.303844222798944
-9999 -9999 -9999 -9999 -9999 -9999 -9999 -9999 -9999 -9999 -9999 1 1 1 0.989492833614349 1 0.888366401195526 0.837079256772995 0.787678331136703 0.668685734272003 0.62924736738205 0.587524257600307 0.506349448114634 0.466671977192163 0.50536647811532 0.526593331247568 0.506362739950418 0.340320382267237 0.115685027092695 0.14998272806406 0.0776281151920557 0.0592571925371885 0.0380436237901449 0.00940463878214359 0.00940463878214359 0.00940463878214359 0.00940463878214359 0.00940463878214359 0 0 0 0 0 0 0.00940463878214359 0.00940463878214359 0.00940463878214359 0.00940463878214359 0 0 0 0 0 0 0 0 0 0 0 0.00940463878214359 0.00940463878214359 0.0284131672233343 0.0479131806641817 0.057530352845788 0.0864350013434887 0.294346580281854 0.372798273339868 0.48626497387886 0.422690689563751 0.373316327109933
-9999 -9999 -9999 -9999 -9999 -9999 -9999 -9999 -9999 -9999 -9999 1 1 1 1 -9999 0.980035066604614 0.868866384029388 0.789537996053696 0.627865880727768 0.630044370889664 0.474947515875101 0.272920478135347 0.284237924963236 0.311840824782848 0.262479741126299 0.272880636155605 0.243072710931301 0.196115929633379 0.107622008770704 0.130668686702847 0.0391727089881897 0.0190085284411907 0.00940463878214359 0.00940463878214359 0.00940463878214359 0.00940463878214359 0 0 0 0 0 0 0 0.00940463878214359 0.00940463878214359 0.00940463878214359 0.00940463878214359 0 0 0 0 0 0 0 0 0 0 0.00940463878214359 0.00940463878214359 0.00940463878214359 0.0284131672233343 0.038163173943758 0.0479131806641817 0.0864350013434887 0.156212639063597 0.313833335414529 0.402433514595032 0.412675023078918 0.392816342413425
-9999 -9999 -9999 -9999 -9999 -9999 -9999 -9999 -9999 -9999 1 1 1 1 1 0.989492833614349 1 0.857097297906876 0.75837516784668 0.586886636912823 0.537299744784832 0.427180472761393 0.263223610818386 0.301904834806919 0.14461624622345 0.184944603592157 0.135982044041157 0.159945271909237 0.0971148442476988 0.118328418582678 0.120174812152982 0.0814670193940401 0.0190085284411907 0.00940463878214359 0.00940463878214359 0.00940463878214359 0.00940463878214359 0 0 0 0 0 0 0 0.00940463878214359 0.0190085284411907 0.00940463878214359 0 0 0 0 0 0 0 0 0 0 0 0.00940463878214359 0.00940463878214359 0.00940463878214359 0.0190085284411907 0.0284131672233343 0.0479131806641817 0.057530352845788 0.0864350013434887 0.195292362943292 0.392816342413425 0.422690689563751 0.422690689563751
-9999 -9999 -9999 -9999 -9999 -9999 -9999 -9999 -9999 -9999 -9999 1 1 1 1 0.989492833614349 0.989492833614349 0.989824920892715 0.867604464292526 0.745888784527779 0.586886644363403 0.536834839731455 0.351783964782953 0.213410906493664 0.164793707430363 0.253393910825253 0.254536274820566 0.14617039822042 0.128848863765597 0.108724528923631 0.141308674588799 0.0602268818765879 0.0190085284411907 0.00940463878214359 0.00940463878214359 0.00940463878214359 0 0 0 0 0 0 0 0 0 0.00940463878214359 0.00940463878214359 0 0 0 0 0 0 0 0 0 0 0 0.00940463878214359 0.00940463878214359 0.00940463878214359 0.00940463878214359 0.0284131672233343 0.038163173943758 0.0479131806641817 0.0864350013434887 0.24483940936625 0.392816342413425 0.441991448402405 0.451781302690506
-9999 -9999 -9999 -9999 -9999 -9999 -9999 -9999 -9999 -9999 -9999 1 1 1 -9999 -9999 -9999 0.989492833614349 0.978945821523666 0.928880751132965 0.676655769348145 0.547594383358955 0.320554707199335 0.321670509874821 0.164089687168598 0.254695676267147 0.227331906557083 0.138107379898429 0.14061794616282 0.152001807466149 0.142172092571855 0.0487633179873228 0.00940463878214359 0.00940463878214359 0.00940463878214359 0 0 0 0 0 0 0 0 0 0 0.00940463878214359 0 0 0 0 0 0 0 0 0 0 0 0.00940463878214359 0.00940463878214359 0.00940463878214359 0.00940463878214359 0.0188092775642872 0.0284131672233343 0.038163173943758 0.057530352845788 0.0864350013434887 0.284848967567086 0.402433514595032 0.451781302690506 0.540846422314644
-9999 -9999 -9999 -9999 -9999 -9999 -9999 -9999 -9999 -9999 -9999 1 1 1 1 0.989492833614349 1 0.989492833614349 0.978945821523666 0.928880751132965 0.787425935268402 0.565965294837952 0.53587843477726 0.384673628956079 0.255492676049471 0.234398663043976 0.228182040154934 0.117318879812956 0.13080152310431 0.162495682016015 0.0795674938708544 0.0390930101275444 0.00940463878214359 0 0 0 0 0 0 0 0 0 0 0 0 0.00940463878214359 0 0 0 0 0 0 0 0 0 0 0 0.00940463878214359 0.00940463878214359 0.00940463878214359 0.00940463878214359 0.00940463878214359 0.0284131672233343 0.038163173943758 0.057530352845788 0.158802907913923 0.40595362521708 0.412449181079865 0.441606238484383 0.551566123962402
-9999 -9999 -9999 -9999 -9999 -9999 -9999 -9999 -9999 -9999 -9999 1 1 1 1 1 0.90107861161232 0.927897781133652 0.780438870191574 0.676536217331886 0.720544084906578 0.586169332265854 0.565965294837952 0.556095734238625 0.364536020904779 0.292300943285227 0.254562851041555 0.0873117111623287 0.172165984287858 0.0891846660524607 0.0487633179873228 0.00940463878214359 0.00940463878214359 0 0 0 0 0 0 0 0 0 0 0 0.00940463878214359 0 0 0 0 0 0 0 0 0 0 0 0.00940463878214359 0.00940463878214359 0.00940463878214359 0.00940463878214359 0.00940463878214359 0.0284131672233343 0.038163173943758 0.0479131806641817 0.0864350013434887 0.236683407798409 0.403443045914173 0.451781302690506 0.68952739238739 0.551473125815392
-9999 -9999 -9999 -9999 -9999 -9999 -9999 -9999 -9999 -9999 1 1 1 1 0.979702979326248 0.794824779033661 0.846111953258514 0.753221213817596 0.753221213817596 0.753221213817596 0.753221213817596 0.714008659124374 0.556573957204819 0.577149912714958 0.433994837105274 0.194840736687183 0.126471137627959 0.0875508058816195 0.0698839034885168 0.0284131672233343 0.0188092775642872 0.00940463878214359 0 0 0 0 0 0 0 0 0 0 0 0.00940463878214359 0 0 0 0 0 0 0 0 0 0 0 0 0 0.00940463878214359 0.00940463878214359 0.00940463878214359 0.00940463878214359 0.0284131672233343 0.0479131806641817 0.057530352845788 0.127547089010477 0.354905555024743 0.412675023078918 0.461438328027725 0.590127795934677 0.738968163728714
-9999 -9999 -9999 -9999 -9999 -9999 -9999 -9999 -9999 -9999 0.98933345079422 1 1 0.989492833614349 1 0.928349405527115 0.825801640748978 0.763236910104752 0.714447006583214 0.69514624774456 0.68532982468605 0.626218751072884 0.606506206095219 0.477126017212868 0.274448074400425 0.175287585705519 0.126285163685679 0.0999442134052515 0.0602667313069105 0.0190085284411907 0.00940463878214359 0.00940463878214359 0 0 0 0 0 0 0 0 0 0 0 0 0 0 0 0 0 0 0 0 0 0 0 0 0 0.00940463878214359 0.00940463878214359 0.00940463878214359 0.00940463878214359 0.0284131672233343 0.0479131806641817 0.0671608094125986 0.137602616101503 0.354905555024743 0.412675023078918 0.412595301866531 0.451648473739624 0.532172366976738
-9999 -9999 -9999 -9999 -9999 -9999 -9999 -9999 -9999 -9999 1 1 1 1 1 0.91766956448555 0.909035354852676 0.763236910104752 0.586886644363403 0.557517059147358 0.547036483883858 0.567492879927158 0.422252342104912 0.28581865131855 0.194229692220688 0.214048516005278 0.115791294723749 0.079620623961091 0.0284131672233343 0.00940463878214359 0.00940463878214359 0 0 0 0 0 0 0 0 0 0 0 0 0 0 0 0 0 0 0 0 0 0 0 0 0 0 0.00940463878214359 0.00940463878214359 0.00940463878214359 0.0190085284411907 0.038163173943758 0.0479131806641817 0.0671608094125986 0.116920378059149 0.314191976562142 0.402433514595032 0.579102575778961 0.363646030426025 0.451781302690506
-9999 -9999 -9999 -9999 -9999 -9999 -9999 -9999 -9999 1 1 1 1 1 1 0.990210145711899 0.770715445280075 0.704789996147156 0.733827471733093 0.62620547413826 0.567652300000191 0.422292195260525 0.294266887009144 0.289365328848362 0.202120028436184 0.16422251984477 0.10969421453774 0.0380303394049406 0.0190085284411907 0.00940463878214359 0 0 0 0 0 0 0 0 0 0 0 0 0 0 0 0 0 0 0 0 0 0 0 0 0 0 0.00940463878214359 0.00940463878214359 0.00940463878214359 0.00940463878214359 0.0284131672233343 0.0479131806641817 0.057530352845788 0.0768311116844416 0.0971148498356342 0.21469939686358 0.405794210731983 0.576791279017925 0.308772351592779 0.413060218095779
-9999 -9999 -9999 -9999 -9999 -9999 -9999 -9999 -9999 1 1 1 1 1 1 1 0.800948441028595 0.804827183485031 0.724090754985809 0.596835896372795 0.568356312811375 0.466499283909798 0.260593503713608 0.231064528226852 0.20289047062397 0.172245690599084 0.100874045863748 0.0190085284411907 0.00940463878214359 0.00940463878214359 0 0 0 0 0 0 0 0 0 0 0 0 0 0 0 0 0 0 0 0 0 0 0 0 0 0 0.00940463878214359 0.00940463878214359 0.00940463878214359 0.00940463878214359 0.0190085284411907 0.038163173943758 0.0479131806641817 0.0479131806641817 0.057530352845788 0.0864350013434887 0.107130523771048 0.274394940584898 0.22997529245913 0.246951470151544
