data-raw/DATASET_PNE/a_DATA/PFGS/ENVSUIT_A1B/HS_f30_P5_alpext.asc
NCOLS 619 
NROWS 782 
XLLCORNER 876826 
YLLCORNER 1947424 
CELLSIZE 100 
NODATA_value -9999 
[rows 186 to 216 of 782, columns 70 to 139 of 619]
1 1 1 1 1 1 1 0.929684898749886 1 1 1 1 1 1 1 1 1 1 1 1 1 1 1 1 0.906862003208524 0.930290280594485 0.930290280594485 0.860308139358901 0.953718557980446 0.837182552895239 0.953718557980446 0.953355328873687 1 1 1 1 1 1 1 1 1 1 1 1 0.767321488028574 0.953113176135848 0.837303629264158 0.459545358234707 0.227472228107879 0.343523927717408 0.322365832248691 0.227623573569029 0.0560886279020492 0.279868026757878 0.112782637648697 0.208614583648636 -9999 -9999 0.0191906044737718 0.0191906044737718 0 0.0191906044737718 0.0191906044737718 0.0191906044737718 0.037442867088416 0.170445258346702 0.15149680661077 0.15149680661077 0.0745527741623029 0.130550594787662
1 1 1 1 1 1 1 0.953113176135848 1 1 1 1 1 1 1 1 0.953113176135848 0.976571722614039 0.953415867058147 1 1 1 1 1 0.790780034506765 0.883615340375942 0.953718557980446 0.953718557980446 0.953718557980446 0.953718557980446 1 1 1 1 1 1 0.976541453521809 1 0.906559312286225 0.976541453521809 1 1 1 1 0.976571722614039 0.953506674334837 0.767321488028574 0.63359263855677 0.709991827345098 0.418591276447619 0.150286042921573 0.265096709749675 0.0560886279020492 0.0560886279020492 0.0560886279020492 -9999 -9999 0.0191906044737718 0.0191906044737718 0.0191906044737718 0 0.0191906044737718 0.0191906044737718 0.0191906044737718 0.0191906044737718 0.0191906044737718 0.037442867088416 0.037442867088416 0.15149680661077 0.0936525713593849
1 1 1 1 1 1 1 1 1 1 0.953446136150377 1 1 1 1 0.976874413536338 1 0.906559312286225 1 1 1 1 1 0.976783606259648 0.837182552895239 0.883615340375942 0.930290280594485 1 0.953718557980446 0.953718557980446 1 1 1 1 1 1 1 0.976874413536338 1 1 1 1 1 1 0.976571722614039 0.976571722614039 0.767321488028574 0.748373036292642 0.727971668129673 0.690559070133487 0.573932257771589 0.207978932711808 0.0937433786360747 0.0560886279020492 0.0191906044737718 -9999 -9999 0.0191906044737718 0.0191906044737718 0 0 0.0191906044737718 0.0191906044737718 0.0191906044737718 0.0191906044737718 0.0191906044737718 0.0191906044737718 0.0560583588098193 0.246662832581651 0.438568877319369
1 1 1 1 1 1 1 1 1 1 1 1 1 1 1 0.953415867058147 1 0.976571722614039 1 1 1 1 1 1 0.790780034506765 0.860308139358901 0.814087235523807 0.953718557980446 0.953718557980446 0.953718557980446 1 0.976571722614039 1 1 1 1 1 1 1 1 1 1 1 1 0.976571722614039 0.976571722614039 0.813905620970427 0.767321488028574 0.767321488028574 0.727971668129673 0.70926536913158 0.55380331143869 0.303235765959379 0.0937433786360747 0.0191906044737718 0.0191906044737718 0.0191906044737718 0.0191906044737718 0 0 0 0 0 0 0 0 0.0191906044737718 0.265611284317583 0.182795047976511 0.496231498017374
1 1 1 1 1 1 1 0.976541453521809 1 1 1 1 1 1 1 0.906740926839604 1 0.976874413536338 1 1 1 1 1 1 0.837182552895239 0.860308139358901 0.814087235523807 0.953718557980446 0.953718557980446 0.837182552895239 0.883554802191482 0.976783606259648 1 1 1 1 1 0.976541453521809 0.906559312286225 1 1 1 1 1 0.976571722614039 0.976571722614039 0.953506674334837 0.767321488028574 0.767321488028574 0.767321488028574 0.767321488028574 0.70926536913158 0.572751763174622 0.284741350606895 0.037442867088416 0.0191906044737718 0.0191906044737718 0 0 0 0 0 0 0 0 0 0.0191906044737718 0.284257045131217 0.438568877319369 0.53403759421255
1 1 1 1 1 1 1 1 1 1 1 1 1 1 1 0.953446136150377 0.953446136150377 0.976874413536338 1 1 1 1 1 1 0.794957169234495 0.930290280594485 0.837182552895239 0.883615340375942 0.953718557980446 0.953718557980446 0.930290280594485 1 1 1 1 1 1 0.860247601174441 0.883312649453643 0.906559312286225 1 1 1 1 0.976571722614039 0.953536943427067 0.976571722614039 0.883433725822563 0.86052002300451 0.767321488028574 0.767321488028574 0.689620728274359 0.572751763174622 0.284741350606895 0.037442867088416 0.0191906044737718 0.0191906044737718 0 0 0 0 0 0 0 0 0.0191906044737718 0.0191906044737718 0.284257045131217 0.476980355359143 0.552743893210643
1 1 1 1 1 1 1 0.906559312286225 0.976874413536338 0.976541453521809 1 1 1 0.929684898749886 0.929987589672186 0.953446136150377 0.976571722614039 1 1 1 1 1 1 0.953718557980446 0.794957169234495 0.798952689408845 0.837182552895239 0.814087235523807 0.930290280594485 0.953718557980446 1 0.953355328873687 1 1 1 1 1 0.860247601174441 0.953446136150377 1 1 1 0.953113176135848 1 0.976571722614039 1 1 1 0.976571722614039 0.883827224021552 0.767321488028574 0.689620728274359 0.55362169688531 0.246753639858341 0.0191906044737718 0.0191906044737718 0.0191906044737718 0 0 0 0 0 0 0 0 0.0191906044737718 0.0191906044737718 0.24699579259618 0.312740260919575 0.485395162999062
1 1 1 1 1 1 1 0.953113176135848 0.953446136150377 0.929684898749886 0.976571722614039 0.953113176135848 1 0.860005448436601 0.953446136150377 0.976571722614039 1 1 1 1 1 1 0.798952689408845 0.54569119472107 0.564639646457003 0.469292005932742 0.756485153010261 0.814087235523807 0.837182552895239 0.953718557980446 1 1 0.953627750703756 1 1 1 1 0.883312649453643 0.976571722614039 1 1 1 0.976541453521809 1 1 1 1 0.883494264007022 0.976571722614039 0.953113176135848 0.767321488028574 0.689620728274359 0.55380331143869 0.265792898870963 0.037442867088416 0.0191906044737718 0.0191906044737718 0.0191906044737718 0.0191906044737718 0 0 0 0 0 0 0 0.0191906044737718 0.223930744316978 0.202227805188122 0.49786602899779
1 1 1 1 1 1 1 1 0.976874413536338 0.860217332082211 1 0.976571722614039 1 0.883312649453643 1 1 1 1 1 1 1 0.892030148015861 0.383872627659896 0.407179828676938 0.583648636377395 0.503102581953567 0.622423343523928 0.837182552895239 0.837182552895239 0.953718557980446 0.976783606259648 1 1 1 1 1 1 0.976874413536338 0.883312649453643 1 1 1 0.976541453521809 1 1 1 1 0.837364167448618 0.767321488028574 0.976571722614039 0.953113176135848 0.767321488028574 0.631292187547296 0.476980355359143 0.112782637648697 0.0795471743802403 0.0191906044737718 0.0191906044737718 0.0191906044737718 0 0 0 0 0 0 0 0.0191906044737718 0.0191906044737718 0.260859036837485 0.112782637648697
1 1 1 1 1 1 1 1 1 1 1 1 1 1 1 1 1 1 1 1 0.930623240609014 0.484154130217635 0.535066743348367 0.534915397887217 0.579804461664195 0.63740654417774 0.775827102945183 0.814087235523807 0.814087235523807 0.837182552895239 1 1 1 1 1 1 1 0.953446136150377 0.976874413536338 0.976541453521809 1 1 0.976541453521809 1 1 1 1 1 0.814056966431577 0.976571722614039 0.86064109937343 0.837091745618549 0.650876290220056 0.207918394527348 0.248993552683355 0.217876925870993 0.0747041196234525 0.0191906044737718 0.0191906044737718 0 0 0 0 0 0 0 0 0.0191906044737718 0.037442867088416 0.113176135847686
1 1 1 1 1 1 1 1 1 1 1 1 0.929896782395496 1 1 1 1 1 1 1 0.953718557980446 0.560190089899204 0.507612676695826 0.660592668825862 0.775827102945183 0.775827102945183 0.714047885703908 0.814087235523807 0.837212821987469 0.837182552895239 0.953718557980446 1 1 1 1 1 1 1 0.976874413536338 1 1 1 1 1 0.976692798982959 0.976571722614039 1 1 1 1 0.976571722614039 0.930017858764416 0.953476405242607 0.716257529436692 0.150134697460423 0.112782637648697 0.140509126131307 0.0191906044737718 0.0191906044737718 0.0191906044737718 0 0 0 0 0 0 0 0 0.0191906044737718 0.037442867088416
1 1 1 1 1 1 1 1 1 1 1 1 1 0.953446136150377 0.976874413536338 1 1 1 1 1 0.407179828676938 0.407179828676938 0.469261736840512 0.464933256651633 0.775827102945183 0.775827102945183 0.798952689408845 0.814087235523807 0.883554802191482 0.953718557980446 1 1 1 1 1 1 1 1 1 1 1 1 1 1 1 1 1 0.860217332082211 1 1 1 1 0.976571722614039 0.953113176135848 0.650876290220056 0.401337893876563 0.112782637648697 0.177043920452826 0.0191906044737718 0.0191906044737718 0 0 0 0 0 0 0 0 0.0191906044737718 0.0605381844598481
1 1 1 1 1 1 1 1 1 0.929684898749886 1 0.976541453521809 0.883312649453643 0.976571722614039 0.976571722614039 1 1 1 1 1 0.660592668825862 0.407179828676938 0.43027514604837 0.407179828676938 0.484154130217635 0.622453612616158 0.699034415957866 0.798922420316615 0.883554802191482 1 1 1 1 1 1 1 1 1 0.953446136150377 0.953113176135848 0.976783606259648 1 1 1 1 1 0.976692798982959 0.976692798982959 0.953264521596997 0.953113176135848 0.976783606259648 0.976571722614039 1 0.930017858764416 0.692889790235191 0.514725913369858 0.265792898870963 0.0838151163846596 0.0191906044737718 0.0191906044737718 0 0 0 0 0 0 0 0.0191906044737718 0.0191906044737718 0.0191906044737718
1 1 1 1 1 1 1 1 1 1 1 1 1 0.976571722614039 0.976571722614039 1 1 1 1 1 1 0.464933256651633 0.564639646457003 0.464933256651633 0.488028574023065 0.606743953748827 0.622453612616158 0.6416139479977 0.775827102945183 1 1 1 1 1 1 1 1 0.976874413536338 1 0.929896782395496 0.953355328873687 1 1 1 1 1 1 1 1 1 1 0.906680388655144 1 0.930017858764416 0.6972485395163 0.476980355359143 0.208675121833096 0.037442867088416 0.0191906044737718 0.0191906044737718 0 0 0 0 0 0 0 0.0191906044737718 0 0.0191906044737718
1 1 1 1 1 -9999 1 1 1 1 1 1 0.953446136150377 0.953446136150377 1 1 1 1 1 1 1 0.930623240609014 0.503102581953567 0.622453612616158 0.583648636377395 0.660592668825862 0.749432454520689 0.783575990556043 0.845294669612858 1 1 1 1 1 1 0.953143445228078 1 0.976541453521809 0.929987589672186 0.929927051487726 0.929896782395496 0.976783606259648 1 1 1 1 1 1 1 0.83678905469625 0.953264521596997 0.953264521596997 1 0.930017858764416 0.226685231709901 0.284922965160275 0.0747041196234525 0.0191906044737718 0.0191906044737718 0.0191906044737718 0 0 0 0 0 0 0 0 0.0189484517359324 0.0189484517359324
1 1 1 1 1 -9999 -9999 -9999 -9999 1 0.976571722614039 0.976541453521809 0.953446136150377 1 1 1 1 1 1 1 1 1 0.484154130217635 0.583648636377395 0.488361534037594 0.484154130217635 0.64143233344432 0.915458425401822 0.953718557980446 1 1 1 1 1 1 1 0.953143445228078 1 1 1 0.953113176135848 1 1 1 1 1 1 1 0.976571722614039 1 1 0.976783606259648 0.695190241244665 0.188515906407967 0.112782637648697 0.112782637648697 0.037442867088416 0.0191906044737718 0.0191906044737718 0 0 0 0 0 0 0 0 0 0 0.0191906044737718
1 1 -9999 0.837122014710779 0.767321488028574 0.976571722614039 0.976571722614039 0.929896782395496 0.767321488028574 1 1 0.976541453521809 1 0.976571722614039 1 1 1 1 1 1 1 1 0.953718557980446 0.445833459454551 0.426642854980779 0.445833459454551 0.484154130217635 0.484154130217635 0.915458425401822 1 1 1 1 1 1 1 1 1 1 1 0.976541453521809 0.837152283803009 0.929684898749886 1 1 1 1 1 1 1 0.837152283803009 0.575445712383086 0.767321488028574 0.555286496957956 0.112782637648697 0.037442867088416 0.0191906044737718 0.0191906044737718 0.0191906044737718 0 0 0 0 0 0 0 0 0 0 0
-9999 -9999 -9999 0.83681932378848 0.83681932378848 0.767321488028574 0.767321488028574 0.767321488028574 0.767321488028574 1 1 1 1 0.953446136150377 1 1 1 1 1 1 1 1 0.807004267942005 0.383872627659896 0.430608106062899 0.430608106062899 0.403335653963738 0.464933256651633 0.683718255289524 1 1 1 1 1 1 1 1 1 1 1 1 1 0.929987589672186 0.953446136150377 0.929987589672186 1 1 1 1 1 0.929805975118806 0.460574507370524 0.614583648636377 0.150134697460423 0.112782637648697 0.037442867088416 0.0191906044737718 0.0191906044737718 0 0 0 0 0 0 0 0 0 0 0 0
-9999 -9999 -9999 -9999 0.653055664860611 0.595604927808215 0.383902896752126 0.813512122771438 0.976874413536338 0.860217332082211 1 1 1 1 1 1 1 1 0.976571722614039 1 1 1 0.730241850046917 0.430608106062899 0.383872627659896 0.383872627659896 0.407179828676938 0.479795380936526 0.702908859763296 0.976904682628568 1 1 1 1 1 1 1 1 1 1 1 1 1 1 1 0.976571722614039 1 1 1 1 0.860096255713291 0.479553228198686 0.537034234343312 0.650876290220056 0.246783908950571 0.0747041196234525 0.0191906044737718 0.0191906044737718 0.0191906044737718 0 0 0 0 0 0 0 0 0 0 0
0.813512122771438 0.976692798982959 -9999 0.228017071768018 0.13127705300118 0.13127705300118 0.13127705300118 0.364924175923964 0.953385597965917 0.837364167448618 1 1 1 0.976571722614039 0.953446136150377 1 1 1 0.976571722614039 0.836940400157399 1 1 0.660380785180252 0.383872627659896 0.383872627659896 0.383872627659896 0.460846929200593 0.602839240851167 0.430608106062899 0.907376577776433 1 1 1 1 1 1 1 1 1 1 1 1 1 1 1 0.906559312286225 0.929987589672186 1 1 1 0.929896782395496 0.767321488028574 0.459121590943488 0.591669945818325 0.533583557829101 0.112782637648697 0.0605079153676181 0.0191906044737718 0.0191906044737718 0.0191906044737718 0 0 0 0 0 0 0 0 0 0
0.228017071768018 0.364924175923964 0.229439719102824 0.13127705300118 0.13127705300118 0.13127705300118 0.13127705300118 0.228017071768018 0.714320307533977 0.767321488028574 1 1 1 1 1 1 1 1 0.976571722614039 1 1 0.976904682628568 0.953718557980446 0.226897115355511 0.383872627659896 0.441626055634592 0.441626055634592 0.583648636377395 1 1 1 1 1 1 1 1 1 1 1 1 1 1 1 1 1 1 0.883312649453643 1 1 1 0.953355328873687 0.691013106516936 0.767321488028574 0.363440990404698 0.246087719829282 0.112782637648697 0.112782637648697 0.0747041196234525 0.037442867088416 0.0191906044737718 0.0191906044737718 0.0191906044737718 0 0 0 0 0 0 0 0
0.13127705300118 0.13127705300118 0.112237793988558 0.0559372824408996 0.0559372824408996 0.132124587583618 0.13127705300118 0.209310772769925 0.675999636770893 0.767321488028574 1 1 1 1 0.961830674698066 1 1 1 1 1 1 1 0.884069376759391 0.407300905045858 0.407179828676938 0.364167448618216 0.430608106062899 0.407179828676938 1 1 1 1 1 1 1 1 1 1 1 1 1 1 1 0.976753337167418 1 1 1 1 1 1 1 0.72915216272664 0.767321488028574 0.691013106516936 0.69331355752641 0.552289856827194 0.13164028210794 0.112782637648697 0.112782637648697 0.0937433786360747 0.037442867088416 0.0191906044737718 0.0191906044737718 0 0 0 0 0 0 0
0.0376850198262554 0.0376850198262554 0.0376850198262554 0.0376850198262554 0.0376850198262554 0.0931985349759361 0.13127705300118 0.364924175923964 0.813512122771438 0.767321488028574 1 1 1 1 0.976571722614039 1 1 1 1 1 1 1 0.622241728970548 0.285498077912643 0.364167448618216 0.325090050549384 0.364167448618216 0.441626055634592 1 1 1 1 1 1 1 1 1 1 0.929684898749886 0.930017858764416 0.929987589672186 0.906559312286225 0.883312649453643 0.929896782395496 0.976571722614039 0.953143445228078 1 0.976571722614039 1 1 1 1 0.976692798982959 0.976692798982959 1 0.953476405242607 0.590913218512577 0.496231498017374 0.361231346671913 0.227714380845718 0.037442867088416 0.0191906044737718 0.0191906044737718 0.0191906044737718 0 0 0 0 0 0
0.0376850198262554 0.0376850198262554 0.0559372824408996 0.0559372824408996 0.0931985349759361 0.13127705300118 0.346066531464721 0.618730514271877 0.767321488028574 0.860217332082211 1 1 1 1 1 1 1 1 1 0.767321488028574 1 1 0.403335653963738 0.364167448618216 0.407179828676938 0.407179828676938 0.208402700003027 0.845476284166238 1 1 1 1 1 1 1 1 1 1 1 0.929987589672186 0.953446136150377 1 1 0.976571722614039 1 1 1 1 1 1 1 0.976692798982959 0.953264521596997 0.953264521596997 0.953264521596997 0.930017858764416 0.572206919514484 0.514423222447559 0.400278475648515 0.265611284317583 0.0560583588098193 0.0191906044737718 0.0191906044737718 0.0191906044737718 0.0191906044737718 0 0 0 0 0
0.0376850198262554 0.0559372824408996 0.112631292187547 0.13127705300118 0.13127705300118 0.287314223446439 0.656778763204891 0.767321488028574 0.883918031298241 1 1 1 1 1 1 1 1 1 1 0.813633199140358 1 0.64140206435209 0.364167448618216 0.364167448618216 0.407179828676938 0.226897115355511 0.13148893664679 0.934588491691134 1 1 1 1 1 1 1 1 1 1 0.860217332082211 0.906559312286225 0.953113176135848 1 1 1 1 1 1 1 1 0.976541453521809 1 0.976692798982959 0.976692798982959 0.930138935133335 0.953264521596997 0.930017858764416 0.572206919514484 0.495928807095075 0.131791627569089 0.246662832581651 0.0750068105457517 0.0191906044737718 0.0381390562097043 0.0381390562097043 0.0191906044737718 0.0191906044737718 0 0 0 0
0.0376850198262554 0.13127705300118 0.209310772769925 0.346066531464721 0.364924175923964 0.672004116596543 0.767321488028574 0.790628689045616 0.976571722614039 1 1 1 1 1 1 1 1 1 1 0.837061476526319 1 0.953718557980446 0.189454248267094 0.13148893664679 0.0935920331749251 0.407179828676938 0.953718557980446 0.976934951720798 1 1 1 1 1 1 1 1 1 0.929987589672186 1 1 1 1 1 1 1 1 1 1 1 1 1 0.976692798982959 0.976692798982959 0.930138935133335 0.930017858764416 0.571238308563126 0.552532009565033 0.476980355359143 0.284741350606895 0.189545055543784 0.0563913188243485 0.0191906044737718 0.0566334715621878 -9999 -9999 0.0191906044737718 0.0191906044737718 0 0 0
0.154705330387142 0.228017071768018 0.388049762387626 0.42246572025305 0.483851439295336 0.607016375578896 0.748373036292642 1 1 1 1 1 1 1 1 1 1 1 1 0.934255531676605 1 0.441626055634592 0.112782637648697 0.112782637648697 0.0935920331749251 0.953718557980446 0.953718557980446 1 1 1 1 1 1 1 1 1 1 1 1 1 1 1 1 1 1 1 1 0.976571722614039 0.976571722614039 1 1 0.976692798982959 1 0.976571722614039 0.930017858764416 0.552532009565033 0.53367436510579 0.400187668371826 0.246662832581651 0.0560583588098193 0.037442867088416 0.0191906044737718 0.0191906044737718 0.0191906044737718 -9999 -9999 -9999 0 0 0
0.13127705300118 0.407179828676938 0.483851439295336 -9999 -9999 0.953113176135848 1 1 1 1 1 1 1 1 1 1 1 1 0.83675878560402 0.699034415957866 1 0.150951962950631 0.0745527741623029 0.0745527741623029 0.266035051608802 0.953718557980446 0.930290280594485 1 1 1 1 1 1 1 1 1 1 1 1 1 1 1 1 1 1 1 0.976571722614039 0.860035717528831 0.813724006417048 0.906377697732845 0.906377697732845 1 0.976571722614039 0.976571722614039 0.930017858764416 0.552532009565033 0.476980355359143 0.170505796531162 0.223567515210219 0.0191906044737718 0.0191906044737718 0.0191906044737718 0 0 0.0191906044737718 -9999 -9999 -9999 0 0
0.13127705300118 0.388049762387626 0.767321488028574 -9999 -9999 1 1 1 1 1 1 1 1 1 1 1 1 0.976571722614039 0.883312649453643 0.794866361957805 0.884069376759391 0.0937433786360747 0.0559070133486697 0.0186154917214033 0.403335653963738 0.953839634349366 1 1 1 1 1 1 1 1 1 1 1 1 1 1 1 1 1 1 1 1 0.814056966431577 0.767321488028574 0.691013106516936 0.767321488028574 0.767321488028574 0.767321488028574 0.790749765414535 0.976904682628568 0.496080152556225 0.112782637648697 0.112782637648697 0.0606592608287677 0.0191906044737718 0.0191906044737718 0.0191906044737718 0 0 0 0.0191906044737718 0.0191906044737718 -9999 -9999 -9999 0
0.13127705300118 0.388049762387626 1 1 1 1 1 1 1 1 1 1 1 1 1 1 1 0.813633199140358 0.813633199140358 1 0.0376547507340255 0.0186154917214033 0.0186154917214033 0.0186154917214033 0.406967945031329 1 1 1 1 1 1 1 1 1 1 1 1 1 1 1 1 1 1 1 0.930381087871175 0.86042921572782 0.790749765414535 0.86048975391228 0.286163997941702 0.364924175923964 0.976571722614039 0.930017858764416 0.722674576989436 0.168840996458516 0.112782637648697 0.112782637648697 0.037442867088416 0.0655628537700154 0.0191906044737718 0.0191906044737718 0 0 0 0 0 0.0191906044737718 0 -9999 -9999 0
0.13127705300118 0.426642854980779 0.953113176135848 1 1 1 1 1 1 1 1 1 1 1 1 1 0.976571722614039 1 1 1 0.112782637648697 0.0186154917214033 0.0376547507340255 0.0559070133486697 0.930290280594485 1 1 1 1 1 1 1 1 1 1 1 1 1 1 1 1 1 1 1 0.930048127856646 0.930017858764416 0.43042649150952 0.591669945818325 0.610618397554257 0.571238308563126 0.930017858764416 0.571238308563126 0.590913218512577 0.533583557829101 0.284922965160275 0.112782637648697 0.0606592608287677 0.0191906044737718 0.0191906044737718 0.0191906044737718 0 0 0 0 0 0 0.0191906044737718 0.037442867088416 0 0
