data-raw/DATASET_PNE/a_DATA/PFGS/ENVSUIT_A1B/HS_f45_C2_VaccUli.asc
NCOLS 619 
NROWS 782 
XLLCORNER 876826 
YLLCORNER 1947424 
CELLSIZE 100 
NODATA_value -9999 
[rows 200 to 224 of 782, columns 57 to 113 of 619]
0.821087002754211 0.72611203789711 0.715105503797531 0.830560207366943 0.925929874181747 0.957901924848557 0.882966458797455 0.947335660457611 0.936541676521301 0.958797633647919 0.920601189136505 0.87982389330864 -9999 0.68289053440094 0.693836361169815 0.549992397427559 0.693714886903763 0.80109304189682 -9999 0.757947474718094 0.747199028730392 0.747199028730392 0.747199028730392 0.625611051917076 0.296675268560648 0.779823899269104 0.750189781188965 0.37645360827446 0.406694993376732 0.377379685640335 0.107378169894218 0.0108395321294665 0 0 0 0 0 0 0 0 0 0 0 0.096720814704895 0.107378169894218 0.346409592777491 0.128875058144331 0.199438288807869 0.397753149271011 0.290420524775982 0.397935330867767 0.268862914294004 0.0204797321930528 0.0204797321930528 0.291346587240696 0.356581147760153 0.700182184576988
0.899104297161102 0.8997722864151 0.921314716339111 0.866524964570999 0.935585230588913 0.968711107969284 0.946212232112885 0.915151059627533 0.958038568496704 0.93740701675415 0.887202054262161 0.88724759221077 0.859814792871475 0.704448163509369 0.693836361169815 0.693623811006546 0.736511290073395 0.778928190469742 -9999 -9999 -9999 -9999 0.779687255620956 0.715515404939651 0.820176094770432 0.801214516162872 0.720510095357895 0.387202054262161 0.365750707685947 0.355791706591845 0.107378169894218 0 0 0 0 0 0 0 0 0 0 0 0 0.107378169894218 0.107378169894218 0.306224379688501 0.118263248354197 0.147487476468086 0.387126162648201 0.419250026345253 0.321967512369156 0.428313344717026 0.279672086238861 0.301032334566116 0.290238350629807 0.308030962944031 0.575072109699249
0.861332923173904 0.911264598369598 0.810004562139511 0.834325194358826 0.916821002960205 0.979550629854202 0.967557311058044 0.882966458797455 0.957901924848557 0.947244584560394 0.887186884880066 0.960604220628738 0.847472280263901 0.639927119016647 0.59711554646492 -9999 0.836678296327591 0.824760884046555 0.843950182199478 0.825170785188675 0.8253073990345 0.834598451852798 0.778108417987823 0.71515104174614 0.736632764339447 0.81111279129982 0.761636555194855 0.416593305766582 0.397889770567417 0.219568841159344 0.139638684689999 0.0215879771858454 0 0 0 0 0 0 0 0 0 0 0.0107484441250563 0.107378169894218 0.107378169894218 0.158235924318433 0.355746164917946 0.238788526505232 0.338454522192478 0.398770302534103 0.333308026194572 0.478381671011448 0.429178699851036 0.408592686057091 0.365553364157677 0.374480046331882 0.447563394904137
0.715363591909409 0.704539239406586 0.788522839546204 0.824548363685608 0.93740701675415 0.958008199930191 0.98920601606369 0.834325194358826 0.958084106445312 0.968711107969284 0.936541676521301 0.980400800704956 0.836086213588715 -9999 -9999 -9999 0.846303343772888 0.855184435844421 0.832852572202682 0.84366175532341 0.867724299430847 0.857522368431091 0.704493701457977 0.725762844085693 0.640215575695038 0.801214516162872 0.811871856451035 0.364991664886475 0.376271441578865 0.355913158506155 0.355791706591845 0.107378169894218 0.0215879771858454 0 0.0107484441250563 0 0 0 0 0 0 0 0 0.107378169894218 0.107378169894218 0.117291636765003 0.34517989680171 0.355746164917946 0.357021406292915 0.387976326048374 0.303142555058002 0.387323521077633 0.419250026345253 0.419250026345253 0.419250026345253 0.418339148163795 0.417337186634541
0.747396379709244 0.779899805784225 0.779778331518173 0.754804909229279 0.958038568496704 0.925929874181747 0.978366494178772 0.96757248044014 0.845073640346527 0.947244584560394 0.935585230588913 0.925929874181747 -9999 -9999 -9999 -9999 -9999 0.948064357042313 0.948064357042313 0.936541676521301 0.908547133207321 0.714452683925629 0.846728384494781 0.736511290073395 0.725853949785233 0.758402913808823 0.821770161390305 0.474009409546852 0.365750707685947 0.376529514789581 0.15050857886672 0.224609076976776 0.096720814704895 0 0 0 0 0 0 0 0 0 0 0.0643236711621284 0.107378169894218 0.0642933025956154 0.107378169894218 0.34517989680171 0.345134351402521 0.159996960312128 0.213572181761265 0.230666466057301 0.398770317435265 0.377167157828808 0.386989526450634 0.397753164172173 0.408410504460335
0.768878072500229 0.747366040945053 0.726081669330597 0.73468953371048 0.958797633647919 0.947381198406219 0.98920601606369 0.98920601606369 0.897221803665161 0.978396832942963 0.98920601606369 0.947381198406219 0.82441172003746 0.907681792974472 0.845073640346527 -9999 0.935585230588913 0.967557311058044 0.978366494178772 0.95689994096756 0.936769396066666 0.835296809673309 0.846728384494781 0.767268866300583 0.693699717521667 0.500728718936443 0.801214516162872 0.751024723052979 0.435858525335789 0.376529514789581 0.356945492327213 0.158099280670285 0.107378169894218 0 0 0 0 0 0 0 0 0 0 0 0 0 0.107378169894218 0.0107484441250563 0.0752846524119377 0 0.139669045805931 0.182784274220467 0.0427205115556717 0.08456049580127 0.0523303495720029 0.251085475087166 0.279459543526173
0.650083497166634 0.725945025682449 0.758129626512527 0.843449234962463 0.948094725608826 0.958038568496704 0.98920601606369 0.98920601606369 0.939198434352875 0.968741446733475 0.946197062730789 0.905374228954315 0.958190381526947 0.946424782276154 0.947381198406219 0.967663586139679 0.967557311058044 0.95689994096756 0.967557311058044 0.978366494178772 0.935585230588913 0.886200100183487 0.867724299430847 0.736526489257812 0.725899487733841 0.520510084927082 0.801214516162872 0.782131463289261 0.495521500706673 0.366707146167755 0.355746164917946 0.107378169894218 0.0965993627905846 0 0 0 0 0 0 0 0 0 0.032199788838625 0.107378169894218 0.107378169894218 0.263139516115189 0.0859420076012611 0 0 0.127736449241638 0.193487174808979 0.11812661588192 0.0967511758208275 0.0215120688080788 0.0751480180770159 0.0857901917770505 0.0965538220480084
0.73637467622757 0.699377566576004 0.7686807513237 0.853226065635681 0.948094725608826 0.936541676521301 0.978366494178772 0.98920601606369 0.98920601606369 0.958979815244675 1 0.958084106445312 0.947350829839706 0.98920601606369 0.978366494178772 1 1 1 0.959070891141891 0.968711107969284 0.935585230588913 0.906953096389771 0.835691511631012 0.693836361169815 0.672202825546265 0.80109304189682 0.75825110077858 0.782131463289261 0.652482181787491 0.387232415378094 0.355746164917946 0.107378169894218 0.0751480162143707 0 0 0 0 0 0 0 0 0 0.0429026857018471 0.0858964622020721 0.096720814704895 0.096720814704895 0.106770915910602 0.061651736497879 0.124168816953897 0.263883404433727 0.291194781661034 0.398770317435265 0.398770317435265 0.30976165831089 0.032108698040247 0.0965386377647519 0.0427812375128269
0.650508567690849 0.574358597397804 0.821861237287521 0.866084724664688 0.899711549282074 0.89702445268631 0.948413550853729 0.98920601606369 1 0.968908458948135 0.989190816879272 0.968741446733475 0.990344613790512 0.978396832942963 1 1 1 0.967618048191071 0.925762861967087 0.956854403018951 0.936769396066666 0.908547133207321 0.844496726989746 0.704448163509369 0.715105503797531 0.80109304189682 0.768999546766281 0.750918477773666 0.652482181787491 0.456429317593575 0.323440106585622 0.302049487829208 0.107378169894218 0 0.0107484441250563 0 0 0 0 0 0 0 0.0430241376161575 0.096720814704895 0.096720814704895 0 0 0.102914834395051 0.344026111066341 0.344117194414139 0.365598902106285 0.40859267115593 0.408410504460335 0.408410504460335 0.408592686057091 0.322711400687695 0.322711400687695
0.428100816905499 0.660209521651268 0.80109304189682 0.889722168445587 0.910702913999557 0.897844225168228 0.896341264247894 0.979550629854202 0.978366494178772 0.958099275827408 0.97968727350235 0.989190816879272 0.97968727350235 0.97968727350235 0.968741446733475 0.979550629854202 0.990344613790512 0.925762861967087 0.978366494178772 0.946424782276154 0.926597833633423 0.921314716339111 0.816760271787643 0.747350841760635 0.79029905796051 0.811871856451035 0.779808700084686 0.741096079349518 0.652482181787491 0.524305433034897 0.245696062222123 0.107378169894218 0.118187339045107 0.0859268233180046 0 0 0 0 0 0 0 0.0107484441250563 0.0859268233180046 0.096720814704895 0.127022922039032 0 0.0744496714323759 0.0499924104660749 0.365614101290703 0.344117194414139 0.35491119325161 0.408410504460335 0.418339148163795 0.428176708519459 0.33175952732563 0.353043861687183 0.417473822832108
0.453210860490799 0.548504620790482 0.80109304189682 0.810262650251389 0.846212238073349 0.921314716339111 0.918521344661713 0.947381198406219 0.978503108024597 1 1 0.968908458948135 1 0.940929114818573 0.979550629854202 0.98920601606369 0.967557311058044 0.95689994096756 0.968741446733475 0.93740701675415 0.865022033452988 0.807818442583084 0.736602395772934 0.736526489257812 0.790253520011902 0.811871856451035 0.801928013563156 0.506892375648022 0.466069519519806 0.397980861365795 0.323440106585622 0.107378169894218 0.139775317162275 0 0 0 0 0 0 0 0 0 0.107378169894218 0.096720814704895 0.096720814704895 0.0430089570581913 0.251237288117409 0.365598902106285 0.343965381383896 0.279747992753983 0.428131178021431 0.428131178021431 0.428131178021431 0.447563394904137 0.369834512472153 0.40945803374052 0.420039467513561
0.352224081754684 0.80109304189682 0.80109304189682 0.80109304189682 0.725945025682449 0.836860477924347 0.89989373087883 0.929224222898483 0.947381198406219 0.978366494178772 0.989190816879272 0.97968727350235 0.990344613790512 0.968741446733475 0.967557311058044 0.946424782276154 0.946424782276154 0.935585230588913 0.917640805244446 0.889084577560425 0.867724299430847 0.704493701457977 0.693654149770737 0.71515104174614 0.790253520011902 0.811871856451035 0.722589939832687 0.33339911699295 0.505070611834526 0.345134351402521 0.366631239652634 0.107378169894218 0.139775317162275 0 0 0 0 0 0 0 0 0 0 0.107378169894218 0.096720814704895 0.0745407594367862 0.283421896398067 0.311689682304859 0.322696223855019 0.312023684382439 0.447563394904137 0.426096871495247 0.465568535029888 0.615834221243858 0.632882952690125 0.674647033214569 0.748459100723267
0.437133751809597 0.779823899269104 0.790435701608658 0.80109304189682 0.755837261676788 0.803734630346298 0.823834836483002 0.939183235168457 0.936541676521301 0.978366494178772 0.989190816879272 0.989190816879272 0.919356316328049 0.915151059627533 0.946424782276154 0.93658721446991 0.915986031293869 0.905389428138733 0.863093972206116 0.874798834323883 0.816669195890427 0.640003025531769 0.71515104174614 0.768650352954865 0.80109304189682 0.781296491622925 0.624290287494659 0.398026414215565 0.387232415378094 0.355791706591845 0.136708661913872 0.107378169894218 0.276863519102335 0 0 0 0 0 0 0 0 0 0 0.096720814704895 0.096720814704895 0.0851222071796656 0.209139212965965 0.333308026194572 0.343570671975613 0.34255351126194 0.506361000239849 0.476210713386536 0.367147404700518 0.405829656869173 0.375831190496683 0.663853049278259 0.768893271684647
0.405875205993652 0.520494908094406 0.611689686775208 0.719492942094803 0.725793212652206 0.790390163660049 0.725945025682449 0.72611203789711 0.898785471916199 0.967709124088287 0.989190816879272 0.978396832942963 0.957962661981583 0.98920601606369 0.935585230588913 0.884029150009155 -9999 -9999 0.856414139270782 0.776028543710709 0.78976771235466 0.80109304189682 0.811871856451035 0.80109304189682 0.771595567464828 0.634674355387688 0.585015937685966 0.506922736763954 0.354956720024347 0.325762860476971 0.107378169894218 0.136708661913872 0.339289523661137 0 0 0 0 0 0 0 0 0 0 0.096720814704895 0.096720814704895 0.315864566713572 0.240412939339876 0.355002291500568 0.385380305349827 0.374631837010384 0.564627297222614 0.59612874686718 0.365022022277117 0.477819949388504 0.403446167707443 0.693836361169815 0.736860483884811
0.42608168721199 0.256626687943935 0.572339460253716 0.650204956531525 0.715105503797531 0.650660395622253 0.693836361169815 0.72611203789711 0.835296809673309 0.95689994096756 0.989190816879272 0.978396832942963 0.978396832942963 0.967557311058044 0.935585230588913 0.854273557662964 -9999 -9999 0.70447850227356 0.736723870038986 0.80109304189682 0.80109304189682 0.80109304189682 0.772172451019287 0.732336401939392 0.673614680767059 0.633717924356461 0.477698490023613 0.355791706591845 0.292500376701355 0.136708661913872 0.186503724195063 0.139395780861378 0 0 0 0 0 0 0 0.0858964622020721 0.107378169894218 0.107378169894218 0.096720814704895 0.096720814704895 0.345134351402521 0.258144836872816 0.376408077776432 0.343616209924221 0.374631837010384 0.575330197811127 0.614877790212631 0.37416123226285 0.507651448249817 0.715318024158478 0.683224558830261 0.683239698410034
0.424912706017494 0.29728252440691 0.632503420114517 0.790253520011902 0.758175194263458 0.693836361169815 0.704493701457977 0.831410348415375 0.937437385320663 0.946197062730789 0.989190816879272 0.989190816879272 0.978396832942963 0.967557311058044 0.967785030603409 0.797768324613571 0.672202825546265 0.7153180539608 0.467390328645706 0.316061947494745 0.521846055984497 0.580643698573112 0.762350082397461 0.772157281637192 0.673022627830505 0.682586908340454 0.633717924356461 0.366707146167755 0.312858656980097 0.107378169894218 0.136708661913872 0.118035525083542 0.107211173512042 0 0 0 0 0 0 0.096720814704895 0.107378169894218 0.107378169894218 0.107378169894218 0.10663428157568 0.125322605483234 0.323743734508753 0.258281469345093 0.355002291500568 0.332624867558479 0.374631837010384 0.596766360104084 0.533292844891548 0.528859868645668 0.704493701457977 0.725884318351746 0.452512510120869 0.693836361169815
0.424912706017494 0.692834377288818 0.811871856451035 0.810156375169754 0.788720220327377 0.899104297161102 -9999 -9999 0.925929874181747 0.967557311058044 1 1 0.950827389955521 0.967557311058044 0.935585230588913 0.858281463384628 0.607727348804474 0.582511007785797 0.478093206882477 0.335494142025709 0.305510845035315 0.340367391705513 0.625413700938225 0.575983002781868 0.458053752779961 0.487627163529396 0.156732957810163 0.204402610659599 0.185213297605515 0.107378169894218 0.107378169894218 0.107378169894218 0 0 0 0 0 0 0 0.096720814704895 0.107378169894218 0.0858964622020721 0.0750872939825058 0.0858964622020721 0.248519809916615 0.29051161184907 0.311689682304859 0.311689682304859 0.395384855568409 0.394064053893089 0.575330197811127 0.644754827022552 0.529133141040802 0.726962208747864 0.768984347581863 0.736739039421082 0.650948852300644
0.624290287494659 0.811871856451035 0.80109304189682 0.80109304189682 0.768862903118134 0.858251094818115 0.950827389955521 0.935585230588913 0.935585230588913 0.978366494178772 1 0.989190816879272 0.920312732458115 0.978366494178772 0.935585230588913 0.843449234962463 0.704493701457977 0.547867029905319 0.71515104174614 0.726688921451569 0.548944905400276 0.479641705751419 0.507818445563316 0.419250026345253 0.387004718184471 0.225929867476225 0 0.282693177461624 0.107378169894218 0.107378169894218 0.107378169894218 0.128738425672054 0 0 0 0 0 0 0 0.096720814704895 0.107378169894218 0.107378169894218 0.096720814704895 0.135828148573637 0.258160006254911 0.376408077776432 0.397859409451485 0.417701549828053 0.34255351126194 0.3737513422966 0.495430395007133 0.700182184576988 0.597100347280502 0.717048734426498 0.747426748275757 0.675724908709526 0.778867453336716
0.594929412007332 0.811871856451035 0.811871856451035 0.811871856451035 0.838211625814438 0.899954468011856 0.907863974571228 0.968741446733475 0.978366494178772 1 0.989190816879272 0.979565799236298 0.979550629854202 0.968893259763718 0.935585230588913 0.85601943731308 0.704493701457977 0.479990907013416 0.51096099615097 0.413496285676956 0.530818283557892 0.80109304189682 0.772096544504166 0.62424473464489 0.487627163529396 0.204448159784079 0.155852437019348 0.214118719100952 0.107378169894218 0.096766360104084 0.117989980615675 0.117989980615675 0 0 0 0 0 0 0 0.096720814704895 0.107378169894218 0.116365566849709 0.0626385286450386 0.25808409973979 0.311689682304859 0.322620309889317 0.322711400687695 0.395384855568409 0.39242447912693 0.417230919003487 0.543024130165577 0.758873522281647 0.716153025627136 0.768984347581863 0.725899517536163 0.747366040945053 0.650660395622253
0.516016408801079 0.703203290700912 0.811871856451035 0.811871856451035 0.820874452590942 0.868361920118332 0.937270373106003 0.946424782276154 0.978366494178772 0.978396832942963 0.989221185445786 0.978396832942963 0.968711107969284 0.95689994096756 0.967785030603409 0.835919231176376 0.758175194263458 0.704493701457977 0.667921662330627 0.342553526163101 0.214285716414452 0.276058904826641 0.712509483098984 0.585380300879478 0.692454844713211 0.365750730037689 0.185000762343407 0.175360560417175 0.107378169894218 0.107378169894218 0.096720814704895 0.0538333095610142 0 0 0 0 0 0 0 0.107378169894218 0.107378169894218 0.10663428157568 0.27120085246861 0.238909974694252 0.311689682304859 0.333292856812477 0.355032652616501 0.403127387166023 0.45608015358448 0.663655698299408 0.585410639643669 0.725717306137085 0.725975394248962 0.768969178199768 0.768969178199768 0.704508870840073 0.704584777355194
0.467845752835274 0.604114159941673 0.80109304189682 -9999 -9999 0.910702913999557 0.925929874181747 0.957036584615707 0.978366494178772 0.978366494178772 0.978396832942963 0.967557311058044 0.967557311058044 0.935585230588913 0.89546075463295 0.82893580198288 0.80109304189682 0.757993012666702 0.690056174993515 0.650584489107132 0.509351760149002 0.339289523661137 0.342386513948441 0.438970699906349 0.692454844713211 0.376392886042595 0.194853499531746 0.185213297605515 0.204402610659599 0.117989980615675 0.0213602557778358 0.0107484441250563 0 0 0 0 0 0 0.0107484441250563 0.107378169894218 0.107378169894218 0.304144527763128 0.269971149042249 0.322514034807682 0.301077879965305 0.365690007805824 0.385410651564598 0.276058904826641 0.470578394830227 0.63737665116787 0.596341297030449 0.768741458654404 0.758175194263458 0.768969178199768 0.769120991230011 0.672248363494873 0.800394713878632
0.506209194660187 0.802049487829208 0.791270673274994 0.80109304189682 0.821861237287521 0.920601189136505 0.925929874181747 0.947381198406219 0.978366494178772 0.98920601606369 0.915151059627533 0.990344613790512 0.968741446733475 0.908547133207321 -9999 -9999 0.675254285335541 0.499954462051392 0.486275985836983 0.422665864229202 0.673144072294235 0.772096544504166 0.58623044192791 0.604842886328697 0.6435706615448 0.36578107252717 0.204402610659599 0.194853499531746 0.292348563671112 0.117989980615675 0.0213602557778358 0 0 0 0 0 0 0 0.0643236711621284 0.107378169894218 0.107378169894218 0.313997264951468 0.154637925326824 0.311689682304859 0.333308026194572 0.365690007805824 0.3737513422966 0.254395021125674 0.44914223998785 0.654971927404404 0.586473375558853 0.725929856300354 0.758175194263458 0.747366040945053 0.683103084564209 0.73661758005619 0.784545302391052
0.39603765308857 0.500303626060486 0.781524211168289 0.80109304189682 0.871443748474121 0.823834836483002 0.936602383852005 0.968741446733475 0.978366494178772 0.915151059627533 0.915986031293869 0.98920601606369 0.947381198406219 0.936769396066666 0.960604220628738 0.875223934650421 0.800379544496536 0.748079538345337 0.402914822101593 0.331592530012131 0.395840302109718 0.458721712231636 0.47795657813549 0.419250026345253 0.419250026345253 0.312828294932842 0.302049487829208 0.292348563671112 0.28439349681139 0.139577958732843 0 0 0 0 0 0 0 0 0 0.107378169894218 0.107378169894218 0.302049487829208 0.238773342221975 0.312084406614304 0.322696223855019 0.365614101290703 0.341521173715591 0.389570355415344 0.428601786494255 0.654971927404404 0.683224558830261 0.529087610542774 0.736602395772934 0.747366011142731 0.650675565004349 0.726005777716637 0.774525582790375
0.225899500772357 0.445437997579575 0.56981934607029 0.678533494472504 0.821861237287521 0.874798834323883 0.925945043563843 0.947472304105759 0.98920601606369 0.978366494178772 0.898800671100616 0.979550629854202 0.925960212945938 0.979550629854202 0.907742530107498 0.868331551551819 0.818232893943787 0.811871856451035 0.80109304189682 0.404660686850548 0.36570517718792 0.397798702120781 0.376316979527473 0.397859409451485 0.354971900582314 0.302049487829208 0.253332316875458 0.292348563671112 0.207621067762375 0.118035525083542 0 0 0 0 0 0 0 0 0.096720814704895 0.107378169894218 0.107378169894218 0.302049487829208 0.301260055974126 0.301077879965305 0.311871871352196 0.374631837010384 0.411887064576149 0.498694390058517 0.283103078603745 0.303810547105968 0.684013992547989 0.528161533176899 0.717230916023254 0.682996824383736 0.650888115167618 0.767952024936676 0.815393954515457
0.445559442043304 0.434552907943726 0.621178075671196 0.680780336260796 0.790481239557266 0.824320614337921 0.916745096445084 0.936769396066666 0.98920601606369 0.978366494178772 0.834461808204651 0.979550629854202 0.946424782276154 0.915986031293869 0.949795037508011 0.835752218961716 0.790481239557266 0.80109304189682 0.811871856451035 0.791908293962479 0.468149393796921 0.365522995591164 0.32347048074007 0.301214518025517 0.312828294932842 0.282693177461624 0.292348563671112 0.224047362804413 0.139517232775688 0 0 0 0 0 0 0 0 0 0.107378169894218 0.107378169894218 0.107378169894218 0.271064221858978 0.225929856300354 0.333308026194572 0.342416882514954 0.404721423983574 0.67997570335865 0.366828598082066 0.204797327518463 0.214452713727951 0.499377578496933 0.435554876923561 0.598390758037567 0.629482299089432 0.747548192739487 0.81829360127449 0.813936531543732
