data-raw/DATASET_PNE/a_DATA/PFGS/ENVSUIT_A1B/HS_f0_H6_megaph.asc
NCOLS 619 
NROWS 782 
XLLCORNER 876826 
YLLCORNER 1947424 
CELLSIZE 100 
NODATA_value -9999 
[rows 348 to 376 of 782, columns 390 to 454 of 619]
-9999 -9999 0 -9999 -9999 0 0 0 -9999 -9999 0 0 -9999 0 0 0 0 0 0 0 0 0 0 0 0 0 0 0 0 0 0 0 0 0 0 0 0.0255339510200531 0.228152594719214 0.228152594719214 0.177171690808648 0.177476184262038 0.126886771934403 0.0508939057810257 0 0 0 0 0 0 0 0 0.10122232372004 0.101744312497281 0.152290225760146 0.228544086302144 0.253643046674496 0.253643046674496 0.253643046674496 0.126930270999174 0.152420722954456 0.0508939057810257 0 0 0.10130932184958 0.076123363347688
0 -9999 0 0 0 0 0 0 -9999 -9999 0 0 0 0 0 0 0 0 0 0 0 0 0 0 0 0 0 0 0 0 0 0 0 0 0.0255339510200531 0.0255339510200531 0.20257514463439 0.228152594719214 0.253643046674496 0.228152594719214 0.20257514463439 0.177171690808648 0.126886771934403 0.0508939057810257 0 0 0 0 0 0.0508939057810257 0.151985732306755 0.228152594719214 0.228152594719214 0.228152594719214 0.228152594719214 0.253643046674496 0.253643046674496 0.253643046674496 0.253643046674496 0.253643046674496 0.20257514463439 0.10130932184958 0.0508939057810257 0.076123363347688 0.228152594719214
0 0 0 0 0 0 0 -9999 -9999 -9999 -9999 0 0 0 0 0 0 0 0 0 0 0 0 0 0 0 0 0 0 0 0 0 0 0.0255339510200531 0.0762973596067685 0.228457088172604 0.228544086302144 0.20257514463439 0.152072730436296 0.253643046674496 0.177171690808648 0.177171690808648 0.228152594719214 0.101744312497281 0.0508939057810257 0 0 0 0.0508939057810257 0.0762973596067685 0.228152594719214 0.177171690808648 0.253643046674496 0.253643046674496 0.253643046674496 0.253643046674496 0.253643046674496 0.253643046674496 0.253643046674496 0.253643046674496 0.253643046674496 0.228152594719214 0.076123363347688 0.228152594719214 0.253643046674496
0 0 0 0 0 0 0 0 -9999 -9999 0 0 0 0 0 0 0 0 0 0 0 0 0 0 0 0 0 0 0 0.0255339510200531 0.0255339510200531 0.0255339510200531 0.126886771934403 0.152464222019227 0.152377223889686 0.253643046674496 0.253643046674496 0.228065596589673 0.253643046674496 0.253643046674496 0.152072730436296 0.177171690808648 0.177476184262038 0.20257514463439 0.101744312497281 0.101744312497281 0.0508939057810257 0.076123363347688 0.151985732306755 0.228152594719214 0.177476184262038 0.253643046674496 0.253643046674496 0.253643046674496 0.253643046674496 0.253643046674496 0.253643046674496 0.228239592848754 0.228239592848754 0.253643046674496 0.253643046674496 0.253643046674496 0.253643046674496 0.253643046674496 0.253643046674496
0 0 0 0 0 0 -9999 0 -9999 -9999 0 0 0 0 0 0 0 0 0 0 0 0 0 0 0 0.0251424594371221 0.0506764104571752 0.0762973596067685 0.101657314367741 0.101657314367741 0.101657314367741 0.228152594719214 0.202749140893471 0.253643046674496 0.228544086302144 0.152072730436296 0.20257514463439 0.253643046674496 0.253643046674496 0.253643046674496 0.228239592848754 0.152072730436296 0.253643046674496 0.177171690808648 0.177171690808648 0.177171690808648 0.152029231371525 0.177171690808648 0.152072730436296 0.177171690808648 0.253643046674496 0.253643046674496 0.228239592848754 0.253643046674496 0.253643046674496 0.228239592848754 0.228239592848754 0.203053634346861 0.228239592848754 0.228239592848754 0.253643046674496 0.253643046674496 0.253643046674496 0.253643046674496 0.228239592848754
0 0 -9999 -9999 0 0 0 -9999 -9999 -9999 -9999 -9999 0 0 0 0 0 0 0 0 0 0 0 0 0.0506764104571752 0.0506764104571752 0.0762973596067685 0.152464222019227 0.152464222019227 0.126886771934403 0.126886771934403 0.152029231371525 0.177171690808648 0.126886771934403 0.152072730436296 0.253643046674496 0.253643046674496 0.228413589107834 0.177432685197268 0.253643046674496 0.177476184262038 0.202662142763931 0.228239592848754 0.177563182391579 0.152072730436296 0.152072730436296 0.177171690808648 0.177171690808648 0.202749140893471 0.253643046674496 0.253643046674496 0.253643046674496 0.203053634346861 0.203053634346861 0.228239592848754 0.228239592848754 0.203053634346861 0.253643046674496 0.203053634346861 0.228239592848754 0.253643046674496 0.228239592848754 0.253643046674496 0.253643046674496 0.177824176780199
0 0 -9999 -9999 -9999 -9999 -9999 -9999 -9999 -9999 -9999 -9999 -9999 0 0 0.0255339510200531 0.0255339510200531 0.0255339510200531 0 0 0 0.0255339510200531 0.0255339510200531 0.0506764104571752 0.151985732306755 0.177171690808648 0.228152594719214 0.20257514463439 0.126886771934403 0.177171690808648 0.20257514463439 0.228065596589673 0.253643046674496 0.253643046674496 0.253643046674496 0.203227630605942 0.253643046674496 0.253643046674496 0.253643046674496 0.253643046674496 0.228413589107834 0.253643046674496 0.253643046674496 0.253643046674496 0.253643046674496 0.253643046674496 0.253643046674496 0.253643046674496 0.253643046674496 0.253643046674496 0.253643046674496 0.203053634346861 0.228457088172604 0.253643046674496 0.253643046674496 0.253643046674496 0.253643046674496 0.253643046674496 0.253643046674496 0.203227630605942 0.203227630605942 0.228457088172604 0.203227630605942 0.203227630605942 0.228413589107834
0 -9999 -9999 0 -9999 -9999 0 0 0 0 0 0 -9999 -9999 0 0.0255339510200531 0.228283091913524 0.228283091913524 0.152594719213537 0.101526817173431 0.151811736047675 0.151985732306755 0.126886771934403 0.177867675844969 0.20257514463439 0.177171690808648 0.152072730436296 0.0763843577363087 0.126712775675323 0.253643046674496 0.253643046674496 0.253643046674496 0.203227630605942 0.203227630605942 0.203053634346861 0.253643046674496 0.253643046674496 0.253643046674496 0.253643046674496 0.253643046674496 0.253643046674496 0.253643046674496 0.253643046674496 0.253643046674496 0.253643046674496 0.253643046674496 0.253643046674496 0.253643046674496 0.253643046674496 0.253643046674496 0.228413589107834 0.253643046674496 0.253643046674496 0.253643046674496 0.253643046674496 0.253643046674496 0.253643046674496 0.253643046674496 0.253643046674496 0.228413589107834 0.203227630605942 0.203271129670712 0.17808517116882 0.203227630605942 0.253643046674496
0 0 -9999 -9999 -9999 -9999 -9999 -9999 0 0 0 0 -9999 -9999 0 0 0 0.0511549001696463 0 0.152116229501066 0.0252294575666623 0.20257514463439 0.126886771934403 0.126886771934403 0.101570316238201 0.202966636217321 0.253643046674496 0.253643046674496 0.228544086302144 0.152290225760146 0.203053634346861 0.203053634346861 0.0766018530601592 0.203053634346861 0.228413589107834 0.253643046674496 0.253643046674496 0.253643046674496 0.253643046674496 0.253643046674496 0.253643046674496 0.253643046674496 0.253643046674496 0.253643046674496 0.253643046674496 0.253643046674496 0.253643046674496 0.253643046674496 0.253643046674496 0.253643046674496 0.253643046674496 0.253643046674496 0.253643046674496 0.253643046674496 0.203314628735482 0.239505850624212 0.289921266692766 0.308495367349602 0.310061333681326 0.203227630605942 0.17808517116882 0.112706076819348 0.207621036147723 0.207621036147723 0.226021140545478
-9999 0 0 0 -9999 0 0 0 0 0 0 0 0 0.0255339510200531 0 0 0 0 0.0256209491495933 0.152464222019227 0.177606681456349 0.126886771934403 0.20257514463439 0.126886771934403 0.253643046674496 0.253643046674496 0.228065596589673 0.0508939057810257 0.177867675844969 0.152725216407847 0.126886771934403 0.203053634346861 0.253643046674496 0.253643046674496 0.253643046674496 0.253643046674496 0.253643046674496 0.253643046674496 0.272217147331332 0.253643046674496 0.272217147331332 0.253643046674496 0.253643046674496 0.253643046674496 0.253643046674496 0.253643046674496 0.253643046674496 0.253643046674496 0.253643046674496 0.253643046674496 0.253643046674496 0.239505850624212 0.309626343033625 0.309626343033625 0.328330940884771 0.3480795162904 0.346905041541607 0.328200443690461 0.386924181130106 0.346905041541607 0.276828048196964 0.34020618556701 0.379529340119187 0.330636391317587 0.459176127713254
-9999 -9999 0 -9999 0 -9999 -9999 0 -9999 0 0 0 0 0 0 0.0511549001696463 0.0763843577363087 0 0.0256209491495933 0.253643046674496 0.253643046674496 0.253643046674496 0.253643046674496 0.253643046674496 0.253643046674496 0.126756274740093 0.0759058680238375 0.0255339510200531 0.0506764104571752 0.228239592848754 0.253643046674496 0.253643046674496 0.253643046674496 0.253643046674496 0.253643046674496 0.253643046674496 0.253643046674496 0.253643046674496 0.253643046674496 0.253643046674496 0.253643046674496 0.253643046674496 0.253643046674496 0.253643046674496 0.271782156683631 0.29148723302449 0.239549349688982 0.25925442602984 0.284396885466962 0.309626343033625 0.309626343033625 0.277915524816216 0.443951455043717 0.516812388533647 0.491234938448823 0.491669929096524 0.541171864804907 0.610900865631389 0.786115098525382 0.466440471529862 0.407194745312976 0.305537430945235 0.674583496454826 0.762060115707512 0.799860802992736
0 0 0 -9999 -9999 -9999 0 -9999 0 0 0 0 0 0 0 0.0256209491495933 0.0511549001696463 0.0256209491495933 0.0766453521249293 0.253643046674496 0.228109095654443 0.20253164556962 0.253643046674496 0.228065596589673 0.228413589107834 0.177737178650659 0.101526817173431 0.253643046674496 0.253643046674496 0.253643046674496 0.253643046674496 0.253643046674496 0.253643046674496 0.253643046674496 0.253643046674496 0.253643046674496 0.253643046674496 0.253643046674496 0.253643046674496 0.253643046674496 0.253643046674496 0.272217147331332 0.272217147331332 0.272217147331332 0.310061333681326 0.445778415764061 0.445778415764061 0.440167036408717 0.400234894949759 0.400234894949759 0.354343381617295 0.491582930966984 0.607899430162251 0.760929140023489 0.779242246291705 0.503153682195833 0.631823915785811 0.851102701291922 0.869198312236287 0.906433511679499 0.906433511679499 0.924833616077254 0.943929705511331 0.981077906825003 0.981077906825003
0 0 0 0 -9999 0 0 -9999 -9999 -9999 0 0 0 0 0 0.0763843577363087 0.0511549001696463 0.0763843577363087 0.177606681456349 0.253643046674496 0.152203227630606 0.0507634085867154 0.152203227630606 0.253643046674496 0.253643046674496 0.253643046674496 0.253643046674496 0.253643046674496 0.253643046674496 0.253643046674496 0.253643046674496 0.253643046674496 0.253643046674496 0.253643046674496 0.253643046674496 0.253643046674496 0.253643046674496 0.253643046674496 0.253643046674496 0.253643046674496 0.253643046674496 0.253643046674496 0.253643046674496 0.253643046674496 0.290356257340467 0.347601026577929 0.465352994910609 0.465352994910609 0.504763147592327 0.523467745443473 0.633085388664144 0.778372264996303 0.540519378833355 0.760320153116708 0.522641263212841 0.504763147592327 0.888337900735134 0.906433511679499 0.906433511679499 0.906433511679499 0.924833616077254 0.924833616077254 0.90673800513289 0.72486841532907 0.90673800513289
0 -9999 0 0 0 0 0 -9999 -9999 0 -9999 -9999 0 0 0 0 0.202792639958241 0.177389186132498 0.0763843577363087 0.253643046674496 0.253643046674496 0.203010135282091 0.228109095654443 0.253643046674496 0.253643046674496 0.177693679585889 0.253643046674496 0.253643046674496 0.253643046674496 0.253643046674496 0.253643046674496 0.253643046674496 0.253643046674496 0.0255339510200531 0.228283091913524 0.203053634346861 0.253643046674496 0.228283091913524 0.203053634346861 0.152116229501066 0.202879638087781 0.228413589107834 0.253643046674496 0.253643046674496 0.253643046674496 0.290356257340467 0.367349601983557 0.440167036408717 0.559049980425421 0.46570098742877 0.0181391100091348 0 0.0181391100091348 0.172995780590717 0.25112010091783 0.479359693766584 0.888337900735134 0.906433511679499 0.906433511679499 0.906433511679499 0.815824959763365 0.145199878202619 0.541998347035539 0.924833616077254 0.924833616077254
-9999 -9999 -9999 0 0 0 -9999 0 0 -9999 0 0 0 0 0 0 0.0255339510200531 0.127104267258254 0.151811736047675 0.177171690808648 0.126886771934403 0.253643046674496 0.253643046674496 0.253643046674496 0.253643046674496 0.253643046674496 0.253643046674496 0.253643046674496 0.253643046674496 0.253643046674496 0.253643046674496 0.101613815302971 0.228413589107834 0.202923137152551 0.202923137152551 0.253643046674496 0.253643046674496 0.253643046674496 0.253643046674496 0.203140632476402 0.203140632476402 0.177911174909739 0.203140632476402 0.253643046674496 0.253643046674496 0.253643046674496 0.271782156683631 0.465352994910609 0.504763147592327 0.632215407368741 0.334246813693506 0.0181391100091348 0.0559832963591283 0.13367262603854 0.13367262603854 0.25112010091783 0.453956239940841 0.797120361912219 0.888033407281743 0.396406977249989 0.172647788072556 0.706250815607464 0.906433511679499 0.906433511679499 0.906433511679499
-9999 -9999 -9999 0 0 0 -9999 -9999 -9999 0 -9999 0 0 0 0 0 0 0 0.101526817173431 0.101526817173431 0.101526817173431 0.177302188002958 0.253643046674496 -9999 -9999 0.253643046674496 0.253643046674496 -9999 0.202966636217321 0.253643046674496 0.253643046674496 0.253643046674496 0.253643046674496 0.253643046674496 0.20257514463439 0.20257514463439 0.152072730436296 0.228065596589673 0.228065596589673 0.228065596589673 0.228065596589673 0.253643046674496 0.202923137152551 0.177911174909739 0.253643046674496 0.253643046674496 0.253643046674496 0.284483883596503 0.465352994910609 0.504763147592327 0.686763234590456 0.232546000260994 0.17399625908043 0.212057940754274 0.0548523206751055 0.378224368176084 0.632563399886902 0.887728913828353 0.906433511679499 0.906433511679499 0.761929618513202 0.466092479011701 0.557353516899387 0.742398538431424 0.742398538431424
-9999 -9999 -9999 0 0 0 0 -9999 0 0 0 -9999 0 0 0 0 0 0 0.0511549001696463 0.101526817173431 0.126886771934403 0.101526817173431 0.101570316238201 -9999 0.152072730436296 0.228500587237374 0.253643046674496 -9999 0.228500587237374 0.177215189873418 0.20257514463439 0.126930270999174 0.177171690808648 0.126886771934403 0.228544086302144 0.126886771934403 0.20257514463439 0.228152594719214 0.177476184262038 0.253643046674496 0.253643046674496 0.253643046674496 0.253643046674496 0.228500587237374 0.152507721083997 0.203140632476402 0.253643046674496 0.144851885684458 0.348949497585802 0.504763147592327 0.723954934968898 0.851102701291922 0.396493975379529 0.25112010091783 0.396493975379529 0.906433511679499 0.516812388533647 0.315020227065118 0.315020227065118 0.296489625473052 0.346905041541607 0.346905041541607 0.400234894949759 0.38044282047936 0.414589586323894
-9999 -9999 0 0 0 0 0 0 0 0 -9999 -9999 -9999 -9999 0 0 0 0 0 0.0762973596067685 0.126625777545783 0.152203227630606 0.126625777545783 0.202792639958241 0.228283091913524 0.202792639958241 0.126669276610553 0.126886771934403 0.126886771934403 0.126886771934403 0.151811736047675 0.126886771934403 0.151985732306755 0.126886771934403 0.126886771934403 0.101526817173431 0.151811736047675 0.126886771934403 0.126886771934403 0.177171690808648 0.202749140893471 0.177171690808648 0.228152594719214 0.253643046674496 0.101483318108661 0.228413589107834 0.253643046674496 0.170429335769281 0.156161642524686 0.440167036408717 0.632215407368741 0.906433511679499 0.722127974248554 0.44529992605159 0.559528470137892 0.245726216886337 0.232676497455305 0.284396885466962 0.264691809126104 0.289921266692766 0.289921266692766 0.239505850624212 0.239505850624212 0.289921266692766 0.308495367349602
-9999 0 0 0 0 0 0 0 0 0 -9999 -9999 -9999 -9999 -9999 -9999 0 0 0.0255339510200531 0 -9999 -9999 0.0255339510200531 0.0255339510200531 0.0255339510200531 0.202705641828701 0.228283091913524 0.177389186132498 0.151985732306755 0.177389186132498 0.228283091913524 0.0762973596067685 0.0762973596067685 0.177563182391579 0.0255339510200531 0.0506764104571752 0.126973770063944 0 0.0760363652181478 0.10139631997912 0.0255339510200531 0.177171690808648 0.177171690808648 0.253643046674496 0.177563182391579 0.202879638087781 0.253643046674496 0.253643046674496 0.264778807255644 0.465352994910609 0.647179085649659 0.869198312236287 0.778589760320153 0.504763147592327 0.296446126408282 0.1378050371917 0.221410239679847 0.253643046674496 0.253643046674496 0.228413589107834 0.203271129670712 0.152725216407847 0.177911174909739 0.177911174909739 0.228413589107834
-9999 0 0 0 0 0 0 0 0 0 -9999 -9999 -9999 -9999 -9999 0 0 -9999 0 0 -9999 0 -9999 0 0 0 0.126669276610553 0.0511549001696463 0.0255339510200531 0.0511549001696463 0.0255339510200531 0.0255339510200531 0.0255339510200531 0 0.0255339510200531 0.0255339510200531 0 0 0 0.0511549001696463 0.0762538605419983 0.126669276610553 0.177389186132498 0.152072730436296 0.177563182391579 0.177650180521119 0.253643046674496 0.253643046674496 0.253643046674496 0.367349601983557 0.465352994910609 0.906433511679499 0.442472486841533 0.440167036408717 0.188785941102266 0.253643046674496 0.253643046674496 0.253643046674496 0.253643046674496 0.203271129670712 0.177911174909739 0.203271129670712 0.177911174909739 0.228413589107834 0.203053634346861
-9999 0 0 0 -9999 0 -9999 0 -9999 -9999 -9999 -9999 -9999 0 0 0 -9999 -9999 -9999 -9999 0 0 0 0 0 0 0 -9999 0 0 0 0 0 0 0 0 0 0 0 0 0.0762538605419983 0.202792639958241 0.20257514463439 0.152072730436296 0.202662142763931 0.076123363347688 0.228239592848754 0.253643046674496 0.253643046674496 0.329026925921093 0.465352994910609 0.887815911957893 0.465352994910609 0.309626343033625 0.101613815302971 0.253643046674496 0.253643046674496 0.228239592848754 0.253643046674496 0.253643046674496 0.228500587237374 0.253643046674496 0.253643046674496 0.203271129670712 0.203271129670712
0 0 0 0 -9999 -9999 0 0 0 0 0 0 0 0 0 -9999 -9999 -9999 -9999 -9999 0 0 0 0 0 0 0 -9999 0 0 0 0 0 -9999 0 0 0 0 0 0 0.0762538605419983 0.0762538605419983 0.152029231371525 0.228065596589673 0.202662142763931 0.0255339510200531 0.177650180521119 0.253643046674496 0.253643046674496 0.271782156683631 0.347601026577929 0.560006959850363 0.465352994910609 0.347601026577929 0.126712775675323 0.253643046674496 0.228239592848754 0.228413589107834 0.253643046674496 0.253643046674496 0.228065596589673 0.177171690808648 0.253643046674496 0.253643046674496 0.253643046674496
0 0 0 -9999 -9999 -9999 -9999 0 0 0 0 0 0 0 0 0 0 -9999 -9999 -9999 -9999 0 -9999 0 0 -9999 -9999 -9999 0 0 0 0 0 -9999 0 -9999 0 0 0 0 0.0255339510200531 0.0255339510200531 0.152029231371525 0.228152594719214 0.253643046674496 0.202966636217321 0.0766018530601592 0.228283091913524 0.253643046674496 0.253643046674496 0.329026925921093 0.440167036408717 0.387141676453956 0.367349601983557 0.228500587237374 0.253643046674496 0.228239592848754 0.253643046674496 0.253643046674496 0.177171690808648 0.228152594719214 0.228152594719214 0.228152594719214 0.253643046674496 0.20257514463439
0 0 -9999 -9999 -9999 -9999 -9999 -9999 0 0 0 0 0 0 0 0 0 -9999 -9999 -9999 0 0 -9999 0 0 0 -9999 -9999 0 0 0 -9999 -9999 -9999 0 0 0 0 0 0 0 0.0255339510200531 0.0255339510200531 0.0763843577363087 0.152072730436296 0.253643046674496 0.253643046674496 0.151942233241985 0.228283091913524 0.253643046674496 0.264778807255644 0.440167036408717 0.328200443690461 0.329026925921093 0.152290225760146 0.253643046674496 0.203053634346861 0.228500587237374 0.228065596589673 0.228152594719214 0.177171690808648 0.253643046674496 0.151985732306755 0.151985732306755 0.152029231371525
0 0 -9999 -9999 -9999 -9999 -9999 -9999 -9999 0 0 0 0 0 0 0 0 -9999 -9999 -9999 0 -9999 -9999 -9999 -9999 0 -9999 0 0 0 0 0 0 0 0 0 0 0 0 0 0.0255339510200531 0.0255339510200531 0.0763843577363087 0.126886771934403 0.253643046674496 0.253643046674496 0.253643046674496 0.228065596589673 0.253643046674496 0.253643046674496 0.162990995693593 0.347601026577929 0.328200443690461 0.246161207534038 0.253643046674496 0.228283091913524 0.228239592848754 0.253643046674496 0.20257514463439 0.228152594719214 0.152290225760146 0.0253599547609726 0 0 0
0 0 0 -9999 -9999 -9999 -9999 -9999 -9999 0 0 0 0 0 0 0 -9999 -9999 -9999 -9999 -9999 -9999 0 0 0 0 0 0 0 0 0 0 0 0 0 0 0 0 0 0.0255339510200531 0.0506764104571752 0.0507634085867154 0.152290225760146 0.152203227630606 0.202966636217321 0.253643046674496 0.253643046674496 0.151855235112445 0.228283091913524 0.253643046674496 0.246639697246509 0.329026925921093 0.29148723302449 0.271782156683631 0.253643046674496 0.253643046674496 0.228500587237374 0.253643046674496 0.152072730436296 0.253643046674496 0.177171690808648 0.076514854930619 0 0 0
0 0 0 -9999 0 0 0 -9999 -9999 -9999 -9999 0 0 0 -9999 -9999 0 0 0 -9999 0 0 0 0 0 0 0 0 0 0 0 0 0 0 0 0 0 0 0.0255339510200531 0.10139631997912 0.177563182391579 0.152290225760146 0.253643046674496 0.177563182391579 0.202966636217321 0.253643046674496 0.202966636217321 0.203053634346861 0.253643046674496 0.253643046674496 0.246639697246509 0.329026925921093 0.310061333681326 0.271782156683631 0.253643046674496 0.228283091913524 0.228413589107834 0.253643046674496 0.20257514463439 0.177476184262038 0.177171690808648 0.151985732306755 0 0 0
0 0 0 0 0 0 0 0 0 -9999 -9999 0 0 0 0 -9999 -9999 -9999 -9999 0 0 0 0 -9999 -9999 -9999 0 0 0 0 0 0 0 0 0 0 0 0.0255339510200531 0.152203227630606 0.152203227630606 0.126886771934403 0.253643046674496 0.177606681456349 0.253643046674496 0.253643046674496 0.177563182391579 0.228413589107834 0.253643046674496 0.253643046674496 0.246639697246509 0.309626343033625 0.347601026577929 0.329461916568794 0.253643046674496 0.253643046674496 0.202879638087781 0.253643046674496 0.253643046674496 0.152072730436296 0.177476184262038 0.151985732306755 0.0762538605419983 0 0 0
0 0 0 0 0 0 0 0 0 -9999 -9999 0 0 0 0 0 0 0 0 0 0 -9999 -9999 0 0 0 0 0 0 0 0 0 0 0 0 0 0.0255339510200531 0.177389186132498 0.228152594719214 0.0763843577363087 0.177563182391579 0.253643046674496 0.253643046674496 0.228065596589673 0.177563182391579 0.0255339510200531 0.203053634346861 0.253643046674496 0.253643046674496 0.284483883596503 0.347601026577929 0.271782156683631 0.290356257340467 0.253643046674496 0.253643046674496 0.202879638087781 0.253643046674496 0.253643046674496 0.228152594719214 0.152290225760146 0.0255339510200531 0.0506764104571752 0 0 0
