data-raw/DATASET_PNE/a_DATA/PFGS/ENVSUIT_A1B/HS_f30_C1_ruderal.asc
NCOLS 619 
NROWS 782 
XLLCORNER 876826 
YLLCORNER 1947424 
CELLSIZE 100 
NODATA_value -9999 
[rows 434 to 464 of 782, columns 207 to 275 of 619]
0.73167701863354 0.73167701863354 0.73167701863354 0.69883877936808 0.891061301647313 0.835484742100999 0.480745341614907 0.523845530650824 0.654874426140967 0.313745611666217 0.231596003240616 0.535187685660276 0.440345665676479 0.340048609235755 0.39530110721037 0.492789630029706 0.499108830677829 0.753227113151499 0.758844180394275 0.824790710234945 0.956143667296786 0.956413718606535 0.928868485012152 0.812908452605995 0.753227113151499 0.950958682149608 0.79756953821226 0.440345665676479 0.712071293545774 0.544099378881988 0.761112611396165 0.534377531731029 0.329084526059951 0.301917364299217 0.0455846610856063 0.0180394274912233 0.0180394274912233 0.154523359438293 0.100297056440724 0.229003510667027 0.329084526059951 0.510234944639481 0.476802592492574 0.983688900891169 0.704455846610856 0.460599513907642 0.486200378071834 0.885282203618688 0.983688900891169 0.868431001890359 0.808533621388064 0.820361868755063 0.693437753173103 0.46351606805293 0.410423980556306 0.499108830677829 0.422414258709155 0.267944909532811 0.140156629759654 0.139886578449905 0.158898190656225 1 1 1 1 1 1 0.835484742100999 0.661301647312989
0.497488522819336 0.601998379692142 0.451579800162031 0.61415068863084 0.774831217931407 0.422414258709155 0.385687280583311 0.375533351336754 0.455198487712665 0.507264380232244 0.3764515257899 0.422414258709155 0.403564677288685 0.228409397785579 0.385039157439914 0.340426681069403 0.368187955711585 0.580664326221982 0.763381042398056 0.60005401026195 0.617445314609776 0.704455846610856 0.698676748582231 0.726221982176613 0.671401566297597 0.422414258709155 0.761112611396165 0.385039157439914 0.329084526059951 0.329084526059951 0.346961922765325 0.329084526059951 0.329084526059951 0.375263300027005 0.290467188765866 0.12697812584391 0.100567107750473 0.209127734269511 0.100513097488523 0.0452065892519579 0.310234944639481 0.577855792600594 0.492789630029706 0.801242236024845 0.835484742100999 0.496192276532541 0.580070213340535 0.713691601404267 0.803672697812584 0.837807183364839 0.690197137456117 0.620901971374561 0.322981366459627 0.376775587361599 0.56230083715906 0.386011342155009 0.176721577099649 0.36716176073454 0.36716176073454 0.357926005941129 0.240237645152579 1 1 1 1 0.918390494193897 1 1 0.661301647312989
0.740534701593303 0.438887388603835 0.414960842560086 0.442236024844721 0.354469349176343 0.422414258709155 0.274804212800432 0.403564677288685 0.403564677288685 0.440345665676479 -9999 0.346961922765325 0.319848771266541 0.255684580070213 0.338968403996759 0.357115852011882 0.340426681069403 0.368187955711585 0.580664326221982 0.671401566297597 0.653956251687821 0.649689440993789 0.653956251687821 0.633594382932757 0.476802592492574 0.39530110721037 0.761112611396165 0.329084526059951 0.263354037267081 0.208965703483662 0.0455846610856063 0.236078854982447 0.290467188765866 0.209127734269511 0.182176613556576 0.290467188765866 0.290467188765866 0.290467188765866 0.127626248987308 0.0180394274912233 0.181852551984877 0.402970564407237 0.561814744801512 0.56230083715906 0.532217121253038 0.422414258709155 0.403888738860383 0.422414258709155 0.513259519308669 0.348906292195517 0.641857953011072 0.36716176073454 0.219821766135566 0.36716176073454 0.385093167701863 0.329084526059951 0.0998109640831758 0.329084526059951 0.238725357817985 0.0566567647853092 0.422252227923305 0.60464488252768 1 1 1 0.798055630569808 0.835484742100999 1 0.835484742100999
0.561490683229814 0.462651903861734 0.213718606535242 0.404536862003781 0.322549284364029 0.366729678638941 0.128544423440454 0.236078854982447 0.329084526059951 0.329084526059951 -9999 0.283121793140697 0.329084526059951 0.227761274642182 0.366081555495544 0.338158250067513 0.330002700513097 0.340426681069403 0.394490953281123 0.341020793950851 0.31282743721307 0.349338374291115 0.395463137996219 0.422414258709155 0.340426681069403 0.303051579800162 0.329084526059951 0.290467188765866 0.181798541722927 0.126762084796111 0.208641641911963 0.209127734269511 0.0729138536321901 0.0453146097758574 0.329084526059951 0.255684580070213 0.255684580070213 0.329084526059951 0.290467188765866 0.0997029435592763 0.0729138536321901 0.0722657304887929 0.348042128004321 0.71050499594923 0.761112611396165 0.516986227383203 0.694409937888199 0.707426411018093 0.334863624088577 0.0455846610856063 0.27523629489603 0.290467188765866 0.290467188765866 0.307912503375641 0.290467188765866 0.235916824196597 0.208641641911963 0.0822576289495004 0.310234944639481 0.385039157439914 0.422252227923305 0.531623008371591 0.885282203618688 0.956899810964083 1 0.600324061571699 0.728922495274102 0.917796381312449 0.835484742100999
0.404536862003781 0.65184985147178 0.404536862003781 0.34820415879017 0.0842019983796921 0.13891439373481 0.0455846610856063 0.0180394274912233 0.208965703483662 0.310234944639481 0.154145287604645 0.263354037267081 0.0452065892519579 0.0180394274912233 0.228895490143127 0.300675128274372 0.385039157439914 0.440345665676479 0.534377531731029 0.39530110721037 0.266972724817715 0.303159600324062 0.186281393464758 0.422414258709155 0.422414258709155 0.385039157439914 0.329084526059951 0.310234944639481 0.0452065892519579 0.0735079665136376 0.263354037267081 0.173697002430462 0.329084526059951 0.36716176073454 0.385039157439914 0.357926005941129 0.27518228463408 0.385039157439914 0.329084526059951 0.290467188765866 0.0725357817985417 0.0991088306778288 0.181852551984877 0.173697002430462 0.36716176073454 0.393896840399676 0.36716176073454 0.329084526059951 0.283121793140697 0.0719416689170942 0.209127734269511 0.181312449365379 0.0455846610856063 0.0455846610856063 0.0455846610856063 0.0180394274912233 0.0509856872805833 0.126600054010262 0.290467188765866 0.365919524709695 0.221982176613557 0.673291925465838 1 1 1 0.580502295436133 0.74588171752633 0.641263840129625 0.74588171752633
0.329084526059951 0.385687280583311 0.301971374561167 -9999 0.0455846610856063 0.0180394274912233 0.0180394274912233 0.0180394274912233 0.0455846610856063 0.263354037267081 0.0926275992438563 0.236402916554145 0.0180394274912233 0.329084526059951 0.422414258709155 0.385039157439914 0.17418309478801 0.202106400216041 0.440345665676479 0.422414258709155 0.194598973805023 0.167323791520389 0.385039157439914 0.385039157439914 0.346961922765325 0.283121793140697 0.12697812584391 0.263678098838779 0.12697812584391 0.072481771536592 0.310234944639481 0.340048609235755 0.544909532811234 0.680475290305158 0.422414258709155 0.422414258709155 0.422414258709155 0.673291925465838 0.422414258709155 0.386011342155009 0.36716176073454 0.386011342155009 0.386011342155009 0.403888738860383 0.403888738860383 0.403888738860383 0.36716176073454 0.312125303807723 0.17418309478801 0.283121793140697 0.290467188765866 0.236564947339995 0.181690521199028 0.0180394274912233 0 0.0180394274912233 0.0180394274912233 0.0180394274912233 0.236078854982447 0.365919524709695 0.511153119092628 1 1 1 0.620577909802863 0.676640561706724 0.835484742100999 0.835484742100999 0.835484742100999
0.0378071833648393 0.329084526059951 0.290467188765866 0.290467188765866 0.177693761814745 0.0180394274912233 0.0180394274912233 0.0180394274912233 0.0180394274912233 0.0180394274912233 0.0180394274912233 0.256332703213611 0.385039157439914 0.422414258709155 0.440345665676479 0.422414258709155 0.422414258709155 0.385039157439914 0.228895490143127 0.36716176073454 0.392708614636781 0.385039157439914 0.346961922765325 0.346961922765325 0.0722657304887929 0.147231974075074 0.329084526059951 0.36716176073454 0.385039157439914 0.385039157439914 0.403888738860383 0.440345665676479 0.73405347015933 0.868431001890359 0.586389413988658 0.67523629489603 0.775209289765055 0.815446934917634 0.82813934647583 0.673291925465838 0.549068322981366 0.618579530110721 0.72227923305428 0.712395355117472 0.739346475830408 0.711855252497975 0.837807183364839 0.596597353497164 0.422414258709155 0.386011342155009 0.348042128004321 0.310234944639481 0.310234944639481 0.208965703483662 0.154523359438293 0.0180394274912233 0.0719416689170942 0.0180394274912233 0.290467188765866 0.346961922765325 0.779476100459087 1 0.983688900891169 1 0.580502295436133 0.763597083445855 1 1 1
0.329084526059951 0.15538752362949 0.0455846610856063 0.0180394274912233 0.0180394274912233 0.0180394274912233 0.126762084796111 0.290467188765866 0.154253308128544 0.153767215770996 0.319848771266541 0.385039157439914 0.422414258709155 0.422414258709155 0.638995409127734 0.422414258709155 0.422414258709155 0.403888738860383 0.301971374561167 0.310234944639481 0.329084526059951 0.385039157439914 0.338968403996759 0.0923035376721577 0.322873345935728 0.422414258709155 0.422414258709155 0.528598433702403 0.442830137726168 0.422414258709155 0.817283283823926 1 1 0.983688900891169 1 1 0.967593842830138 0.885282203618688 1 0.983688900891169 0.983688900891169 0.934323521469079 1 1 1 0.891061301647313 0.836564947339995 0.91758034026465 0.844234404536862 0.618579530110721 0.512611396165271 0.403888738860383 0.385039157439914 0.329084526059951 0.290467188765866 0.0455846610856063 0.0455846610856063 0.0180394274912233 0.0180394274912233 0.274966243586281 0.779476100459087 0.837807183364839 1 1 1 1 1 1 1
0.111477180664326 0.0180394274912233 0.0180394274912233 0.0180394274912233 0.126762084796111 0.0180394274912233 0.290467188765866 0.329084526059951 0.329084526059951 0.385039157439914 0.422414258709155 0.340426681069403 0.480583310829057 0.638995409127734 0.917850391574399 0.699000810153929 0.395463137996219 0.422414258709155 0.385039157439914 0.346961922765325 0.154901431271942 0.229381582500675 0.36716176073454 0.422414258709155 0.442830137726168 0.56948420199838 0.758196057250878 0.815446934917634 0.967593842830138 0.835484742100999 0.901323251417769 0.983688900891169 1 1 1 1 1 1 1 1 1 1 1 1 1 1 1 1 0.918336483931947 0.864110180934378 0.836997029435593 0.71055900621118 0.634782608695652 0.421820145827707 0.329084526059951 0.111153119092628 0.164245206589252 0.0455846610856063 0.0721577099648933 0.329084526059951 0.760950580610316 0.810856062651904 1 1 1 1 0.763489062921955 1 0.688090737240076
0.0899270861463678 0.290467188765866 0.290467188765866 0.295220091817445 0.310234944639481 0.329084526059951 0.321577099648933 0.422414258709155 0.422414258709155 0.492789630029706 0.475884418039427 0.737942209019714 0.835484742100999 0.835484742100999 0.973210910072914 0.851525789900081 0.781312449365379 0.440345665676479 0.422414258709155 0.346961922765325 0.346961922765325 0.36716176073454 0.422414258709155 0.638995409127734 0.795571158520119 0.967593842830138 0.967593842830138 1 1 0.983688900891169 1 1 1 1 1 1 1 1 1 1 1 1 1 1 1 1 1 1 1 1 0.918012422360248 0.836997029435593 0.959600324061572 0.809883877936808 0.240885768295976 0.0647583040777748 0.235916824196597 0.100081015392925 0.290467188765866 0.209127734269511 0.348042128004321 0.779476100459087 1 1 1 1 1 0.529246556845801 0.784985147177964
0.0455846610856063 0.0180394274912233 0.513691601404267 0.422414258709155 0.457250877666757 0.339940588711855 0.457520928976506 0.422414258709155 0.659465298406697 0.917850391574399 0.835484742100999 0.901323251417769 1 1 1 1 0.983688900891169 0.835484742100999 0.440345665676479 0.422414258709155 0.385039157439914 0.321901161220632 0.492789630029706 0.815446934917634 0.950958682149608 1 1 1 1 1 1 1 1 1 1 1 1 1 1 1 1 1 1 1 1 1 1 1 1 1 1 1 1 0.898460707534432 0.358790170132325 0.294733999459897 0.0647583040777748 0.209127734269511 0.263354037267081 0.0449905482041588 0.310234944639481 0.36716176073454 0.752524979746152 0.652497974615177 1 1 1 0.440183634890629 0.457358898190656
0.0180394274912233 0.236402916554145 0.36716176073454 0.457250877666757 0.621928166351607 0.952687010532001 0.815446934917634 0.835484742100999 1 1 1 1 1 1 1 1 1 0.967593842830138 0.815446934917634 0.422414258709155 0.440345665676479 0.422414258709155 0.422414258709155 0.815446934917634 0.967593842830138 0.983688900891169 1 1 1 1 1 1 1 1 1 1 1 1 1 1 1 1 1 1 1 1 1 1 1 1 1 1 1 1 0.641749932487172 0.701863354037267 0.368187955711585 0.0925195787199568 0.310234944639481 0.0994869025114772 0.0180394274912233 0.0449905482041588 0.662489873075884 0.57169862273832 0.743667296786389 0.422306238185255 0.386011342155009 0.36716176073454 0.17402106400216
0.0180394274912233 0.26351606805293 0.330974885228193 0.422414258709155 0.462651903861734 0.917850391574399 0.835484742100999 1 1 1 1 1 1 1 1 1 0.973048879287065 1 0.967593842830138 0.775209289765055 0.638995409127734 0.56948420199838 0.368187955711585 0.868431001890359 1 0.983688900891169 1 1 1 1 1 1 1 1 1 1 1 1 1 1 1 1 1 1 1 1 1 1 1 1 1 1 1 1 0.983688900891169 0.704185795301107 0.598757763975155 0.422252227923305 0.32940858763165 0.283121793140697 0.209127734269511 0.0459627329192547 0.0180394274912233 0.263354037267081 0.329084526059951 0.36716176073454 0.0647583040777748 0.0566567647853092 0.158898190656225
0 0.0455846610856063 0.419875776397515 0.779476100459087 0.917850391574399 0.86362408857683 1 1 1 1 1 1 1 1 1 1 1 1 0.934431541992979 0.753227113151499 0.835484742100999 0.917850391574399 0.403132595193087 0.835484742100999 0.983688900891169 1 1 1 1 1 1 1 1 1 1 1 1 1 1 1 1 1 1 1 1 1 1 1 1 1 1 1 0.890683229813665 0.944531460977586 1 1 0.231325951930867 0.267512827437213 0.422252227923305 0.0566567647853092 0.0998109640831758 0.0180394274912233 0.0449905482041588 0.0995409127734269 0.0180394274912233 0.0378071833648393 0.386011342155009 0.422252227923305 0.674804212800432
0.0180394274912233 0.236078854982447 0.348690251147718 0.64229003510667 0.917850391574399 0.972832838239265 1 1 1 1 1 1 1 1 1 1 1 1 0.983688900891169 0.901755333513368 0.753227113151499 0.917850391574399 0.433648393194707 0.868431001890359 0.983688900891169 1 1 1 1 1 1 1 1 1 1 1 1 1 1 1 1 1 1 1 1 1 1 1 1 1 1 0.9176343505266 0.890143127194167 0.918390494193897 1 1 1 0.707210369970294 0.112611396165271 0.0947339994598974 0.0836078854982447 0.0378071833648393 0.126762084796111 0.126762084796111 0.0729138536321901 0.0378071833648393 0.422252227923305 1 0.420955981636511
0.0180394274912233 0.310234944639481 0.385471239535512 0.688306778287875 0.918606535241696 0.945179584120983 0.945179584120983 1 1 1 1 1 1 1 1 1 1 0.918822576289495 1 0.983688900891169 0.967593842830138 0.885282203618688 0.644126384012962 0.885282203618688 1 1 1 1 1 1 1 1 1 1 1 1 1 1 1 1 1 1 1 1 1 1 1 1 1 1 1 0.972724817715366 0.808965703483662 0.874426140966784 0.808047529030516 1 1 -9999 -9999 -9999 -9999 0.0926816095058061 0.154685390224143 0.126762084796111 -9999 0.174453146097759 0.579044018363489 0.973048879287065 1
0.32001080205239 0.346961922765325 0.422414258709155 0.688306778287875 0.944801512287334 1 0.972724817715366 1 1 1 1 1 1 1 1 1 1 1 1 1 1 0.725951930866865 0.983688900891169 1 1 1 1 1 1 1 1 1 1 1 1 1 1 1 1 1 0.973048879287065 1 1 1 1 1 1 1 1 1 1 0.754523359438293 0.874750202538482 0.891007291385363 0.57877396705374 1 -9999 -9999 -9999 -9999 -9999 -9999 -9999 -9999 -9999 -9999 0.457358898190656 1 -9999
0.959492303537672 0.878260869565217 0.422414258709155 1 0.945449635430732 0.868376991628409 0.983688900891169 1 1 1 1 1 1 1 1 1 1 1 1 1 1 0.983688900891169 1 1 1 1 1 1 1 1 1 1 1 1 1 1 1 1 1 1 1 1 1 0.973048879287065 0.973048879287065 1 1 1 1 1 1 0.983688900891169 0.820631920064812 0.645638671347556 0.552038887388604 0.2589251957872 -9999 -9999 -9999 -9999 -9999 -9999 -9999 -9999 -9999 -9999 0.818255468539022 0.946259789359978 0.507264380232244
1 1 0.368025924925736 0.774831217931407 0.835484742100999 0.983688900891169 1 1 1 1 1 1 1 1 1 1 1 1 1 1 1 1 1 1 1 1 1 1 1 1 1 1 1 1 1 1 1 1 1 1 1 1 1 1 1 1 1 1 0.890467188765865 0.808965703483662 0.875884418039427 0.874372130704834 0.55058061031596 0.618579530110721 0.685822306238185 0.177261679719147 0.403888738860383 0.386011342155009 -9999 -9999 -9999 -9999 -9999 -9999 0.410694031866055 0.267674858223062 0.320928976505536 0.204536862003781 0.375695382122603
0.753767215770996 0.4587091547394 0.442236024844721 0.79519308668647 0.835484742100999 0.983688900891169 1 1 1 1 1 1 1 1 1 1 1 1 1 1 1 1 1 1 1 0.973048879287065 1 1 1 1 1 1 1 1 1 1 1 1 1 1 1 0.983688900891169 1 0.868431001890359 0.671239535511747 0.847366999729949 0.808965703483662 0.781960572508777 0.94577369700243 0.902997569538212 0.68717256278693 0.499108830677829 0.394328922495274 0.422252227923305 0.439265460437483 0.501431271941669 0.310234944639481 0.228895490143127 0.0998109640831758 -9999 -9999 -9999 -9999 -9999 0.139778557926006 -9999 0.348042128004321 0.422252227923305 1
0.972724817715366 0.835484742100999 0.835484742100999 0.818471509586821 0.807939508506616 0.983688900891169 1 1 1 1 1 1 1 1 1 1 1 1 1 1 1 1 1 1 1 1 1 1 1 1 1 1 1 1 1 1 1 1 1 1 1 0.824898730758844 1 0.963327032136106 0.754847421009992 0.901323251417769 0.808695652173913 0.746853902241426 0.754577369700243 0.666486632460167 0.376613556575749 0.340264650283554 0.303051579800162 0.301971374561167 0.29889278963003 0.0653524169592223 0.126600054010262 0.236078854982447 0.0719416689170942 0.0449905482041588 -9999 -9999 -9999 -9999 -9999 -9999 0.282797731568998 0.386011342155009 0.973048879287065
0.835484742100999 0.835484742100999 0.835484742100999 0.497218471509587 0.835484742100999 0.983688900891169 1 1 1 1 1 1 1 1 1 1 1 1 1 1 1 1 1 1 1 1 1 1 1 1 1 1 1 1 1 1 1 1 1 1 1 0.863948150148528 0.776721577099649 0.72227923305428 0.322711315149878 0.673291925465838 0.478692951660815 0.690197137456117 0.821496084256009 0.768349986497435 0.386011342155009 0.36716176073454 0.329084526059951 0.290467188765866 0.0897650553605185 0.0453146097758574 0.0180394274912233 0.0180394274912233 0.0180394274912233 0.0180394274912233 0.0180394274912233 0.0180394274912233 0.0180394274912233 0.0180394274912233 0.0180394274912233 -9999 0.0721036997029436 0.377531731028895 0.440183634890629
1 0.983688900891169 0.983688900891169 0.835484742100999 0.868376991628409 0.983688900891169 1 1 1 1 1 1 1 1 1 1 1 1 1 1 1 1 1 1 1 1 1 1 1 1 1 1 1 1 1 1 1 0.890899270861464 1 0.967593842830138 0.796759384283014 0.821496084256009 0.683175803402646 0.602700513097489 0.532757223872536 0.79756953821226 0.770618417499325 0.743343235214691 0.716284093977856 0.284580070213341 0.283877936807994 0.147339994598974 0.236078854982447 0.0622198217661356 0.0180394274912233 0 0 0 0 0 0 0 0 0 0 -9999 0.154415338914394 0.0819875776397515 0.309370780448285
1 1 1 0.983688900891169 0.96716176073454 1 1 1 1 1 1 1 1 1 1 1 1 1 1 1 1 1 1 1 1 1 1 1 1 1 1 1 1 1 1 1 1 0.945125573859033 0.890467188765865 0.916500135025655 0.79756953821226 0.64466648663246 0.374831217931407 0.111153119092628 0.310234944639481 0.329084526059951 0.348042128004321 0.283121793140697 0.263029975695382 0.0926275992438563 0.236078854982447 0.0455846610856063 0.0180394274912233 0.0180394274912233 0.0180394274912233 0.0180394274912233 0.0180394274912233 0 0 0 0 0 0 0.0180394274912233 0.0180394274912233 0.0180394274912233 0.0180394274912233 0.0453146097758574 0.0819875776397515
1 1 1 0.983688900891169 0.983688900891169 1 1 1 1 1 1 1 1 0.918822576289495 0.782284634080475 1 1 1 1 1 1 1 1 1 1 1 1 0.973210910072914 1 1 1 1 1 1 1 1 1 1 1 0.810856062651904 0.761112611396165 0.100189035916824 0.127734269511207 0.0722657304887929 0.154685390224143 0.0453146097758574 0.0992168512017283 0.100459087226573 0.209127734269511 0.235916824196597 0.209127734269511 0.154307318390494 0.0180394274912233 0.0378071833648393 0.0180394274912233 0.0180394274912233 -9999 -9999 0 0 0.0180394274912233 0.0180394274912233 0.0180394274912233 0.0453146097758574 0.0378071833648393 0.0725897920604915 0.0378071833648393 0.0180394274912233 0.154415338914394
1 1 1 1 1 1 1 1 1 1 1 1 1 0.863786119362679 0.755009451795841 1 1 1 1 1 1 1 1 1 1 1 1 0.946259789359978 1 1 1 1 1 1 1 1 1 -9999 -9999 -9999 -9999 0.146529840669727 0.320928976505536 0.386011342155009 0.386011342155009 0.386011342155009 0.386011342155009 0.386011342155009 0.165379422090197 0.329084526059951 0.329084526059951 0.310234944639481 0.0569268160950581 0.0378071833648393 -9999 0.0180394274912233 0 -9999 0 0.0180394274912233 0.0180394274912233 0.0992168512017283 0.0453146097758574 0.0757763975155279 0.263354037267081 0.288954901431272 0.0378071833648393 0.127302187415609 0.0725897920604915
1 1 1 1 1 1 1 1 1 1 1 1 1 1 0.836943019173643 1 1 1 1 1 1 1 1 1 0.94593572778828 1 0.782284634080475 0.946259789359978 1 1 1 1 1 1 1 1 -9999 1 -9999 -9999 -9999 0.422252227923305 0.4587091547394 0.618579530110721 0.586767485822306 0.690197137456117 0.598757763975155 0.4587091547394 0.25887118552525 0.385039157439914 0.0926275992438563 0.0649743451255739 0.0449905482041588 0.0378071833648393 0.0180394274912233 0.0180394274912233 0 0 0 0.0180394274912233 0.154415338914394 0.0180394274912233 0.329084526059951 0.320604914933837 0.36716176073454 0.527896300297056 0.329084526059951 0.310234944639481 0.329084526059951
1 1 1 1 1 1 1 1 1 1 1 1 1 0.864110180934378 0.836943019173643 1 0.973048879287065 1 1 1 1 1 1 1 1 1 0.755009451795841 0.89187145557656 1 1 1 1 1 1 1 1 -9999 1 0.945287604644882 -9999 -9999 0.73405347015933 0.693437753173103 0.808533621388064 0.835484742100999 0.825438833378342 0.626789089927086 0.755657574939238 0.652876046448825 0.258601134215501 0.0756143667296786 0.0926275992438563 0.228517418309479 0.0453146097758574 0.0180394274912233 0 0 0.0180394274912233 0.0180394274912233 0.154415338914394 0.154415338914394 0.0650823656494734 0.148960302457467 0.521091007291385 0.440183634890629 0.39530110721037 0.377261679719147 0.395085066162571 0.395085066162571
1 1 1 1 1 1 1 1 1 1 1 1 1 0.80939778557926 0.809829867674858 0.918336483931947 1 1 1 1 0.972562786929517 0.972562786929517 1 0.972562786929517 1 0.755009451795841 0.755009451795841 0.892033486362409 1 1 1 1 1 1 1 1 1 1 1 -9999 0.835484742100999 0.956737780178234 0.983688900891169 0.79297866594653 1 0.820091817445315 0.929786659465298 0.983688900891169 0.758250067512827 0.387793680799352 0.141020793950851 0.0378071833648393 0.250067512827437 0.0180394274912233 0.0180394274912233 0 0.0180394274912233 0.0453146097758574 0.0992168512017283 0.0453146097758574 0.138428301377262 0.266972724817715 0.131947069943289 0.277018633540373 0.467674858223062 0.484850121523089 0.24941938968404 0.386227383202809 0.177261679719147
1 1 1 1 1 1 1 1 1 1 1 1 1 1 0.727572238725358 0.755009451795841 1 1 1 1 1 1 1 1 0.891061301647313 0.782554685390224 0.727572238725358 0.919308668647043 1 1 1 1 1 1 1 1 1 1 0.80945179584121 -9999 0.918552524979746 0.944531460977586 1 1 1 0.890467188765865 0.9177423710505 0.864056170672428 0.719308668647043 0.350040507696462 0.141020793950851 0.0839319470699433 0.25654874426141 0.0453146097758574 0.0180394274912233 0.0180394274912233 0.0993788819875776 0.17418309478801 0.17418309478801 0.0180394274912233 0.348042128004321 0.404374831217931 0.449851471779638 0.456602754523359 0.877396705374021 1 0.973048879287065 0.641425870915474 0.465622468268971
1 1 1 1 1 1 1 1 1 1 1 1 1 1 0.755009451795841 0.80950580610316 0.89181744531461 0.918768566027545 0.80950580610316 0.782284634080475 0.755009451795841 0.755009451795841 0.86357007831488 0.755009451795841 0.80950580610316 0.891061301647313 0.782554685390224 0.809937888198758 1 1 1 1 1 1 1 1 1 1 1 1 1 1 1 1 1 1 0.890467188765865 0.808749662435863 0.842019983796921 0.422846340804753 0.231650013502565 0.339724547664056 0.193518768566028 0.126492033486362 0.0180394274912233 0.0992168512017283 0.255630569808264 0.68004320820956 0.339994598973805 0.468647042938158 0.384931136916014 0.476802592492574 0.963327032136106 0.95052660005401 1 0.973210910072914 1 1 0.956737780178234
