data-raw/DATASET_PNE/a_DATA/PFGS/ENVSUIT_A1B/HS_f60_C2_VaccUli.asc
NCOLS 619 
NROWS 782 
XLLCORNER 876826 
YLLCORNER 1947424 
CELLSIZE 100 
NODATA_value -9999 
[rows 494 to 519 of 782, columns 295 to 353 of 619]
0.785243661758008 0.900531349628055 0.800333991194778 0.739547593745256 0.820373462881433 0.741490815242144 0.467800212539851 0.408987399423106 0.389342644603006 0.233338393805981 0.389342644603006 0.389342644603006 0.389342644603006 0.389342644603006 0.174950660391681 0.213511461970548 0.194048884165781 0 0.122969485349932 0.408805222407773 0.408805222407773 0.389706998633672 0.23446181873387 0.214756338241992 0.344496735995142 0.344496735995142 0.144223470472142 0 0 0 0 0.0214968878093214 0.36608471231213 0.420798542583877 0.506725368149385 0.604098982844998 0.582480643692121 0.582480643692121 0.604098982844998 0.604098982844998 0.604098982844998 0.42826780021254 0.389706998633672 0 0 0 0 0 0 0 0 0 0 0 0 0 0 0.128495521481706 0.604098982844998
0.920419007135266 0.960285410657355 0.820373462881433 0.7001366327615 0.680188249582511 0.682556550781843 0.759526339760134 0.310854713830272 0.389342644603006 0.389342644603006 0.389342644603006 0.475208744496736 0.410900258084105 0.5396994079247 0.36608471231213 0.36608471231213 0.36608471231213 0.239410960983756 0 0 0.170092606649461 0.32327311370882 0.301654774555944 0.16769394261424 0 0 0 0 0 0.0600273265523 0.0427205100956429 0.322878396842265 0.365750721117352 0.604098982844998 0.604098982844998 0.561257021405799 0.602520115378776 0.518354334294823 0.582480643692121 0.604098982844998 0.565143464399575 0.389706998633672 0.233976013359648 0.086351905267952 0.0197054804918779 0 0 0 0 0 0 0 0 0 0 0 0.0427812357674207 0.389706998633672 0.408805222407773
0.800880522240777 0.860391680582966 0.780841050554122 0.780841050554122 0.680188249582511 0.641293456808866 0.596083194170336 0.272263549415515 0.389342644603006 0.389342644603006 0.369606801275239 0.389342644603006 0.582693183543343 0.582693183543343 0.385547290116897 0.36608471231213 0.301594048884166 0.0582359192348565 0 0 0 0 0 0 0 0 0 0.16392895096402 0.0859571884013967 0.344496735995142 0.477698497039623 0.584788219219675 0.604098982844998 0.604098982844998 0.5809017762259 0.579049643236678 0.620282374373766 0.518293608623045 0.582480643692121 0.604098982844998 0.42826780021254 0.408805222407773 0.389706998633672 0.128920601184151 0 0 0 0 0 0 0 0 0 0 0 0 0 0.408805222407773 0.408805222407773
0.614179444360103 0.780841050554122 0.840959465614088 0.682556550781843 0.493092454835282 0.408987399423106 0.495035676332169 0.389342644603006 0.175315014422347 0.233338393805981 0.389342644603006 0.518627599817823 0.539790496432367 0.34267496584181 0.0582359192348565 0 0 0 0 0 0 0 0 0 0 0.0385304387429786 0.0214968878093214 0.344496735995142 0.604098982844998 0.582693183543343 0.604098982844998 0.604098982844998 0.582480643692121 0.5809017762259 0.661575831182632 0.842599058752087 0.408987399423106 0.194048884165781 0.582480643692121 0.604098982844998 0.215636860482769 0.408805222407773 0.389706998633672 0.171762562623349 0 0 0 0 0 0 0 0 0 0 0 0 0 0.305601943221497 0.389706998633672
0.680188249582511 0.880674054956733 0.701867314407166 0.643297403977532 0.408987399423106 0.389342644603006 0.389342644603006 0.430484287232427 0.389342644603006 0.213511461970548 0.432427508729315 0.582693183543343 0.518566874146045 0.241111279793533 0 0 0 0 0 0 0.0582359192348565 0.258327007742523 0.116502201305602 0.196447548201002 0.323212388037043 0.36608471231213 0.561378472749355 0.604098982844998 0.604098982844998 0.604098982844998 0.5809017762259 0.5809017762259 0.742492788826476 0.881645665705177 0.92111735236071 0.595597388796113 0.408987399423106 0.408987399423106 0.410900258084105 0.604098982844998 0.408805222407773 0.408805222407773 0.214756338241992 0.150144223470472 0 0 0 0 0 0 0 0 0 0 0 0 0 0 0.368301199332018
0.658964627296189 0.74158190374981 0.641293456808866 0.408987399423106 0.408987399423106 0.330499468650372 0.389342644603006 0.410930620919994 0.194048884165781 0.0197054804918779 0.116502201305602 0.410900258084105 0.518475785638379 0.0197054804918779 0.383725519963565 0.477151965993624 0.49664490663428 0.475239107332625 0.215545771975102 0.381934112646121 0.385547290116897 0.381903749810232 0.385547290116897 0.522331865796265 0.582693183543343 0.582693183543343 0.604098982844998 0.582480643692121 0.621952330347655 0.602125398512221 0.494671322301503 0.723242750872931 0.901229694853499 0.794868680734781 0.814725975406103 0.619735843327767 0.940701381509033 0.42881433125854 0.389342644603006 0.215272506452103 0.346986488538029 0.408805222407773 0.389706998633672 0.0647335661150751 0.0862911795961743 0 0 0 0 0 0 0 0 0 0 0 0 0.0214968878093214 0.370244420828905
0.680188249582511 0.557218764232579 0.430393198724761 0.389342644603006 0.389342644603006 0.194048884165781 0.350296037649917 0.272263549415515 0.0968270836496129 0.0197054804918779 0 0.233338393805981 0.561469561257021 0.582693183543343 0.582693183543343 0.518081068771823 0.518475785638379 0.432548960072871 0.475269470168514 0.582693183543343 0.604098982844998 0.582693183543343 0.518202520115379 0.582480643692121 0.604098982844998 0.5809017762259 0.602125398512221 0.61830879004099 0.723242750872931 0.643297403977532 0.662972521633521 0.841232731137088 0.729254592378928 0.850129042052528 0.796386822529224 0.408987399423106 0.695308941855169 0.842599058752087 0.389342644603006 0.174950660391681 0.148413541824806 0.213147107939882 0.389706998633672 0.233976013359648 0.021587976316988 0 0 0 0 0 0 0 0 0 0 0 0 0.174950660391681 0.325064521026264
0.655563989676636 0.721603157734932 0.535904053438591 0.408987399423106 0.389342644603006 0.194048884165781 0.389342644603006 0.174586306361014 0.174586306361014 0 0 0 0.233338393805981 0.389342644603006 0.389342644603006 0.389342644603006 0.408987399423106 0.42854106573554 0.408987399423106 0.495126764839836 0.582480643692121 0.539942310611811 0.475390921512069 0.643297403977532 0.602064672840443 0.537482920904813 0.643297403977532 0.960589039016244 0.941096098375588 0.741399726734477 0.821193259450433 0.980142705328678 0.56608471231213 0.514528616972825 0.602125398512221 0.408987399423106 0.42854106573554 0.612904205252771 0.408987399423106 0.432548960072871 0.604098982844998 0.604098982844998 0.408805222407773 0.408805222407773 0.171762562623349 0.128738424168817 0 0 0 0 0 0 0 0 0 0 0 0 0.169819341126461
0.42854106573554 0.53001366327615 0.680704417792622 0.580780324882344 0.194048884165781 0.0197054804918779 0 0 0 0 0 0 0 0.0775466828601791 0.330499468650372 0.408987399423106 0.408987399423106 0.559010171550023 0.783057537574009 0.558797631698801 0.643297403977532 0.518263245787156 0.53754364657659 0.74291786852892 0.901229694853499 0.841232731137088 0.900774252315166 1 0.920813724001822 0.960649764688022 0.900774252315166 0.42854106573554 0.27241536359496 0.535570062243814 0.602186124183999 0.174586306361014 0.310854713830272 0.471808106877182 0.489691817215728 0.518354334294823 0.582480643692121 0.280188249582511 0.387490511613785 0.408805222407773 0.193077273417337 0.0648853802945195 0 0 0 0 0 0 0 0 0 0 0 0 0
0.42854106573554 0.42854106573554 0.698163048428723 0.408987399423106 0.194048884165781 0.0775466828601791 0 0 0 0 0 0 0.155488082586914 0.389342644603006 0.42854106573554 0.84144527098831 0.980142705328678 0.980142705328678 0.662972521633521 0.662972521633521 0.662972521633521 0.643297403977532 0.662972521633521 0.682708364961287 0.894398056778503 0.935630787915591 1 1 0.892576286625171 0.675967815393958 0.451981175041749 0.233520570821315 0.492758463640504 0.578837103385456 0.408987399423106 0.408987399423106 0.408987399423106 0.213875816001215 0.408987399423106 0.432488234401093 0.582480643692121 0.604098982844998 0.387490511613785 0.389706998633672 0.292728100804615 0.0215576134810991 0 0 0 0 0 0 0 0 0 0 0 0 0
0.56608471231213 0.56608471231213 0.711219067860938 0.700015181417944 0.408987399423106 0.272263549415515 0.0775466828601791 0 0 0 0.0775466828601791 0.389342644603006 0.408987399423106 0.568058296644907 0.960649764688022 1 1 1 0.781266130256566 0.722180051616821 0.700500986792166 0.702596022468499 0.736420221648702 0.771701836951571 0.89233338393806 0.828328525884318 0.806649461059663 0.674115682404737 0.615242143616214 0.656110520722636 0.408987399423106 0.389251556095339 0.450037953544861 0.452041900713527 0.389342644603006 0.408987399423106 0.408987399423106 0.408987399423106 0.496705632306057 0.539942310611811 0.561165932898133 0.584788219219675 0.506634279641718 0.604098982844998 0.248064369212084 0 0 0 0 0 0 0 0 0 0 0 0 0 0
0.56608471231213 0.587672688629118 0.56608471231213 0.716137847274935 0.861332928495521 0.408987399423106 0.311310156368605 0.213875816001215 0.0197054804918779 0.0582359192348565 0.233338393805981 0.408987399423106 0.84144527098831 1 1 0.870775770456961 0.871109761651738 0.870775770456961 0.849461059662972 0.937209655381813 0.871049035979961 0.849369971155306 0.849461059662972 0.914042811598603 0.914042811598603 0.895946561408836 0.593684530135115 0.73538788522848 0.675967815393958 0.514316077121603 0.0582359192348565 0.408987399423106 0.451890086534082 0.369697889782906 0.194048884165781 0.194048884165781 0.291908304235616 0.194048884165781 0.410930620919994 0.47563382419918 0.563139517230909 0.604098982844998 0.604098982844998 0.408805222407773 0.0432063154698649 0 0 0 0 0 0 0 0 0 0 0 0 0 0
0.87429785942007 0.56608471231213 0.56608471231213 0.587308334598451 0.694823136480947 0.881220586002733 0.42854106573554 0.408987399423106 0.408987399423106 0.408987399423106 0.408987399423106 0.448216183391529 0.610475178381661 0.785243661758008 0.806649461059663 0.806649461059663 0.914012448762714 0.914012448762714 0.935357522392591 0.785243661758008 0.785243661758008 0.827873083345985 0.849096705632306 0.785243661758008 0.914012448762714 0.914224988613936 0.876089266737513 0.700956429330499 0.42854106573554 0.389676635797783 0.0197054804918779 0.369940792470017 0.135782602095036 0.389342644603006 0.389342644603006 0.330499468650372 0.389342644603006 0 0 0.215636860482769 0.215636860482769 0.604098982844998 0.604098982844998 0.146773948686807 0 0 0 0 0 0 0 0 0 0 0 0 0 0 0
0.828176711704873 0.914042811598603 0.606102930013663 0.56608471231213 0.587308334598451 0.670411416426294 0.761287384241688 0.761287384241688 0.781114316077122 0.741399726734477 0.739608319417034 0.761287384241688 0.608926673751328 0.849096705632306 0.806558372551996 0.828176711704873 0.978351298011234 0.978351298011234 0.870836496128738 0.785243661758008 0.827690906330651 0.785243661758008 0.754455746166692 0.780537422195233 0.800333991194778 0.785243661758008 0.765143464399575 0.526734477000152 0.448216183391529 0.42854106573554 0.408987399423106 0.408987399423106 0.0197054804918779 0.194048884165781 0.11656292697738 0.389342644603006 0.45410657355397 0.389342644603006 0 0.258782450280856 0.301411871868833 0.604098982844998 0.42826780021254 0.0646121147715197 0 0 0 0 0 0 0 0 0 0 0 0 0 0 0
0.957370578412024 0.827781994838318 0.87402459389707 0.705419766206164 0.56608471231213 0.810050098679217 0.586063458327008 0.587308334598451 0.546531045999696 0.546531045999696 0.625929861849097 0.666008805222408 0.807833611659329 0.827873083345985 0.80646728404433 0.785243661758008 0.785243661758008 0.785243661758008 0.872476089266737 0.785243661758008 0.785243661758008 0.915803856080158 0.777227873083346 0.731987247608927 0.735630787915591 0.785243661758008 0.785243661758008 0.705359040534386 0.507423713374829 0.42854106573554 0.451981175041749 0.600121451343555 0.51468043115227 0.389342644603006 0.389342644603006 0.452072263549415 0.518293608623045 0.497039623500835 0.539942310611811 0.561165932898133 0.604098982844998 0.604098982844998 0.389706998633672 0.150144223470472 0 0 0 0 0 0 0 0 0 0 0 0 0 0 0
1 0.913708820403826 0.806558372551996 0.871109761651738 0.806649461059663 0.785243661758008 0.82854106573554 0.806922726582663 0.806922726582663 0.956915135873691 0.978503112190679 0.978503112190679 0.827873083345985 0.785243661758008 0.727098831030818 0.852679520267193 0.957036587217246 0.978442386518901 0.785243661758008 0.785243661758008 0.765386367086686 0.853104599969637 0.895946561408836 0.785243661758008 0.785243661758008 0.725519963564597 0.785243661758008 0.785243661758008 0.785243661758008 0.56608471231213 0.698709579474723 0.661302565659633 0.739608319417034 0.643297403977532 0.473538788522848 0.47347806285107 0.410930620919994 0.496887809321391 0.561165932898133 0.604098982844998 0.604098982844998 0.604098982844998 0.253681493851526 0.021587976316988 0 0 0 0 0 0 0 0 0 0 0 0 0 0 0
0.978776377713678 0.913982085926826 0.80646728404433 0.80646728404433 0.871018673144072 0.806862000910885 0.785243661758008 0.87132230150296 0.745316532564141 0.785243661758008 0.765386367086686 0.56608471231213 0.774647032032792 0.935843327766813 0.785243661758008 0.765143464399575 0.785243661758008 0.765143464399575 0.785243661758008 0.785243661758008 0.56608471231213 0.673903142553514 0.654349476241081 0.785243661758008 0.785243661758008 0.785243661758008 0.790132078336117 0.84979505085775 0.892637012296948 0.7596174282678 0.621679064824655 0.516168210110824 0.578897829057234 0.430575375740094 0.408987399423106 0.473629877030515 0.410930620919994 0.561165932898133 0.582480643692121 0.582784272051009 0.447669652345529 0.180749962046455 0.163321694246243 0.021587976316988 0 0 0 0 0 0 0 0 0 0 0 0 0 0 0
0.914316077121603 0.785243661758008 0.785243661758008 0.80674054956733 0.828419614391984 0.785243661758008 0.85006831638075 0.765143464399575 0.725277060877486 0.785243661758008 0.833247305298315 0.856414149081524 0.833247305298315 0.765386367086686 0.745316532564141 0.625656596326097 0.56608471231213 0.625504782146652 0.546531045999696 0.507423713374829 0.42854106573554 0.42854106573554 0.42854106573554 0.586124183998786 0.785243661758008 0.806649461059663 0.806649461059663 0.827873083345985 0.849369971155306 0.839046606953089 0.718111431607712 0.634218916046759 0.643297403977532 0.643297403977532 0.623743737665098 0.495035676332169 0.389342644603006 0.539942310611811 0.582480643692121 0.565143464399575 0.0643388492485198 0.0212236222863215 0 0.0215576134810991 0 0 0 0 0 0 0 0 0 0 0 0 0 0 0
1 0.958645817519356 0.958645817519356 0.915439502049491 0.827690906330651 0.913921360255048 0.785243661758008 0.785243661758008 0.665462274176408 0.526734477000152 0.42854106573554 0.471534841354182 0.471534841354182 0.621679064824655 0.612873842416882 0.526734477000152 0.487687870047062 0.448216183391529 0.514862608167603 0.408987399423106 0.408987399423106 0.408987399423106 0.408987399423106 0.448216183391529 0.685987551237285 0.827873083345985 0.809473204797328 0.809473204797328 0.696432366783058 0.641354182480644 0.662972521633521 0.579140731744345 0.537574009412479 0.495126764839836 0.561165932898133 0.389342644603006 0.389342644603006 0.582480643692121 0.604098982844998 0.0795506300288447 0.0212236222863215 0.0212236222863215 0 0.0215576134810991 0 0 0 0 0 0 0 0 0 0 0 0 0 0 0
0.978503112190679 0.958645817519356 0.958645817519356 0.917534537725824 0.757127675724913 0.628419614391984 0.565781083953241 0.586124183998786 0.507423713374829 0.42854106573554 0.174525580689236 0.408987399423106 0.42854106573554 0.430393198724761 0.451981175041749 0.493031729163504 0.471443752846516 0.452041900713527 0.430393198724761 0.452041900713527 0.408987399423106 0.194048884165781 0.389342644603006 0.408987399423106 0.448216183391529 0.567754668286018 0.620130560194322 0.643297403977532 0.621982693183543 0.643297403977532 0.623743737665098 0.496705632306057 0.410930620919994 0.539942310611811 0.272172460907849 0.352057082131471 0.582480643692121 0.604098982844998 0.235099438287536 0.383877334143009 0.0432366783057537 0 0.0215576134810991 0.0215576134810991 0 0 0 0 0 0 0 0 0 0 0 0 0 0 0
0.849369971155306 0.958645817519356 0.958645817519356 0.761044481554577 0.780537422195233 0.658994990132078 0.617914073174434 0.467800212539851 0.428571428571429 0.42854106573554 0.389342644603006 0.430575375740094 0.408987399423106 0.452041900713527 0.452041900713527 0.495126764839836 0.5809017762259 0.408987399423106 0.408987399423106 0.408987399423106 0.494701685137392 0.408987399423106 0.389342644603006 0.389342644603006 0.408987399423106 0.42854106573554 0.408987399423106 0.408987399423106 0.516350387126158 0.389251556095339 0.389342644603006 0.389342644603006 0.539942310611811 0.194048884165781 0.194048884165781 0.545650523758919 0.604098982844998 0.198026415667223 0.32327311370882 0.447700015181418 0.0215576134810991 0.128738424168817 0 0 0 0 0 0 0 0 0 0 0 0 0 0 0 0 0
0.755670259602247 0.67132230150296 0.717989980264157 0.694549870957947 0.716198572946713 0.676848337634735 0.59650827387278 0.42854106573554 0.291665401548505 0.233247305298315 0.194048884165781 0.408987399423106 0.452041900713527 0.408987399423106 0.408987399423106 0.408987399423106 0.516259298618491 0.602125398512221 0.582784272051009 0.330469105814483 0.410930620919994 0.602125398512221 0.408987399423106 0.408987399423106 0.311310156368605 0.537725823591923 0.213875816001215 0.330499468650372 0.432488234401093 0.194048884165781 0.213875816001215 0.155245179899803 0.0583270077425231 0.344466373159253 0.340276301806589 0.48531956884773 0.447669652345529 0.408805222407773 0.32327311370882 0.329072415363595 0 0 0 0 0 0 0 0 0 0 0 0 0 0 0 0 0 0 0
0.913648094732048 0.831638074996205 0.693699711553059 0.771367845756794 0.874328222255959 0.794565052375892 0.697373614695613 0.389403370274784 0.389342644603006 0.408987399423106 0.408987399423106 0.408987399423106 0.408987399423106 0.389342644603006 0.389342644603006 0.389342644603006 0.389342644603006 0.233338393805981 0.582480643692121 0.389342644603006 0.235433429482314 0.561560649764688 0.539942310611811 0.194048884165781 0.194048884165781 0.213875816001215 0.194777592227114 0.389342644603006 0.174950660391681 0.0775466828601791 0 0 0.0197054804918779 0.280006072567178 0.25869136177319 0.260725671777744 0.148261727645362 0.214756338241992 0.214756338241992 0 0 0 0 0 0 0 0 0 0 0 0 0 0 0 0 0 0 0 0
0.785243661758008 0.785243661758008 0.64603005920753 0.605951115834219 0.634127827539092 0.448216183391529 0.595233034765447 0.487687870047062 0.408987399423106 0.408987399423106 0.42854106573554 0.408987399423106 0.408987399423106 0.369606801275239 0.194048884165781 0.194048884165781 0.194048884165781 0.0197054804918779 0.280097161074844 0.561165932898133 0.582784272051009 0.301594048884166 0.215636860482769 0.0197054804918779 0.135782602095036 0.311310156368605 0.389342644603006 0.252345529072415 0.194413238196448 0.116502201305602 0 0.0197054804918779 0.0197054804918779 0.280188249582511 0.183816608471231 0.106846819492941 0 0 0 0 0 0 0 0 0 0 0 0 0 0 0 0 0 0 0 0 0 0 0
0.685896462729619 0.606102930013663 0.56608471231213 0.56608471231213 0.448216183391529 0.42854106573554 0.42854106573554 0.42854106573554 0.330681645665705 0.408987399423106 0.408987399423106 0.408987399423106 0.389342644603006 0.389342644603006 0.194048884165781 0.194048884165781 0.0779717625626234 0 0 0.0197054804918779 0.215636860482769 0.194048884165781 0 0.116502201305602 0.135782602095036 0.293578260209504 0.194048884165781 0.174950660391681 0 0.194048884165781 0 0 0 0.183816608471231 0.106846819492941 0.0856231972066191 0.021587976316988 0 0 0 0 0 0 0 0 0 0 0 0 0 0 0 0 0 0 0 0 0 0
0.527220282374374 0.527220282374374 0.448216183391529 0.42854106573554 0.42854106573554 0.408987399423106 0.42854106573554 0.507423713374829 0.42854106573554 0.35020494914225 0.408987399423106 0.408987399423106 0.389342644603006 0.389342644603006 0.291969029907393 0.194048884165781 0.135782602095036 0.0385304387429786 0.135782602095036 0 0 0.13620768179748 0 0 0.194048884165781 0.155245179899803 0.194048884165781 0.0582359192348565 0.194048884165781 0 0.196447548201002 0 0 0.144800364354031 0.0856231972066191 0.021587976316988 0.021587976316988 0 0 0 0 0 0 0 0 0 0 0 0 0 0 0 0 0 0 0 0 0 0
