data-raw/DATASET_PNE/a_DATA/PFGS/ENVSUIT_A1B/HS_f0_C3_cushion.asc
NCOLS 619 
NROWS 782 
XLLCORNER 876826 
YLLCORNER 1947424 
CELLSIZE 100 
NODATA_value -9999 
[rows 576 to 607 of 782, columns 511 to 583 of 619]
1 1 1 1 1 0.981023576768258 1 1 1 1 0.811796599030642 0.683603055943481 0.421711985541773 0.570771379282017 0.452805388975602 0.570976751827816 0.811796599030642 0.811796599030642 1 0.188285549987678 0.240326953092911 0.0242339604041732 0.0242339604041732 0.0241928858950136 0.0960732769243408 0.216339439743695 0 0 0.1196089706728 0.168405487554424 0.0481393247350694 0.216175141707057 0.357019633615378 0.407541279881705 0.590322845641995 0.656083134806539 1 1 1 1 1 0.561570689230264 0.240326953092911 0.119444672636162 0.144664421260166 0.19235192639448 0.240326953092911 0.240326953092911 0.240326953092911 0.192393000903639 0.143596484022016 0.119773268709439 0.0716750184835291 0.0718393165201676 0.0718393165201676 0.047646430625154 0 0 0 0 0 0 0 0 0 0 0.0242339604041732 0 0 0 0.0242339604041732 0.0429639365809579 0.0620635833401791
1 1 1 1 1 1 1 1 1 1 1 0.629836523453545 0.75642816068348 0.698225581204305 0.788301979791342 1 0.61003861003861 0.738971494290643 0.590692516224431 0.375872833319642 0.270188121251951 0.21149264766286 0.0958268298693831 0 0.0480161012075906 0.45407869875955 0 0 0 0.0241928858950136 0.0241928858950136 0.317711328349626 0.792409430707303 0.509816807689148 0.923642487472275 0.844327610285057 0.903598127002382 1 1 1 0.297954489443851 0.258974780251376 0.0959500533968619 0.0959500533968619 0.023823215312577 0.0722911361209233 0.216175141707057 0.216175141707057 0.240326953092911 0.216503737780334 0.119773268709439 0.0718393165201676 0.0958268298693831 0.0958268298693831 0.0242339604041732 0.192721596976916 0 0 0 0 0 0 0 0 0.0242339604041732 0.0956625318327446 0 0 0 0 0 0.0242339604041732 0
1 1 1 1 1 1 1 1 1 1 1 0.980900353240779 0.981023576768258 0.904830362277171 0.943686847942167 0.962006079027356 0.830567649716586 0.756838905775076 0.811796599030642 0.375872833319642 0.318204222459542 0.255072701881213 0.120019715764397 0.191612585229607 0.168282264026945 0.336769900599688 0.216175141707057 0 0 0 0.0241928858950136 0.167994742462828 0.792409430707303 0.396122566335332 0.528464634847614 0.503409184260248 0.425737287439415 0.905528628932884 0.724184670993182 0.66240860921712 0.313480653906186 0.240326953092911 0.177729401133656 0.120882280456749 0.0476875051343136 0.143596484022016 0.216175141707057 0.216175141707057 0.095621457323585 0 0 0.0958268298693831 0.0958268298693831 0.216544812289493 0 0 0 0 0 0 0 0 0 0.0242339604041732 0.11965004518196 0.0480161012075906 0 0.0242339604041732 0.0242339604041732 0 0 0 0
1 1 1 1 1 1 1 1 1 1 1 0.980900353240779 1 1 1 1 0.905775075987842 0.608354555163066 0.811796599030642 0.395588597716257 0.318204222459542 0.292861250308059 0.144335825186889 0.216175141707057 0.144130452641091 0.216339439743695 0.235480161012076 0 0 0 0 0.0241928858950136 0.534050768093321 0.590897888770229 0.602480900353241 0.258974780251376 0.216175141707057 0.265135956625318 0.225786576850407 0.177072208987103 0.360510966893946 0.167419699334593 0.210630082970509 0.191982255812043 0.193050193050193 0.216175141707057 0.143596484022016 0.167830444426189 0 0 0 0 0 0 0 0 0 0 0 0 0 0 0 0.0242339604041732 0 0 0 0.101412963115091 0.101412963115091 0.101412963115091 0.0823133163558696 0.0378296229360059 0
1 1 0.976012486650785 1 1 1 1 1 1 1 1 1 1 1 1 1 1 0.811796599030642 0.811796599030642 0.375872833319642 0.297954489443851 0.279758481886141 0.0382403680276021 0.216503737780334 0.240326953092911 0.192516224431118 0.216175141707057 0.0957857553602234 0 0 0 0 0 0.144171527150251 0.144171527150251 0.192680522467756 0.143760782058654 0.192393000903639 0.167830444426189 0.240326953092911 0.333073194775322 0.240326953092911 0.192680522467756 0.216503737780334 0.317711328349626 0.240326953092911 0.167830444426189 0.0716339439743695 0 0 0 0 0 0.120184013801035 0 0 0 0 0 0 0 0 0 0.0242339604041732 0 0 0 0.101412963115091 0 0.0242339604041732 0.0823133163558696 0.0242339604041732 0
0.904460691694734 0.951778526246611 1 1 1 1 1 1 1 1 0.928530354062269 1 1 1 1 0.943686847942167 1 0.830567649716586 0.529039677975848 0.33652345354473 0.355623100303951 0.23182452969687 0.196787973383718 0.0905282181877927 0.240326953092911 0.216339439743695 0 0 0.0476875051343136 0 0 0 0 0.191941181302883 0.0239464388400559 0 0 0 0.0241928858950136 0.0715107204468906 0.357019633615378 0.240326953092911 0.240326953092911 0.337303869218763 0.298324160026288 0.143596484022016 0.0241928858950136 0 0 0 0 0 0 0 0 0 0 0 0 0 0.0245625564774501 0 0 0.0242339604041732 0 0 0.101412963115091 0.0429639365809579 0 0 0 0 0
1 0.976053561159944 1 1 1 1 0.951778526246611 0.952189271338207 1 0.927667789369917 1 0.808058818697116 1 1 1 0.673129056107779 0.943029655795613 0.715723322106301 0.472931898463813 0.355623100303951 0.355623100303951 0.355623100303951 0.293230920890495 0.173170130616939 0.240326953092911 0.240326953092911 0 0 0 0.192187628357841 0.0476875051343136 0 0 0.143842931076974 0.216339439743695 0.143966154604452 0.143966154604452 0 0 0 0.0965250965250965 0.357019633615378 0.240326953092911 0.240326953092911 0.240326953092911 0.0241928858950136 0 0 0 0 0.0242339604041732 0.0242339604041732 0 0 0 0 0 0 0 0 0 0 0 0.11965004518196 0 0.0242339604041732 0.197239792984474 0.0242339604041732 0 0 0 0 0
1 1 1 0.952024973301569 1 1 1 0.976012486650785 1 1 1 1 1 1 1 0.92844820504395 1 0.550891316848764 0.39526000164298 0.375872833319642 0.317054136203072 0.239957282510474 0.173457652181056 0.124866507845231 0.240326953092911 0.216339439743695 0 0 0 0 0.216175141707057 0 0.0241928858950136 0.0476875051343136 0.259426599852132 0.0722911361209233 0 0.0960322024151811 0 0.0241928858950136 0.0719625400476464 0.240326953092911 0.240326953092911 0 0.240326953092911 0.120348311837674 0 0 0 0 0.216544812289493 0.0957857553602234 0 0 0 0 0 0 0 0 0.0967304690708946 0 0.0480161012075906 0.0480161012075906 0 0.0242339604041732 0.0823133163558696 0 0 0 0 0 0
1 1 1 1 1 1 1 1 1 1 1 1 1 1 1 1 0.811796599030642 0.811796599030642 0.471288918097429 0.395588597716257 0.375872833319642 0.217407376981845 0.0767271831101618 0.124537911771954 0.216339439743695 0.0241928858950136 0 0 0 0 0.216175141707057 0.168405487554424 0 0.192187628357841 0.415263287603713 0.434075412798817 0.0477285796434733 0.0716750184835291 0.168159040499466 0.191612585229607 0.240326953092911 0.337303869218763 0.0954571592869465 0 0.167830444426189 0.279676332867822 0.167830444426189 0.048180399244229 0.0242339604041732 0.192721596976916 0 0 0 0 0 0 0 0 0.19235192639448 0.12067690791095 0.0961143514335004 0.119280374599524 0.0719625400476464 0 0 0.0242339604041732 0.0823133163558696 0 0 0 0 0 0
1 1 1 1 1 1 1 1 1 0.975807114104987 1 1 1 1 1 0.681877926558778 0.811796599030642 0.811796599030642 0.395588597716257 0.375872833319642 0.303910293271995 0.268873736958843 0.0484268462991867 0.0725786576850407 0.0725786576850407 0 0 0 0 0 0.0476875051343136 0.192187628357841 0.0476875051343136 0 0.192187628357841 0.552780744270106 0.279142364248747 0.192187628357841 0.216175141707057 0.0241928858950136 0.0716339439743695 0.240326953092911 0.357019633615378 0.240326953092911 0.435020126509488 0.913373860182371 0.299392097264438 0.0958268298693831 0 0 0 0 0 0 0 0 0 0.0487965168816233 0.0242339604041732 0.0237821408034174 0.0480161012075906 0 0.0476053561159944 0 0.0245625564774501 0.048180399244229 0.0823133163558696 0.0242339604041732 0 0 0 0 0
1 1 1 1 0.952024973301569 1 1 1 1 1 1 1 1 0.975807114104987 1 0.414359648402202 0.492236917768833 0.375872833319642 0.375872833319642 0.297954489443851 0.240326953092911 0.216339439743695 0.144500123223527 0 0 0 0 0 0 0 0.095621457323585 0.0476875051343136 0.119978641255237 0 0 0.192187628357841 0.192187628357841 0.240326953092911 0.192187628357841 0.0476875051343136 0.0241928858950136 0.0476875051343136 0.216175141707057 0.260576686108601 0.552780744270106 0.279676332867822 0.047646430625154 0 0 0 0 0 0 0 0.0245625564774501 0 0 0 0.0242339604041732 0 0 0 0.0237821408034174 0.216175141707057 0.0242339604041732 0 0.0823133163558696 0.0723732851392426 0 0 0 0 0
1 1 1 1 0.952394643884006 1 1 1 1 1 1 1 1 0.58017744187957 0.811796599030642 0.51285632136696 0.434075412798817 0.355623100303951 0.317054136203072 0.240326953092911 0.216339439743695 0.192557298940278 0 0 0 0 0 0 0 0 0.0241928858950136 0.0476875051343136 0.0718393165201676 0.0234946192393001 0 0.0476875051343136 0 0 0.0958268298693831 0.048180399244229 0.0718393165201676 0.0718393165201676 0.0956625318327446 0.0241928858950136 0.0476875051343136 0.0958268298693831 0 0 0 0 0 0 0 0 0 0 0.0964429475067773 0.0719625400476464 0.0961143514335004 0.0719625400476464 0 0 0.0237821408034174 0.0823133163558696 0 0 0.269530929105397 0.0723732851392426 0 0 0 0 0
1 1 1 1 1 1 1 1 1 1 1 1 1 0.791793313069909 0.591103261316027 0.510966893945617 0.355623100303951 0.355623100303951 0.297954489443851 0.240326953092911 0.240326953092911 0.120101864782716 0.023823215312577 0.0479750266984309 0 0 0 0 0 0 0.0241928858950136 0.0241928858950136 0.0716750184835291 0.0234946192393001 0 0 0 0.047646430625154 0.047646430625154 0.047646430625154 0.047646430625154 0.279676332867822 0.164421260165941 0.120348311837674 0.0958268298693831 0 0 0 0 0 0 0 0 0 0 0.216380514252855 0.192228702867001 0.216175141707057 0.071264273391933 0.143432185985377 0.0480161012075906 0 0.0477696541526329 0.101412963115091 0.19760946356691 0.269530929105397 0.183931652016758 0 0 0 0 0 0
1 1 1 1 1 1 1 1 1 1 1 1 0.886675429228621 0.414359648402202 0.414359648402202 0.355623100303951 0.316971987184753 0.336071633943974 0.317054136203072 0.317054136203072 0.21576439661546 0.168323338536104 0 0 0 0 0 0 0 0 0 0 0 0 0 0 0 0 0 0 0 0.048714367863304 0.279676332867822 0.0234946192393001 0 0 0 0 0 0 0.0580793559516964 0.048508995317506 0 0.0722089871026041 0.144582272241847 0.120389386346833 0.240326953092911 0.0715928694652099 0.0476053561159944 0.0967304690708946 0 0 0.144582272241847 0.125975519592541 0.564979873490512 0.0723732851392426 0 0 0 0 0 0 0
1 0.759673046907089 0.92844820504395 0.927996385443194 1 1 1 1 1 1 1 0.839152222130946 0.811796599030642 0.433089624578986 0.629836523453545 0.355623100303951 0.316971987184753 0.355623100303951 0.317054136203072 0.317054136203072 0.21576439661546 0.023823215312577 0 0 0 0 0 0 0 0 0 0 0 0.0476875051343136 0 0 0 0.047646430625154 0.0234946192393001 0 0 0 0.047646430625154 0.0716750184835291 0 0 0 0 0 0 0 0 0.023823215312577 0.144582272241847 0.144582272241847 0.168076891481147 0.168076891481147 0.0477696541526329 0.0480161012075906 0.0237821408034174 0 0 0 0.19769161258523 0.674689887455845 0.159779840630904 0 0 0 0 0 0 0
0.976053561159944 0.976053561159944 0.759673046907089 1 1 0.976012486650785 0.976217859196583 1 1 1 1 0.690257126427339 0.414359648402202 0.394972480078863 0.433089624578986 0.355623100303951 0.394726033023905 0.336071633943974 0.297954489443851 0.278567321120513 0.216339439743695 0.168405487554424 0 0 0 0 0 0 0 0 0 0 0 0 0 0 0 0 0 0 0 0 0 0 0 0 0 0 0 0 0 0.0723732851392426 0 0.191612585229607 0.168076891481147 0.168734083627701 0 0.216175141707057 0 0 0 0.0237821408034174 0.0245625564774501 0.559722336318081 0.514499301733344 0.140680193871683 0 0 0 0 0 0 0
0.808469563788713 0.808469563788713 0.927996385443194 1 1 0.951819600755771 1 1 1 1 0.775199211369424 0.519592540869137 0.433089624578986 0.352049618007065 0.61003861003861 0.394109915386511 0.331799884991374 0.297954489443851 0.278567321120513 0.240326953092911 0.0245625564774501 0.216339439743695 0.240326953092911 0.143596484022016 0 0 0 0 0 0 0 0 0 0 0 0 0 0 0 0 0 0 0 0 0 0 0 0 0 0 0.0965661710342561 0.0478107286617925 0.072003614556806 0.12071798242011 0.0965661710342561 0.144582272241847 0.168076891481147 0.0242339604041732 0 0 0 0 0.0632136695966483 0.4038856485665 0.432391357923273 0 0 0 0 0 0 0 0
0.783907007311263 0.928283907007311 0.880226731290561 1 1 0.855664174813111 1 0.952682165448123 0.80666228538569 0.557340014786823 0.519305019305019 0.566129959746981 0.337468167255401 0.414359648402202 0.414359648402202 0.355623100303951 0.331799884991374 0.331799884991374 0.278567321120513 0.216339439743695 0.144335825186889 0.0245625564774501 0.168364413045264 0.240326953092911 0.120225088310195 0 0 0 0 0 0 0 0 0 0.0476875051343136 0 0 0 0 0 0 0 0 0 0 0 0 0 0 0.0483857717900271 0.023823215312577 0.048180399244229 0 0 0.048180399244229 0.023823215312577 0 0.0242339604041732 0 0 0.0237821408034174 0 0 0.0580793559516964 0.362482543333607 0.159779840630904 0 0 0 0 0 0 0
0.952066047810729 0.759673046907089 0.976012486650785 1 1 1 1 0.952682165448123 0.641378460527397 0.513965333114269 0.543292532654235 0.484309537501027 0.433089624578986 0.414359648402202 0.355623100303951 0.33652345354473 0.293148771872176 0.331799884991374 0.216503737780334 0.216503737780334 0.240326953092911 0.144828719296804 0.144335825186889 0 0 0 0 0 0 0 0 0 0 0 0 0 0 0 0 0 0 0 0 0 0 0 0 0 0.023823215312577 0.0483857717900271 0.0723732851392426 0.14421260165941 0.048180399244229 0.072332210630083 0.048180399244229 0 0 0 0 0 0 0 0 0 0.0580793559516964 0.250431282346176 0 0 0 0 0 0 0
0.976012486650785 0.952066047810729 0.975807114104987 0.855171280703196 1 1 0.906637640680194 1 0.773638380021359 0.399654974123059 0.541978148361127 0.352090692516224 0.414359648402202 0.414359648402202 0.307853446151318 0.274131274131274 0.331799884991374 0.331799884991374 0.254744105807936 0.274131274131274 0.216503737780334 0.216503737780334 0.096689394561735 0.0964018729976177 0 0 0 0 0 0 0 0 0.0476875051343136 0 0 0 0 0 0 0 0 0 0 0 0 0 0 0 0 0.0958679043785427 0.120060790273556 0.120060790273556 0.048180399244229 0 0.168159040499466 0 0 0.0378296229360059 0 0 0 0 0 0 0 0.178509816807689 0 0 0 0 -9999 -9999 0
0.976012486650785 0.808387414770394 0.976012486650785 0.975807114104987 1 0.878049782305101 0.547851803170952 1 0.627618499958925 0.499219584325967 0.347654645526986 0.288918097428736 0.375872833319642 0.375872833319642 0.312700238232153 0.274131274131274 0.331799884991374 0.225950874887045 0.254744105807936 0.216503737780334 0.216503737780334 0.19226977737616 0.096689394561735 0.096689394561735 0.0245625564774501 0 0 0 0 0 0 0 0.0241928858950136 0 0 0 0 0 0 0 0 0 0 0 0 0 0 0.023823215312577 0.0954982337961061 0.023823215312577 0 0.120060790273556 0.144664421260166 0 0 0.048180399244229 0 0.0569292696952271 0 0 0.0237821408034174 0 0 0 0 0.0393493797749117 0.0482214737533886 0 0 0 -9999 -9999 0
0.976012486650785 0.808387414770394 1 0.951819600755771 1 1 0.567238971494291 0.9060215230428 0.586133245707714 0.629836523453545 0.33652345354473 0.288918097428736 0.308017744187957 0.269900599687834 0.250349133327857 0.33652345354473 0.250349133327857 0.278567321120513 0.216503737780334 0.216503737780334 0.19226977737616 0.144828719296804 0.120841205947589 0.0729072537583176 0.120841205947589 0.120225088310195 0 0 0 0 0 0 0 0 0 0 0 0 0 0 0 0 0 0 0 0 0.023823215312577 0.0959500533968619 0.14421260165941 0.023823215312577 0 0.168159040499466 0 0.12071798242011 0 0.120060790273556 0.120800131438429 0.0569292696952271 0 0 0 0 0 0.121087653002547 0 0 0.159779840630904 0 0 0 0 0 0
0.952189271338207 0.951819600755771 1 1 1 0.783660560256305 0.855828472849749 0.677688326624497 0.490142117801692 0.485418549248336 0.327404912511295 0.317505955803828 0.293682740491251 0.254744105807936 0.250349133327857 0.274131274131274 0.19226977737616 0.19226977737616 0.216503737780334 0.216503737780334 0.19226977737616 0.120841205947589 0.120841205947589 0.120841205947589 0.240326953092911 0.168159040499466 0 0 0 0 0 0.0241928858950136 0 0 0 0 0 0 0 0 0 0 0 0 0 0 0.144171527150251 0.168159040499466 0.072003614556806 0.0965661710342561 0.0478107286617925 0.168159040499466 0 0.144664421260166 0.072332210630083 0 0.023823215312577 0.0378296229360059 0 0 0 0 0 0 0 0 0.116117637394233 0 0 0 0 0 0
0.808469563788713 0.951819600755771 0.951819600755771 0.975807114104987 1 0.831840959500534 0.855828472849749 0.951285632136696 0.905775075987842 0.402530189764232 0.347654645526986 0.240326953092911 0.288918097428736 0.288918097428736 0.235151564938799 0.240326953092911 0.19226977737616 0.19226977737616 0.19226977737616 0.216503737780334 0.19226977737616 0.120841205947589 0.168282264026945 0.216339439743695 0.120553684383472 0.0241928858950136 0 0 0 0 0 0.0241928858950136 0 0 0 0 0 0 0 0 0 0 0 0 0 0.023823215312577 0.143596484022016 0.168159040499466 0.168159040499466 0.144664421260166 0.168159040499466 0.168159040499466 0.144664421260166 0.168159040499466 0.120060790273556 0.023823215312577 0.0725786576850407 0.0378296229360059 0 0 0 0 0 0 0 0.0242339604041732 0.0482214737533886 0 0 0 0 0 0
1 0.976012486650785 0.976012486650785 1 0.807606999096361 0.831840959500534 0.855828472849749 0.951285632136696 0.849954818039924 0.811796599030642 0.328267477203647 0.216503737780334 0.355623100303951 0.288918097428736 0.240326953092911 0.240326953092911 0.19226977737616 0.19226977737616 0.19226977737616 0.19226977737616 0.19226977737616 0.144828719296804 0.216503737780334 0.240326953092911 0.144787644787645 0 0 0 0 0 0 0.0241928858950136 0.0241928858950136 0 0 0 0 0 0 0 0 0 0 0 0.168159040499466 0.120060790273556 0.120060790273556 0.168159040499466 0.144664421260166 0.0968947671075331 0.144664421260166 0.12071798242011 0.120060790273556 0.14421260165941 0.0478107286617925 0 0.0239464388400559 0.0378296229360059 0 0 0 0.048180399244229 -9999 -9999 0 0 0.0673211205126099 0 0 0 0 0.0718393165201676 0.048180399244229
1 1 0.975807114104987 1 0.783660560256305 0.879815986198965 0.879980284235603 0.975848188614146 0.709151400640762 0.811796599030642 0.375872833319642 0.317505955803828 0.312700238232153 0.312700238232153 0.216503737780334 0.230961965004518 0.19226977737616 0.19226977737616 0.19226977737616 0.19226977737616 0.216503737780334 0.16877515813686 0.216339439743695 0.240326953092911 0.0234946192393001 0 0 0 0 0 0 0.0241928858950136 0.0241928858950136 0 0 0 0 0 0 0 0 0 0 0 0 0.168159040499466 0.168159040499466 0.144664421260166 0.144664421260166 0.144664421260166 0.144664421260166 0.048180399244229 0.0478107286617925 0.072003614556806 0 0 0 0 0 0 0 -9999 -9999 -9999 -9999 0 0 0 0 0.16778936991703 0.240326953092911 0.047646430625154 0
1 1 1 0.807606999096361 0.855623100303951 0.879815986198965 0.97543744352255 0.97543744352255 0.524850078041567 0.524685780004929 0.352090692516224 0.33652345354473 0.269900599687834 0.33652345354473 0.274131274131274 0.307853446151318 0.216503737780334 0.19226977737616 0.19226977737616 0.216503737780334 0.216503737780334 0.216503737780334 0.192516224431118 0.240326953092911 0 0 0 0 0 0 0 0 0 0 0 0 0 0 0 0 0 0 0 0 0 0.0959500533968619 0.168159040499466 0.144664421260166 0.144664421260166 0.144664421260166 0.12071798242011 0.0478107286617925 0.119444672636162 0 0 0 0 0 0 -9999 -9999 -9999 -9999 -9999 -9999 0 0 0 0 0.168569785591062 -9999 -9999 0
1 0.783496262219666 1 0.807894520660478 0.879815986198965 0.951285632136696 1 0.793066622853857 0.481598619896492 0.288918097428736 0.288918097428736 0.288918097428736 0.264684137024563 0.312700238232153 0.331799884991374 0.220816561242093 0.216503737780334 0.240326953092911 0.19226977737616 0.216503737780334 0.216503737780334 0.169226977737616 0.168734083627701 0.120348311837674 0 0 0 0 0 0 0 0 0 0 0 0 0 0 0 0 0 0 0 0 0 0 0.168159040499466 0.0478107286617925 0.168159040499466 0.144664421260166 0 0 0 0.144335825186889 0.0483857717900271 0 0 0 -9999 -9999 -9999 -9999 -9999 -9999 -9999 -9999 -9999 -9999 -9999 -9999 -9999 -9999 -9999
1 1 1 0.903967797584819 1 1 0.793066622853857 0.568224759714121 0.288918097428736 0.288918097428736 0.331840959500534 0.331799884991374 0.331799884991374 0.355623100303951 0.331799884991374 0.274131274131274 0.216503737780334 0.216503737780334 0.144171527150251 0.143925080095293 0.216339439743695 0.048714367863304 0.0729072537583176 0 0 0 0.0237821408034174 0 0 0 0 0 0 0 0 0 0 0 0 0 0 0 0 0 0 0 0.144664421260166 0.0239875133492155 0 0 0 0.0239464388400559 0.0239464388400559 0.0725786576850407 0.0239464388400559 0 0 -9999 -9999 -9999 -9999 -9999 -9999 -9999 -9999 -9999 -9999 -9999 -9999 -9999 -9999 -9999 -9999
1 1 0.855828472849749 1 1 0.811796599030642 0.391275774254498 0.304772857964347 0.288918097428736 0.414359648402202 0.409266409266409 0.414359648402202 0.355623100303951 0.33652345354473 0.274131274131274 0.254744105807936 0.216503737780334 0.119978641255237 0.19226977737616 0.240326953092911 0.120307237328514 0.0968536925983734 0.0245625564774501 0 0 0 0 0 0 0 0 0 0 0 0 0 0 0 0 0 0 0 0 0 0 0 0 0 0.0239875133492155 0 0 0 0.0722911361209233 0.0719625400476464 0 0 0 -9999 -9999 -9999 -9999 -9999 -9999 -9999 -9999 -9999 -9999 -9999 -9999 -9999 -9999 -9999 -9999
1 1 0.981023576768258 0.886675429228621 0.830567649716586 0.796722254169063 0.367082888359484 0.331840959500534 0.414359648402202 0.566171034256141 0.414359648402202 0.589994249568718 0.44869793805964 0.30764807360552 0.293148771872176 0.254744105807936 0.144171527150251 0.216503737780334 0.240326953092911 0.192105479339522 0.0239464388400559 0.120348311837674 0.0476875051343136 0.0721679125934445 0 0 0 0 0 0 0 0 0 0 0 0 0 0 0 0 0 0 0 0 0.0239875133492155 0.09615542594266 0.0481393247350694 0 0.12071798242011 0 0 0 0.0239464388400559 0.023823215312577 0 0 0 0 -9999 -9999 -9999 -9999 -9999 -9999 -9999 -9999 -9999 -9999 -9999 -9999 -9999 -9999 -9999
1 1 1 0.793518442454613 0.758728333196418 1 0.357101782633697 0.347654645526986 0.414359648402202 0.375872833319642 0.331799884991374 0.327897806621211 0.352049618007065 0.331799884991374 0.336071633943974 0.278567321120513 0.216503737780334 0.19226977737616 0.240326953092911 0.168282264026945 0.0727018812125195 0.0241928858950136 0 0 0 0 0 0 0 0 0 0 0 0 0 0 0 0 0 0 0 0 0 0 0 0 0.0719625400476464 0.09615542594266 0 0 0 0 0.144500123223527 0.192885895013555 0 0 0 0.0237821408034174 -9999 -9999 -9999 -9999 -9999 -9999 -9999 -9999 -9999 -9999 -9999 -9999 -9999 -9999 -9999
