data-raw/DATASET_PNE/a_DATA/PFGS/ENVSUIT_A1B/HS_f30_C1_ruderal.asc
NCOLS 619 
NROWS 782 
XLLCORNER 876826 
YLLCORNER 1947424 
CELLSIZE 100 
NODATA_value -9999 
[rows 248 to 278 of 782, columns 207 to 275 of 619]
0.0180394274912233 0.0180394274912233 0.0180394274912233 0.0180394274912233 0 0 0.0553605184985147 0 0 0 0 0 0.109802862543883 0.127464218201458 0.154577369700243 0.182014582770726 0.0995409127734269 0.293599783958952 0.366459627329193 0.805184985147178 0.965811504185795 1 1 1 1 1 1 0.933135295706184 0.513691601404267 0.366459627329193 0.325303807723467 0.26351606805293 0.0269511207129355 0.0547123953551175 0 0.136753983256819 0.272427761274642 0.290467188765866 0.26351606805293 0.290467188765866 0.57407507426411 0.959762354847421 1 0.871995679179044 0.9647312989468 0.982122603294626 1 1 0.982122603294626 1 0.983688900891169 1 1 1 1 1 1 1 1 1 1 1 1 1 1 1 1 1 1
0 0.0180394274912233 -9999 -9999 -9999 -9999 0 0 0 0 0 0 0 0 0.0730218741560897 0.0727518228463408 0.154091277342695 0.0721036997029436 0.0449905482041588 0.366459627329193 0.625060761544693 0.949176343505266 1 1 1 1 1 0.797083445854712 0.443316230083716 0.347934107480421 0.290467188765866 0.262921955171483 0.0269511207129355 0 0 0.0550904671887659 0.218363489062922 0.339940588711855 0.280421280043208 0.290467188765866 0.347015933027275 0.838401296246287 0.366459627329193 0.366459627329193 0.580124223602484 1 1 1 0.418309478800972 0.366459627329193 0.55754793410748 0.702187415608966 1 1 1 1 1 1 1 1 1 1 1 1 1 1 1 1 1
0 -9999 0 -9999 -9999 -9999 -9999 0 0 0 0 0 0 0 0.154577369700243 0.100297056440724 0.18125843910343 0.0180394274912233 0.0722657304887929 0.227599243856333 0.339184445044558 0.625060761544693 0.933135295706184 1 1 1 1 0.765001350256549 0.401566297596543 0.262921955171483 0.290467188765866 0.135727788279773 0 0.0550904671887659 0.0271671617607345 0 0 0.26351606805293 0.445962732919255 0.235646772886849 0.235646772886849 0.77871995679179 0.290467188765866 0.329084526059951 0.329084526059951 0.850985687280583 0.850985687280583 0.743127194166892 0.329084526059951 0.329084526059951 0.471995679179044 0.401566297596543 0.983688900891169 1 1 1 1 1 1 1 1 1 1 1 1 1 1 1 1
-9999 -9999 0 -9999 -9999 0 0 0 0 0 0 0 0 0 0.0180394274912233 0.0180394274912233 0.0997029435592763 0.0180394274912233 0.0180394274912233 0.0722657304887929 0.200648123143397 0.465190386173373 0.800324061571699 0.965811504185795 1 0.982122603294626 0.983688900891169 0.784769106130165 0.688846880907372 0.290467188765866 0.290467188765866 0.272427761274642 0.0550904671887659 0 0 0 0.081879557115852 0.190278152849041 0.126816095058061 0.153605184985147 0.262921955171483 0.262921955171483 0.208479611126114 0.290467188765866 0.77871995679179 0.77871995679179 0.77871995679179 0.77871995679179 0.263192006481231 0.290467188765866 0.290467188765866 0.384391034296516 0.885012152308939 1 1 1 1 0.837051039697542 1 1 1 1 1 1 1 1 1 1 1
-9999 -9999 -9999 -9999 -9999 -9999 -9999 0 0 0 0 0 0 0 0 0 0.0454766405617067 0.126816095058061 0.0997029435592763 0.0449905482041588 0.0722657304887929 0.311747231974075 0.660167431812044 0.900405076964623 0.965811504185795 0.774993248717256 0.883931947069943 0.641965973534972 0.308398595733189 0.290467188765866 0.181528490413179 0.137348096138266 0 0 0 0.0271671617607345 0 0 0.0274372130704834 0.0998649743451256 0.234998649743451 0.262921955171483 0.263192006481231 0.181582500675128 0.235646772886849 0.290467188765866 0.723305428031326 0.236078854982447 0.209127734269511 0.235646772886849 0.290467188765866 0.308398595733189 0.523359438293276 1 1 1 1 1 0.917850391574399 1 1 1 1 1 1 1 1 1 1
-9999 -9999 -9999 -9999 -9999 0 0 0 0 0 0 0 0 0 0 0 0.0180394274912233 0.263678098838779 0.236132865244396 0.0722657304887929 0.0451525789900081 0.339022414258709 0.625060761544693 0.867404806913313 0.883931947069943 0.625060761544693 0.927572238725358 0.257682959762355 0.208965703483662 0.290467188765866 0.164461247637051 0.0825276802592493 0 0 0 0 0 0 0.0815014852822036 0.108776667566838 0.154307318390494 0.234998649743451 0.234998649743451 0.234998649743451 0.235754793410748 0.290467188765866 0.507966513637591 0.297542533081285 0.208695652173913 0.502943559276262 0.290467188765866 0.290467188765866 0.401296246286794 0.761328652443964 1 1 1 1 1 1 1 1 1 1 1 1 1 1 1
0 -9999 -9999 -9999 -9999 0 0 0 0 0 0 0 0 0 0 0 0 0.0180394274912233 0.0721036997029436 0.0993788819875776 0.0451525789900081 0.219497704563867 0.405238995409128 0.763597083445855 0.625060761544693 0.625060761544693 0.366459627329193 0.0993788819875776 0.290467188765866 0.236726978125844 0.109424790710235 0 0 0 0 0 0 0 0 0.0543883337834189 0.135943829327572 0.108776667566838 0.162894950040508 0.0542263029975695 0.263678098838779 0.182014582770726 0.235970834458547 0.208695652173913 0.0180394274912233 0.262921955171483 0.181042398055631 0.208965703483662 0.235646772886849 0.384391034296516 0.864812314339724 1 1 1 1 1 1 1 1 1 1 1 1 1 1
0 -9999 -9999 -9999 0 0 0 0 0 0 0 0 0 0 0.0180394274912233 0.0180394274912233 0 0.0449905482041588 0.0722657304887929 0.0993788819875776 0.126546043748312 0.165595463137996 0.455846610856063 0.641911963273022 0.290737240075614 0.366459627329193 0.311261139616527 0.0449905482041588 0.290467188765866 0.208803672697813 0 0.0274372130704834 0 0 0.136753983256819 0 0 0 0 0 0 0 0 0 -9999 0.135943829327572 0.290467188765866 0.135727788279773 0.262921955171483 0.208479611126114 0.135727788279773 0.235754793410748 0.290467188765866 0.290467188765866 0.384391034296516 0.983688900891169 1 1 1 1 1 1 1 1 1 1 1 1 1
0 0 -9999 -9999 0 -9999 -9999 0 0 0 0 0 0 0 0.0180394274912233 0 0.0180394274912233 0.0449905482041588 0.0724277612746422 0.0993788819875776 0.146745881717526 0.344477450715636 0.660167431812044 0.625060761544693 0.275020253848231 0.366459627329193 0.228625438833378 0.18125843910343 0.127788279773157 0.0180394274912233 0 0 0.0272751822846341 0 0 0 0 0 0 0 -9999 0 0 -9999 0 0 0.110072913853632 0 0 0.0180394274912233 0.0269511207129355 0.272427761274642 0.26351606805293 0.290467188765866 0.523251417769376 0.844396435322711 1 1 1 1 1 1 1 1 1 1 1 1 1
0 -9999 0 0 0 0 0 0 0 0 0 0 0 0 0 0 0.0180394274912233 0.0449905482041588 0.0449905482041588 0.0993788819875776 0.387145557655955 0.695436132865244 0.625060761544693 0.444990548204159 0.275020253848231 0.292573588981907 0.182014582770726 0.18125843910343 0.0454766405617067 0.0275452335943829 0 0.0825276802592493 0.0826357007831488 0 0 0 0 -9999 0 0 -9999 -9999 -9999 0 -9999 0 0 0 -9999 0.191574399135836 0 0.164299216851202 0.26351606805293 0.290467188765866 0.365865514447745 0.881123413448555 1 1 1 1 1 1 1 1 1 1 1 1 1
-9999 -9999 0 0 -9999 -9999 -9999 0 0 0 0 0 0 0 0 0 0.0180394274912233 0.0449905482041588 0.0449905482041588 0.0918714555765595 0.689657034836619 0.625060761544693 0.211234134485552 0.275020253848231 0.137726167971915 0.284958142046989 0.182014582770726 0.0998649743451256 0.0274372130704834 0 0.0546043748312179 0 0.109586821496084 0 -9999 0 -9999 -9999 -9999 -9999 -9999 -9999 0.0547123953551175 0.136753983256819 0.108614636780988 0 0 -9999 0.136753983256819 0.0271671617607345 0 0 0.235754793410748 0.262921955171483 0.290467188765866 0.55754793410748 0.983688900891169 1 1 1 1 1 1 1 1 1 1 1 1
-9999 0 0 -9999 -9999 -9999 -9999 -9999 0 0 0 0 0 0 0 0 0.0180394274912233 0.0449905482041588 0.0449905482041588 0.230731839049419 0.5647312989468 0.577531731028895 0.0180394274912233 0.220091817445315 0.229327572238725 0.274750202538482 0.0993788819875776 0.0453146097758574 0 0 0.0274372130704834 0 0 0 -9999 -9999 -9999 -9999 0 -9999 -9999 -9999 0 0 -9999 -9999 -9999 -9999 0.0547123953551175 0 0.0550904671887659 0 0.135943829327572 0.208695652173913 0.290467188765866 0.366459627329193 0.881123413448555 1 1 1 1 1 1 1 1 1 1 1 1
-9999 0 0 0 0 -9999 -9999 -9999 0 0 0 0 0 0 0 0 0.0180394274912233 0.0449905482041588 0.0995409127734269 0.366459627329193 0.546799891979476 0.207993518768566 0.146961922765325 0.0726438023224413 0.311099108830678 0.208965703483662 0.0724277612746422 0.0180394274912233 0 0.0274372130704834 0 0 0 -9999 -9999 -9999 0 0 -9999 -9999 -9999 0 -9999 0 -9999 -9999 0 0.13637591142317 0.0272751822846341 0 0 0 0.0542263029975695 0.262921955171483 0.262921955171483 0.366459627329193 0.674696192276533 1 1 1 1 1 1 1 0.688846880907372 0.796273291925466 0.835484742100999 0.983688900891169 1
0 0 0 0 0 -9999 -9999 0 0 0 0 0 0 0 0 0 0.0180394274912233 0.0724277612746422 0.182014582770726 0.312233324331623 0.41879557115852 0.835700783148798 0.146961922765325 0.119038617337294 0.138428301377262 0.154739400486092 0.421658115041858 0.0180394274912233 0 0.0271671617607345 0 0 0 -9999 -9999 0 0 -9999 -9999 -9999 -9999 0 -9999 -9999 -9999 0 0 0 0.0272751822846341 0 0 0 0 0.262921955171483 0.154415338914394 0.310234944639481 0.471995679179044 0.901809343775317 1 1 1 1 1 0.781798541722927 0.290467188765866 0.366459627329193 0.403510667026735 0.697866594652984 0.934377531731029
0 0 0 0 0 -9999 0 0 0 0 0 0 0 0 0 0 0.0180394274912233 0.0449905482041588 0.0995409127734269 0.366459627329193 1 0.86362408857683 0.260761544693492 0.0378071833648393 0.945611666216581 0.247799081825547 0.394544963543073 0.0180394274912233 0.0998649743451256 0 0.0551984877126654 0 0 -9999 0 -9999 -9999 -9999 -9999 -9999 0 0 0 -9999 0 0 0 0.109586821496084 0 0 0 0 0 0.235754793410748 0.262921955171483 0.384391034296516 0.548852281933567 0.934377531731029 1 1 1 1 1 0.488900891169322 0.262921955171483 0.290467188765866 0.384391034296516 0.401566297596543 0.643532271131515
0 0 0 -9999 -9999 -9999 0 0 0 0 0 0 0 0 0 0 0.0180394274912233 0.0180394274912233 0.154739400486092 0.366459627329193 1 0.808749662435863 0.628625438833378 0.292141506886308 0.879233054280313 0.0725897920604915 0.421496084256009 0.0449905482041588 0 0.0546043748312179 0.0551984877126654 0 0 -9999 -9999 0 -9999 -9999 -9999 0 0 0 0 0 0 0 0 0.0272751822846341 0 0 0 0 0.126816095058061 0.262921955171483 0.262921955171483 0.384391034296516 0.664056170672428 1 1 1 1 1 0.705157980016203 0.290467188765866 0.290467188765866 0.180880367269781 0.290467188765866 0.310234944639481 0.384391034296516
0 0 -9999 -9999 -9999 -9999 -9999 -9999 0 0 0 0 0 0 0 0 0.0180394274912233 0.0449905482041588 0.0449905482041588 0.339508506616257 1 0.808749662435863 0.293707804482852 0.323413448555226 0.79756953821226 0.0995409127734269 0.0997029435592763 0.0449905482041588 0 0 0 0 0 0 -9999 -9999 -9999 -9999 -9999 0 0 0 0 0 0 0 0 0 0 0 0 0.0274372130704834 0.153767215770996 0.100513097488523 0.384391034296516 0.527464218201458 1 1 1 0.982554685390224 1 0.781798541722927 0.325303807723467 0.290467188765866 0.290467188765866 0.0815014852822036 0.290467188765866 0.290467188765866 0.290467188765866
0 0 0 0 -9999 -9999 -9999 -9999 0 0 0 0 0 0.217715365919525 0.263300027005131 0 0.0180394274912233 0.0449905482041588 0.0449905482041588 0.339508506616257 0.366459627329193 0.653146097758574 0.257412908452606 0.305320010802052 0.742263029975695 0.0449905482041588 0.0180394274912233 0.0449905482041588 0.0180394274912233 0 0 0 0 0 0 0 0 0 0 0 0 0 0 0 0 0 0 0 0 0 0.0821496084256009 0.208209559816365 0.262921955171483 0.282689711045099 0.57650553605185 1 1 1 1 0.860275452335944 1 0.705157980016203 0.290467188765866 0.290467188765866 0.0821496084256009 0 0.190170132325142 0.290467188765866 0.180556305698083
0 0 0 0 0 0 0 0 0 0 0 0 0 0.190764245206589 0.263300027005131 0.0180394274912233 0.0180394274912233 0.0449905482041588 0.0449905482041588 0.28479611126114 0.165595463137996 0.486470429381582 0.286578449905482 0.403726708074534 0.725735889819066 0.073399945989738 0.0180394274912233 0.0449905482041588 0 0 0 0 0 0 0 0 0 0 0 0 0 0 0 0 0 0.13637591142317 0.081177423710505 0 0 0 0.109424790710235 0.290467188765866 0.308398595733189 0.606157169862274 0.983688900891169 1 1 0.982122603294626 0.229111531190926 0.758682149608426 1 0.705157980016203 0.290467188765866 0.154739400486092 0.0547123953551175 0 0 0.236402916554145 0.180880367269781
0 0 -9999 -9999 0 0 0 0 0 0 0 0 0 0.163489062921955 0.263300027005131 0.308992708614637 0.0180394274912233 0.0180394274912233 0.0180394274912233 0.247421009991898 0.899162840939778 0.794274912233324 0.741884958142047 0.741398865784499 0.574993248717256 0.0180394274912233 0.0180394274912233 0 0 0 0 0 0 0 0 0 0 0 0 0 0 0 0 0 0 0 0 0 0 0 0.109424790710235 0.290467188765866 0.688846880907372 0.765487442614097 0.983688900891169 1 1 0.643424250607615 0.661301647312989 1 0.961760734539562 0.648015122873346 0.339940588711855 0.274588171752633 0 0 0 0 0.126492033486362
0 0 -9999 -9999 -9999 -9999 -9999 0 0 0 0 0 0 0 0.254280313259519 0.308992708614637 0.0180394274912233 0.0180394274912233 0.0449905482041588 0.899162840939778 0.860329462597894 0.536916014042668 0.704995949230354 0.741398865784499 0.0180394274912233 0.0180394274912233 0.0180394274912233 0 0.0180394274912233 0 0 0 0 0 0 0 0 0 0 0 0 0 0 0 0 0.0547123953551175 0 0 0 0.0819875776397515 0.20945179584121 0.290467188765866 0.705157980016203 0.983688900891169 0.983688900891169 1 1 0.140372670807453 0.588873886038347 1 0.688846880907372 0.577477720766946 0.264704293815825 0.219119632730219 0.0271671617607345 0 0 0 0
0 0 0 0 -9999 -9999 -9999 -9999 0 0 0 0 0 0 0.227329192546584 0.0180394274912233 0.0180394274912233 0.0180394274912233 0.0449905482041588 0.860329462597894 0.504185795301107 0.483823926546044 0.759762354847421 0.741398865784499 0.0180394274912233 0.0180394274912233 0 0 0 0 0 0 0 0 0 0 0 0 0 0 0 0 0 0.0272751822846341 0 0 0 0 0.0821496084256009 0.154415338914394 0.290467188765866 0.401836348906292 0.823332433162301 1 1 1 0.640939778557926 0.519308668647043 0.643208209559816 1 0.705157980016203 0.47291385363219 0.159546313799622 0.164515257899001 0 0 0 0 0
0 0 0 0 -9999 -9999 -9999 0 0 0 0 0 0 0 0.227329192546584 0.308992708614637 0.0180394274912233 0.0180394274912233 0.0647583040777748 0.860329462597894 0.504185795301107 0.402700513097489 0.704185795301107 0.760248447204969 0.0180394274912233 0.0180394274912233 0 0 0 0 0 0 0 0 0 0 0 0 0 0 0 0 0 0 0 0 0 0 0.0454766405617067 0.236132865244396 0.255792600594113 0.55754793410748 1 1 0.983688900891169 0.809289765055361 0.313205509046719 0.431704023764515 1 0.899486902511477 0.667782878746962 0.42819335673778 0.0169052119902782 0.0663246016743181 0 0 0 0 0
0 0 0 -9999 -9999 -9999 -9999 -9999 0 0 0 0 0 0 0.172940858763165 0.0180394274912233 0.0180394274912233 0.779206049149338 0.0449905482041588 0.741398865784499 0.384823116392114 0.347610045908723 0.586173372940859 0.742155009451796 0.0180394274912233 0 0 0 0 0 0 0 0 0 0 0 0 0 0 0 0 0 0 0 0 0 0 0.127464218201458 0.181042398055631 0.154739400486092 0.747394004860924 1 0.983688900891169 0.918282473669997 0.675830407777478 0.203456656764785 0.368187955711585 0.643208209559816 1 0.705157980016203 0.629165541452876 0.19287064542263 0 0.0272751822846341 0.0269511207129355 0 0 0 0
0 0 0 -9999 -9999 -9999 -9999 -9999 -9999 -9999 0 0 0 0.0267890899270861 0 0.0180394274912233 0.0180394274912233 0.0180394274912233 0.0180394274912233 0.704185795301107 0.347610045908723 0.364083175803403 0.328760464488253 0.637321091007291 0.0180394274912233 0 0 0 0 0 0 0 0 0 0 0 0 0 0 0 0 0 0 0 0 0.0180394274912233 0 0.20945179584121 0.263300027005131 0.656116662165811 1 0.901809343775317 0.713313529570618 0.657953011072104 0.50342965163381 0.410261949770456 0.502835538752363 0.553659195247097 0.705157980016203 0.629165541452876 0.42819335673778 0.0440723737510127 0 0.0826357007831488 0 0 0 0 0
0 0 0 -9999 -9999 -9999 -9999 -9999 -9999 -9999 0 0 0 0 0 0.0180394274912233 0.0180394274912233 0.0180394274912233 0.704185795301107 0.328760464488253 0.347610045908723 0.328760464488253 0.328760464488253 0.41652714015663 0.0180394274912233 0 0 0 0 0 0 0 0 0 0 0 0 0 0 0 0 0 -9999 -9999 0 0 0.0180394274912233 0.236132865244396 0.50586011342155 0.839643532271131 0.983688900891169 0.833216311099109 0.675830407777478 0.50342965163381 0.42349446394815 0.502835538752363 0.387145557655955 0.688846880907372 0.648015122873346 0.253632190116122 0.274588171752633 0 0.0547123953551175 0 0 0.0544423440453686 0 0 0
0 0 0 0 -9999 -9999 -9999 0 -9999 0 0 0 0 0.0365649473399946 0.0180394274912233 0.0180394274912233 0.394815014852822 0.704185795301107 0.394923035376722 0.328760464488253 0.598649743451256 0.308992708614637 0.308992708614637 0.0180394274912233 0.0180394274912233 0 0 0 0 0 0 0 0 0 0 0 0 0 0 0 0 0 0 0 0 0.0180394274912233 0.20945179584121 0.372724817715366 0.747394004860924 0.865082365649473 0.918282473669997 0.880907372400756 0.521307048339184 0.50342965163381 0.563759114231704 0.366459627329193 0.590116122063192 0.667782878746962 0.290467188765866 0.127464218201458 0.0821496084256009 0 0 0 0 0 0 0 0
0 -9999 0 0 0 0 0 0 0 0 0 0 0 0.0365649473399946 0.254280313259519 0.308992708614637 0.347610045908723 0.512125303807723 0.328760464488253 0.308992708614637 0.343181204428841 0.308992708614637 0.308992708614637 0.0180394274912233 0 0 0 0 0 0 0 0 -9999 -9999 -9999 0 -9999 -9999 0 0 0 0 0 0 0 0.0180394274912233 0.290467188765866 0.330056710775047 0.510072913853632 0.695868214960843 0.709208749662436 0.483067782878747 0.366459627329193 0.523683499864974 0.62819335673778 0.705157980016203 0.345071563597083 0.290467188765866 0.0454766405617067 0 0 0.0271671617607345 0.109802862543883 0 0 0 0 0 0
0 -9999 -9999 -9999 0 0 0 -9999 -9999 -9999 0 0 0 0.0267890899270861 0.20005401026195 0.0180394274912233 0.0180394274912233 0.308992708614637 0.308992708614637 0.308992708614637 0.308992708614637 0.308992708614637 0.227005130974885 0.254280313259519 0 0 0 0 0 0 0 0 0 -9999 -9999 0 0 -9999 -9999 0 0.0272751822846341 0.0169052119902782 0.0727518228463408 0.0180394274912233 0 0.0180394274912233 0.375317310288955 0.258007021334053 0.407291385363219 0.60480691331353 0.60469889278963 0.366459627329193 0.366459627329193 0.688846880907372 0.347015933027275 0.290467188765866 0.128220361868755 0.0180394274912233 0 0 0 0 0 0 0 0 0 0 0
0.0274372130704834 0 -9999 -9999 -9999 0 0 -9999 -9999 0.191250337564137 0 -9999 -9999 -9999 -9999 -9999 0.0180394274912233 0.308992708614637 0.308992708614637 0.308992708614637 0.308992708614637 0.308992708614637 0.227005130974885 0 0 0 0 0 0 0 0 -9999 0 -9999 -9999 0 0 0 0 0 0 0 0.081879557115852 0.0727518228463408 0 0.0180394274912233 0.298136645962733 0.33891439373481 0.535565757493924 0.60480691331353 0.44245206589252 0.366459627329193 0.366459627329193 0.705157980016203 0.209181744531461 0.236726978125844 0.154415338914394 0 0 0 0 0 0 0.191088306778288 0 0 0 0 0
0 -9999 0 -9999 -9999 0 0 0 0 0.191250337564137 -9999 -9999 -9999 -9999 -9999 -9999 0.254280313259519 0.254280313259519 0.254280313259519 0.254280313259519 0.281825546853902 0.281825546853902 0 0 0 0 0 0 0 0 0 -9999 0 0 0 0 0 0 0 0 0 0 0 0 0.0180394274912233 0.0180394274912233 0.236024844720497 0.33891439373481 0.797245476640562 0.339184445044558 0.945287604644882 0.339184445044558 0.33891439373481 0.457953011072104 0.0454766405617067 0.264704293815825 0 0 0 0 0 0 0 0.0272751822846341 0 0 0 0 0
