data-raw/DATASET_PNE/a_DATA/PFGS/ENVSUIT_A1B/HS_f60_P7_acer.asc
NCOLS 619 
NROWS 782 
XLLCORNER 876826 
YLLCORNER 1947424 
CELLSIZE 100 
NODATA_value -9999 
[rows 216 to 242 of 782, columns 186 to 247 of 619]
0.304378270804157 0.043930124566964 0.0560182796491487 0 0.0189798776442839 0.0189798776442839 0.0189798776442839 0.0189798776442839 0.0560182796491487 0.0189798776442839 0 0 0.0376649222377829 0.0562762585685855 0.124419547431267 0.340827006707452 0.378565637207931 0.607319230485737 0.582221567037665 0.508218471290632 0.632048352620329 1 1 1 0.851551558929756 0.925517800545441 0.97504975307732 1 1 1 1 1 1 0.974902336551927 1 1 1 1 1 1 0.361023070686224 0.317940591140267 0.118117490970738 0.205093240952311 0.262217144541903 0.632048352620329 0.632048352620329 0.632048352620329 0.669013046362497 0.778543524729122 0.876170118670303 1 1 1 1 0.0497899314513157 0.357816761258937 1 1 0.974902336551927 0.594788825827375 0.900567553622761
0.161826490749613 0.0560182796491487 0.0560182796491487 0 0 0.0189798776442839 0.0189798776442839 0.0189798776442839 0.0189798776442839 0 0 0 0 0.0189798776442839 0.323395002579789 0.385641630426771 0.56246775263507 0.607319230485737 0.582626962482494 0.632048352620329 0.632048352620329 1 1 0.975307731996757 0.851551558929756 0.925517800545441 1 1 1 1 1 1 1 1 1 1 0.851404142404364 0.975270877865409 1 0.909375691014963 0.410370752561362 0.410370752561362 0.0189798776442839 0.0562762585685855 0.361023070686224 0.632048352620329 0.632048352620329 0.632048352620329 0.632048352620329 0.632048352620329 0.742021080563131 1 1 1 1 0.594236013857153 0.074519053585907 1 1 0.900862386673546 0.654345102085944 0.900604407754109
0.0189798776442839 0.0189798776442839 0.0189798776442839 0 0 0 0.0189798776442839 0.0189798776442839 0 0 0 0 0 0.0189798776442839 0.434915604039213 0.612294538217734 0.557676715559814 0.607319230485737 0.632048352620329 0.632048352620329 0.742463330139309 1 1 0.950210068548684 0.900825532542198 1 0.97504975307732 1 1 1 1 1 1 0.888663669197317 1 1 0.950578609862165 1 1 0.754846318272278 0.335409449399278 0.410370752561362 0 0.0746296159799514 0.342485442618118 0.336293948551633 0.780017689983047 0.632048352620329 0.632048352620329 0.632048352620329 0.632048352620329 0.686813591803641 0.740804894228643 0.832903368467605 1 1 0.550674430603671 0.0186113363308027 0.950431193336773 1 0.974902336551927 1
0.0992850298518464 0.0560182796491487 0.0189798776442839 0 0 0 0.0189798776442839 0.0189798776442839 0 0 0.0189798776442839 0.043930124566964 0.0562762585685855 0.112515663005823 0.434915604039213 0.607319230485737 0.607319230485737 0.632048352620329 0.632048352620329 0.871821331171224 1 1 1 0.950357485074077 0.97504975307732 0.895149996314587 0.919584285398393 1 1 1 1 1 1 1 1 0.950578609862165 1 0.975270877865409 0.981683496719982 0.304746812117638 0.187182133117122 0.348087270583032 0.0189798776442839 0.0746296159799514 0.136949952089629 0.18703471659173 0.410370752561362 0.607319230485737 0.607319230485737 0.632048352620329 0.632048352620329 0.632048352620329 0.857853615390285 0.900604407754109 0.97504975307732 0.97504975307732 0.870715707230781 0.0493845360064863 0.338615758826564 1 1 1
0.0746296159799514 0.0373332350556497 0.0189798776442839 0 0 0 0 0 0 0.0189798776442839 0.0376649222377829 0.0376649222377829 0.0933883688361465 0.293248323137024 0.53792290115722 0.607319230485737 0.582626962482494 0.632048352620329 1 1 0.687476966167907 0.669197317019238 0.814807989975676 0.890432667502027 0.821626004275079 0.90137834451242 1 1 1 1 1 1 0.963109014520528 1 0.950578609862165 0.975270877865409 0.975270877865409 0.981683496719982 0.648853836515073 0.261258937126852 0.236087565416083 0.211653276332277 0 0.0746296159799514 0.112515663005823 0.242979287978182 0.303714896439891 0.582774379007887 0.607319230485737 0.582626962482494 0.632048352620329 1 0.900825532542198 0.974902336551927 1 1 0.92651286209184 0.488833198201518 0.0186113363308027 0.469816466425886 0.974865482420579 1
0 0 0 0 0 0 0 0 0 0.0189798776442839 0.0560182796491487 0.0992850298518464 0.29155303309501 0.35383651507334 0.532726468637134 0.632048352620329 0.632048352620329 1 1 0.650622834819783 0.632048352620329 1 1 1 0.687845507481389 0.817240362644652 1 1 1 1 1 1 0.632048352620329 0.975307731996757 0.975270877865409 0.975270877865409 0.943650033168718 0.759858480135623 0.304599395592246 0.112515663005823 0.0937569101496278 0.0746296159799514 0.0376649222377829 0.0937569101496278 0.112515663005823 0.378565637207931 0.632048352620329 0.632048352620329 0.607319230485737 0.632048352620329 0.870641998968084 1 1 1 1 1 0.97504975307732 1 1 0.98153608019459 0.649443502616643 0.575882656445788
0 0 0 0 0 0 0 0 0.0189798776442839 0.0189798776442839 0.0189798776442839 0.0933883688361465 0.310680327264686 0.53792290115722 0.582221567037665 0.582626962482494 0.632048352620329 1 0.925222967494656 0.833419326306479 0.632048352620329 0.632048352620329 0.632048352620329 0.632048352620329 0.632048352620329 0.663190093609494 1 1 1 1 1 1 0.632048352620329 0.901083511461635 0.975270877865409 1 0.925333529888701 0.684602343922754 0.292326969853321 0.075403552738262 0.0812265054912656 0.0562762585685855 0 0.0937569101496278 0.323984668681359 0.474533795238446 0.632048352620329 1 1 1 1 1 0.974902336551927 1 0.950210068548684 1 0.900604407754109 1 1 1 1 1
0 0 0 0 0 0 0 0 0 0 0.0189798776442839 0.161605365961524 0.434915604039213 0.51297265423454 0.508550158472765 0.975307731996757 1 0.950652318124862 0.819746443576325 0.650622834819783 0.632048352620329 0.607319230485737 0.532873885162527 0.582258421169013 0.669234171150586 0.821331171224294 1 1 1 1 1 1 0.557971548610599 0.875691014962777 1 0.975270877865409 0.944350261664333 0.452937274268446 0.23634554433552 0.075403552738262 0.18054838947446 0 0.0189798776442839 0.112515663005823 0.361133633080268 0.474533795238446 0.632048352620329 0.582626962482494 1 1 1 1 1 0.950357485074077 0.975307731996757 1 0.851772683717845 1 1 0.576251197759269 1 1
0 0 0 0 0 0 0 0.0189798776442839 0 0.0189798776442839 0.0992850298518464 0.354205056386821 0.434915604039213 0.53792290115722 0.607319230485737 0.975307731996757 1 0.8693521043709 0.882730154050269 0.607356084617086 0.607319230485737 0.43871157956807 0.557529299034422 0.58270067074519 1 1 1 1 0.975344586128105 1 1 0.759342522296749 0.483784182206825 0.582221567037665 0.975270877865409 0.944350261664333 0.703213680253556 0.310680327264686 0.180142994029631 0.0562762585685855 0.254440922827449 0 0.105365961524287 0.16208446966905 0.434915604039213 0.632048352620329 0.632048352620329 0.607319230485737 0.975307731996757 1 1 1 0.950357485074077 0.900567553622761 1 1 0.760263875580453 0.65029114763765 0.607392938748434 0.632048352620329 1 1
0 0 0 0 0 0 0 0.0560182796491487 0.0189798776442839 0.0992850298518464 0.137171076877718 0.410370752561362 0.434915604039213 0.607319230485737 0.950210068548684 0.950578609862165 0.92573892533353 0.702808284808727 0.507849929977151 0.632048352620329 0.607319230485737 0.557087049458244 1 0.975270877865409 0.90078867841085 0.975270877865409 0.851404142404364 0.950578609862165 0.950578609862165 0.950578609862165 1 0.607319230485737 0.607319230485737 0.532726468637134 0.90922827448957 0.797339131716665 0.372558413798187 0.236787793911698 0.0937569101496278 0.130500479103708 0.0376649222377829 0.0186850445934989 0.229748654824206 0.16208446966905 0.632048352620329 0.632048352620329 0.632048352620329 1 1 1 1 0.721051079826049 0.807953121544925 1 1 0.668460234392275 0.632048352620329 0.632048352620329 0.632048352620329 0.632048352620329 1 1
0 0 0 0 0 0 0 0.0560182796491487 0.0189798776442839 0.130537333235056 0.242021080563131 0.410370752561362 0.587565416083143 0.532726468637134 1 0.975270877865409 0.365077025134518 0.532542197980394 0.632048352620329 0.632048352620329 0.501289894597184 1 0.950726026387558 0.975270877865409 0.975270877865409 0.975270877865409 0.975270877865409 0.827154123977298 0.925444092282745 0.827264686371342 0.55756615316577 0.632048352620329 0.632048352620329 0.454558856047763 0.395223704577283 0.186739883540945 0.298297339131717 0.211358443281492 0.143509987469595 0.105845065231812 0 0.130500479103708 0.359954300877128 0.624935505270141 0.632048352620329 0.632048352620329 0.632048352620329 0.632048352620329 0.908012088155082 1 0.721051079826049 0.685081447630279 0.950578609862165 1 0.632048352620329 0.632048352620329 0.632048352620329 0.632048352620329 0.558192673398688 0.632048352620329 0.760742979287978 1
0 0 0 0 0 0 0 0.0189798776442839 0.0189798776442839 0.204208741799956 0.236456106729564 0.410186481904622 0.587565416083143 0.508587012604113 0.974902336551927 0.801135107245522 0.557676715559814 0.612294538217734 0.434915604039213 0.340827006707452 0.925333529888701 0.906759047689246 0.850814476302794 0.950173214417336 0.925628362939485 0.950726026387558 0.950320630942729 0.950320630942729 0.926181174909707 1 0.632048352620329 0.434915604039213 0.434915604039213 0.112515663005823 0.0933883688361465 0.112515663005823 0.1188545735977 0.261037812338763 0.0562762585685855 0 0.273568216997125 0.335409449399278 0.810127515294464 0.88840569027788 1 0.632048352620329 0.632048352620329 1 1 0.739957249207636 0.715264981204393 0.932114690056755 1 0.632048352620329 0.474533795238446 0.607319230485737 0.632048352620329 0.632048352620329 0.632048352620329 0.632048352620329 1 1
0.0189798776442839 0 0 0 0 0 0.0189798776442839 0.0746296159799514 0.0189798776442839 0.179516473796713 0.323395002579789 0.434915604039213 0.607319230485737 0.950210068548684 0.975270877865409 0.727684823468711 0.612294538217734 0.434915604039213 0.434915604039213 0.303714896439891 0.341600943465763 0.574519053585907 0.702476597626594 0.956806958059998 0.856895407975234 0.950173214417336 0.975270877865409 0.925628362939485 0.950173214417336 1 0.434915604039213 0.199712537775485 0.112515663005823 0.130316208446967 0.0746296159799514 0.0746296159799514 0.0937569101496278 0.0376649222377829 0.0376649222377829 0.224331097516032 0.335409449399278 0.723041202918847 0.981683496719982 1 0.975307731996757 1 1 1 0.720940517432004 0.726947740841748 0.975307731996757 0.925480946414093 0.632048352620329 0.454558856047763 0.434915604039213 0.367288273015405 0.474533795238446 0.632048352620329 0.582368983563057 0.632048352620329 1 1
0.0189798776442839 0 0 0 0 0.0189798776442839 0.0189798776442839 0.043930124566964 0.0992850298518464 0.29155303309501 0.434915604039213 0.434915604039213 0.607319230485737 0.925480946414093 0.390469521633375 0.975270877865409 0.612294538217734 0.322473649296086 0.341600943465763 0.086680916930788 0.310680327264686 0.310680327264686 0.285582663816614 0.359954300877128 0.796602049089703 0.398208889216481 0.925333529888701 0.864413650770251 0.702476597626594 0.740030957470332 0.112515663005823 0.0933883688361465 0.0746296159799514 0.0189798776442839 0.043930124566964 0.0562762585685855 0.0812265054912656 0.0186850445934989 0.21139529741284 0.285582663816614 0.471880297781381 0.822805336478219 1 1 1 1 1 0.907569838578905 0.932004127662711 0.975307731996757 1 0.741947372300435 0.410370752561362 0.434915604039213 0.335409449399278 0.373221788162453 0.434915604039213 0.434915604039213 0.375396181911992 0.582221567037665 1 1
0.0189798776442839 0 0 0 0.0189798776442839 0.0189798776442839 0.043930124566964 0.043635291516179 0.137171076877718 0.29155303309501 0.378565637207931 0.53792290115722 0.532726468637134 0.900493845360065 0.599285029851846 0.53792290115722 0.378565637207931 0.452937274268446 0.267229306405248 0.0807105476523918 0.105660794575072 0.137465909928503 0.112515663005823 0.285582663816614 0.359954300877128 0.341600943465763 0.341600943465763 0.359954300877128 0.359954300877128 0.359954300877128 0.137171076877718 0.0992850298518464 0.0189798776442839 0 0 0.0562762585685855 0 0.118412324021523 0.285914350998747 0.453526940370016 0.797855089555539 1 1 1 1 0.950578609862165 0.751713717107688 1 1 0.632048352620329 0.632048352620329 0.410370752561362 0.410370752561362 0.35442618117491 0.198312080784256 0.0992850298518464 0.410370752561362 0.416377975971106 0.410370752561362 0.375396181911992 0.703840200486474 0.767413577061989
0.0189798776442839 0 0 0 0.0189798776442839 0.0189798776442839 0.0189798776442839 0.043635291516179 0.29155303309501 0.297928797818235 0.340827006707452 0.378565637207931 0.587565416083143 0.581668755067443 -9999 0.887484336994177 0.44048057787278 0.229343259379376 0.297744527161495 0.273568216997125 0.0562762585685855 0 0 0.118338615758827 0.23634554433552 0.292326969853321 0.310680327264686 0.186739883540945 0.204393012456696 0.204393012456696 0.0992850298518464 0.0376649222377829 0.0376649222377829 0.0189798776442839 0 0 0.0812265054912656 0.242463330139309 0.434915604039213 0.668239109604187 0.981683496719982 1 1 0.975307731996757 1 0.751713717107688 0.950578609862165 0.632048352620329 0.607319230485737 0.632048352620329 0.434915604039213 0.373221788162453 0.186813591803641 0.198533205572345 0.0376649222377829 0.0189798776442839 0.304194000147416 0.223594014889069 0.316097884572861 0.373037517505712 0.48212574629616 0.483526203287389
0 0 0.0186850445934989 0 0 0 0 0.024655413871895 0.204687845507481 0.2789857743053 0.341600943465763 0.322473649296086 -9999 -9999 -9999 -9999 0.446377238888479 -9999 0.229343259379376 0.254072381513968 0.199122871673915 0.0189798776442839 0 0.130316208446967 0.112515663005823 0.112515663005823 0.161605365961524 0.0937569101496278 0.155155892975603 0.27917004496204 0.0562762585685855 0.0189798776442839 0.0189798776442839 0 0 0.0376649222377829 0.235940148890691 0.359954300877128 0.434915604039213 0.797855089555539 0.975270877865409 1 1 1 0.770619886489275 0.75834746075035 0.975307731996757 0.607319230485737 0.532726468637134 0.336404510945677 0.397766639640304 0.335409449399278 0.0746296159799514 0.0560182796491487 0 0.0189798776442839 0.148485295201592 0.0877128326085354 0.205093240952311 0.29155303309501 0.304378270804157 0.525871600206383
0 0 0.0186850445934989 0 0.0562762585685855 0.0562762585685855 0.0372963809243016 0.0562762585685855 0.248470553549053 0.2789857743053 0.2789857743053 0.14793248323137 0.410370752561362 0.410370752561362 0.434915604039213 0.367177710621361 0.248470553549053 0.248470553549053 0.267229306405248 0.229343259379376 0.0562762585685855 0 0.0376649222377829 0 0.118412324021523 0.0937569101496278 0.0937569101496278 0.0562762585685855 0.0562762585685855 0.0562762585685855 0.0376649222377829 0.0189798776442839 0 0 0 0.0376649222377829 0.193299918920911 0.310459202476598 0.410370752561362 0.767413577061989 0.975270877865409 1 1 0.925517800545441 0.795238446229822 0.851293580010319 0.582221567037665 0.607319230485737 0.37347976708189 0.24342153755436 0.236382398466868 0.0746296159799514 0.0189798776442839 0.0189798776442839 0 0.0189798776442839 0.0560182796491487 0.0376649222377829 0.0562762585685855 0.223594014889069 0.310680327264686 0.167944276553402
0 0 0.0186850445934989 0 0.0562762585685855 0.0562762585685855 0.0562762585685855 0.0562762585685855 0.229343259379376 0.222709515736714 0.222709515736714 0.123277069359475 0.19175204540429 0.273568216997125 0.043340458465394 0 0 0 0.024655413871895 0 0 0 0.0562762585685855 0 0 0.0562762585685855 0.0562762585685855 0.0562762585685855 0.0562762585685855 0.0186850445934989 0.0189798776442839 0.0189798776442839 0 0 0 0.0189798776442839 0.192194294980467 0.236087565416083 0.32376354389327 0.474533795238446 0.884499152354979 1 0.975307731996757 0.439706641114469 0.378049679369057 0.943834303825459 0.607319230485737 0.375211911255252 0.348492666027862 0.267008181617159 0.0746296159799514 0.0746296159799514 0.0189798776442839 0 0 0 0.0189798776442839 0.0189798776442839 0.0376649222377829 0.0746296159799514 0.273568216997125 0.254330360433405
0 0 0.0189798776442839 0.0186850445934989 0.0562762585685855 0.0562762585685855 0.0376649222377829 0.130316208446967 0.173067000810791 0.222709515736714 0.222709515736714 0.0740399498783814 0.204687845507481 0.0490897029557013 0 0 0 0 0 0 0 0 0.0376649222377829 0 0 0 0 0.0186850445934989 0.0186850445934989 0 0.0189798776442839 0 0 0 0.0189798776442839 0.043930124566964 0.136802535564237 0.273199675683644 0.359954300877128 0.454558856047763 0.582221567037665 0.607319230485737 0.582405837694406 0.22259895334267 0.23811454264023 0.943650033168718 0.607319230485737 0.410186481904622 0.397766639640304 0.0746296159799514 0.0189798776442839 0.0189798776442839 0.0560182796491487 0 0 0 0.0189798776442839 0.0189798776442839 0.0376649222377829 0.0937569101496278 0.1188545735977 0.205240657477703
0 0.0372963809243016 0.0189798776442839 0.0376649222377829 0.0562762585685855 0.0562762585685855 0.0186850445934989 0.0186850445934989 0.148411586938896 0.222709515736714 0.222709515736714 0.123277069359475 0.142256947003759 0.024655413871895 0 0.0189798776442839 0.180106139898283 0.0807105476523918 0.0186850445934989 0 0 0 0 0 0.0186850445934989 0 0 0 0 0 0 0 0 0 0.0189798776442839 0.0189798776442839 0.0562762585685855 0.29155303309501 0.310680327264686 0.532726468637134 0.607319230485737 0.582221567037665 0.45835483157662 0.364929608609125 0.433773125967421 0.906980172477335 0.474533795238446 0.416377975971106 0.310680327264686 0.0562762585685855 0.043930124566964 0 0.0189798776442839 0 0 0 0 0 0.0189798776442839 0.0376649222377829 0.205203803346355 0.0562762585685855
0 0.0186850445934989 0 0 0 0.0189798776442839 0.0376649222377829 0.0186850445934989 0.14793248323137 0.173067000810791 0.123277069359475 0.123719318935653 0.0490897029557013 0.024655413871895 0.0189798776442839 0 0 0.0812265054912656 0.0562762585685855 0.0189798776442839 0.043930124566964 0.0186850445934989 0 0 0 0 0 0 0 0 0 0 0 0 0.0189798776442839 0.0189798776442839 0.136802535564237 0.254440922827449 0.229822363086902 0.582774379007887 0.557676715559814 0.607319230485737 0.538991670966315 0.365077025134518 0.507481388663669 0.870863123756173 0.474533795238446 0.37897103265276 0.0746296159799514 0.0189798776442839 0.0189798776442839 0 0 0 0 0 0 0 0.0189798776442839 0.0189798776442839 0.0562762585685855 0
0 0 0 0 0.0376649222377829 0.0376649222377829 0.205203803346355 0.0562762585685855 0.0186850445934989 0.0740399498783814 0.0740399498783814 0.0490897029557013 0.0740399498783814 0.024655413871895 0.043635291516179 0.043930124566964 0 0 0 0.0562762585685855 0 0 0 0 0 0 0 0 0 0 0 0 0 0 0 0.0189798776442839 0.118301761627478 0.229785508955554 0.310680327264686 0.330692120586718 0.557676715559814 0.563389105918774 0.513083216628584 0.320852067516769 0.37112110267561 0.834524950246923 0.430014004569912 0.397766639640304 0.0746296159799514 0.0189798776442839 0.0189798776442839 0 0 0 0 0 0 0 0.0189798776442839 0.0189798776442839 0 0
0 0 0 0.0376649222377829 0.0746296159799514 0.0746296159799514 0.236087565416083 0.161826490749613 0.0562762585685855 0.0490897029557013 0.024655413871895 0.024655413871895 -9999 -9999 -9999 0.0626151691604629 0.0189798776442839 0 0 0 0 0 0.0186850445934989 0 0 0 0 0 0 0 0 0 0 0 0 0 0.043635291516179 0.229785508955554 0.340827006707452 0.355642367509398 0.582774379007887 0.531841969484779 0.487985553180512 0.277585317314071 0.401341490381072 0.5687698090956 0.359954300877128 0.261443207783593 0.0746296159799514 0.0189798776442839 0.0189798776442839 0 0 0 0 0 0 0 0 0 0 0
0 0 0.0373332350556497 0.0560182796491487 0.0189798776442839 0.0560182796491487 0.148374732807548 0.186260779833419 0.179516473796713 0.024655413871895 0.0740399498783814 0.024655413871895 -9999 -9999 -9999 0.0376649222377829 0.0376649222377829 0.0189798776442839 0 0 0 0 0 0 0 0 0 0 0 0 0 0 0 0 0 0 0.0189798776442839 0.210879339573966 0.316097884572861 0.310864597921427 0.531215449251861 0.433220313997199 0.487985553180512 0.13790815950468 0.24931819857006 0.582774379007887 0.322473649296086 0.118043782708042 0.0746296159799514 0.0189798776442839 0 0 0 0 0 0 0.0189798776442839 0 0 0 0 0
0 0 0 0.0189798776442839 0.0376649222377829 0.0189798776442839 0.0189798776442839 0.0626151691604629 0.123940443723741 0 0.0740399498783814 0.0740399498783814 -9999 -9999 -9999 0 0.0376649222377829 0.0189798776442839 0 0 0 0 0 0 0 0 0 0 0 0 0 0 0 0 0 0.043930124566964 0.0189798776442839 0.0189798776442839 0.211174172624751 0.322473649296086 0.29155303309501 0.248065158104223 0.420984742389622 0.142367509397804 0.396255620255031 0.340827006707452 0.303714896439891 0.173988354094494 0.0992850298518464 0.0189798776442839 0 0 0 0 0 0 0 0 0 0 0 0
0 0 0 0.0560182796491487 0 -9999 0.0562762585685855 0.0562762585685855 0.155155892975603 0 0.099174467457802 0.0490897029557013 0.024655413871895 0.024655413871895 -9999 0 0.0376649222377829 0.0189798776442839 0.0189798776442839 0 0 0 0 0 0 0 0 0 0 0 0 0 0 0 0 0.0189798776442839 0.043930124566964 0.0189798776442839 0.0680695805999853 0.254440922827449 0.29155303309501 0.348934915604039 0.454558856047763 0.142367509397804 0.192046878455075 0.340827006707452 0.254440922827449 0.229896071349598 0.0746296159799514 0.0189798776442839 0 0 0 0 0 0 0 0 0 0 0 0
