data-raw/DATASET_PNE/a_DATA/PFGS/ENVSUIT_A1B/HS_f15_H1_alpines.asc
NCOLS 619 
NROWS 782 
XLLCORNER 876826 
YLLCORNER 1947424 
CELLSIZE 100 
NODATA_value -9999 
[rows 600 to 629 of 782, columns 476 to 543 of 619]
1 1 1 1 1 1 1 1 1 1 1 1 1 1 1 1 1 1 1 1 1 1 1 1 1 1 1 1 1 1 1 1 1 1 1 1 0.96711266040802 1 0.959876269102097 0.509552583098412 0.433088768273592 0.325809240341187 0.168306723237038 0.170781180262566 0.125938713550568 0.0218961294740438 0.14161990582943 0.0438066460192204 0.0436627827584743 0.0654869824647903 0.0218241978436708 0 0 0 0 0 0 0 0 0 0 0 0 0 0 0 0 0
1 1 1 1 1 1 1 1 1 1 1 1 1 1 1 1 1 1 1 1 1 1 1 1 1 1 1 1 1 1 1 1 1 1 1 0.989095091819763 0.967127025127411 0.727751404047012 0.744597896933556 0.422313347458839 0.447633445262909 0.296993240714073 0.168306723237038 0.246036544442177 0.154999285936356 0.043605238199234 0.109106600284576 0.0872680172324181 0.0436627827584743 0.0546108484268188 0.0110199972987175 0 0 0 0 0 0 0 0 0 0 0 0 0 0 0 0 0
1 1 1 1 1 1 1 1 1 1 1 1 1 1 1 1 1 1 1 1 1 1 1 1 1 1 1 1 1 1 1 1 1 1 0.989095091819763 0.945245295763016 0.934426695108414 0.795410722494125 0.454021006822586 0.423493023961782 0.353733271360397 0.168306723237038 0.148841887712479 0.225291326642036 0.215364694595337 0 0.109106600284576 0.0982016995549202 0.0436627827584743 0.0218241978436708 0 0 0 0 0 0 0 0 0 0 0 0 0 0 0 0 0 0
1 1 1 1 1 1 1 1 1 1 1 1 1 1 1 1 1 1 1 1 1 1 1 1 1 1 1 1 1 1 1 1 1 0.989095091819763 0.967155814170837 0.924946039915085 0.567573010921478 0.61735001206398 0.433333344757557 0.352625511586666 0.179211628623307 0.148841887712479 0.149935260415077 0.225291326642036 0.0617465116083622 0 0.0653862729668617 0.0436627827584743 0.0328585803508759 0 0 0 0 0 0 0 0 0 0 0 0 0 0 0 0 0 0 0
1 1 1 1 1 1 1 1 1 1 1 1 1 1 1 1 1 1 1 1 1 1 1 1 1 1 1 1 1 1 1 1 1 0.978175789117813 0.906401962041855 0.680362522602081 0.597755715250969 0.433290176093578 0.359746798872948 0.179211628623307 0.148841887712479 0.160811394453049 0.226283982396126 0.0327003300189972 0 0.0328441932797432 0.0218961294740438 0.0328585803508759 0.0218961294740438 0 0 0 0 0 0 0 0 0 0 0 0 0 0 0 0 0 0 0
1 1 1 1 1 1 1 1 1 1 1 1 1 1 1 1 1 1 1 1 1 1 1 1 1 1 1 1 1 0.989095091819763 0.989095091819763 0.978175789117813 0.967155814170837 0.895597755908966 0.715451017022133 0.539706513285637 0.499956831336021 0.295712843537331 0.179211628623307 0.13798014819622 0.147791683673859 0.0532441362738609 0.0327003300189972 0 0 0.021781038492918 0.0437634885311127 0.0436627827584743 0 0 0 0 0 0 0 0 0 0 0 0 0 0 0 0 0 0 0 0
1 1 1 1 1 1 1 1 1 1 1 1 1 1 1 1 1 1 1 1 1 1 1 1 1 1 1 1 1 0.945216506719589 0.884577751159668 0.822874397039413 0.813134789466858 0.670709252357483 0.530053213238716 0.423478625714779 0.399956837296486 0.256279677152634 0.104114517569542 0.107826210558414 0.0110199972987175 0 0 0 0.021781038492918 0.0219824481755495 0 0 0 0 0 0 0 0 0 0 0 0 0 0 0 0 0 0 0 0 0 0
1 1 1 1 1 1 1 1 1 1 1 1 1 1 1 1 1 1 1 1 1 1 1 1 1 1 1 1 1 0.825061142444611 0.693813845515251 0.623277232050896 0.430599903687835 0.401769532822073 0.413724658079445 0.36494028288871 0.294748961925507 0.125924333930016 0.0642065852880478 0.0219824481755495 0 0 0 0 0 0 0 0 0 0 0 0 0 0 0 0 0 0 0 0 0 0 0 0 0 0 0 0
1 1 1 1 1 1 1 1 1 1 1 1 1 1 1 1 1 1 1 1 1 1 1 1 1 1 1 1 0.822960734367371 0.678089484572411 0.517867919057608 0.392475917004049 0.305193510837853 0.266148746013641 0.256509840488434 0.314386427402496 0.0423680059611797 0 0.0110199972987175 0 0 0.0436627827584743 0 0 0 0 0 0 0 0 0 0 0 0 0 0 0 0 0 0 0 0 0 0 0 0 0 0
1 1 1 1 1 1 1 1 1 1 1 1 1 1 1 1 1 1 1 1 1 1 1 1 1 1 1 0.875082731246948 0.617364421486855 0.489095091819763 0.315033802762628 0.256524235010147 0.227233484387398 0.0739461928606033 0.0314199402928352 0.00959574151784182 0.0110199972987175 0 0 0.0108042005449533 0 0 0 0 0 0 0 0 0 0 0 0 0 0 0 0 0 0 0 0 0 0 0 0 0 0 0 0
1 1 1 1 1 1 1 1 1 1 1 1 1 1 1 1 1 1 1 1 1 1 1 1 1 1 0.946698307991028 0.672493189573288 0.459473460912704 0.436109900474548 0.266551584005356 0.21709106862545 0.0823766365647316 0.0314199402928352 0.0110199972987175 0.0110199972987175 0 0 0 0.0110199972987175 0 0 0 0 0 0 0 0 0 0 0 0 0 0 0 0 0 0 0 0 0 0 0 0 0 0 0 0
1 1 1 1 1 1 1 1 1 1 1 1 1 1 1 1 1 1 1 1 1 1 1 1 1 0.978175789117813 0.813134789466858 0.584606543183327 0.434498637914658 0.482563661411405 0.37305423617363 0.14459790289402 0.00959574151784182 0.0422960743308067 0.0327003300189972 0.0108042005449533 0 0 0.065501369535923 0.0110199972987175 0 0 0 0 0 0 0 0 0 0 0 0 0 0 0 0 0 0 0 0 0 0 0 0 0 0 0 0
1 1 1 1 1 1 1 1 1 1 1 1 1 1 1 1 1 1 1 1 1 1 1 1 0.967242121696472 0.936786085367203 0.627032071352005 0.411350874230266 0.499841749668121 0.5 0.441476047039032 0.135807797312737 0.0206157378852367 0.0327003300189972 0.0327003300189972 0.0108042005449533 0.0326859429478645 0.0327003300189972 0.0327003300189972 0.0327003300189972 0.0218241978436708 0 0 0 0 0 0 0 0 0 0 0 0 0 0 0 0 0 0 0 0 0 0 0 0 0 0 0
1 1 1 -9999 1 1 1 1 1 1 1 1 1 1 1 1 1 1 1 1 1 1 1 0.989095091819763 0.923651278018951 0.708128333091736 0.715623646974564 0.509509414434433 0.587210476398468 0.657243564724922 0.5 0.246698319911957 0.126039415597916 0.00959574151784182 0.0110199972987175 0 0 0.0654725953936577 0.0218241978436708 0.0218241978436708 0.0218241978436708 0 0 0 0 0 0 0 0 0 0 0 0 0 0 0 0 0 0 0 0 0 0 0 0 0 0 0
1 1 1 -9999 1 1 1 1 1 1 1 1 1 1 1 1 1 1 1 1 1 1 1 0.967213362455368 0.989037543535233 0.950107902288437 0.881671696901321 0.735088482499123 0.705812111496925 0.553200978785753 0.488979995250702 0.265112936496735 0.246468126773834 0.0727521255612373 0.00959574151784182 0.0110199972987175 0 0 0.0218241978436708 0.0436483956873417 0.0108042005449533 0 0 0 0 0 0 0 0 0 0 0 0 0 0 0 0 0 0 0 0 0 0 0 0 0 0 0
1 1 1 1 1 1 1 1 1 1 1 1 1 1 1 1 1 1 -9999 1 1 1 1 0.967213362455368 0.990418642759323 0.970838725566864 0.93042728304863 0.73380808532238 0.69381383061409 0.617378786206245 0.607739888131618 0.47810386121273 0.333808094263077 0.207164436578751 0.0423680059611797 0.0110199972987175 0 0 0.0218241978436708 0.0545101426541805 0.0218241978436708 0 0 0 0 0 0 0 0 0 0 0 0 0 0 0 0 0 0 0 0 0 0 0 0 0 0 0
1 1 1 1 1 1 1 1 1 1 1 1 1 1 1 1 1 1 1 1 1 1 1 0.978118270635605 1 1 0.917306870222092 0.812760770320892 0.743360668420792 0.703582212328911 0.628283694386482 0.576248019933701 0.477715440094471 0.293885767459869 0.0750827193260193 0.0218241978436708 0 0 0.0545101426541805 0.0763487294316292 0.0654869824647903 0 0 0 0 0 0 0 0 0 0 0 0 0 0 0 0 0 0 0 0 0 0 0 0 0 0 0
1 1 1 1 1 1 1 1 1 1 1 1 1 1 1 1 1 1 1 1 1 1 1 1 1 1 1 1 1 0.950107902288437 0.645058274269104 0.488979995250702 0.557948492467403 0.304416626691818 0.0750827193260193 0.0327003300189972 0 0 0.0545101426541805 0.0763487294316292 0.0218241978436708 0 0 0 0 0 0 0 0 0 0 0 0 0 0 0 0 0 0 0 0 0 0 0 0 0 0 0
1 1 1 1 1 1 1 1 1 1 1 1 1 1 1 1 1 1 1 1 1 1 1 1 1 1 1 1 1 0.765213638544083 0.486361667513847 0.46722774207592 0.386059559881687 0.235059708356857 0.0532297529280186 0.0654725953936577 0 0.0326859429478645 0.0654725953936577 0.0763487294316292 0.0108042005449533 0 0 0 0 0 0 0 0 0 0 0 0 0 0 0 0 0 0 0 0 0 0 0 0 0 0 0
1 1 1 1 1 1 1 1 1 1 1 1 1 1 1 1 1 1 1 1 1 1 1 1 1 1 1 1 0.709394335746765 0.640382677316666 0.434498637914658 0.568896554410458 0.353316068649292 0.284246861934662 0.0206157378852367 0.0545245297253132 0 0.0326859429478645 0.0436483956873417 0.0545245297253132 0.0218241978436708 0 0 0 0 0 0 0 0 0 0 0 0 0 0 0 0 0 0 0 0 0 0 0 0 0 0 0
1 1 1 1 1 1 1 1 1 1 1 1 1 1 1 1 1 1 1 1 1 1 1 1 1 1 0.935865342617035 0.753085881471634 0.648813098669052 0.518946923315525 0.609106600284576 0.533779323101044 0.363343417644501 0.332916140556335 0.0314199402928352 0.0218961294740438 0 0.043562076985836 0.0218241978436708 0.0327003300189972 0.0108042005449533 0 0 0 0 0 0 0 0 0 0 0 0 0 0 0 0 0 0 0 0 0 0 0 0 0 0 0
1 1 1 1 1 1 1 1 1 1 1 1 1 1 1 1 1 1 1 1 1 1 1 1 0.989138245582581 0.891742199659348 0.720270484685898 0.57144296169281 0.573615312576294 0.623349159955978 0.609106600284576 0.454725928604603 0.314458340406418 0.322039991617203 0.0520644523203373 0 0 0.0218241978436708 0.0327003300189972 0.0108042005449533 0 0 0.0108761331066489 0 0 0 0 0 0 0 0 0 0 0 0 0 0 0 0 0 0 0 0 0 0 0 0 0
1 1 1 1 1 1 1 1 1 1 1 1 1 1 1 1 1 1 1 1 1 1 1 0.989138245582581 1 0.869644641876221 0.801755130290985 0.733836859464645 0.71549417078495 0.684002295136452 0.598172925412655 0.47076678276062 0.134786367416382 0.204431011341512 0.0422960743308067 0 0 0.043562076985836 0.0436483956873417 0.0218241978436708 0 0 0 0 0 0 0 0 0 0 0 0 0 0 0 0 0 0 0 0 0 0 0 0 0 0 0 0
1 1 1 1 1 1 1 1 1 1 1 1 1 1 1 1 1 1 1 1 1 0.989095091819763 0.978175789117813 0.989037543535233 0.970838725566864 0.921968072652817 0.753503084182739 0.724226728081703 0.592979423701763 0.587210476398468 0.56554452329874 0.431736439466476 0.124946050345898 0.0617465116083622 0.0327003300189972 0 0.0326859429478645 0.0327003300189972 0.0327003300189972 0.0218241978436708 0 0 0 0 0 0 0 0 0 0 0 0 0 0 0 0 0 0 0 0 0 0 0 0 0 0 0 0
1 1 1 1 1 1 1 1 1 1 1 1 1 1 1 1 1 1 1 1 0.967299669981003 0.883182287216187 0.731089055538177 0.851273208856583 0.692634150385857 0.715623646974564 0.647619053721428 0.704632431268692 0.704632431268692 0.598172925412655 0.385311460122466 0.266551584005356 0.0715724378824234 0.0422960743308067 0.0327003300189972 0.0108042005449533 0.0326859429478645 0.043562076985836 0.0108042005449533 0.0108042005449533 0 0 0 0 0 0 0 0 0 0 0 0 0 0 0 0 0 0 0 0 0 0 0 0 0 0 0 0
1 1 1 1 1 1 1 1 1 1 1 1 1 1 1 1 1 1 1 0.978175789117813 0.782319098711014 0.807596027851105 0.667357221245766 0.616414904594421 0.618702344596386 0.564264133572578 0.607768669724464 0.587210476398468 0.587210476398468 0.587296791374683 0.295497059822083 0.15442381799221 0.0605812110006809 0.0422960743308067 0.0216803345829248 0.0216659475117922 0.0326859429478645 0.0218241978436708 0.0108042005449533 0.0218241978436708 0 0 0 0 0 0 0 0 0 0 0 0 0 0 0 0 0 0 0 0 0 0 0 0 0 0 0 0
0.989095091819763 1 1 1 1 1 1 1 1 1 1 1 1 1 1 1 1 1 1 0.948870658874512 0.873154938220978 0.773859888315201 0.638296648859978 0.53139116615057 0.47865055501461 0.47020573168993 0.374363413080573 0.34784922003746 0.327305411919951 0.277571581304073 0.237059414386749 0.0823766365647316 0.0532441362738609 0.0327722616493702 0 0.0216659475117922 0.0108042005449533 0.043562076985836 0.0327722616493702 0.0218241978436708 0 0 0 0 0 0 0 0 0 0 0 0 0 0 0 0 0 0 0 0 0 0 0 0 0 0 0 0
0.989095091819763 0.989095091819763 1 1 1 1 1 1 1 1 1 1 1 1 1 1 1 1 1 1 0.970838725566864 0.863156378269196 0.596719898283482 0.47865055501461 0.299352619796991 0.266551584005356 0.227233484387398 0.216328591108322 0.237059414386749 0.255689829587936 0.104287154972553 0.0423680059611797 0.0422960743308067 0.0216803345829248 0 0 0.0108042005449533 0 0.0327003300189972 0 0 0 0 0 0 0 0 0 0 0 0 0 0 0 0 0 0 0 0 0 0 0 0 0 0 0 0 0
0.890202850103378 0.989095091819763 1 1 1 1 1 1 1 1 1 1 1 1 1 1 1 1 1 1 0.873154938220978 0.753661334514618 0.585930079221725 0.363458506762981 0.236958712339401 0.134786367416382 0.105409294366837 0.0642209723591805 0.00959574151784182 0.0618903748691082 0.0532441362738609 0.0327722616493702 0.0216803345829248 0 0 0.0327003300189972 0 0 0 0 0 0 0 0 0 0 0 0 0 0 0 0 0 0 0 0 0 0 0 0 0 0 0 0 0 0 0 0
0.829592853784561 0.989095091819763 1 1 1 1 1 1 1 1 1 1 1 1 1 1 1 1 1 1 0.902388155460358 0.744900017976761 0.520414341241121 0.457977280020714 0.266551584005356 0.155531585216522 0.0400661788880825 0.0218241978436708 0 0 0.0218961294740438 0 0 0 0 0 0 0 0 0 0 0 0 0 0 0 0 0 0 0 0 0 0 0 0 0 0 0 0 0 0 0 0 0 0 0 0 0
