data-raw/DATASET_PNE/a_DATA/PFGS/ENVSUIT_A1B/HS_f60_P7_acer.asc
NCOLS 619 
NROWS 782 
XLLCORNER 876826 
YLLCORNER 1947424 
CELLSIZE 100 
NODATA_value -9999 
[rows 432 to 458 of 782, columns 310 to 371 of 619]
0 0 0 0 0 0 -9999 0 0 -9999 -9999 0 0 0 0 0 -9999 -9999 -9999 0 -9999 -9999 0 0 0 0 0 0 0 0 0 0 0 0.0984005306994914 0.074224220535122 0 0.154676789268077 0.592872410997273 0.632048352620329 0.607098105697649 0.613694995208963 0.328849414019312 0.632048352620329 0.607319230485737 0.607319230485737 0.632048352620329 0.474533795238446 0.41630426770841 0.0814844844107025 0.0187587528561952 0 0 0 0 0 0 0 0 0 0 0 0
0 0 0 0 -9999 -9999 -9999 0 0 0 0 0 0 0 0 0 -9999 0 0 0 -9999 -9999 0 0 0 0 0 0 0 0 0 0 0 0 0 0 0.167723151765313 0.410370752561362 0.632048352620329 0.557234465983637 0.607098105697649 0.594567701039286 0.451315692489128 0.613694995208963 0.632048352620329 0.632048352620329 0.632048352620329 0.49450873442913 0.32258421169013 0.0626888774231591 0.0187587528561952 0 0 0 0 0 0 0 0.02495024692268 0.0187587528561952 0.0626888774231591 0
0 0 0 0 -9999 -9999 -9999 -9999 0 0 0 0 0 0 0 0 0 0 0 0 -9999 0 0 0 0 0 0 0 0 0 0 0 0 0 0 0 0.0377386305004791 0.241947372300435 0.410370752561362 0.632048352620329 0.632048352620329 0.607319230485737 0.476265939411808 0.613694995208963 0.632048352620329 0.632048352620329 0.632048352620329 0.632048352620329 0.632048352620329 0.476081668755067 0.391759416230559 0.297781381292843 0.211505859806884 0.0437089997788752 0.0377386305004791 0 0 0.191862607798334 0.24165253924965 0.148006191494066 0.216960271246407 0.0187587528561952
0 0 0 0 -9999 -9999 -9999 -9999 0 0 0 0 0 0 0 -9999 0 0 0 -9999 -9999 0 0 0 0 0 0 0 0 0 0 0 0 0 0 0 0 0.105623940443724 0.410370752561362 0.57308174246333 0.632048352620329 0.632048352620329 0.632048352620329 0.395629100022113 0.632048352620329 0.632048352620329 0.632048352620329 0.632048352620329 0.632048352620329 0.632048352620329 0.49469300508587 0.41630426770841 0.378823616127368 0.285177268371784 0.391759416230559 0.0377386305004791 0.260632416893934 0.303788604702587 0.32258421169013 0.266197390727501 0.266197390727501 0.0437089997788752
0 0 0 0 0 0 0 -9999 -9999 0 0 0 0 0 0 0 0 0 0 0 0 0 0 0 0 0 0 0 0 0 0 0 0 0 0 0 0 0.0244342890838063 0.0560919879118449 0.391759416230559 0.632048352620329 0.632048352620329 0.632048352620329 0.632048352620329 0.594567701039286 0.632048352620329 0.632048352620329 0.632048352620329 0.632048352620329 0.632048352620329 0.607319230485737 0.632048352620329 0.632048352620329 0.59254072381514 0.454706272573155 0.41630426770841 0.41630426770841 0.41630426770841 0.495172108793396 0.303788604702587 0.266197390727501 0.260632416893934
0 0 0 0 0 0 0 0 0 0 0 0 0 0 0 0 0 0 0 0 0 0 0 0 0 0 0 0 0 0 0 0 0 0 0 0 0 0 0 0.235903294759343 0.320409817940591 0.607319230485737 0.632048352620329 0.632048352620329 0.632048352620329 0.668902483968453 0.632048352620329 0.816024176310164 0.760632416893934 0.632048352620329 0.632048352620329 0.632048352620329 0.632048352620329 0.607319230485737 0.632048352620329 0.632048352620329 0.612515663005823 0.612515663005823 0.612515663005823 0.516805483894745 0.516805483894745 0.360138571533869
0 0 0 0 0 0 0 0 0 0 0 0 0 0 0 0 0 0 0 0 0 0 0 0 0 0 0 0 0.0250976634480725 0 0 0 0 0 0 0 0 0.0187587528561952 0.0929092651286209 0.279428023881477 0.301429940296307 0.359401488906906 0.607319230485737 0.632048352620329 0.632048352620329 0.981425517800546 1 0.852030662637282 1 0.944534532321073 0.668644505049016 0.632048352620329 0.632048352620329 0.632048352620329 0.632048352620329 0.632048352620329 0.632048352620329 0.632048352620329 0.632048352620329 0.632048352620329 0.632048352620329 0.513783445124198
0 0 0 0 0 0 0 0 0 0 0 0 0 0 0 0 0 0 0 0 0 0 0 0 0 0 0 0 0 0 0 0 0 0 0 0 0.0377386305004791 0.111889142772905 0.235903294759343 0.529741283997936 0.551227242573893 0.5451831650328 0.632048352620329 0.632048352620329 0.743200412766271 1 1 0.981978329770767 1 1 1 1 0.814992260632417 0.797339131716665 0.779538586275522 0.668644505049016 0.650364855900347 0.668644505049016 0.668902483968453 0.632048352620329 0.632048352620329 0.632048352620329
0 0 0 0 0 0 0 0 0 0 0 0 0 0 0 0 0 0 0 0 0 0 0 0 0 0 0 0 0 0 0.0377386305004791 0.0626888774231591 0.235903294759343 0.21080563131127 -9999 0.21080563131127 0.111889142772905 0.291737303751751 0.543598437384831 0.532542197980394 0.632048352620329 0.632048352620329 0.632048352620329 0.632048352620329 0.889253335298887 1 1 1 0.981978329770767 1 1 1 1 0.981978329770767 0.926623424485885 0.981978329770767 1 1 1 0.975344586128105 0.944571386452421 0.870236603523255
0 0 0 0 0 0 0 0 0 0 0 0 0 0 0 0 0 0 0 0 0 0 0 0 0 0 0 0 0 0 0.0998378418220683 0.235903294759343 0.291737303751751 0.494987838136655 0.443170929461193 0.266639640303678 0.498710105402816 0.582774379007887 0.632048352620329 0.632048352620329 0.632048352620329 0.632048352620329 0.650364855900347 0.778875211911255 1 0.950799734650254 0.950799734650254 1 0.632048352620329 1 1 1 1 1 1 1 1 1 0.814807989975676 0.797154861059925 1 1
0 0 0 0 0 0 0 0 0 0 0 0 0 0 0 0 0 0 0 0 0 0 0 0 0 0 0 0 0 0.0377386305004791 0.391759416230559 0.548352620328739 0.612405100611779 0.582221567037665 0.632048352620329 0.557234465983637 0.507997346502543 0.632048352620329 0.632048352620329 0.632048352620329 0.632048352620329 0.778948920173951 0.92573892533353 0.975344586128105 0.950799734650254 0.901046657330287 1 0.632048352620329 0.0186113363308027 0.325974791774158 0.632048352620329 0.889290189430235 1 1 0.797154861059925 0.797154861059925 0.686629321146901 0.612921058450652 0.531473428171298 0.612921058450652 0.668902483968453 0.945161052553991
0 0 0 0 0 0 0 0 0 0 0 0 0 0 0 0 0 0 0 0 0 0 0 0 0 0 0.0560919879118449 0 0 0.161457949436132 0.410370752561362 0.632048352620329 0.632048352620329 0.557234465983637 0.632048352620329 0.632048352620329 0.607319230485737 0.632048352620329 0.632048352620329 0.871968747696617 0.981425517800546 1 1 0.950799734650254 0.950799734650254 1 0.632048352620329 0.0186113363308027 0.0186113363308027 0 0.296528340827007 0.945161052553991 0.945161052553991 0.926107466647011 0.814807989975676 0.742168497088524 0.705609198791185 0.797154861059925 0.742168497088524 0.827375248765387 0.493882214196211 0.488132969705904
0 0 0 0 0 0 0 0 0 0 0 0 0 0 0 0 0 0 0 0 0 0 0 0 0 0.0377386305004791 0.131716665438196 0 0.216923417115059 0.235903294759343 0.518500773936758 0.632048352620329 0.632048352620329 0.632048352620329 0.632048352620329 0.632048352620329 0.632048352620329 0.632048352620329 0.852767745264244 1 1 0.926144320778359 1 1 0.963514409965357 0.563720793100907 0.037996609419916 0.117306700081079 0.0579715486105992 0.117306700081079 0.632048352620329 0.705609198791185 0.833419326306479 0.814807989975676 0.705609198791185 0.705609198791185 0.668902483968453 0.650622834819783 0.632048352620329 0.668902483968453 0.594236013857153 0.475528856784846
0 0 0 0 0 0 0 0 0 0 0 0 0 0 0 0 0 0 0.0250976634480725 0 0 0 0 0 0 0.292548094641409 0.410370752561362 0.14262548831724 0.210768777179922 0.518500773936758 0.607319230485737 0.632048352620329 0.632048352620329 0.632048352620329 0.632048352620329 0.632048352620329 0.650659688951131 0.925996904252967 0.975344586128105 0.975455148522149 0.950799734650254 1 1 1 0.632048352620329 0 0.295938674725437 0.527161494803567 0.315508218471291 0.724183680990639 1 1 0.981978329770767 0.814807989975676 0.632048352620329 0.632048352620329 0.632048352620329 0.632048352620329 0.650622834819783 0.600869757499816 0.632048352620329 0.587970811527972
0.0497530773199676 0.148964398909118 0 0 0 0 0 0 0 0 0 0 0 0 0 0 0 0 0.186703029409597 0.0747033242426476 0.02495024692268 0.0437089997788752 0 0 0.187071570723078 0.410370752561362 0.592872410997273 0.199675683644137 0.475823689835631 0.613694995208963 0.632048352620329 0.632048352620329 0.632048352620329 0.632048352620329 0.650659688951131 0.945455885604776 1 1 0.950799734650254 0.950799734650254 1 1 1 0.632048352620329 0.0186113363308027 0.778617232991818 0.950578609862165 0.926697132748581 1 0.975344586128105 0.975344586128105 1 1 0.797191715191273 0.76070612515663 0.778875211911255 0.760263875580453 0.632048352620329 0.814807989975676 0.981978329770767 1 1
0.0747033242426476 0 0 0 0 0 0 0 0 0 0 0 0 0 0 0 0 0.105845065231812 0.0187587528561952 0.235903294759343 0.210768777179922 0.354684160094347 0.260632416893934 0.260632416893934 0.391759416230559 0.592872410997273 0.632048352620329 0.632048352620329 0.538144025945309 0.632048352620329 0.632048352620329 0.632048352620329 0.632048352620329 0.927286798850151 1 1 0.975344586128105 0.950799734650254 0.950799734650254 1 1 1 0.315508218471291 0 0.295938674725437 0.925923195990271 1 1 0.975344586128105 0.741689393380998 0.705424928134444 0.687182133117122 0.632048352620329 0.632048352620329 0.632048352620329 0.632048352620329 0.632048352620329 0.632048352620329 0.632048352620329 0.632048352620329 0.632048352620329 0.632048352620329
0.0500479103707526 0.02495024692268 0 0 0 0 0 0 0 0 0 0 0 0 0 0 0.0560919879118449 0.205056386820963 0.107208668091693 0.582405837694406 0.582405837694406 0.607319230485737 0.395149996314587 0.199675683644137 0.607319230485737 0.632048352620329 0.632048352620329 0.632048352620329 0.632048352620329 0.632048352620329 0.632048352620329 0.871968747696617 1 1 0.975344586128105 1 0.925849487727574 1 1 1 0.588044519790669 0 0 0.926107466647011 1 1 0.95068917225621 0.864192525982163 0.632048352620329 0.632048352620329 0.632048352620329 0.632048352620329 0.632048352620329 0.632048352620329 0.632048352620329 0.632048352620329 0.607319230485737 0.632048352620329 0.612515663005823 0.612515663005823 0.513783445124198 0.513783445124198
0.02495024692268 0.02495024692268 0 0 0 0 0 0 0 0 0 0 0 0 0 0 0.105623940443724 0.23085427876465 0.582405837694406 0.582663816613842 0.607319230485737 0.632048352620329 0.632048352620329 0.632048352620329 0.607319230485737 0.632048352620329 0.632048352620329 0.632048352620329 0.632048352620329 0.632048352620329 0.834856637429056 1 0.950799734650254 0.950799734650254 0.950799734650254 1 1 1 0.926107466647011 0.0872705830323579 0.207931009066116 0.353209994840422 0.632048352620329 1 1 0.975344586128105 0.888737377460013 0.632048352620329 0.632048352620329 0.632048352620329 0.632048352620329 0.632048352620329 0.59254072381514 0.59254072381514 0.47681875138203 0.497420210805631 0.516805483894745 0.536448735903295 0.360138571533869 0.378823616127368 0.437863934547063 0.437863934547063
0.083437753372153 0.0496793690572713 0.02495024692268 0 0 0.0736714085649001 0 0 0 0 0 0 0 0 0 0 0.123866735461045 0.385715338689467 0.632048352620329 0.607319230485737 0.632048352620329 0.632048352620329 0.632048352620329 0.632048352620329 0.632048352620329 0.632048352620329 0.632048352620329 0.632048352620329 0.687771799218692 0.945455885604776 1 0.950799734650254 0.925849487727574 1 1 1 0.981978329770767 0.913982457433478 0.427765902557677 0.632048352620329 0.632048352620329 0.724220535121987 0.871637060514484 1 1 1 0.632048352620329 0.632048352620329 0.632048352620329 0.612515663005823 0.59254072381514 0.434915604039213 0.434915604039213 0.41630426770841 0.248249428760964 0.229490675904769 0.279133190830692 0.266197390727501 0.24165253924965 0.24165253924965 0.191862607798334 0.161642220092872
0.686997862460382 0.363381735092504 0.02495024692268 0.0991376133264539 0.105623940443724 0 0 0 0 0 0 0 0 0 0 0 0.0805262769956512 0.385715338689467 0.632048352620329 0.632048352620329 0.632048352620329 0.632048352620329 0.632048352620329 0.632048352620329 0.632048352620329 0.632048352620329 0.650659688951131 0.945455885604776 1 1 1 1 1 1 0.975455148522149 1 0.632048352620329 0.699380850593352 0.975307731996757 1 0.834230117196138 0.668902483968453 1 0.975344586128105 0.908564900125304 0.632048352620329 0.632048352620329 0.632048352620329 0.474533795238446 0.32258421169013 0.341600943465763 0.34793985405764 0.292363823984669 0.143325716812855 0.216960271246407 0.0929829733913172 0.266197390727501 0.24165253924965 0.142772904842633 0 0.149001253040466 0.217218250165844
0.475492002653498 0.937790226284366 0.307584580231444 0.230117196137687 0.335593720056018 0 0 0 0 0 0 0 0 0 0 0 0.0560919879118449 0.410370752561362 0.632048352620329 0.632048352620329 0.632048352620329 0.632048352620329 0.632048352620329 0.632048352620329 0.650659688951131 0.927286798850151 1 1 1 1 0.975455148522149 1 0.975455148522149 1 1 0.271393823247586 0.975455148522149 1 1 1 0.908159504680475 0.77858037886047 0.95068917225621 0.815692489128031 0.632048352620329 0.632048352620329 0.632048352620329 0.434915604039213 0.391759416230559 0.0377386305004791 0.0187587528561952 0.0187587528561952 0 0 0.0247291221345913 0.124051006117786 0.0187587528561952 0 0 0 0 0
0.331023807768851 0.222082995503796 0.531731407090735 0.211321589150144 0.267266160536596 0.0377386305004791 0 0 0 0 0 0 0 0 0 0 0.0560919879118449 0.241984226431783 0.632048352620329 0.632048352620329 0.632048352620329 0.650659688951131 0.632048352620329 0.632048352620329 0.797191715191273 1 0.950799734650254 1 0.900751824279502 0.975455148522149 1 0.975307731996757 1 0.80294095968158 0 0.926107466647011 1 0.945050490159947 1 0.945050490159947 0.833419326306479 0.908159504680475 0.975344586128105 0.632048352620329 0.632048352620329 0.632048352620329 0.49450873442913 0.391759416230559 0.0748875948993882 0 0 0 0 0 0 0 0 0.0245448514778507 0 0 0 0
0.413503353725953 0.123424485884868 0.163337510134886 0.400493845360065 0.391759416230559 0.0377386305004791 0 0 0 0 0 0 0 0 0 0 0 0.211247880887447 0.632048352620329 0.632048352620329 0.632048352620329 0.632048352620329 0.945750718655561 0.632048352620329 0.889732439006413 0.950799734650254 0.900751824279502 0.950357485074077 0.925665217070834 1 1 0.632048352620329 0.271393823247586 0.0186113363308027 0.950762880518906 1 1 0.908159504680475 0.963514409965357 0.889290189430235 0.815766197390728 1 0.908564900125304 0.632048352620329 0.607319230485737 0.632048352620329 0.434915604039213 0.0998378418220683 0 0 0 0.0492002653497457 0 0 0 0 0 0 0 0 0 0
0.475492002653498 0.364303088376207 0.172514188840569 0.696616790742242 0.430345691752045 0.249060219650623 0.235903294759343 0.186703029409597 0.148964398909118 0 0.0560919879118449 0 0 0 0 0 0.0377386305004791 0.247844033316135 0.632048352620329 0.632048352620329 0.632048352620329 0.650659688951131 1 1 0.925702071202182 0.826269624824943 0.776995651212501 0.851514704798408 0.975307731996757 1 0.853209994840422 0.778211837546989 0.0563499668312818 1 1 1 1 1 1 0.975344586128105 0.927434215375544 0.743200412766271 0.632048352620329 0.632048352620329 0.607319230485737 0.434915604039213 0.285177268371784 0.0626888774231591 0 0 0.0492002653497457 0 0 0 0 0 0 0 0 0 0 0
0.551337804967937 0.507886784108499 0.500995061546399 0.395223704577283 0.632048352620329 0.632048352620329 0.429534900862387 0.201628952605587 0.124419547431267 0.161015699859954 0.267266160536596 0.0377386305004791 0 0 0 0 0.22318861944424 0.342006338910592 0.632048352620329 0.632048352620329 0.632048352620329 0.780201960639788 1 0.950799734650254 0.801724773347092 1 1 1 0.926254883172404 0.901304636249724 0.926254883172404 0.114690056755362 0.950799734650254 1 1 1 1 1 0.981425517800546 0.650659688951131 0.632048352620329 0.632048352620329 0.632048352620329 0.613694995208963 0.59254072381514 0.378823616127368 0.216960271246407 0.149001253040466 0 0 0.0245448514778507 0 0 0 0 0 0 0 0 0 0 0
0.361170487211616 0.548573745116828 0.482273162821552 0.482936537185819 0.632048352620329 0.632048352620329 0.632048352620329 0.458502248102012 0.632048352620329 0.263101643694258 0.329881329697059 0.21080563131127 0.0377386305004791 0 0 0.186703029409597 0.323395002579789 0.518095378491929 0.632048352620329 0.632048352620329 0.632048352620329 0.927286798850151 1 0.925702071202182 0.776995651212501 1 0.975344586128105 1 0.876575514115132 0.901304636249724 0.251640008844992 0.950799734650254 1 1 0.975344586128105 1 1 0.981425517800546 0.650659688951131 0.632048352620329 0.632048352620329 0.606950689172256 0.632048352620329 0.594162305594457 0.513783445124198 0.142256947003759 0.192304857374512 0.0247291221345913 0 0 0 0 0 0 0 0 0 0 0 0 0 0
0.329955037959755 0.548573745116828 0.506928576693447 0.632048352620329 0.632048352620329 0.632048352620329 0.632048352620329 0.632048352620329 0.607319230485737 0.557713569691162 0.592872410997273 0.235903294759343 0.260632416893934 0.0626888774231591 0.0747033242426476 0.161421095304784 0.518500773936758 0.632048352620329 0.632048352620329 0.632048352620329 0.650659688951131 0.981425517800546 0.950394339205425 0.925702071202182 1 1 0.975344586128105 1 1 0.231849340311049 1 1 1 1 1 0.981425517800546 0.945455885604776 0.706235719024103 0.632048352620329 0.632048352620329 0.607319230485737 0.632048352620329 0.632048352620329 0.457691457212353 0.329586496646274 0.191862607798334 0.217218250165844 0.02495024692268 0 0 0 0 0 0 0 0 0 0 0 0 0 0
