data-raw/DATASET_PNE/a_DATA/PFGS/ENVSUIT_A1B/HS_f30_H6_megaph.asc
NCOLS 619 
NROWS 782 
XLLCORNER 876826 
YLLCORNER 1947424 
CELLSIZE 100 
NODATA_value -9999 
[rows 567 to 593 of 782, columns 360 to 419 of 619]
0.414111096611423 0.272478141719953 0.200313193266345 0 0 0 0 0 0.202966636217321 0.354517377876376 0.426769324459524 0.591500282743921 0.616990734699204 0.63556483535604 1 0.949280090478055 0.924007133846622 1 1 1 1 1 1 1 1 1 1 1 1 1 1 1 1 1 1 1 1 1 0.816999434512158 0.616990734699204 0.402192352864413 0.143285919352734 0 0 0 0 0 0 0.125146809343599 0.268171734307712 0.351472443342468 0.616990734699204 0.616990734699204 0.634955848449258 1 1 1 1 0.634955848449258 0.616990734699204
0.418982991865675 0.219235286441341 0.164034973248075 0 0 0 0 0 0.177824176780199 0.259689416677541 0.37644090652051 0.591500282743921 0.616990734699204 0.616990734699204 1 0.974857540562878 1 1 1 1 1 1 1 1 1 1 1 1 1 1 1 1 1 1 1 1 1 1 0.817521423289399 0.616990734699204 0.402192352864413 0.182609073904911 0 0 0 0 0 0.143285919352734 0.227021619035191 0.376962895297751 0.465222497716299 0.63556483535604 1 1 1 1 1 1 0.652964461264083 0.634955848449258
0.225934142415938 0.126799773804863 0.0255339510200531 0 0 0 0 0 0.177824176780199 0.25098960372352 0.451868284831876 0.591500282743921 0.616990734699204 0.63556483535604 1 1 0.847796772369394 0.847796772369394 0.974857540562878 1 1 1 1 1 1 1 1 1 1 0.981382400278394 1 1 1 1 1 1 1 1 0.799686806733655 0.63556483535604 0.548001217973814 0.176127713254165 0.0561572926182087 0 0 0.0187045978511462 0.143285919352734 0.299230066553569 0.478228718082561 0.547000739484101 0.653442950976554 1 1 1 1 1 1 1 1 0.981425899343164
0.149332289355779 0.0615076775849319 0.0507199095219453 0.177824176780199 0.0255339510200531 0 0.076514854930619 0 0.101613815302971 0.301579016051155 0.477358736787159 0.610074383400757 0.63556483535604 0.653442950976554 0.835878028622385 0.944886684936274 1 1 1 0.974857540562878 1 1 1 1 1 1 1 1 1 1 0.981382400278394 1 1 1 1 1 1 0.963330288398799 0.762538605419984 0.63556483535604 0.63556483535604 0.438818565400844 0.168819870372787 0.0187045978511462 0 0.0996563573883161 0.233763974074557 0.547000739484101 0.547000739484101 0.565400843881857 0.725955891948323 1 1 1 1 1 1 1 1 1
0.401626865022402 0.277785027621906 0.424507373091479 0.301579016051155 0.301579016051155 0.126799773804863 0.228065596589673 0.228065596589673 0 0.251337596241681 0.477358736787159 0.63556483535604 0.616990734699204 0.63556483535604 0.63556483535604 0.63556483535604 0.63556483535604 1 0.974857540562878 0.974857540562878 0.981425899343164 1 1 1 1 1 1 1 1 0.96346078559311 0.981382400278394 1 1 0.981425899343164 0.962808299621558 0.981425899343164 0.963330288398799 0.725955891948323 0.762538605419984 0.63556483535604 0.63556483535604 0.420026969420157 0.194005828874679 0.025490451955283 0 0.201487668015138 0.22684762277611 0.208099525860194 0.547000739484101 0.565400843881857 0.689634172865283 1 1 1 1 1 1 1 1 1
0.509548044717039 0.502936186871982 0.47783722649963 0.477358736787159 0.444081952238027 0.398929923006655 0.301579016051155 0.301579016051155 0.301579016051155 0.278263517334377 0.470442385488712 0.554004088912088 0.591500282743921 0.616990734699204 0.63556483535604 0.653442950976554 0.963330288398799 1 1 1 0.853712645178129 1 1 1 1 1 0.974770542433338 1 1 0.872112749575884 1 1 1 0.981425899343164 0.963330288398799 0.616990734699204 0.616990734699204 0.707990778198269 0.762538605419984 0.63556483535604 0.572578189568924 0.373004480403671 0.194005828874679 0 0.0764713558658489 0.0367132106659707 0.150332767845491 0.150463265039802 0.496411327156466 0.616468745921963 0.671495062856149 0.689416677541433 1 1 1 1 1 1 1 1
0.616990734699204 0.591848275262082 0.616990734699204 0.59097829396668 0.598590630301448 0.451868284831876 0.477358736787159 0.373439471051372 0.374265953282004 0.278611509852538 0.299273565618339 0.395015007177346 0.565400843881857 0.610074383400757 0.726086389142633 0.762712601679064 0.944712688677193 1 1 1 1 0.872069250511114 1 1 1 0.974770542433338 0.974770542433338 1 0.816825438253078 0.616990734699204 0.871982252381574 0.963330288398799 0.890338857714559 0.890338857714559 0.671582060985689 0.634868850319718 0.634868850319718 0.671582060985689 0.762538605419984 0.63556483535604 0.547000739484101 0.253034059767715 0.244769237461395 0.0185741006568359 0.0622471616860238 0.111009613293314 0.150463265039802 0.547000739484101 0.609987385271217 0.63556483535604 1 1 1 1 1 1 1 1 1 1
0.616990734699204 0.616990734699204 0.63556483535604 0.63556483535604 0.616990734699204 0.616990734699204 0.616990734699204 0.553525599199617 0.477358736787159 0.37644090652051 0.426769324459524 0.529253121057897 0.591500282743921 0.63556483535604 0.653442950976554 0.871982252381574 1 1 1 1 1 1 1 1 1 0.974770542433338 1 0.981425899343164 0.616990734699204 0.616990734699204 0.616990734699204 0.744182000086998 0.89077384836226 0.963330288398799 0.634868850319718 0.725955891948323 0.653442950976554 0.725955891948323 0.63556483535604 0.616990734699204 0.547000739484101 0.219626778024272 0.194005828874679 0.0367132106659707 0.269868197833747 0.463613032319805 0.521901779111749 0.591587280873461 0.63556483535604 1 1 1 1 1 1 1 1 1 1 1
0.926530079603288 0.853625647048588 0.653442950976554 0.616990734699204 0.616990734699204 0.653442950976554 0.981425899343164 0.762538605419984 0.610074383400757 0.495628343990604 0.528122145373874 0.616990734699204 0.63556483535604 0.653442950976554 0.963330288398799 1 1 0.835443037974683 1 1 1 1 1 1 1 1 1 0.981425899343164 0.616990734699204 0.616990734699204 0.616990734699204 0.653442950976554 0.653442950976554 0.799686806733655 1 0.890338857714559 0.817434425159859 0.707599286615338 0.63556483535604 0.610074383400757 0.413284614380791 0.269868197833747 0.201487668015138 0.111009613293314 0.398103440776023 0.547000739484101 0.565487842011397 0.835965026751925 1 1 1 1 1 1 1 1 1 1 1 1
1 0.974857540562878 0.974857540562878 0.871721257992953 0.616990734699204 0.944451694288573 1 1 0.854582626473531 0.616990734699204 0.565400843881857 0.591500282743921 0.63556483535604 0.671582060985689 0.92722606463961 1 1 0.671364565661838 1 1 1 1 1 1 1 1 0.780199225716647 0.616990734699204 0.616990734699204 0.591891774326852 0.653442950976554 0.610074383400757 0.653442950976554 0.762538605419984 1 0.817434425159859 0.653442950976554 0.63556483535604 0.565400843881857 0.48997346557049 0.463874026708426 0.219626778024272 0.0367132106659707 0.277393536038975 0.398103440776023 0.547000739484101 0.72887032928792 1 1 1 1 1 1 1 1 1 1 1 1 1
0.974857540562878 0.974857540562878 1 1 1 1 1 1 0.653442950976554 0.515681412849624 0.470224890164861 0.610074383400757 0.63556483535604 0.653442950976554 0.653442950976554 0.871982252381574 1 0.634868850319718 1 1 1 1 1 1 1 0.974857540562878 1 1 0.63556483535604 0.616990734699204 0.610074383400757 0.445734916699291 0.59097829396668 0.610074383400757 0.817434425159859 0.627952499021271 0.59097829396668 0.496237330897386 0.445821914828831 0.393536038975162 0.309495845839314 0.226369133063639 0.32780895210753 0.226369133063639 0.488711992692157 0.547000739484101 0.784418634999347 0.948932097959894 1 1 1 1 1 1 1 1 1 1 1 1
1 0.847796772369394 0.974422549915177 1 1 1 1 1 0.616990734699204 0.591500282743921 0.59097829396668 0.357040323633042 0.610074383400757 0.653442950976554 0.653442950976554 0.616990734699204 0.981425899343164 0.872417243029275 1 1 1 1 1 1 0.923876636652312 1 1 1 0.653442950976554 0.762538605419984 0.63556483535604 0.358345295576145 0.30758188698943 0.521597285658358 0.602375048936448 0.547000739484101 0.547000739484101 0.488711992692157 0.401844360346253 0.309495845839314 0.111009613293314 0.302666492670408 0.324416025055461 0.393536038975162 0.432685197268259 0.547000739484101 0.875157684109792 0.802862238461873 1 1 1 1 1 1 0.873461220583757 1 1 1 1 1
1 0.847796772369394 0.847796772369394 0.898299186567489 1 1 1 0.835486537039454 0.653442950976554 0.63556483535604 0.63556483535604 0.610074383400757 0.331419374483449 0.627952499021271 0.63556483535604 0.653442950976554 0.799208317021184 0.981425899343164 1 1 1 0.974509548044717 1 1 1 1 1 1 0.85410413676106 0.853930140501979 0.63556483535604 0.420200965679238 0.314237243899256 0.269215711862195 0.413284614380791 0.373830962634303 0.309495845839314 0.258906433511679 0.258906433511679 0.226369133063639 0.324894514767933 0.393536038975162 0.452172778285267 0.496411327156466 0.496411327156466 0.547000739484101 0.70046543999304 1 1 1 1 1 1 0.974857540562878 1 1 0.949019096089434 1 1 1
0.974770542433338 0.974596546174257 1 1 0.974422549915177 0.923876636652312 0.974857540562878 1 0.780634216364348 0.616990734699204 0.63556483535604 0.63556483535604 0.610074383400757 0.584496933315934 0.63556483535604 0.653442950976554 0.689634172865283 0.817564922354169 1 1 1 0.923876636652312 1 1 1 1 1 1 0.981425899343164 0.835312540780373 0.610074383400757 0.471007873330723 0.269215711862195 0.254513027969899 0.245030231850015 0.182565574840141 0.120709904737048 0.14589586323894 0.0622471616860238 0.201226673626517 0.317543172821784 0.451563791378485 0.369655052416373 0.408586715385619 0.547000739484101 0.609987385271217 0.63556483535604 1 1 1 1 1 1 1 1 1 1 1 1 0.974770542433338
1 1 1 0.949280090478055 1 1 0.949454086737135 1 1 0.616990734699204 0.63556483535604 0.63556483535604 0.591500282743921 0.584496933315934 0.63556483535604 0.653442950976554 0.689634172865283 0.762538605419984 1 1 1 1 1 1 1 1 1 0.871982252381574 0.835965026751925 0.817434425159859 0.627952499021271 0.445908912958371 0.342946626647527 0.117621471138371 0.076514854930619 0 0 0 0.233111488103006 0.22684762277611 0.331201879159598 0.496411327156466 0.4454304232459 0.489451476793249 0.653442950976554 0.835312540780373 1 1 1 1 1 1 0.974422549915177 1 1 1 1 1 1 1
0.898560180956109 1 1 1 1 1 1 0.898516681891339 1 0.871721257992953 0.653442950976554 0.616990734699204 0.616990734699204 0.63556483535604 0.627952499021271 0.653442950976554 0.689634172865283 0.762538605419984 0.92722606463961 0.962808299621558 1 1 1 1 1 1 0.908173474270303 0.707555787550568 0.63556483535604 0.627952499021271 0.547000739484101 0.393536038975162 0.111009613293314 0.0441080516768889 0 0 0 0.0441950498064292 0.295271651659489 0.299273565618339 0.324938013832703 0.369655052416373 0.565400843881857 0.817434425159859 1 1 1 1 1 1 1 0.974857540562878 1 1 1 1 1 1 0.981425899343164 0.912523380747314
1 1 1 1 1 0.89059985210318 0.872330244899735 1 1 1 0.67206055069816 0.616990734699204 0.616990734699204 0.616990734699204 0.395015007177346 0.63556483535604 0.653442950976554 0.780895210752969 0.890338857714559 0.981425899343164 1 1 1 1 0.981382400278394 0.690069163512984 0.981425899343164 0.653442950976554 0.610074383400757 0.496411327156466 0.247248684153291 0.201226673626517 0.0803862716951586 0 0 0 0 0.150680760363652 0.22684762277611 0.3683065814085 0.547000739484101 0.610074383400757 0.89077384836226 1 1 1 1 1 1 1 0.949628082996215 1 1 1 1 1 1 1 0.88277002044456 1
1 1 1 0.974770542433338 1 0.653442950976554 0.616990734699204 0.671364565661838 0.634868850319718 1 0.926530079603288 0.78133020140067 0.725955891948323 0.63556483535604 0.63556483535604 0.610074383400757 0.653442950976554 0.963330288398799 1 0.762451607290443 1 1 1 1 0.853625647048588 1 1 0.682065335595285 0.565400843881857 0.306059419722476 0.209404497803297 0.0920875201183175 0.0764713558658489 0.0508504067162556 0 0 0.125146809343599 0.284005393884031 0.489407977728479 0.427378311366306 0.63556483535604 0.653442950976554 0.981382400278394 1 1 1 1 1 1 0.949628082996215 0.981643394667015 1 1 1 1 1 1 0.963069294010179 1 1
1 0.923746139458002 1 0.974770542433338 1 0.616990734699204 0.835399538909913 1 0.671364565661838 1 1 0.926356083344208 0.853930140501979 0.602375048936448 0.63556483535604 0.584496933315934 0.653442950976554 1 0.634868850319718 0.872243246770194 1 1 1 1 1 1 0.974509548044717 0.598068641524207 0.3683065814085 0.175866718865544 0.0733829222671712 0.0255339510200531 0.025490451955283 0.0764713558658489 0 0.219626778024272 0.233763974074557 0.533081038757667 0.547000739484101 0.63556483535604 1 1 1 1 1 1 1 1 1 1 1 1 1 1 1 1 1 0.974857540562878 1 1
1 1 1 0.974770542433338 1 0.889947366131628 1 1 1 1 1 0.981425899343164 0.963330288398799 0.762538605419984 0.559093479490191 0.413589107834182 0.63556483535604 1 0.653442950976554 0.725955891948323 1 1 1 1 0.926530079603288 0.572491191439384 0.598068641524207 0.37644090652051 0.284309887337422 0.295271651659489 0.126930270999174 0.0764713558658489 0 0 0.219626778024272 0.278655008917308 0.528818130410196 0.427378311366306 0.609987385271217 0.653442950976554 1 1 1 1 1 1 0.974770542433338 1 1 1 1 1 1 1 1 1 0.873156727130367 1 1 1
1 1 0.924137631040933 1 1 1 1 1 1 1 0.67206055069816 0.853799643307669 0.762538605419984 0.689938666318674 0.351515942407238 0.28761581625995 1 1 1 1 1 1 1 1 0.47766323024055 0.427639305754926 0.501022228022098 0.168819870372787 0.19444081952238 0.145199878202619 0.195876288659794 0.0436730610291879 0.0548523206751055 0.233763974074557 0.388446648397059 0.471660359302275 0.610074383400757 0.63556483535604 0.653442950976554 1 1 1 1 1 1 1 1 1 1 1 1 1 1 1 1 1 0.898386184697029 1 1 1
1 1 1 1 1 1 1 1 1 1 0.63556483535604 0.707599286615338 0.725955891948323 0.503414676584453 0.413589107834182 0.565400843881857 0.974422549915177 1 1 0.948932097959894 0.974509548044717 0.925312105789725 0.616599243116273 0.598068641524207 0.37644090652051 0.284309887337422 0.270085693157597 0.168819870372787 0.0255339510200531 0.0181391100091348 0.0548523206751055 0.334594806211666 0.388055156814128 0.516159902562095 0.591891774326852 0.610074383400757 0.853712645178129 1 1 1 1 1 1 1 1 1 1 1 1 1 1 1 1 1 1 0.974857540562878 1 1 1 1
1 1 1 1 1 1 1 1 0.981425899343164 0.926356083344208 0.63556483535604 0.762538605419984 0.653442950976554 0.388055156814128 0.572578189568924 0.387881160555048 0.547000739484101 0.598068641524207 0.598068641524207 0.578146069859498 0.559876462656053 0.501022228022098 0.501022228022098 0.219583278959502 0.182783070163991 0.0508504067162556 0.152551220148767 0 0 0.270172691287137 0.208143024924964 0.388446648397059 0.616990734699204 0.566314324242029 0.63556483535604 1 1 1 1 1 1 1 1 1 1 1 1 1 1 1 1 1 1 1 1 1 1 1 1 0.963895776240811
1 1 0.974770542433338 0.974770542433338 0.923876636652312 1 1 1 1 0.962808299621558 0.616990734699204 0.653442950976554 0.533907520988299 0.565400843881857 0.507590586802384 0.353342903127583 0.403975814519988 0.403975814519988 0.403975814519988 0.383531254078037 0.383531254078037 0.383531254078037 0.150680760363652 0.127408760711645 0.127408760711645 0.177650180521119 0 0.320501109226152 0.233763974074557 0.388446648397059 0.427726303884466 0.63556483535604 0.671495062856149 0.907999478011223 0.981643394667015 0.652964461264083 0.981643394667015 1 1 1 1 1 1 1 1 1 1 1 1 1 1 1 1 1 0.873156727130367 0.981425899343164 1 0.726129888207403 0.890338857714559 0.579625038061682
1 1 0.974770542433338 0.949280090478055 1 1 0.708077776327809 1 1 1 0.616990734699204 0.616990734699204 0.616990734699204 0.584496933315934 0.507590586802384 0.375222932706947 0.111009613293314 0.212362434207665 0.124320327112967 0.364609160903041 0.383531254078037 0.270085693157597 0.301579016051155 0.105528731132281 0.117621471138371 0.168819870372787 0.284309887337422 0.370177041193614 0.523163251990082 0.591500282743921 0.63556483535604 0.89077384836226 0.963286789334029 1 1 1 1 1 1 1 1 1 1 1 1 1 1 1 1 1 1 1 1 1 0.873156727130367 0.981425899343164 1 0.63556483535604 0.653442950976554 0.616468745921963
1 1 1 1 0.923876636652312 1 1 1 1 1 0.871721257992953 0.63556483535604 0.616990734699204 0.610074383400757 0.547000739484101 0.343164121971378 0.385401713863152 0.0548523206751055 0.328330940884771 0.346470050893906 0.0367132106659707 0.0920875201183175 0.284309887337422 0.233763974074557 0.208143024924964 0.233763974074557 0.388446648397059 0.573491669929097 0.616990734699204 0.653442950976554 0.981425899343164 1 1 1 1 1 1 0.974857540562878 1 1 1 1 1 1 1 1 1 0.919918221758232 1 1 1 1 1 1 0.822697811997042 1 1 0.653442950976554 0.762538605419984 0.945321675583975
1 1 1 0.981425899343164 1 1 0.923528644134151 1 1 1 1 0.944712688677193 0.63556483535604 0.616990734699204 0.369655052416373 0.269215711862195 0.277350036974205 0.295271651659489 0.202836139023011 0 0.19444081952238 0.233763974074557 0.363086693636087 0.388446648397059 0.427639305754926 0.572491191439384 0.616990734699204 0.63556483535604 0.63556483535604 0.907999478011223 1 1 1 1 1 1 1 1 1 1 1 1 1 1 1 1 0.956413937100352 1 1 1 1 1 1 1 0.873156727130367 1 1 0.634955848449258 0.981425899343164 0.799512810474575
