data-raw/DATASET_PNE/a_DATA/PFGS/ENVSUIT_A1B/HS_f60_P7_acer.asc
NCOLS 619 
NROWS 782 
XLLCORNER 876826 
YLLCORNER 1947424 
CELLSIZE 100 
NODATA_value -9999 
[rows 459 to 485 of 782, columns 124 to 185 of 619]
-9999 -9999 -9999 -9999 -9999 0 0 0.0492002653497457 0.280312523033832 0.531915677747476 0.852030662637282 0.98153608019459 0.98153608019459 0.98153608019459 0.759674209478883 0.556644799882067 0.575624677526351 0.759674209478883 0.852030662637282 0.98153608019459 1 0.944350261664333 0.925812633596226 0.870899977887521 0.687071570723078 0.480430456254146 0.889474460086976 1 1 0.925812633596226 0.963182722783224 0.907790963366993 0.889363897692931 0.98153608019459 0.98153608019459 1 0.98153608019459 0.944645094715118 0.815102823026461 0.52612957912582 0.339758236898356 0.687440112036559 0.852030662637282 0.98153608019459 1 0.98153608019459 1 1 1 1 1 1 1 1 0.854057639861428 0.632048352620329 0.434915604039213 0.498452126483379 0.612663079531216 0.434915604039213 0.612663079531216 0.434915604039213
-9999 -9999 -9999 -9999 -9999 0.0737451168275964 0.0245448514778507 0.0245448514778507 0.29509102970443 0.223004348787499 0.46130316208447 0.925812633596226 1 1 0.852030662637282 0.594751971696027 0.705240657477703 0.759674209478883 0.612441954743127 0.500073708262696 0.98153608019459 0.944350261664333 0.759674209478883 0.575624677526351 0.500073708262696 0.759600501216186 1 1 0.723925702071202 0.742021080563131 0.925812633596226 0.870899977887521 0.925812633596226 1 0.98153608019459 0.963182722783224 0.98153608019459 1 0.98153608019459 0.612921058450652 0.383614653202624 0.98153608019459 1 0.98153608019459 1 0.925812633596226 1 1 1 1 1 1 1 1 1 0.632048352620329 0.632048352620329 0.438158767597848 0.669197317019238 0.632048352620329 0.632048352620329 0.632048352620329
-9999 -9999 -9999 -9999 -9999 -9999 0.024655413871895 0 0.0492002653497457 0.261774894965726 0.223004348787499 0.550674430603671 0.98153608019459 1 0.98153608019459 0.796491486695659 0.925812633596226 0.649332940222599 0.518832461118891 0.537849192894523 0.575624677526351 0.759674209478883 0.778211837546989 0.537849192894523 0.556644799882067 1 1 0.61336330802683 0.833714159357264 0.98153608019459 0.98153608019459 0.963182722783224 0.98153608019459 0.963182722783224 0.852030662637282 0.612921058450652 0.98153608019459 1 -9999 1 1 0.476339647674504 0.925812633596226 1 0.98153608019459 0.889474460086976 1 1 1 1 1 1 1 1 0.907385567922164 0.963219576914572 0.632048352620329 0.632048352620329 0.632048352620329 0.632048352620329 0.632048352620329 0.632048352620329
-9999 -9999 -9999 -9999 -9999 -9999 0.106139898282597 0.0492002653497457 0 0.223004348787499 0.223004348787499 0.280312523033832 0.833714159357264 1 1 0.925812633596226 0.70472469963883 0.537849192894523 0.537849192894523 0.537849192894523 0.537849192894523 0.575624677526351 0.575624677526351 0.575624677526351 1 1 1 0.98153608019459 0.852030662637282 1 0.98153608019459 0.963182722783224 0.833714159357264 0.852030662637282 0.705756615316577 0.649738335667428 1 -9999 -9999 1 0.963182722783224 0.944645094715118 0.98153608019459 1 0.98153608019459 1 1 1 1 1 1 1 1 1 0.981425517800546 0.632048352620329 0.632048352620329 0.632048352620329 1 1 0.632048352620329 1
-9999 -9999 -9999 -9999 -9999 -9999 0.38763175351957 0.111852288641557 0.0492002653497457 0 0 0.247438637871305 0.517210879339574 0.850409080857964 1 1 0.944239699270288 0.398024618559741 0.537849192894523 0.537849192894523 0.537849192894523 0.537849192894523 0.537849192894523 0.575624677526351 0.98153608019459 1 1 0.925812633596226 0.98153608019459 1 1 0.889363897692931 0.742021080563131 0.778248691678337 0.723409744232329 0.834340679590182 0.907496130316209 0.649738335667428 1 1 0.631458686518759 0.98153608019459 1 1 0.594236013857153 0.98153608019459 1 1 1 1 1 1 1 1 1 1 1 1 1 1 1 1
-9999 -9999 -9999 -9999 -9999 -9999 0.0677378934178521 0.167244048057787 0.0245448514778507 0 0 0.247438637871305 0.378160241763102 0.591471954006044 0.944313407532984 1 1 0.556460529225326 0.500073708262696 0.537849192894523 0.518832461118891 0.556644799882067 0.575624677526351 0.705240657477703 0.98153608019459 1 1 1 0.98153608019459 0.98153608019459 0.963182722783224 0.668312817866883 0.907790963366993 0.963182722783224 0.98153608019459 0.370347165917299 0.575624677526351 0.594236013857153 0.76011645905506 1 0.962556202550306 0.98153608019459 1 1 0.623866735461045 1 1 1 1 1 1 1 1 1 1 1 1 1 1 1 1 1
-9999 -9999 -9999 -9999 -9999 -9999 0.0999852583474607 0.0810053807031768 0.0492002653497457 0 0 0 0.378160241763102 0.55520748875949 0.888000294833051 1 1 0.556644799882067 0.500073708262696 0.537849192894523 0.500073708262696 0.537849192894523 0.631569248912803 0.852030662637282 1 1 1 1 0.98153608019459 0.98153608019459 0.833714159357264 1 1 0.575624677526351 0.575624677526351 0.907496130316209 0.963182722783224 0.98153608019459 1 1 1 1 1 1 1 1 1 1 1 1 1 1 1 1 1 1 1 1 1 1 1 1
-9999 -9999 -9999 -9999 -9999 -9999 -9999 -9999 -9999 0.106139898282597 0.0737451168275964 0 0.223004348787499 0.684602343922754 1 1 1 0.304746812117638 0.440812265054913 0.500073708262696 0.500073708262696 0.500073708262696 0.537849192894523 0.833714159357264 1 1 1 1 0.944645094715118 0.925812633596226 0.852583474607503 0.907790963366993 0.871047394412914 0.723409744232329 0.889474460086976 0.925812633596226 0.98153608019459 1 1 1 0.98153608019459 0.98153608019459 1 1 1 0.98153608019459 1 1 1 1 1 1 1 1 1 1 1 1 1 1 1 1
-9999 -9999 -9999 -9999 -9999 -9999 -9999 -9999 -9999 -9999 0.161347387042087 0.0492002653497457 0 0.223004348787499 0.870457728311344 1 0.575624677526351 0.247438637871305 0.440812265054913 0.440812265054913 0.440812265054913 0.440812265054913 0.500073708262696 0.852030662637282 1 1 1 1 0.98153608019459 0.575624677526351 0.705756615316577 0.631458686518759 0.742021080563131 0.594236013857153 0.575624677526351 0.594236013857153 0.871047394412914 0.98153608019459 0.98153608019459 0.925812633596226 0.889474460086976 1 1 1 1 0.907496130316209 1 1 1 1 1 1 1 1 1 1 1 1 1 1 1 1
-9999 -9999 -9999 -9999 -9999 -9999 -9999 -9999 -9999 -9999 -9999 0.0922827448957028 0 0 0.796491486695659 1 0.556644799882067 0.223004348787499 0.440812265054913 0.403847571312744 0.416377975971106 0.500073708262696 0.575624677526351 0.98153608019459 1 1 1 1 1 0.815102823026461 0.556829070538807 0.469079383798924 0.575624677526351 0.594236013857153 0.575624677526351 0.575624677526351 0.556829070538807 0.506781160168055 0.531731407090735 0.444129136876244 0.686113363308027 1 1 1 1 0.889474460086976 1 1 1 0.623866735461045 1 1 1 1 1 1 1 1 1 1 1 1
-9999 -9999 -9999 -9999 -9999 -9999 -9999 -9999 -9999 -9999 -9999 0.0737451168275964 0 0 0.9440185744822 1 1 0.247438637871305 0.304746812117638 0.261774894965726 0.32004127662711 0.500073708262696 0.723336035969632 1 1 1 0.98153608019459 0.778248691678337 1 1 0.46974275816319 0.386673546104518 0.493734797670819 0.487801282523771 0.575624677526351 0.531878823616127 0.469079383798924 0.426254883172404 0.4263285914351 0.494177047246996 0.506781160168055 0.759084543377313 1 1 1 0.667944276553402 0.833456180437827 1 1 0.962556202550306 1 1 1 1 1 1 1 1 1 1 1 1
-9999 -9999 -9999 -9999 -9999 -9999 -9999 -9999 -9999 -9999 -9999 -9999 0.024655413871895 0.0245448514778507 0 1 1 0.172919584285398 0.223004348787499 0.286209184049532 0.440812265054913 0.500073708262696 0.778248691678337 1 1 1 0.852030662637282 0.575624677526351 1 1 0.386673546104518 0.386673546104518 0.444645094715118 0.469079383798924 0.463145868651876 0.512898945971843 0.46974275816319 0.463366993439965 0.469079383798924 0.475418294390801 0.494177047246996 0.493734797670819 0.594162305594457 0.889474460086976 0.723336035969632 0.963219576914572 0.906832755951942 1 1 1 1 0.98153608019459 0.98153608019459 0.963182722783224 0.852583474607503 1 1 1 1 1 1 1
-9999 -9999 -9999 -9999 -9999 -9999 -9999 -9999 -9999 -9999 -9999 -9999 0.149775189798776 0.0492002653497457 0 1 1 0.403847571312744 0.247438637871305 0.500073708262696 0.537849192894523 0.537849192894523 0.594751971696027 1 1 1 0.594751971696027 0.537849192894523 1 1 0.386673546104518 0.215007002284956 0.46974275816319 0.575624677526351 0.575624677526351 0.575624677526351 0.575624677526351 0.575624677526351 0.463145868651876 0.450762880518906 0.450762880518906 0.475418294390801 0.494177047246996 0.556829070538807 0.77858037886047 0.759010835114616 0.594236013857153 1 1 1 0.943871157956807 0.39489201739515 0.723409744232329 0.852583474607503 1 1 1 1 1 1 1 1
-9999 -9999 -9999 -9999 -9999 -9999 -9999 -9999 -9999 -9999 -9999 -9999 0.357153386894671 0.142551780054544 0 1 1 0.907127589002727 0.304746812117638 0.649332940222599 0.575624677526351 0.396513599174467 0.537849192894523 0.98153608019459 1 1 0.594751971696027 0.512751529446451 1 1 0.43871157956807 0.381808800766566 0.394965725657846 0.575624677526351 0.649332940222599 0.649332940222599 0.649332940222599 0.556829070538807 0.272425738925334 0.21552296012383 0.450762880518906 0.450762880518906 0.494177047246996 0.906574777032505 0.612441954743127 0.531878823616127 0.649664627404732 0.944165991007592 0.98153608019459 0.815139677157809 0.869978624603818 0.389327043561583 0.501437311122577 0.907790963366993 1 1 1 1 1 1 1 1
-9999 -9999 -9999 -9999 -9999 -9999 -9999 -9999 -9999 -9999 -9999 -9999 -9999 0.316466425886342 0.142551780054544 0.024655413871895 1 1 0.759600501216186 0.925665217070834 0.537849192894523 0.237045772831134 0.440775410923565 0.98153608019459 0.98153608019459 1 0.925812633596226 0.575624677526351 1 1 0.925812633596226 0.667944276553402 0.667944276553402 0.463145868651876 0.463145868651876 0.444129136876244 0.411107835188325 0.234134296454633 0.113400162158178 0.180990639050638 0.406021965062283 0.430972211984964 0.475418294390801 0.833345618043783 0.703582221567038 0.556829070538807 0.943871157956807 0.889474460086976 0.721788162453011 0.612478808874475 0.575624677526351 0.667944276553402 0.723409744232329 1 1 1 1 1 1 1 1 1
-9999 -9999 -9999 -9999 -9999 -9999 -9999 -9999 -9999 -9999 -9999 -9999 -9999 0.118596594678263 0.0492002653497457 0 1 1 1 0.759600501216186 0.440812265054913 0.223004348787499 0.275558340089924 0.759674209478883 0.98153608019459 1 1 0.507149701481536 0.493734797670819 0.649332940222599 0.98153608019459 0.98153608019459 0.759084543377313 0.575624677526351 0.493734797670819 0.500073708262696 0.298702734576546 0.156445787572787 0.162637281639272 0.21552296012383 0.272425738925334 0.430972211984964 0.406537922901157 0.444129136876244 0.594162305594457 0.494177047246996 0.463145868651876 0.667944276553402 0.575624677526351 0.469079383798924 0.531878823616127 0.871047394412914 0.98153608019459 1 1 1 1 1 1 1 1 1
-9999 -9999 -9999 -9999 -9999 -9999 -9999 -9999 -9999 -9999 -9999 -9999 -9999 0.396403036780423 0.024655413871895 0.0492002653497457 1 1 1 0.649332940222599 0.334819783297708 0.247438637871305 0.173619812781013 0.687071570723078 0.925812633596226 1 1 0.156445787572787 0.500073708262696 0.450762880518906 0.556829070538807 0.594162305594457 0.575624677526351 0.575624677526351 0.512751529446451 0.4941033389843 0.450762880518906 0.342338026092725 0.21552296012383 0.21552296012383 0.258863418589224 0.406021965062283 0.406021965062283 0.406537922901157 0.45068917225621 0.469079383798924 0.469079383798924 0.556829070538807 0.506781160168055 0.469079383798924 0.575624677526351 0.963182722783224 1 1 1 1 0.425702071202182 0.425702071202182 1 1 1 1
-9999 -9999 -9999 -9999 -9999 -9999 -9999 -9999 -9999 -9999 -9999 -9999 -9999 0.366108940812265 0.0999852583474607 0.0492002653497457 1 1 1 0.537849192894523 0.440775410923565 0.357227095157367 0.575624677526351 0.925812633596226 0.852030662637282 1 0.98153608019459 0.239478145500111 0.575624677526351 0.667502026977224 0.537849192894523 0.518832461118891 0.575624677526351 0.612441954743127 0.556829070538807 0.537849192894523 0.4941033389843 0.317240362644652 0.317240362644652 0.21552296012383 0.21552296012383 0.253888110857227 0.430972211984964 0.40137834451242 0.475418294390801 0.494177047246996 0.469079383798924 0.494177047246996 0.575624677526351 0.575624677526351 0.889474460086976 0.98153608019459 1 1 1 1 0.506781160168055 0.962998452126483 1 1 1 1
-9999 -9999 -9999 -9999 -9999 -9999 -9999 -9999 -9999 -9999 -9999 -9999 -9999 0.270619886489275 0.0737451168275964 0 1 1 1 0.925812633596226 0.870899977887521 0.852030662637282 0.944350261664333 0.925812633596226 1 1 0.575624677526351 0.575624677526351 0.594162305594457 0.685597405469153 0.612441954743127 0.575624677526351 0.649332940222599 0.74047320704651 0.667502026977224 0.531878823616127 0.4941033389843 0.401599469300509 0.317240362644652 0.317240362644652 0.258863418589224 0.21552296012383 0.297154861059925 0.475418294390801 0.406021965062283 0.500073708262696 0.494177047246996 0.500073708262696 0.487801282523771 0.759084543377313 1 1 0.98153608019459 1 1 1 0.742573892533353 1 1 1 1 1
-9999 -9999 -9999 -9999 -9999 -9999 -9999 -9999 -9999 -9999 -9999 -9999 -9999 0.341158693889585 0.106139898282597 0.0737451168275964 0.907127589002727 1 1 1 0.870899977887521 0.852030662637282 0.925812633596226 1 1 0.889363897692931 0.925812633596226 1 0.907127589002727 0.74047320704651 0.925665217070834 0.98153608019459 0.537849192894523 0.475418294390801 0.575624677526351 0.537849192894523 0.518832461118891 0.401599469300509 0.450762880518906 0.40668533942655 0.21552296012383 0.162637281639272 0.283961082037296 0.406021965062283 0.430972211984964 0.278617232991818 0.386378713053733 0.450762880518906 0.308395371121103 0.649332940222599 1 1 0.963182722783224 0.98153608019459 1 1 1 1 1 1 1 1
-9999 -9999 -9999 -9999 -9999 -9999 -9999 -9999 -9999 -9999 -9999 -9999 -9999 0.437605955627626 0.0492002653497457 0.0492002653497457 0.907127589002727 1 1 1 0.925812633596226 0.852030662637282 0.963182722783224 0.98153608019459 0.575624677526351 1 0.870457728311344 0.852030662637282 0.98153608019459 0.74047320704651 0.667502026977224 1 1 0.537849192894523 0.366772315176531 0.475344586128105 0.475418294390801 0.500073708262696 0.450762880518906 0.317240362644652 0.24047320704651 0.162637281639272 0.207709884278028 0.240252082258421 0.406021965062283 0.2789857743053 0.173804083437753 0.258863418589224 0.722820078130758 1 1 1 1 0.39489201739515 0.925407238151397 1 1 1 1 1 1 1
-9999 -9999 -9999 -9999 -9999 -9999 -9999 -9999 -9999 -9999 -9999 -9999 -9999 0.392828186039655 0.365703545367436 0.366108940812265 1 1 1 1 1 0.575624677526351 0.77780644210216 0.575624677526351 1 0.962998452126483 1 1 1 1 1 1 0.575624677526351 0.594162305594457 0.20608830249871 0.475418294390801 0.342338026092725 0.518832461118891 0.500073708262696 0.317240362644652 0.162637281639272 0.124419547431267 0.124419547431267 0.162637281639272 0.406021965062283 0.469079383798924 0.684970885236235 1 1 1 1 1 1 0.612441954743127 0.925186113363308 1 1 1 1 1 1 1
-9999 -9999 -9999 -9999 -9999 -9999 -9999 -9999 -9999 -9999 -9999 -9999 -9999 0.157330286725142 0.341158693889585 0.357153386894671 0.98153608019459 1 1 1 1 0.925812633596226 0.518832461118891 0.687071570723078 1 0.68703471659173 1 1 1 0.500073708262696 0.342338026092725 0.518832461118891 0.367067148227316 0.391501437311123 0.198348934915604 0.187734945087344 0.500073708262696 0.575624677526351 0.4941033389843 0.162637281639272 0.198348934915604 0.173804083437753 0.124419547431267 0.162637281639272 0.297154861059925 0.575624677526351 1 1 1 1 1 1 1 1 1 1 1 0.943576324906022 0.612441954743127 0.98153608019459 1 1
-9999 -9999 -9999 -9999 -9999 -9999 -9999 -9999 -9999 -9999 -9999 -9999 -9999 0.244564015626152 0.390653792290116 0.220019164148301 0.556644799882067 1 1 1 1 1 1 1 1 1 1 1 1 0.500073708262696 0.247438637871305 0.187734945087344 0.198348934915604 0.22278322399941 0.247438637871305 0.247438637871305 0.518832461118891 0.74047320704651 0.450762880518906 0.22278322399941 0.223004348787499 0.19823837252156 0.149074961303162 0.272425738925334 0.430972211984964 0.851035601090882 1 1 1 1 0.594236013857153 0.271062136065453 0.777622171445419 1 1 1 0.594236013857153 0.531878823616127 0.575624677526351 0.575624677526351 0.684970885236235 0.962998452126483
-9999 -9999 -9999 -9999 -9999 -9999 -9999 -9999 -9999 -9999 -9999 -9999 -9999 0.195068917225621 0.313333824721751 0.118744011203656 0.556644799882067 0.907127589002727 1 1 1 1 1 1 1 1 1 1 0.98153608019459 0.237119481093831 0.305189061693816 0.323726689761922 0.367067148227316 0.367067148227316 0.198348934915604 0.0251345175794207 0.329918183828407 0.685597405469153 0.907127589002727 0.575624677526351 0.245817056091988 0.22278322399941 0.138092430161421 0.430972211984964 0.556829070538807 1 1 1 1 1 0.722856932262107 0.668275963735535 0.98153608019459 0.98153608019459 1 1 0.814881698238373 0.642809758973981 0.531878823616127 0.487801282523771 0.575624677526351 0.575624677526351
-9999 -9999 -9999 -9999 -9999 -9999 -9999 -9999 -9999 -9999 -9999 -9999 -9999 -9999 0.244564015626152 0.338431488169824 0.220019164148301 0.667502026977224 0.907127589002727 0.759600501216186 1 1 1 1 1 1 1 1 0.575624677526351 0.518832461118891 0.518832461118891 0.367067148227316 0.198348934915604 0.323726689761922 0.450762880518906 0.187734945087344 0.247438637871305 0.22278322399941 0.500073708262696 0.759084543377313 0.556829070538807 0.305189061693816 0.205424928134444 0.493734797670819 0.795901820594089 1 1 0.98153608019459 0.98153608019459 1 1 0.98153608019459 1 0.75893712685192 1 1 1 0.450984005306995 0.430972211984964 0.475418294390801 0.494177047246996 0.575624677526351
-9999 -9999 -9999 -9999 -9999 -9999 -9999 -9999 -9999 -9999 -9999 -9999 -9999 -9999 0.357116532763323 0.338431488169824 0.288788973243901 0.304746812117638 0.721861870715707 0.649332940222599 1 1 1 1 1 1 0.962851035601091 1 0.594162305594457 0.537849192894523 0.649332940222599 0.367067148227316 0.198348934915604 0.223004348787499 0.182612220829955 0.450762880518906 0.475418294390801 0.500073708262696 0.531878823616127 0.500073708262696 0.450762880518906 0.450762880518906 0.366772315176531 0.487801282523771 0.907127589002727 1 1 0.98153608019459 0.88881108572271 1 1 1 0.98153608019459 1 1 1 1 0.318124861797007 0.253888110857227 0.430972211984964 0.162637281639272 0.272425738925334
