data-raw/DATASET_PNE/a_DATA/PFGS/ENVSUIT_A1B/HS_f15_C4_shrubs.asc
NCOLS 619 
NROWS 782 
XLLCORNER 876826 
YLLCORNER 1947424 
CELLSIZE 100 
NODATA_value -9999 
[rows 621 to 647 of 782, columns 366 to 426 of 619]
-9999 -9999 -9999 -9999 -9999 0 0.127586618065834 0.0126789202913642 0 0.0128782745450735 0.0128782745450735 0.0128782745450735 0 0.0126789202913642 0.114887766540051 0.189904714934528 0.172281801700592 0.149057060480118 0.221243176609278 0.19831745326519 0.104640960693359 0.136657238006592 0.514134213328362 0.457378081977367 0.806128144264221 0.443841949105263 0.157071094959974 0.800147533416748 0.914815992116928 0.991009116172791 0.978310286998749 -9999 -9999 -9999 0.646226227283478 0.987181544303894 1 1 1 1 1 1 1 1 1 1 1 1 1 1 1 1 1 1 1 1 1 1 1 1 1
-9999 -9999 -9999 -9999 -9999 -9999 0.127586618065834 0.038256049156189 0.038256049156189 0.0255571939051151 0 0 0 0 0.0894302427768707 0.208364899270236 0.207268446683884 0.234121441841125 0.182887449860573 0.146485388278961 0.00936964247375727 0 0.297097414731979 0.727961406111717 0.844703167676926 0.645468682050705 0.144432038068771 0.909473299980164 0.978310286998749 1 0.991009116172791 0.802300542593002 0.513376653194427 0.939755201339722 0.936126947402954 0.789761185646057 1 1 1 1 1 1 1 1 1 1 1 1 1 1 1 1 1 1 1 1 1 1 1 1 1
-9999 -9999 -9999 -9999 -9999 -9999 -9999 -9999 -9999 0 0 0 0 0 0.0638929903507233 0.199374030344188 0.172202065587044 0.149057060480118 0.108348950743675 0.133866280317307 0.00936964247375727 0 0 0.825963884592056 0.844703167676926 0.770204544067383 0.370280280709267 0.878274381160736 1 0.692296952009201 0.309437416493893 0.548163935542107 0.738925874233246 0.901558935642242 0.991009116172791 1 1 1 1 1 1 1 1 1 1 1 1 1 1 1 1 1 1 1 1 1 1 1 1 1 1
-9999 -9999 -9999 -9999 -9999 -9999 -9999 -9999 -9999 -9999 -9999 -9999 -9999 0.0767712593078613 0.284896932542324 0.172241941094398 0.139926642179489 0.0395917221903801 0.108348950743675 0.121047802269459 0 0 0.00936964247375727 0.806766092777252 0.853993058204651 0.806845813989639 0.2553725913167 0.840476840734482 0.978310286998749 0.991009116172791 1 1 0.978310286998749 0.905207127332687 0.888820230960846 0.935987412929535 0.936326295137405 0.991009116172791 0.914377421140671 1 0.974382996559143 0.888202220201492 0.811789810657501 1 1 1 1 1 1 1 1 1 1 1 1 1 1 1 1 1 1
-9999 -9999 -9999 -9999 -9999 -9999 -9999 -9999 -9999 -9999 -9999 -9999 -9999 -9999 0.073262631893158 0.117100596427917 0.0492205247282982 0 0.108348950743675 0.101750329136848 0.127447068691254 0 0.341792583465576 0.401499139145017 0.844703167676926 0.757087051868439 0.306526847183704 0.31228818744421 0.88164347410202 0.987380892038345 0.987380892038345 0.936206698417664 0.946612983942032 0.987201482057571 1 1 1 0.897811084985733 1 1 1 1 0.738287925720215 0.75120609998703 1 1 1 1 1 1 1 1 1 1 1 1 1 1 0.987121731042862 1 1
-9999 -9999 -9999 -9999 -9999 -9999 -9999 -9999 -9999 -9999 -9999 -9999 -9999 -9999 -9999 0.149555444717407 0 0 0 0.111119970679283 0.111678160727024 0 0.330010770820081 0.307244539260864 0.698995262384415 0.870100885629654 0.93064472079277 0.482018273323774 0.169769950211048 0.264602683484554 0.268290728330612 0.691041022539139 0.824867427349091 0.885112226009369 0.872413367033005 0.872413367033005 1 1 0.974303245544434 1 1 1 1 0.768071442842484 0.888182282447815 1 1 0.990092098712921 0.970575332641602 1 1 1 1 1 1 1 1 1 1 1 0.974502623081207
-9999 -9999 -9999 -9999 -9999 -9999 -9999 -9999 -9999 -9999 -9999 -9999 -9999 -9999 -9999 0 0 0 0 0.0525497384369373 0.0522905774414539 0 0.330010770820081 0.319863647222519 0.56299589574337 0.105817154049873 0.708883211016655 0.702284604310989 0.195446759462357 0.141760692000389 0.0757346227765083 0.347095400094986 0.700709700584412 0.835313588380814 0.556197918951511 0.708325028419495 0.787468612194061 0.754056841135025 1 1 1 1 1 0.862744718790054 0.901020705699921 0.837347000837326 1 1 1 1 1 1 1 1 1 1 1 1 1 1 1
-9999 -9999 -9999 -9999 -9999 -9999 -9999 -9999 -9999 -9999 -9999 -9999 -9999 -9999 -9999 -9999 0.00990789849311113 0.0989793092012405 0.00988796260207891 0.138850122690201 0.0621984787285328 0.145987004041672 0.399964119307697 0.576870940625668 0.429468512535095 0.123918503522873 0.132829636335373 0.650372788310051 0.650372788310051 0.398668311536312 0.319863647222519 0.509329780936241 0.54714722931385 0.375383764505386 0.348012446425855 0.537518441677094 0.598819822072983 0.182389065623283 0.888820230960846 1 1 1 1 1 1 1 1 1 1 0.78613293170929 0.773434072732925 1 1 1 1 1 1 1 1 1 0.987301141023636
-9999 -9999 -9999 -9999 -9999 -9999 -9999 -9999 -9999 -9999 -9999 -9999 -9999 -9999 -9999 -9999 -9999 0.0989793092012405 0.108348950743675 0.0325146540999413 0.0325146540999413 0 0.40759938955307 0.409353703260422 0.226167216897011 0.291954070329666 0.0783860310912132 0.107591405510902 0.0982018262147903 0.0656871721148491 0.307244539260864 0.319863647222519 0.33272198587656 0.33272198587656 0.547266848385334 0.562876284122467 0.635580718517303 0.428212599828839 0.857701063156128 0.948985278606415 1 1 1 0.948905557394028 0.987181544303894 0.987181544303894 1 1 1 0.901020705699921 0.78613293170929 0.773434072732925 0.773434072732925 1 1 1 1 1 1 1 1
-9999 -9999 -9999 -9999 -9999 -9999 -9999 -9999 -9999 -9999 -9999 -9999 -9999 -9999 -9999 -9999 -9999 -9999 0.00988796260207891 0.133866280317307 0 0 0.180555000901222 0.488836176693439 0.616721823811531 0.598441049456596 0.259200185537338 0.0966867357492447 0.356026470661163 0.509170277044177 0.319863647222519 0.3198636546731 0.358259245753288 0.294525742530823 0.524042092263699 0.507575459778309 0.635580718517303 0.528647173196077 0.888820230960846 0.923487901687622 1 1 1 0.948905557394028 0.974323183298111 0.987181544303894 0.948905557394028 1 1 1 1 1 0.79899126291275 0.901020705699921 0.888182282447815 1 1 1 1 1 1
-9999 -9999 -9999 -9999 -9999 -9999 -9999 -9999 -9999 -9999 -9999 -9999 -9999 -9999 -9999 -9999 -9999 -9999 -9999 0.133866280317307 0 0 0 0.285415261983871 0.310872763395309 0.54495433345437 0.478429896757007 0.589490048587322 0.385849833488464 0.337865322828293 0.351560955867171 0.230513140559196 0.19556637108326 0.108348950743675 0.525696743279696 0.587057933211327 0.796479403972626 0.727682307362556 0.84685617685318 0.923527777194977 1 1 0.573541715741158 1 1 1 0.991009116172791 1 1 1 1 1 1 0.78075036406517 0.773434072732925 1 1 1 1 1 1
-9999 -9999 -9999 -9999 -9999 -9999 -9999 -9999 -9999 -9999 -9999 -9999 -9999 -9999 -9999 -9999 -9999 -9999 -9999 0.142996683716774 0.0753159746527672 0 0 0.241078898310661 0.037677925080061 0.0916231423616409 0.285554796457291 0.00936964247375727 0.219349309802055 0.319923438131809 0.256070338189602 0.253638207912445 0.0517921932041645 0 0.411147883161902 0.840257585048676 0.745145723223686 0.68199035525322 0.639647543430328 1 1 1 1 0.987301141023636 1 1 0.460208915174007 0.667856141924858 1 1 1 1 1 0.901020705699921 0.78075036406517 0.862664967775345 1 1 0.987121731042862 1 1
-9999 -9999 -9999 -9999 -9999 -9999 -9999 -9999 -9999 -9999 -9999 -9999 -9999 -9999 -9999 -9999 -9999 -9999 -9999 -9999 0.101750329136848 0 0 0.149475693702698 0 0.00936964247375727 0.00936964247375727 0.22574856877327 0.297675527632236 0.233961958438158 0.235317572951317 0.0859216153621674 0 0.07890435308218 0.0890514701604843 0.862784564495087 0.872413367033005 0.754056841135025 0.888820230960846 0.89791077375412 0.59650731086731 0.956022500991821 0.974522560834885 1 1 1 0.896395683288574 0.856345444917679 0.789880782365799 0.550715669989586 0.7641242146492 1 0.987181544303894 1 0.888202220201492 0.875363826751709 1 1 1 0.974502623081207 1
-9999 -9999 -9999 -9999 -9999 -9999 -9999 -9999 -9999 -9999 -9999 -9999 -9999 -9999 -9999 -9999 -9999 -9999 -9999 -9999 0.0126988552510738 0.0476057566702366 0 0.00936964247375727 0.00936964247375727 0 0.0220485627651215 0.279394775629044 0.208265215158463 0.235317572951317 0.219787880778313 0 0.0690363198518753 0.0989793092012405 0.159164309501648 0.815776884555817 0.85287669301033 0.974582344293594 0.908516407012939 0.569335341453552 0.810075342655182 0.987201482057571 0.974582344293594 0.974582344293594 0.726426377892494 0.766755700111389 0.821538209915161 0.830628752708435 0.991009116172791 0.565109059214592 0.333878241479397 0.816933125257492 0.948905557394028 0.729416698217392 0.818827003240585 0.647681504487991 1 1 1 1 1
-9999 -9999 -9999 -9999 -9999 -9999 -9999 -9999 -9999 -9999 -9999 -9999 -9999 -9999 -9999 -9999 -9999 -9999 -9999 -9999 -9999 0.184701561927795 0.061919379979372 0.159164309501648 0.121047802269459 0.146485388278961 0.216040026396513 0.198975324630737 0.190801799297333 0 0 0.0324947163462639 0 0 0.164825960993767 0.487201482057571 0.698995262384415 0.872413367033005 0.974582344293594 0.987201482057571 0.974582344293594 0.872413367033005 0.872413367033005 0.872413367033005 0.482815669849515 0.528746860101819 1 0.927156001329422 0.978310286998749 0.978310286998749 0.701387509703636 0.888939827680588 0.757425934076309 0.837087839841843 0.745345085859299 0.831685334444046 1 0.920816540718079 0.773434072732925 1 1
-9999 -9999 -9999 -9999 -9999 -9999 -9999 -9999 -9999 -9999 -9999 -9999 -9999 -9999 -9999 -9999 -9999 -9999 -9999 -9999 -9999 0.172042578458786 0 0.108348950743675 0.168454211205244 0.184183239005506 0.238527178764343 0.234739437699318 0 0 0 0 0 0 0.101750329136848 0.461763888597488 0.788604915142059 0.671783417463303 0.690004378557205 0.473765002563596 0.690004378557205 0.784418493509293 0.843447238206863 0.862784564495087 0.418563842773438 0.665463894605637 1 0.927076280117035 0.940014362335205 0.918145209550858 0.612954035401344 0.759997606277466 0.780331701040268 0.802400201559067 0.758223354816437 0.862744718790054 1 0.773434072732925 0.773434072732925 1 0.951517075300217
-9999 -9999 -9999 -9999 -9999 -9999 -9999 -9999 -9999 -9999 -9999 -9999 -9999 -9999 -9999 -9999 -9999 -9999 -9999 -9999 -9999 0 0.108348950743675 0.222558908164501 0.232486739754677 0.234739437699318 0.151429370045662 0 0 0 0 0 0 0 0 0.281228810548782 0.524002239108086 0.541326098144054 0.589490048587322 0.559228107333183 0.756269693374634 0.815776884555817 0.5 0.617838203907013 0.409353703260422 0.370100885629654 0.974582344293594 0.888820230960846 0.868944615125656 0.681591629981995 0.670647114515305 0.735915631055832 1 0.987181544303894 0.888202220201492 0.875363826751709 1 0.862744718790054 0.773434072732925 1 1
-9999 -9999 -9999 -9999 -9999 -9999 -9999 -9999 -9999 -9999 -9999 -9999 -9999 -9999 -9999 -9999 -9999 -9999 -9999 -9999 -9999 -9999 0.108348950743675 0.0198157969862223 0.0253777764737606 0.154140591621399 0.038256049156189 0 0.038256049156189 0 0 0 0 0 0 0.121027871966362 0.410948514938354 0.617299951612949 0.687811493873596 0.491009116172791 0.686356201767921 0.561979182064533 0.757824659347534 0.382799714803696 0.0783860310912132 0.733981892466545 0.657988116145134 0.599059052765369 0.772098392248154 0.447350576519966 0.447350576519966 0.713787332177162 1 0.610900700092316 0.729476511478424 1 0.87556317448616 0.750029891729355 0.79008013010025 0.990092098712921 1
-9999 -9999 -9999 -9999 -9999 -9999 -9999 -9999 -9999 -9999 -9999 -9999 -9999 -9999 -9999 -9999 -9999 -9999 -9999 -9999 -9999 -9999 -9999 -9999 -9999 -9999 0 0.038256049156189 0.0510745197534561 0 0 0 0 0 0 0.159363657236099 0.173597544431686 0.161337271332741 0.449164698831737 0.423627436161041 0.397970587015152 0.5 0.815776884555817 0.528049120679498 0.418563842773438 0.482815669849515 0.349946184083819 0.259240061044693 0.581954464316368 0.781089276075363 0.867309927940369 0.987121731042862 0.914257794618607 0.601471245288849 0.684223145246506 1 0.80098482966423 0.753917306661606 0.837167590856552 0.784518152475357 0.773434072732925
-9999 -9999 -9999 -9999 -9999 -9999 -9999 -9999 -9999 -9999 -9999 -9999 -9999 -9999 -9999 -9999 -9999 -9999 -9999 -9999 -9999 -9999 -9999 -9999 -9999 -9999 -9999 0 0.114788085222244 0.136677160859108 0 0 0 0 0 0 0 0 0 0.162035003304482 0.223774969577789 0.171285033226013 0.824767738580704 0.537518441677094 0.571847215294838 0.571847215294838 0.608707785606384 0.420278284698725 0.495953105390072 0.762130707502365 0.901618748903275 -9999 -9999 -9999 1 0.948905557394028 1 1 0.901020705699921 0.811630308628082 0.78974124789238
-9999 -9999 -9999 -9999 -9999 -9999 -9999 -9999 -9999 -9999 -9999 -9999 -9999 -9999 -9999 -9999 -9999 -9999 -9999 -9999 -9999 -9999 -9999 -9999 -9999 -9999 -9999 -9999 -9999 0.038256049156189 0 0 0 0 0 0 0 0 0 0.038256049156189 0.196503326296806 0.408895164728165 0.465571545064449 0.328874439001083 0.442306935787201 0.375543236732483 0.589490048587322 0.571847215294838 0.447171166539192 0.634663686156273 0.866691917181015 -9999 -9999 1 1 0.462940081954002 0.758223354816437 0.901020705699921 1 0.798931449651718 0.773434072732925
-9999 -9999 -9999 -9999 -9999 -9999 -9999 -9999 -9999 -9999 -9999 -9999 -9999 -9999 -9999 -9999 -9999 -9999 -9999 -9999 -9999 -9999 -9999 -9999 -9999 -9999 -9999 -9999 -9999 -9999 -9999 0.0690363198518753 0 0 0 0 0 0 0.0126789202913642 0.0126789202913642 0.206032454967499 0.487321067601442 0.333977907896042 0.417886048555374 0.037677925080061 0.163370683789253 0.509170277044177 0.293967545032501 0.182568475604057 0.447310702875257 0.879390776157379 -9999 1 1 1 0.67060723900795 0.724333167076111 0.862744718790054 1 0.811789810657501 0.773434072732925
-9999 -9999 -9999 -9999 -9999 -9999 -9999 -9999 -9999 -9999 -9999 -9999 -9999 -9999 -9999 -9999 -9999 -9999 -9999 -9999 -9999 -9999 -9999 -9999 -9999 -9999 -9999 -9999 -9999 -9999 -9999 -9999 -9999 0.145847454667091 0 0 0.038256049156189 0.0510745197534561 0.0896495338529348 0.168952599167824 0.228399977087975 0.171364784240723 0.275985807180405 0.328156769275665 0.00936964247375727 0.0282086040824652 0.347932696342468 0.571847215294838 0.571847215294838 0.428611308336258 0.766755700111389 0.892189294099808 0.991009116172791 0.991009116172791 0.978190660476685 0.719249606132507 0.780710488557816 0.853753834962845 1 1 0.764243841171265
-9999 -9999 -9999 -9999 -9999 -9999 -9999 -9999 -9999 -9999 -9999 -9999 -9999 -9999 -9999 -9999 -9999 -9999 -9999 -9999 -9999 -9999 -9999 -9999 -9999 -9999 -9999 -9999 -9999 -9999 -9999 -9999 0.522885844111443 0.625393733382225 0.259678635746241 0.449324179440737 0.221621945500374 0.235935568809509 0.0510745197534561 0.223316460847855 0.279115665704012 0.182887449860573 0.262569278478622 0.21839240193367 0.207188710570335 0.342131495475769 0.463817234151065 0.589490048587322 0.589490048587322 0.717993706464767 0.847454249858856 0.968960553407669 0.981579691171646 0.959590911865234 0.908336997032166 0.585124209523201 0.830808162689209 0.888202220201492 1 1 0.773434072732925
-9999 -9999 -9999 -9999 -9999 -9999 -9999 -9999 -9999 -9999 -9999 -9999 -9999 -9999 -9999 -9999 -9999 -9999 -9999 -9999 -9999 -9999 -9999 -9999 -9999 -9999 -9999 -9999 -9999 -9999 -9999 -9999 0.437323080375791 0.58590167760849 0.815776884555817 0.770663052797318 0.754615038633347 0.67668753862381 0.531218841671944 0.165404096245766 0.258462588302791 0.182887449860573 0.271679759025574 0.338961750268936 0.306786000728607 0.30720466375351 0.44569593667984 0.281707257032394 0.589490048587322 0.834556043148041 0.882779806852341 0.847474187612534 0.96309956908226 0.950400710105896 0.861030250787735 0.739165097475052 0.9161516726017 1 1 1 1
-9999 -9999 -9999 -9999 -9999 -9999 -9999 -9999 -9999 -9999 -9999 -9999 -9999 -9999 -9999 -9999 -9999 -9999 -9999 -9999 -9999 -9999 -9999 -9999 -9999 -9999 -9999 -9999 -9999 -9999 -9999 -9999 0.813962757587433 0.843746274709702 0.564630597829819 0.418842958286405 0.400442570447922 0.570411860942841 0.560982406139374 0.74187633395195 0.63073642551899 0.426936715841293 0.184920862317085 0.12393844127655 0.136637300252914 0.00936964247375727 0.00936964247375727 0.285554796457291 0.589490048587322 0.834556043148041 0.873390227556229 0.6928750872612 0.589051455259323 0.602248728275299 0.981579691171646 1 0.739165097475052 0.987181544303894 1 1 1
-9999 -9999 -9999 -9999 -9999 -9999 -9999 -9999 -9999 -9999 -9999 -9999 -9999 -9999 -9999 -9999 -9999 -9999 -9999 -9999 -9999 -9999 -9999 -9999 -9999 -9999 -9999 -9999 -9999 -9999 -9999 -9999 0.726127341389656 0.728200629353523 0.715501770377159 0.445994984358549 0.428212599828839 0.464674452319741 0.575973846018314 0.56610582023859 0.56610582023859 0.5 0.400442570447922 0.275846272706985 0.174853473901749 0.253558456897736 0.382082045078278 0.3909732401371 0.536103013902903 0.455863015726209 0.492703633382916 0.410310588777065 0.808560252189636 0.839759171009064 1 1 1 0.978190660476685 1 1 1
