data-raw/DATASET_PNE_1/DATASET_PNE/a_DATA/PFGS/ENVSUIT_A1B/HS_f45_P7_acer.asc
NCOLS 619 
NROWS 782 
XLLCORNER 876826 
YLLCORNER 1947424 
CELLSIZE 100 
NODATA_value -9999 
[rows 182 to 207 of 782, columns 0 to 58 of 619]
-9999 -9999 -9999 -9999 -9999 -9999 -9999 -9999 -9999 -9999 -9999 -9999 -9999 -9999 1 1 1 1 1 1 1 1 1 1 1 1 1 1 1 0.462077096104622 0.279575444757938 0.276774525642395 0.205424934625626 0.807897835969925 0.971732884645462 0.977961242198944 1 0.370918400585651 0.365629822015762 0.395094707608223 1 1 1 1 1 1 1 1 1 1 1 1 0.928521424531937 0.362497225403786 0.362497225403786 0.975326150655746 0.975326150655746 0.975326150655746 0.962851047515869
-9999 -9999 -9999 -9999 -9999 -9999 -9999 -9999 -9999 -9999 -9999 -9999 -9999 1 1 1 1 1 1 1 1 1 1 1 1 1 1 0.699528247117996 0.449730962514877 0.449657246470451 0.464306771755219 0.414645820856094 0.41225029528141 0.343240953981876 0.990436345338821 0.301872193813324 0.427415788173676 0.56009067595005 1 1 1 1 1 1 1 1 0.975436717271805 1 1 1 1 1 1 1 0.987672299146652 0.975326150655746 0.962998449802399 1 1
-9999 -9999 -9999 -9999 -9999 -9999 -9999 -9999 -9999 -9999 -9999 -9999 1 1 1 1 1 1 1 1 1 1 1 1 1 1 0.981130689382553 0.576066926121712 0.476634472608566 0.400217428803444 0.434602349996567 0.42492812871933 0.724091559648514 0.891151309013367 1 0.73621654510498 1 1 1 1 1 1 1 1 1 1 1 0.97551041841507 0.987782865762711 1 1 1 1 1 1 1 1 1 1
-9999 -9999 -9999 -9999 -9999 -9999 -9999 -9999 -9999 1 1 1 1 1 1 0.987672299146652 1 1 1 1 1 1 0.945308476686478 0.962629914283752 0.990694344043732 0.990694344043732 0.962427228689194 0.388368844985962 0.180751092731953 0.277824871242046 0.681009083986282 1 1 1 1 1 1 1 1 1 0.987653851509094 1 1 0.975234031677246 1 1 1 1 1 1 1 1 1 1 1 1 1 1 1
-9999 -9999 -9999 -9999 -9999 -9999 -9999 -9999 1 1 1 1 1 1 1 1 1 1 1 1 1 1 1 0.799034416675568 0.789599746465683 0.789599746465683 0.515884146094322 0.610230714082718 0.581963568925858 1 1 1 0.987782865762711 1 1 1 1 1 1 0.987653851509094 0.925794214010239 1 1 1 1 1 1 0.975326150655746 1 0.888645231723785 1 1 1 1 1 1 1 1 1
-9999 -9999 -9999 -9999 -9999 -9999 -9999 -9999 1 1 1 1 1 1 1 1 1 1 1 1 1 1 0.572842180728912 0.477095149457455 0.583290338516235 0.489183306694031 0.566761270165443 0.95293727517128 1 0.987782865762711 0.987782865762711 1 1 1 0.987782865762711 1 1 1 1 0.987653851509094 1 1 0.987672299146652 1 0.950578600168228 0.950578600168228 0.962851047515869 0.975326150655746 1 0.900862395763397 1 1 1 1 1 1 1 1 1
-9999 -9999 -9999 -9999 -9999 -9999 -9999 1 1 1 1 1 1 1 1 1 1 1 1 1 1 1 0.530570492148399 0.530681073665619 0.51835335791111 0.424854427576065 0.498231008648872 1 0.975215584039688 0.987782865762711 1 0.987653851509094 0.938066631555557 1 0.987653851509094 0.987653851509094 0.975436717271805 1 0.975326150655746 0.987672299146652 1 0.987727582454681 1 0.938029766082764 0.925757348537445 0.900862395763397 0.876280695199966 0.962851047515869 0.962851047515869 0.962851047515869 0.987653851509094 1 1 1 1 1 1 1 1
-9999 -9999 -9999 -9999 -9999 -9999 -9999 -9999 1 1 1 1 1 0.963109016418457 1 1 1 1 1 1 1 1 0.538125589489937 0.542898207902908 0.530570492148399 0.433975830674171 1 1 0.975215584039688 0.975436717271805 0.987653851509094 0.987653851509094 0.97551041841507 0.950597047805786 1 0.987672299146652 0.950394332408905 0.97551041841507 1 1 1 1 1 0.888645231723785 0.876280695199966 0.888645231723785 0.950486481189728 0.839573979377747 0.962851047515869 0.962851047515869 0.987653851509094 1 1 0.929332196712494 1 1 1 0.987635433673859 1
-9999 -9999 -9999 -9999 -9999 -9999 -9999 -9999 1 1 1 1 1 1 1 1 1 1 1 1 1 0.530570492148399 0.557547718286514 0.542898207902908 0.530570492148399 0.443797439336777 1 0.987782865762711 0.987782865762711 0.987653851509094 0.987653851509094 0.975381433963776 0.950891882181168 0.938269317150116 0.987782865762711 1 1 1 1 0.987672299146652 0.950762867927551 0.975326150655746 0.950578600168228 0.888645231723785 0.888645231723785 0.876280695199966 0.913521766662598 0.723078057169914 0.68257537484169 0.94127294421196 0.987653851509094 1 0.990823328495026 0.86710399389267 0.990823328495026 0.913355946540833 0.987635433673859 0.938177198171616 0.975289314985275
-9999 -9999 -9999 -9999 -9999 -9999 -9999 -9999 -9999 1 1 1 1 1 1 1 1 1 1 1 1 0.770712018013 0.530570492148399 0.530570492148399 0.538494139909744 0.708723396062851 1 0.987782865762711 0.987782865762711 0.987653851509094 0.987653851509094 0.987653851509094 1 1 1 1 0.987672299146652 0.975326150655746 0.975326150655746 0.975326150655746 0.975326150655746 0.950302213430405 0.962851047515869 0.987653851509094 0.950486481189728 0.916580677032471 0.738648951053619 0.55163262784481 0.422698467969894 0.735626891255379 0.885899603366852 0.96279576420784 0.96294316649437 0.938121914863586 0.916728079319 0.916801810264587 0.950744450092316 0.876280695199966 0.876280695199966
-9999 -9999 -9999 -9999 -9999 -9999 -9999 -9999 -9999 0.987727582454681 1 1 1 1 1 1 1 1 1 1 1 1 0.530570492148399 0.542898207902908 0.15008844435215 0.971732884645462 1 0.987782865762711 0.987782865762711 0.987653851509094 0.987653851509094 0.97551041841507 1 0.950652331113815 0.900972962379456 0.900972962379456 0.975326150655746 0.987672299146652 0.975326150655746 0.975326150655746 0.975326150655746 0.962851047515869 0.962851047515869 0.913521766662598 0.824592769145966 0.665604040026665 0.488003969192505 0.478864163160324 0.344880968332291 0.497291207313538 0.677600055932999 0.987635433673859 0.916470110416412 0.947151184082031 0.910057485103607 0.891777843236923 0.876280695199966 0.891851544380188 0.722488388419151
-9999 -9999 -9999 -9999 -9999 -9999 -9999 -9999 -9999 -9999 0.987727582454681 1 1 1 1 1 1 1 1 1 1 1 0.613326460123062 0.530570492148399 0.610120162367821 1 1 1 1 0.987653851509094 0.987653851509094 0.950394332408905 1 1 1 0.900972962379456 0.842632859945297 0.774507999420166 0.81184121966362 0.876280695199966 0.950486481189728 0.922956436872482 0.812265068292618 0.680511519312859 0.497291207313538 0.46968749165535 0.419750139117241 0.391869984567165 0.354278773069382 0.478864163160324 0.488003969192505 0.665438175201416 0.900954514741898 0.851275146007538 0.829623341560364 0.838929027318954 0.774047315120697 0.873148083686829 0.676531285047531
-9999 -9999 -9999 -9999 -9999 -9999 -9999 -9999 -9999 -9999 -9999 1 1 1 1 1 1 0.987653851509094 1 1 1 1 1 0.95293727517128 0.943779021501541 0.981130689382553 1 1 1 1 0.987653851509094 0.987653851509094 0.925794214010239 1 1 1 0.93830618262291 0.900862395763397 0.858056306838989 0.78368467092514 0.46093462407589 0.498507395386696 0.508015766739845 0.413300663232803 0.354776304215193 0.354868438094854 0.344880968332291 0.344880968332291 0.326011653989553 0.363621294498444 0.401175655424595 0.503759130835533 0.539083793759346 0.854297190904617 0.84196949005127 0.615832537412643 0.707415044307709 0.657754108309746 0.648098319768906
-9999 -9999 -9999 -9999 -9999 -9999 -9999 -9999 -9999 -9999 -9999 1 1 1 1 1 1 1 1 1 1 1 1 0.962427228689194 0.640064135193825 0.720885246992111 1 1 1 0.987653851509094 0.987653851509094 0.987653851509094 0.987653851509094 1 1 1 1 0.900972962379456 0.925757348537445 0.962851047515869 0.962851047515869 0.900825530290604 0.848750650882721 0.78368467092514 0.67408050596714 0.507702499628067 0.344880968332291 0.344880968332291 0.344880968332291 0.31602418422699 0.334893498569727 0.419750139117241 0.478864163160324 0.736511394381523 0.74633301794529 0.857835173606873 0.464306771755219 0.639069065451622 0.583364047110081
-9999 -9999 -9999 -9999 -9999 -9999 -9999 -9999 -9999 -9999 -9999 1 1 1 1 1 1 0.975326150655746 1 1 1 1 1 1 0.523734048008919 0.498968079686165 1 1 1 1 0.987653851509094 0.987653851509094 0.987653851509094 1 1 1 1 1 0.93830618262291 0.950578600168228 0.962777316570282 0.962851047515869 0.925665229558945 0.793100893497467 0.817701041698456 0.664645835757256 0.488114535808563 0.441549360752106 0.373129662126303 0.334893498569727 0.297339141368866 0.381882518529892 0.391869984567165 0.344880968332291 0.736456111073494 0.736456111073494 0.44493992626667 0.563776075839996 0.537701778113842
-9999 -9999 -9999 -9999 -9999 -9999 -9999 -9999 -9999 -9999 -9999 1 1 1 1 1 1 0.950781315565109 1 1 1 1 1 1 1 0.609456762671471 1 1 1 1 1 1 0.987653851509094 1 1 1 1 1 1 1 1 0.925757348537445 0.900862395763397 0.950302213430405 0.876280695199966 0.885567933320999 0.590882286429405 0.46968749165535 0.38269330561161 0.334893498569727 0.31602418422699 0.325514122843742 0.409762665629387 0.334893498569727 0.545828111469746 0.472101435065269 0.426015317440033 0.33376944065094 0.43519201874733
-9999 -9999 -9999 -9999 -9999 -9999 -9999 -9999 -9999 -9999 -9999 1 1 1 1 1 0.963053733110428 0.963127434253693 0.963053733110428 1 1 1 1 1 1 1 0.990694344043732 1 1 1 1 0.987653851509094 1 0.963053733110428 0.963053733110428 0.987653851509094 1 1 1 1 1 0.975252449512482 0.93830618262291 0.900862395763397 0.925462514162064 0.867269843816757 0.673490837216377 0.516879171133041 0.478864163160324 0.344291303306818 0.334893498569727 0.325514122843742 0.381882518529892 0.381882518529892 0.592651285231113 0.573984667658806 0.43519201874733 0.388718962669373 0.397895634174347
-9999 -9999 -9999 -9999 -9999 -9999 -9999 -9999 -9999 -9999 1 1 1 1 1 1 1 0.950836598873138 0.987672299146652 1 1 1 1 1 1 1 0.981130689382553 0.597129046916962 1 1 1 0.987653851509094 0.987653851509094 0.975381433963776 0.963164299726486 0.963164299726486 0.975381433963776 1 1 1 1 0.987727582454681 0.950652331113815 0.888645231723785 0.876280695199966 0.848750650882721 0.709699988365173 0.563315406441689 0.460418671369553 0.363621294498444 0.426273319870234 0.344070177525282 0.31602418422699 0.344070177525282 0.334893498569727 0.344070177525282 0.51890616863966 0.426015317440033 0.416709661483765
-9999 -9999 -9999 -9999 -9999 -9999 -9999 -9999 -9999 -9999 1 1 1 1 1 1 1 1 0.963053733110428 1 1 1 1 1 1 1 1 0.570428237318993 0.758236914873123 1 1 0.987653851509094 0.987653851509094 0.987653851509094 1 0.987653851509094 0.987653851509094 0.97551041841507 1 1 1 1 1 0.913245379924774 0.888645231723785 0.867269843816757 0.746941089630127 0.581134364008904 0.507702499628067 0.419750139117241 0.657754108309746 0.426273319870234 0.51883246190846 0.297339141368866 0.31602418422699 0.31602418422699 0.346963226795197 0.325514122843742 0.5
-9999 -9999 -9999 -9999 -9999 -9999 -9999 -9999 -9999 -9999 -9999 -9999 1 1 1 1 1 0.975399881601334 1 1 0.987653851509094 1 1 1 1 1 1 0.699804693460464 0.814144611358643 1 1 1 1 0.987653851509094 0.987653851509094 0.987727582454681 0.950836598873138 1 0.987727582454681 1 1 1 1 1 0.849045485258102 0.811970233917236 0.848750650882721 0.581834584474564 0.535195678472519 0.478864163160324 0.344880968332291 0.334893498569727 0.325514122843742 0.325514122843742 0.31602418422699 0.31602418422699 0.29625192284584 0.314918540418148 0.29625192284584
-9999 -9999 -9999 -9999 -9999 -9999 -9999 -9999 -9999 -9999 -9999 1 1 1 1 1 1 1 1 1 0.975326150655746 1 1 1 1 1 1 0.721456468105316 0.990694344043732 1 1 1 1 1 0.987727582454681 0.975326150655746 0.92623645067215 0.97551041841507 1 1 1 1 1 0.925812631845474 0.747180640697479 0.839481830596924 0.72832977771759 0.673490837216377 0.526147991418839 0.363584440201521 0.344880968332291 0.334893498569727 0.325514122843742 0.325514122843742 0.325514122843742 0.29625192284584 0.189374953508377 0.217457801103592 0.217457801103592
-9999 -9999 -9999 -9999 -9999 -9999 -9999 -9999 -9999 -9999 0.96279576420784 1 1 1 1 1 1 1 1 0.950836598873138 1 1 1 1 1 1 1 0.981130689382553 0.990694344043732 1 1 1 1 0.987653851509094 0.987653851509094 0.975326150655746 0.938564151525497 1 1 1 1 1 1 0.888645231723785 0.879634410142899 0.867269843816757 0.746941089630127 0.590992838144302 0.413300663232803 0.364174105226994 0.422348350286484 0.344880968332291 0.334893498569727 0.325514122843742 0.325514122843742 0.31602418422699 0.333400886505842 0.266860753297806 0.256947010755539
-9999 -9999 -9999 -9999 -9999 -9999 -9999 -9999 -9999 0.829623341560364 1 1 1 1 1 0.987672299146652 0.987672299146652 1 1 1 1 0.975326150655746 1 1 1 1 1 1 0.833308756351471 1 1 1 1 1 0.987653851509094 0.975381433963776 1 1 1 1 1 1 1 0.900972962379456 0.876280695199966 0.719153106212616 0.673085451126099 0.636544555425644 0.636747241020203 0.525281935930252 0.46968749165535 0.354278773069382 0.648448437452316 0.435578975826502 0.537701778113842 0.36192598938942 0.5 0.462851047515869 0.371415928006172
-9999 -9999 -9999 -9999 -9999 -9999 -9999 -9999 -9999 0.876280695199966 1 1 1 1 1 1 1 1 1 1 1 1 1 1 1 1 1 1 0.68428909778595 1 1 1 1 1 0.975381433963776 0.987653851509094 1 1 1 1 1 1 1 0.913245379924774 0.913245379924774 0.722598940134048 0.858056306838989 0.900825530290604 0.805428624153137 0.664553701877594 0.516971319913864 0.491191864013672 0.381034854799509 0.583364047110081 0.380703166127205 0.5 0.5 0.509342522360384 0.51883246190846
-9999 -9999 -9999 -9999 -9999 -9999 -9999 -9999 -9999 0.901065081357956 1 1 0.888497829437256 1 1 1 1 1 1 1 1 1 0.987672299146652 1 1 1 1 1 1 0.721585482358932 1 1 1 1 1 1 1 1 0.987672299146652 1 1 1 0.987672299146652 0.913245379924774 0.913245379924774 0.904234528541565 0.888645231723785 0.867269843816757 0.78368467092514 0.646200343966484 0.553438484668732 0.491191864013672 0.829807609319687 0.648448437452316 0.417446736246347 0.334893498569727 0.509342522360384 0.371415928006172 0.5
-9999 -9999 -9999 -9999 -9999 -9999 -9999 -9999 0.528819929808378 0.901065081357956 0.97536301612854 0.96279576420784 0.96279576420784 1 1 1 0.987672299146652 1 1 1 1 1 1 1 1 1 1 1 1 0.604794710874557 1 1 1 1 1 0.975326150655746 1 0.950781315565109 0.950781315565109 0.926015317440033 0.987727582454681 0.987727582454681 1 1 1 0.888645231723785 0.900972962379456 0.867269843816757 1 0.765699863433838 0.649701490998268 0.478864163160324 0.344880968332291 0.391869984567165 0.381882518529892 0.334893498569727 0.325514122843742 0.334893498569727 0.528138129040599
