data-raw/DATASET_PNE_1/DATASET_PNE/a_DATA/PFGS/ENVSUIT_A1B/HS_f30_H2_dryGrass.asc
NCOLS 619 
NROWS 782 
XLLCORNER 876826 
YLLCORNER 1947424 
CELLSIZE 100 
NODATA_value -9999 
[rows 486 to 512 of 782, columns 488 to 548 of 619]
1 1 1 1 1 1 1 1 0.946625325286529 1 0.754830851004928 0.634239521621173 0.927966336304745 0.712529760256907 1 1 1 0.946625325286529 1 0.866674049055977 1 0.839045457062178 1 1 1 1 1 1 1 1 1 1 1 1 1 1 1 1 0.789103593377997 1 1 1 1 1 1 1 1 1 1 1 1 1 1 1 1 1 1 1 1 1 1
1 1 1 1 1 1 1 1 0.946293117767566 0.860417474115497 0.789380432977133 0.754830851004928 0.927966336304745 0.746857870549803 0.780078622446155 1 0.965173578428658 1 1 1 1 1 0.919827252090139 1 1 1 1 1 1 1 1 1 1 1 1 1 0.954432201982171 0.825092741265711 0.956314711256298 1 1 1 0.973700238082055 1 1 1 1 1 1 0.972980455124301 0.839045457062178 1 1 1 1 1 1 1 1 1 1
1 1 1 1 1 1 1 1 0.982725209013897 0.843142683129395 0.789380432977133 0.704279940202647 0.779469575328055 0.752726870051492 0.927966336304745 1 0.868501190410276 1 0.973589502242401 0.892863075134267 1 1 1 1 1 1 1 1 1 1 1 1 1 1 0.894191905210121 0.901002159348873 0.686949781296717 0.753059077570456 1 1 1 0.973700238082055 0.973035823044128 1 1 1 1 1 0.726316372293893 0.789214329217651 0.972980455124301 0.839045457062178 1 1 1 1 1 1 1 1 1
1 1 -9999 1 1 1 1 1 0.973257294723437 0.947621947843419 0.965173578428658 0.825092741265711 1 0.779746414927191 1 1 0.927966336304745 0.954985881180444 1 1 1 1 1 0.946293117767566 1 1 1 1 1 1 1 1 1 0.929295166380599 0.981396378938043 0.981396378938043 0.753059077570456 0.843142683129395 1 1 0.94701290072532 1 1 1 1 1 0.929018326781463 0.738940258014506 0.631803333148774 0.772382481590167 0.699850506616466 1 1 0.946293117767566 0.945684070649466 1 1 1 0.866674049055977 1 1
1 1 1 1 1 1 1 1 1 0.982725209013897 1 0.825092741265711 0.752726870051492 0.779746414927191 1 1 1 1 1 1 1 1 1 1 1 1 1 1 1 1 1 1 1 0.981396378938043 0.981396378938043 0.981396378938043 0.806489120203754 1 1 0.920270195448757 1 0.973700238082055 1 1 0.825092741265711 0.76263772770057 0.634239521621173 0.779746414927191 0.779746414927191 0.779746414927191 0.726316372293893 1 1 1 1 1 0.946293117767566 0.972980455124301 1 1 1
1 1 1 1 1 1 1 1 1 1 1 0.825092741265711 0.634239521621173 0.700293449975084 0.825092741265711 0.930070317258181 1 1 1 1 1 1 1 1 1 1 1 1 1 1 1 1 0.825092741265711 0.981396378938043 0.634239521621173 0.711920713138807 1 1 1 0.946736061126183 0.946625325286529 1 1 0.753059077570456 0.753335917169592 0.634239521621173 0.570344942140524 0.663252311610653 0.752782237971319 0.762748463540225 0.954653673661481 0.954376834062344 0.946514589446874 1 1 0.972980455124301 0.982725209013897 0.972980455124301 1 1 1
1 1 1 1 1 1 1 1 1 1 0.860805049554288 0.825092741265711 0.634239521621173 0.510049277448646 0.309728143513648 0.806489120203754 1 1 1 1 1 1 1 1 1 0.920159459609103 1 1 1 0.973700238082055 0.94701290072532 1 0.964121587951941 0.929018326781463 0.660207076020154 0.669453518631305 1 1 0.892863075134267 0.866120369857704 1 1 0.772382481590167 0.634239521621173 0.634239521621173 0.49404794861857 0.47633021427385 0.534466530092464 0.487514534078955 0.634239521621173 0.726039532694757 0.900891423509219 0.927910968384918 0.90066995182991 0.927634128785782 0.779469575328055 0.981396378938043 0.972980455124301 1 1 1
1 1 1 1 1 1 1 1 1 1 0.843142683129395 0.842976579369913 0.607773655943746 0.472066884447151 0.3183655390067 0.649853275012458 0.908975139803998 1 1 1 1 1 0.834228448037207 1 0.838823985382869 0.866120369857704 0.839654504180278 1 0.893527490172194 0.894136537290294 1 0.841813853053541 0.911355960356569 0.60749681634461 0.634239521621173 1 1 1 0.886052820995515 1 1 1 0.559215990255246 0.47633021427385 0.405514644814794 0.099053208570954 0.0382592326006312 0.146946459221527 0.389900891423509 0.520790653895133 0.427827916505177 0.752782237971319 0.779746414927191 0.634239521621173 0.634239521621173 0.612036985770445 0.981396378938043 1 1 1 1
1 1 1 1 1 1 1 1 1 0.892863075134267 0.745196832954986 0.726593211893029 0.634239521621173 0.491168816787553 0.350755772105642 0.632523116106528 0.856486351807763 0.614694645922153 0.806489120203754 0.860251370356016 0.806489120203754 0.927080449587509 1 1 0.973589502242401 0.866120369857704 0.94701290072532 1 0.973700238082055 1 1 0.85936548363878 0.621615635900559 0.471513205248879 1 1 1 1 1 1 0.909805658601406 0.496982448369415 0.107579868224351 0 0.107247660705387 0.054260561430707 0 0 0.0382592326006312 0.262443939981175 0.42312164331986 0.467582082941144 0.514644814794308 0.514644814794308 0.452688112507613 0.726039532694757 0.937102043076242 0.982725209013897 0.972980455124301 1 1
1 1 1 1 1 1 1 1 1 1 1 1 0.825092741265711 0.634239521621173 0.350755772105642 0.597198383256741 0.335695697912629 0.396821881401916 0.804606610929627 1 1 1 1 0.954985881180444 0.973589502242401 1 1 1 1 1 0.911355960356569 0.444161452854216 0.426111510990532 0.396821881401916 0.936492995958142 1 1 0.570344942140524 0.962958861635568 0.531310558662311 0.246885554509717 0.125076130889762 0 0.0264104977575992 0.0264104977575992 0 0.0264104977575992 0 0.0530978351143348 0 0.0269641769558718 0.0723105032943912 0.121864791539782 0.362549139028847 0.525939870439068 0.753003709650628 0.69957366701733 0.972980455124301 1 1 1
1 1 1 1 1 1 1 1 1 0.972980455124301 1 1 0.825092741265711 0.634239521621173 0.37135263828138 0.597198383256741 0.455290404739494 0.769447981839322 0.981396378938043 1 1 0.927966336304745 0.874037982393001 1 1 1 1 1 1 0.807430374840817 0.581972205304247 0.343779414207408 0.0538729859919163 0.054260561430707 0.749460162781684 0.855821936769836 0.802225790377056 0.73927246553347 0.107579868224351 0 0.0535407784729528 0 0 0 0 0 0 0 0 0 0 0.0267427052765628 0.0180499418636842 0.0769060406400532 0.450307291955041 0.72576269309562 0.672609490061458 1 1 1 1
1 1 1 1 1 1 1 0.946514589446874 1 1 1 1 0.8770832179835 0.634239521621173 0.597198383256741 0.597198383256741 0.455677980178285 0.786944244504734 0.806489120203754 1 1 1 1 0.927966336304745 0.954985881180444 -9999 1 1 1 0.517856154144289 0.343779414207408 0.053374674713471 0 0 0.510104645368473 0.561818282487127 0.492553014783235 0.107247660705387 0 0 0 0 0 0 0 0 0 0 0 0 0 0 0.0180499418636842 0.0951220862632191 0.502076296993522 0.753003709650628 0.725984164774929 1 1 0.972980455124301 1
1 1 1 1 1 0.972980455124301 1 1 1 1 0.866120369857704 0.771662698632412 0.895133159847185 0.634239521621173 0.350755772105642 0.597198383256741 0.944355240573612 0.944355240573612 0.947621947843419 0.825092741265711 1 1 0.847018437517302 0.927966336304745 0.981396378938043 -9999 -9999 -9999 0.535186313050219 0.0535407784729528 0.0269641769558718 0 0 0.255412214163114 0.384474835280439 0.402192569625159 0 0 0 0 0 0 0 0.0264104977575992 0 0 0 0 0.0269641769558718 0 0.0264104977575992 0.058856098776369 0.163335363490394 0.309506671834339 0.460882564642046 0.61414096672388 0.699850506616466 0.972980455124301 1 0.945684070649466 1
1 1 1 1 1 1 1 1 1 1 0.919882620009966 0.798682243508111 0.686949781296717 0.825092741265711 0.769447981839322 0.423564586678478 0.944355240573612 0.944355240573612 0.982448369414761 0.825092741265711 1 1 1 -9999 -9999 -9999 -9999 0.944908919771884 0.0269641769558718 0 0 0 0 0.0615691268479043 0.199822822656553 0 0 0 0.0174962626654117 0 0 0 0.0797851724710703 0.054260561430707 0.054260561430707 0.0988871048114722 0.387298599191628 0.405514644814794 0.387298599191628 0.0450141188195559 0.0180499418636842 0.0745252200874813 0.309506671834339 0.353801007696141 0.634239521621173 0.691932894081169 0.981396378938043 1 0.972980455124301 1 1
1 1 1 1 1 1 1 1 1 1 1 1 0.652067991805548 0.860251370356016 0.944355240573612 0.396821881401916 0.944355240573612 0.769447981839322 0.860251370356016 0.982448369414761 1 -9999 -9999 -9999 -9999 -9999 0.801284535739992 0.147389402580145 0 0 0 0 0 0 0 0 0 0 0 0 0 0 0.038646808039422 0.0769060406400532 0.390399202701954 0.44388461325508 0.434084491445656 0.44388461325508 0.369857704446044 0.47633021427385 0.47633021427385 0.520790653895133 0.581030950667183 0.704279940202647 0.772382481590167 0.726316372293893 1 1 1 1 1
1 1 0.892254028016167 1 1 1 0.946569957366702 1 1 1 1 1 0.634239521621173 0.455844083937766 0.597198383256741 -9999 0.804606610929627 -9999 -9999 1 0.623387409335031 -9999 -9999 -9999 -9999 -9999 0.0521565804772715 0 0 0 0 0 0 0 0 0 0 0 0 0.020209290736947 0.020209290736947 0.160068656220586 0.396268202203643 0.508720447372792 0.630585238912574 0.603621061956702 -9999 0.65666352915121 0.587896572725763 0.670228669508887 0.677537234926084 0.634239521621173 0.755163058523891 0.699352195338021 0.725707325175793 1 1 1 1 1 1
1 1 1 1 1 1 1 0.759371020430762 1 1 1 1 1 0.445767122529207 0.350755772105642 -9999 -9999 -9999 -9999 0.381761807208903 0.381761807208903 -9999 -9999 -9999 -9999 -9999 0 0 0 0 0 0 0 0 0 0 0 0 0.0728641824926638 0.210508831183212 0.463983168152373 0.500138419799568 0.526604285476995 0.603621061956702 0.603621061956702 0.603621061956702 0.603621061956702 0.621338796301423 0.738718786335197 0.753003709650628 0.793533026964177 0.927634128785782 0.981396378938043 0.820829411439012 0.927634128785782 1 1 1 1 1 1
1 1 1 1 1 1 0.903936659099718 0.893582858092021 1 1 1 1 0.825092741265711 0.634239521621173 0.332705830241958 -9999 -9999 -9999 -9999 0.271192071313881 -9999 -9999 0.0269641769558718 0.0178284701843752 0 0 0 0 0 0 0 0 0 0 0 0 0 0 0.020209290736947 0.437074359116328 0.482254581695366 0.660594651458945 0.597143015336914 0.603621061956702 0.603621061956702 0.57948064891202 0.683627706107082 0.621338796301423 0.711422401860362 0.699019987819058 0.794529649521068 0.927412657106472 0.873982614473174 0.901278998948009 0.927634128785782 1 1 1 0.972703615525165 0.972703615525165 1
1 1 1 1 1 0.965173578428658 0.866120369857704 0.947289740324456 1 1 1 0.639499474004762 0.634239521621173 0.634239521621173 0.332705830241958 -9999 -9999 -9999 -9999 0 -9999 -9999 0 0 0 0 0 0.16743258955761 0 0 0 0.3417308011738 0.3417308011738 0 0 0 0 0 0 0.397154088920879 0.589114666961962 0.538397652400199 0.597862798294668 0.603621061956702 0.526604285476995 0.508720447372792 0.48175627041692 0.630086927634129 0.647804661978849 0.680250262997619 0.726205636454238 -9999 0.954376834062344 0.873982614473174 0.927634128785782 0.901223631028182 0.927634128785782 0.981396378938043 1 1 1
1 1 1 1 0.956314711256298 0.893139914733403 0.947289740324456 1 1 1 1 0.673882952217485 0.825092741265711 0.66956425447096 0.579148441393057 0.0269641769558718 -9999 -9999 -9999 -9999 -9999 0 0 0 0 0 0.264603288854438 0.350091357067715 0.0269641769558718 0.0269641769558718 0.492553014783235 0.492553014783235 0.510104645368473 0.510104645368473 0.0269641769558718 0.0269641769558718 0.0269641769558718 0 0 0.36952549692708 0.562205857925918 0.526770389236476 0.589114666961962 0.535130945130391 0.508720447372792 0.535463152649355 0.535130945130391 0.508720447372792 0.603621061956702 0.499474004761641 0.611760146171308 0.67216654670284 0.793975970322795 0.82127235479763 0.72576269309562 0.752726870051492 0.699352195338021 0.646088256464205 0.628370522119484 0.69957366701733 0.884723990919661
1 0.920104091689275 0.858313493162062 1 0.919827252090139 0.92060240296772 0.947289740324456 1 1 1 1 0.894911688167876 1 0.721388627429267 0.579148441393057 0.0269641769558718 0 -9999 -9999 -9999 -9999 0 0 0 0 0.455511876418803 0.492553014783235 0.510104645368473 0.69453518631305 0.71247439233708 0.908975139803998 0.908975139803998 0.856209512208626 0.856763191406899 0.856763191406899 0.332705830241958 0.380045401694258 0.350755772105642 0.414539615746636 0.524943247882177 0.753003709650628 0.662975472011517 0.643873539671114 0.552571839875976 0.28913127733791 0.562427329605227 0.513925031836554 0.450030452355905 0.535130945130391 0.624162560212613 0.544322019821715 0.526161342118377 0.571341564697414 0.61635568351697 0.72576269309562 0.735507446985217 0.72576269309562 0.622169315098832 0.72576269309562 0.770610708155695 0.927634128785782
1 0.919882620009966 0.919882620009966 0.946846796965838 0.947289740324456 1 1 1 1 1 -9999 -9999 1 0.825092741265711 0.579148441393057 0.380488345052876 0 0 0.0264104977575992 0 0 0 0 0 0.500858202757322 0.492553014783235 0.632744587785837 0.802447262056365 0.936271524278833 0.936271524278833 0.962958861635568 1 1 1 1 1 0.60749681634461 0.789380432977133 0.772050274071203 0.720502740712031 0.686949781296717 0.789491168816788 0.72576269309562 0.592326006311943 0.280161674325896 0.450030452355905 0.369802336526217 0.416865068379381 0.423564586678478 0.44388461325508 0.48175627041692 0.605448203311002 0.517357842865844 0.67438126349593 0.730081390842146 0.761585737223853 0.84768285255523 0.793366923204695 0.846686229998339 0.847239909196612 0.873982614473174
0.920104091689275 0.973589502242401 1 1 1 0.973700238082055 1 1 1 0.806489120203754 -9999 -9999 -9999 0.806489120203754 0.523946625325286 0 0.120425225624273 0 0 0 0 0 0 0 0 0.296439842755108 0.908975139803998 1 1 1 1 1 1 1 1 1 1 1 0.806489120203754 0.911466696196224 0.911466696196224 0.753335917169592 0.789380432977133 0.70117933669232 0.753003709650628 0.451580754111068 0.397154088920879 0.450030452355905 0.103482642157134 0.42273406788107 0.535130945130391 0.737334588339516 0.67438126349593 0.67438126349593 0.621338796301423 0.756824096118709 0.776424339737556 0.76706716128675 0.873428935274902 0.793366923204695 0.793533026964177
0.973589502242401 0.947289740324456 1 1 1 1 1 1 1 0.719506118155141 0.700570289574221 -9999 -9999 0.597198383256741 0.505287636343503 0.120425225624273 0 0 0 0 0 0 0 0 0.262443939981175 0.504955428824539 0.560766292010409 0.580588007308565 1 1 0.920547035047893 1 0.892530867615304 0.892530867615304 1 1 1 1 1 1 1 1 0.947621947843419 0.806489120203754 0.84203532473285 0.753003709650628 0.486517911522064 0.397154088920879 0.257682298876031 0.146946459221527 0.461380875920492 0.536016831847627 0.737334588339516 0.70079176125353 0.67438126349593 0.67438126349593 0.686506837938099 0.846686229998339 0.846686229998339 0.76706716128675 0.740656663529151
0.81684292121145 0.947289740324456 1 1 1 1 1 1 1 1 1 0.651292840927966 0.597198383256741 0.523946625325286 0.182105088311832 0 0 0 0 0.0269641769558718 0.0269641769558718 0.242732960522673 0.251702563534688 0.309728143513648 0.522285587730469 0.698853884059576 0.589945185759371 1 1 1 1 1 1 1 1 1 1 1 1 1 1 1 1 0.919827252090139 0.798682243508111 0.780078622446155 0.634239521621173 0.460052045844638 0.342284480372072 0.508720447372792 0.553014783234594 0.536016831847627 0.561818282487127 0.589114666961962 0.755052322684237 0.67438126349593 0.701345440451802 0.701123968772493 0.811084657549416 0.820386468080394 0.873428935274902
0.727091523171474 0.798792979347766 1 1 1 1 1 1 1 1 1 0.962958861635568 0.579148441393057 0.229333923924478 0.0269641769558718 0 0.0269641769558718 0.0269641769558718 0.260173855268258 0.332705830241958 0.882509274126571 0.981728586457007 0.445767122529207 0.445767122529207 0.527877747633021 0.554620452909584 0.528320690991639 0.753612756768728 1 1 1 0.638170643928908 1 1 1 0.786002989867671 1 0.839543768340623 1 1 1 1 0.973035823044128 1 1 0.780078622446155 0.755163058523891 0.634239521621173 0.570344942140524 0.49404794861857 0.513648192237418 0.535130945130391 0.553014783234594 0.544820331100161 0.642433973755606 0.553180886994076 0.579868224350811 0.526216710038204 0.605614307070483 0.555174132107857 0.632910691545319
0.736780909141244 0.75377886052821 0.954985881180444 1 1 1 0.973312662643265 1 1 1 1 1 0.269752505398372 0.0269641769558718 0.0269641769558718 0.0269641769558718 0.260782902386357 0.350755772105642 0.445767122529207 1 1 1 1 0.66048391561929 0.68506727202259 0.686949781296717 0.772382481590167 0.611206466973036 0.777863905653065 1 1 0.866397209456841 0.920270195448757 0.945960910248602 0.892973810973922 0.786002989867671 0.759537124190244 0.786002989867671 0.946293117767566 0.867006256574941 0.973312662643265 1 0.972980455124301 1 1 0.946569957366702 0.780078622446155 0.806489120203754 0.772382481590167 0.677537234926084 0.500415259398704 0.559105254415592 0.540335529594153 0.632910691545319 0.70079176125353 0.755052322684237 0.56275953712419 0.553180886994076 0.579314545152539 0.485133713526383 0.406677371131167
