data-raw/DATASET_PNE_1/DATASET_PNE/a_DATA/PFGS/ENVSUIT_A1B/HS_f90_C6_VaccMyrt.asc
NCOLS 619 
NROWS 782 
XLLCORNER 876826 
YLLCORNER 1947424 
CELLSIZE 100 
NODATA_value -9999 
[rows 234 to 259 of 782, columns 171 to 227 of 619]
0 0 0 0 0.0609509593556613 0.203999129272009 0.222719781074105 0.577137170755979 0.595702335416861 0.690767173554747 0.690767173554747 0.761078458811456 0.807755698603726 0.807755698603726 0.901047983331779 0.672046521752651 0.690767173554747 0.410392760518705 0.285692073265541 0.148987778710701 0.148987778710701 0.0557887862673757 0 0 0 0 0.516124016543832 0 0 0.0931989924433249 0.0557887862673757 0.371552072643592 0.121653139285381 0.371552072643592 0.577168268184221 0.577168268184221 0.577168268184221 0.0201200360730168 0.520726435923749 0.379544111701962 0.0743850483565009 0.0993562832353765 0.155424946356936 0.169232204496688 0.286407314115123 0.48412476288211 0.652517336816245 0.671362378331312 0.633392418446994 0.614205305221258 0.614205305221258 0.575426812202631 0 0 0 0 0
0 0 0 0 0.142737195633921 0.203999129272009 0.241502627732687 0.614205305221258 0.614889448642597 0.690767173554747 0.714214634449731 0.807755698603726 0.84939515502068 0.942749634605218 0.732655409397643 0.672046521752651 0.634916192430886 0.633392418446994 0.250427589638337 0.148987778710701 0.148987778710701 0.24131604316323 0 0.203999129272009 0.385639207637528 0.210063127779333 0.577168268184221 0.121839723854837 0.111888546817178 0.137357340547937 0.577168268184221 0.577168268184221 0.577168268184221 0.33062785707622 0.32935286251827 0.556706160400535 0.577168268184221 0.155269459215723 0.520726435923749 0.361134434182293 0.357651522219113 0.558696395808067 0.28684267811052 0.268339708306123 0.401156824330628 0.540753179712038 0.652517336816245 0.671362378331312 0.633392418446994 0.614205305221258 0.614205305221258 0.595888919986317 0.298970675125167 0.0933233821562957 0 0 0
0 0 0 0 0.142737195633921 0.203999129272009 0.390117237304475 0.614205305221258 0.653419162235283 0.67192213203968 0.709207948502659 0.779052772335728 0.942749634605218 0.896010199956464 0.709207948502659 0.52896725440806 0.267624467456541 0.390645893584601 0.250427589638337 0.150542650122835 0.150542650122835 0.13067139347576 0.13067139347576 0 0 0.348197904033336 0.502752122399478 0.595888919986317 0.577168268184221 0.595888919986317 0.614205305221258 0.22231551450695 0.0945050844295177 0.185869328606524 0.502223466119352 0.614205305221258 0.595484653419162 0.248872718226203 0.539509282582331 0.305127965917219 0.453213919208881 0.529682495257642 0.550579967036726 0.436421307957832 0.596106601984016 0.67192213203968 0.71825730012128 0.671362378331312 0.633392418446994 0.614205305221258 0.614205305221258 0.556706160400535 0.261404981808004 0.13067139347576 0 0 0
0 0 0 0 0.163199303417607 0.203999129272009 0.408962278819542 0.614889448642597 0.67192213203968 0.709207948502659 0.84939515502068 0.779052772335728 0.91948875827969 0.919550953136176 0.690487296700563 0.64956308113319 0.403986690300712 0.570295736542588 0.436141431103648 0.408558012252387 0.614205305221258 0.22231551450695 0.202257673290419 0.121839723854837 0 0.351089964859906 0 0 0.595888919986317 0.614205305221258 0.614205305221258 0.614205305221258 0.0790185651646609 0.0743850483565009 0.278415275056753 0.502441148117051 0.230027676711136 0.204434493267407 0.390148334732718 0.398731224927699 0.550082408184843 0.63217961874553 0.651584413968965 0.567528065428989 0.523276425039649 0.709207948502659 0.784463724849955 0.671362378331312 0.633392418446994 0.614205305221258 0.614205305221258 0.575426812202631 0.280187828466586 0.0375034984606773 0 0 0
0 0 0 0.142737195633921 0.203999129272009 0.241502627732687 0.446559069564947 0.633392418446994 0.541375128276891 0.690362906987592 0.938986845787853 0.938986845787853 0.939049040644339 0.89619678452592 0.919550953136176 0.690487296700563 0.690767173554747 0.690767173554747 0.634076561868334 0.391267842149454 0.22231551450695 0.22231551450695 0.183537021488323 0.200422925024101 0 0.121964113567808 0 0 0.577168268184221 0.595484653419162 0.614205305221258 0.614205305221258 0.435737164536493 0.246789190533943 0.209907640638119 0.263799483782691 0.185869328606524 0.204434493267407 0.335914419877476 0.262648878937712 0.652641726529216 0.671362378331312 0.690487296700563 0.690487296700563 0.826507447834064 0.919457660851448 0.690767173554747 0.652517336816245 0.633392418446994 0.614205305221258 0.614205305221258 0.595888919986317 0.373169138912212 0.0748204123518985 0 0 0
0 0 0 0.203999129272009 0.203999129272009 0.390117237304475 0.614205305221258 0.390645893584601 0.473333955281898 0.298473116273284 0.74779985695183 0.957645302733464 0.957645302733464 0.957707497589949 0.89249619056504 0.89619678452592 0.709207948502659 0.653512454520011 0.280032341325372 0.447678576981684 0.614889448642597 0.595702335416861 0.22231551450695 0.183537021488323 0 0 0 -9999 -9999 -9999 0.22231551450695 0.614205305221258 0.540566595142582 0.493733868209099 0.397176353515564 0.453213919208881 0.397176353515564 0.204434493267407 0.335914419877476 0.493733868209099 0.455266349472899 0.651584413968965 0.690487296700563 0.747271200671705 0.849737226731349 0.82656964269055 0.67192213203968 0.652517336816245 0.633392418446994 0.614205305221258 0.614205305221258 0.595888919986317 0.373169138912212 0.149143265851914 0 0 0
0 0 0.142737195633921 0.203999129272009 0.203999129272009 0.408962278819542 0.614205305221258 0.205989364679541 0.510464284603663 0.430357309450508 0.74779985695183 0.976739123674472 0.906987592126131 0.906987592126131 0.906987592126131 0.883322449233448 0.728706036010822 0.690362906987592 0.690362906987592 0.67192213203968 0.652517336816245 0.614205305221258 0.595702335416861 0.22231551450695 0.371552072643592 0 0 -9999 -9999 -9999 0.22231551450695 0.371458780358864 0.633392418446994 0.652641726529216 0.514662437416426 0.416301271884815 0.360014926765557 0.283079889293155 0.395683676959915 0.492054607083994 0.578412165313929 0.635071679572099 0.822464782162515 0.817893460210841 0.892558385421526 0.784121653139286 0.690767173554747 0.671362378331312 0.652237459962061 0.614205305221258 0.614205305221258 0.595888919986317 0.554529340423547 0.167552943371583 0 0 0
0 0 0.203999129272009 0.203999129272009 0.259819012967628 0.577137170755979 0.633392418446994 0.133656746587057 0.298473116273284 0.74779985695183 0.766458313897441 0.976739123674472 0.766458313897441 0.813228845974438 0.789688092794726 0.766458313897441 0.859781696053736 0.74779985695183 0.728706036010822 0.597163914544267 0.429175607177286 0.48412476288211 0.371458780358864 0.371458780358864 0.202164381005691 0.0811020928569207 0 -9999 -9999 -9999 0.409304350530211 0.371458780358864 0.633392418446994 0.652517336816245 0.63217961874553 0.549087290481077 0.435146313399882 0.32216935659421 0.512454520011195 0.591193208321672 0.652517336816245 0.77976801318531 0.794694778741798 0.771247317846814 0.822371489877787 0.690362906987592 0.690767173554747 0.694809839226296 0.652237459962061 0.614205305221258 0.614205305221258 0.595888919986317 0.575426812202631 0.391889790714308 0.167552943371583 0.13067139347576 0.13067139347576
0 0.08097770314395 0.203999129272009 0.203999129272009 0.408962278819542 0.614205305221258 0.67192213203968 0.690767173554747 0.728706036010822 0.766458313897441 0.789999067077153 1 0.766458313897441 0.836645209441179 1 0.953353857635974 0.715271947009982 0.766458313897441 0.728954815436763 0.610660198401592 -9999 0.244177006561557 0.037037037037037 0.0183163852349411 0.27664272164692 0.0811020928569207 0 0 0 -9999 0.446776751562646 0.389868457878534 0.633392418446994 0.652517336816245 0.651584413968965 0.608638865565818 0.493453991354915 0.416456759026029 0.591193208321672 0.652641726529216 0.690767173554747 0.756102870292627 0.74779985695183 0.817893460210841 0.841465310818795 0.728706036010822 0.783997263426315 0.690767173554747 0.671362378331312 0.614205305221258 0.614205305221258 0.614205305221258 0.595888919986317 0.513947196566844 0.373169138912212 0.13067139347576 0
0 0.203999129272009 0.203999129272009 0.222719781074105 0.614205305221258 0.614205305221258 0.67192213203968 0.709207948502659 0.728706036010822 0.74779985695183 0.766458313897441 1 0.836645209441179 0.981497030195603 1 0.981279348197904 0.930217371023417 0.766458313897441 0.74779985695183 -9999 0.690767173554747 0.652517336816245 0.0386541033056566 0.22231551450695 0.220480766240632 0.0404577541437323 0 0 0 0.214696644587493 0.371831949497777 0.595484653419162 0.652517336816245 0.67192213203968 0.558976272662251 0.608638865565818 0.493453991354915 0.529682495257642 0.63217961874553 0.672046521752651 0.732655409397643 0.756102870292627 0.74779985695183 0.864788382000809 0.911154647510651 0.74779985695183 0.709207948502659 0.784463724849955 0.671362378331312 0.633392418446994 0.614205305221258 0.614205305221258 0.595888919986317 0.595888919986317 0.391889790714308 0.280187828466586 0.0748204123518985
0.203999129272009 0.203999129272009 0.203999129272009 0.203999129272009 0.614205305221258 0.633392418446994 0.653419162235283 0.709207948502659 0.728706036010822 0.813197748546195 0.766458313897441 0.771496097272756 0.813197748546195 0.883602326087633 1 -9999 1 0.701589078583201 0.74779985695183 0.728706036010822 0.67192213203968 0.652517336816245 0.614205305221258 0.614205305221258 0.240942874024318 0 0 0.0183163852349411 0.521068507634419 0.330534564791492 0.428087197188793 0.558354324097397 0.652517336816245 0.690767173554747 0.579438380445937 0.670025188916877 0.493453991354915 0.651584413968965 0.651584413968965 0.714152439593246 0.732655409397643 0.77560095780079 0.841123239108126 0.883322449233448 0.976334857107317 0.74779985695183 0.77560095780079 0.849768324159592 0.671362378331312 0.652517336816245 0.614205305221258 0.614205305221258 0.614205305221258 0.595888919986317 0.595888919986317 0.391889790714308 0.167552943371583
0.121839723854837 -9999 -9999 -9999 0.371707559784806 0.241502627732687 0.634698510433187 0.709207948502659 0.709207948502659 0.514817924557639 0.645302733463943 0.747737662095345 0.538700749448021 0.813197748546195 0.976334857107317 1 0.930217371023417 0.789999067077153 0.766458313897441 0.728706036010822 0.652517336816245 0.652517336816245 0.614205305221258 0.614205305221258 0.22231551450695 0.0994184780918618 0.0386541033056566 0.595484653419162 0.614205305221258 0.521379481916845 0.446559069564947 0.502907609540691 0.67192213203968 0.732655409397643 0.635102777000342 0.690487296700563 0.631060111328793 0.690487296700563 -9999 0.802873402369624 0.826538545262307 0.864788382000809 0.841123239108126 0.906987592126131 1 0.794694778741798 0.77560095780079 0.732655409397643 0.690767173554747 0.671362378331312 0.652517336816245 0.614205305221258 0.614205305221258 0.614205305221258 0.595888919986317 0.513947196566844 0.167552943371583
0.0201200360730168 -9999 -9999 -9999 0.22231551450695 0.0183163852349411 0.280032341325372 0.690767173554747 0.338557701278104 0.547408029355972 0.665827036104114 0.766458313897441 0.957987374444134 0.505706378082533 0.813197748546195 1 0.813197748546195 0.766458313897441 0.766458313897441 0.709207948502659 0.652517336816245 0.61538700749448 0.614205305221258 0.614205305221258 0.352955810554467 0.0790185651646609 0.371831949497777 0.595484653419162 0.614205305221258 0.558634200951581 0.614329694934229 0.503249681251361 0.690767173554747 0.709207948502659 0.635102777000342 0.732655409397643 0.690487296700563 0.690487296700563 -9999 0.77560095780079 0.888329135180521 0.864788382000809 0.841465310818795 0.906987592126131 0.930186273595174 0.841123239108126 0.77560095780079 0.803028889510838 0.709207948502659 0.690767173554747 0.652517336816245 0.652517336816245 0.614205305221258 0.614205305221258 0.595888919986317 0.595888919986317 0.402245234319122
0.0201200360730168 0.0201200360730168 0.101315421214666 -9999 -9999 0.427527443480424 0.633392418446994 0.690767173554747 0.760643094816059 0.527163603569985 0.647168579158504 0.705320769972323 0.836676306869422 0.84140311596231 0.612681531237367 0.976739123674472 0.813197748546195 0.766458313897441 0.74779985695183 0.709207948502659 0.67192213203968 0.453929160058463 0.22231551450695 0.614205305221258 0.446465777280219 0.150542650122835 0.371458780358864 0.614205305221258 0.633050346736325 0.633516808159965 0.633516808159965 0.597163914544267 0.690767173554747 0.709207948502659 0.653512454520011 0.728706036010822 0.728706036010822 0.850514662437417 0.888329135180521 0.771247317846814 0.930186273595174 0.906987592126131 0.836676306869422 0.930186273595174 0.906987592126131 0.906987592126131 0.864788382000809 0.794694778741798 0.817893460210841 0.803308766365022 0.690767173554747 0.652517336816245 0.633392418446994 0.614205305221258 0.614205305221258 0.614205305221258 0.595888919986317
0.0201200360730168 0.101315421214666 0.121839723854837 0.121839723854837 0.22231551450695 0.22231551450695 0.390645893584601 0.299779208259477 0.468047392480642 0.527163603569985 0.684920857045122 0.766458313897441 0.953509344777187 0.962776378393507 0.883353546661691 0.789999067077153 0.766458313897441 0.74779985695183 0.728706036010822 0.690704978698262 0.690767173554747 0.509562459184626 0.22231551450695 0.22231551450695 0.343626582081662 0.281245141026837 0.22231551450695 0.633050346736325 0.614671766644899 0.633516808159965 0.652641726529216 0.598159032248033 0.709207948502659 0.752153496905806 0.827658052679043 0.729079205149734 0.747737662095345 0.906987592126131 0.860217060049134 0.860217060049134 0.906987592126131 0.906987592126131 1 0.90673881270019 0.90673881270019 0.883322449233448 0.883322449233448 0.836676306869422 0.74779985695183 0.771247317846814 0.690362906987592 0.67192213203968 0.652517336816245 0.633392418446994 0.614205305221258 0.614205305221258 0.595702335416861
0.101315421214666 0.121839723854837 0.203999129272009 0.595702335416861 0.521223994775632 0.0368815498958236 0.223901483347327 0.468047392480642 0.468047392480642 0.541530615418105 0.74779985695183 0.789999067077153 0.813197748546195 0.813197748546195 0.930217371023417 0.766458313897441 0.77606741922443 0.658736822464782 0.709207948502659 0.608918742420002 0.52896725440806 0.282146966445875 0.278912833908636 0.521379481916845 0.451006001803651 0.413657990484187 0.437354230805112 0.558696395808067 0.577883509033803 0.652641726529216 0.718941443542619 0.672046521752651 0.802531330658955 0.585315794383805 0.757346767422334 0.747737662095345 0.906987592126131 0.906987592126131 -9999 -9999 -9999 -9999 0.953478247348944 0.929999689025718 0.883073669807507 0.90673881270019 0.860123767764406 0.860123767764406 0.794694778741798 0.817893460210841 0.756102870292627 0.67192213203968 0.694809839226296 0.652517336816245 0.614205305221258 0.614205305221258 0.614205305221258
0.121839723854837 0.140156109089778 0.22231551450695 0.614205305221258 0.614205305221258 0.205149734116989 0.429921945455111 0.468047392480642 0.508722828622073 0.491494853375626 0.393258077556986 0.789656995366483 0.789999067077153 1 0.766458313897441 0.74779985695183 0.747737662095345 0.606524240445315 0.587026152937152 0.566128681158068 0.509562459184626 0.338184532139192 0.249214789936872 0.614329694934229 0.471250427589638 0.577199365612464 0.577821314177318 0.633516808159965 0.652641726529216 0.672046521752651 0.672046521752651 0.755885188294928 0.752153496905806 0.813104456261467 0.766458313897441 0.836893988867121 0.906987592126131 -9999 0.883322449233448 -9999 -9999 -9999 -9999 0.976739123674472 0.976739123674472 0.883540131231147 0.930186273595174 0.860248157477377 0.841123239108126 0.794694778741798 0.690362906987592 0.690362906987592 0.784588114562926 0.671362378331312 0.652237459962061 0.614205305221258 0.614205305221258
-9999 0.140156109089778 0.22231551450695 0.595702335416861 0.633392418446994 0.355474702242125 0.508722828622073 0.508722828622073 0.506825885499269 0.566906116864135 0.374630718039618 0.789999067077153 0.976739123674472 0.813197748546195 0.83642752744348 0.766458313897441 0.766458313897441 0.747364492956433 0.587026152937152 0.566128681158068 0.509562459184626 0.414839692757409 0.456976708026246 0.572068289952421 0.633516808159965 0.633516808159965 0.652641726529216 0.652641726529216 0.672046521752651 0.672046521752651 0.713717075597848 0.807475821749541 0.888049258326337 0.837018378580092 -9999 0.906987592126131 -9999 -9999 0.930186273595174 -9999 -9999 0.97670802624623 0.97670802624623 0.976739123674472 0.93003078645396 0.90673881270019 0.906987592126131 0.883322449233448 0.841123239108126 0.794694778741798 0.756102870292627 0.732655409397643 0.784463724849955 0.718350592406008 0.671362378331312 0.652237459962061 0.614205305221258
0.201418042727866 0.201418042727866 0.22231551450695 0.614889448642597 0.428491463755947 0.508722828622073 0.52896725440806 0.508722828622073 0.486488167428554 -9999 -9999 0.789999067077153 0.813197748546195 0.766458313897441 0.789688092794726 -9999 -9999 -9999 0.625182697390926 0.568305501135056 0.52896725440806 0.522250209907641 0.652641726529216 0.468980315327922 0.652641726529216 0.652641726529216 0.672046521752651 0.672046521752651 0.695276300649936 -9999 -9999 0.873775538762944 0.794850265883012 0.836676306869422 0.789999067077153 0.883540131231147 -9999 -9999 -9999 -9999 -9999 -9999 -9999 1 0.929999689025718 0.953447149920702 1 0.930186273595174 0.930186273595174 0.817924557639083 0.822371489877787 0.849364057592437 0.896258979382405 0.690767173554747 0.694809839226296 0.671362378331312 0.614205305221258
0.22231551450695 0.427434151195696 0.540753179712038 0.653419162235283 0.318624249774544 0.468047392480642 0.547408029355972 -9999 -9999 -9999 -9999 0.673477003451815 0.860123767764406 -9999 -9999 -9999 -9999 -9999 0.62673756880306 0.568305501135056 0.713717075597848 0.67192213203968 0.652641726529216 0.509562459184626 0.652641726529216 0.652641726529216 0.672046521752651 0.714214634449731 0.713717075597848 -9999 -9999 -9999 0.859999378051435 0.860092670336163 1 0.953447149920702 -9999 -9999 -9999 -9999 -9999 1 0.976739123674472 0.976739123674472 0.930186273595174 0.930186273595174 0.930186273595174 0.930186273595174 1 0.794694778741798 0.771247317846814 0.752153496905806 0.709207948502659 0.690362906987592 0.652517336816245 0.671362378331312 0.633392418446994
0.615884566346363 0.279752464471188 0.336163199303418 0.336101004446932 0.303231022794415 0.508660633765588 0.341885126100072 -9999 -9999 -9999 -9999 0.841620797960009 0.93003078645396 -9999 -9999 -9999 -9999 -9999 0.629038778493019 0.579034113878782 0.568305501135056 0.634916192430886 0.694592157228597 0.509562459184626 0.699412258606213 0.737382218490531 0.621793077712473 0.709207948502659 0.728706036010822 0.850514662437417 -9999 -9999 0.836645209441179 0.976552539105016 -9999 0.981590322480331 0.976552539105016 -9999 -9999 -9999 -9999 1 1 1 1 1 0.97670802624623 1 0.97670802624623 0.841340921105825 0.865130453711478 0.752153496905806 0.826165376123395 0.732655409397643 0.690767173554747 0.671362378331312 0.633392418446994
0.298877382840439 0.635071679572099 0.504649065522281 0.616008956059334 0.728706036010822 0.331996143918898 0.374630718039618 0.766458313897441 -9999 -9999 0.781074105171502 0.906583325558976 0.981497030195603 0.757284572565849 -9999 -9999 0.939328917498523 0.827906832104985 0.81776907049787 0.728706036010822 0.64956308113319 0.616506514911217 0.509562459184626 0.528283110986721 0.652641726529216 0.760829679385515 0.84557017134683 0.74779985695183 0.850918929004571 0.729079205149734 0.766458313897441 -9999 -9999 0.976552539105016 0.976552539105016 -9999 1 -9999 -9999 -9999 1 0.976739123674472 1 1 1 1 1 0.976739123674472 0.953447149920702 0.930248468451659 0.911590011506049 0.869235314239512 0.872998103056877 0.803308766365022 0.784588114562926 0.671362378331312 0.652237459962061
0.690767173554747 0.541810492272289 0.709207948502659 0.728706036010822 0.74779985695183 0.766458313897441 0.766458313897441 0.83642752744348 0.83642752744348 0.882918182666294 0.929844201884504 0.929844201884504 1 0.976552539105016 0.823304412725068 0.83642752744348 0.813197748546195 -9999 -9999 -9999 0.568305501135056 0.547408029355972 0.547408029355972 0.566128681158068 0.713717075597848 0.709985384208726 0.864663992287838 0.906583325558976 0.766458313897441 -9999 -9999 -9999 -9999 -9999 0.976552539105016 -9999 1 1 -9999 -9999 1 -9999 -9999 1 1 0.976739123674472 1 1 0.953447149920702 0.930248468451659 0.841465310818795 0.84557017134683 0.849799421587835 0.849830519016077 0.737662095344715 0.671362378331312 0.652237459962061
0.737444413347016 0.854246353826539 0.709207948502659 0.728706036010822 0.766458313897441 1 0.813197748546195 0.930092981310446 0.953291662779488 0.906583325558976 0.906583325558976 1 0.976334857107317 0.976552539105016 0.981590322480331 0.883415741518177 0.83642752744348 0.789999067077153 -9999 -9999 0.709985384208726 0.568305501135056 0.568305501135056 0.587026152937152 0.568305501135056 0.709985384208726 0.930248468451659 0.789688092794726 0.883788910657089 0.766458313897441 -9999 -9999 -9999 -9999 1 1 0.976739123674472 -9999 0.930061883882203 0.976552539105016 0.976739123674472 0.976739123674472 1 1 1 1 0.976739123674472 0.953447149920702 0.97670802624623 0.97670802624623 0.911185744938894 0.892091923997886 0.779643623472339 0.826196473551637 0.690767173554747 0.671362378331312 0.614205305221258
0.690767173554747 0.67192213203968 0.709207948502659 0.728706036010822 0.766458313897441 0.789656995366483 0.860092670336163 0.906832104984918 1 1 0.953291662779488 0.976739123674472 0.929844201884504 0.677768448549305 0.785303355412508 0.883540131231147 0.929626519886805 0.883353546661691 0.766458313897441 0.766458313897441 0.505146624374164 0.775352178374848 0.688745840718973 0.728706036010822 0.747364492956433 0.766458313897441 0.789999067077153 0.766458313897441 0.789999067077153 0.976739123674472 1 -9999 -9999 1 0.976739123674472 0.976739123674472 -9999 -9999 0.953509344777187 0.906645520415462 -9999 -9999 -9999 1 1 1 0.953447149920702 0.97670802624623 0.97670802624623 0.97670802624623 0.934850887831576 0.84939515502068 0.802997792082595 0.714214634449731 0.671362378331312 0.633392418446994 0.614205305221258
0.671362378331312 0.671362378331312 0.653419162235283 0.709207948502659 0.74779985695183 0.766458313897441 0.766458313897441 0.789656995366483 0.813197748546195 0.864384115433654 0.747955344093044 0.865223745996206 0.682992816494076 -9999 -9999 -9999 0.813197748546195 0.929844201884504 0.976739123674472 0.766458313897441 0.74779985695183 0.74779985695183 0.726902385172746 -9999 -9999 0.766458313897441 0.766458313897441 -9999 0.789999067077153 1 1 -9999 1 0.976739123674472 0.953291662779488 0.953291662779488 -9999 0.725565195758311 0.836489722299966 -9999 -9999 -9999 -9999 -9999 1 0.976739123674472 1 0.976739123674472 0.97670802624623 0.976739123674472 0.911652206362534 0.892091923997886 0.77976801318531 0.761327238237398 0.671362378331312 0.633392418446994 0.614205305221258
