data-raw/DATASET_PNE_1/DATASET_PNE/a_DATA/PFGS/ENVSUIT_A1B/HS_f0_P1_ubacPion.asc
NCOLS 619 
NROWS 782 
XLLCORNER 876826 
YLLCORNER 1947424 
CELLSIZE 100 
NODATA_value -9999 
[rows 416 to 447 of 782, columns 144 to 215 of 619]
1 0.765019687539693 0.947669249333164 1 1 0.948134976078581 1 1 1 1 1 1 1 0.947965620898429 0.973749947076506 1 0.869511833693213 1 0.97387696346162 1 1 1 1 1 0.97387696346162 1 1 1 1 1 1 1 -9999 -9999 1 1 0.948431347643846 1 1 1 1 1 1 1 1 1 1 1 1 0.973495914306279 0 0 0.0260806977433422 0.0737118421609721 0.947245861382785 0.921122824844405 0.947796265718278 1 1 1 1 1 1 1 1 1 1 0.630805707269571 0.410516956687413 0.319700241331132 0.234556924509928 0.235022651255345
1 0.947711588128202 1 1 1 1 1 1 1 1 1 1 1 1 1 1 0.921588551589822 1 1 0.973792285871544 1 1 1 1 1 1 1 1 1 1 1 1 -9999 -9999 0.974215673821923 1 1 1 1 1 1 1 1 1 1 1 1 0.89529615987129 0.843304119564757 0.0260806977433422 0.0260806977433422 0.0260806977433422 0.0260806977433422 0.843304119564757 0.947372877767899 0.947372877767899 0.948219653668657 1 1 1 1 1 1 1 1 1 1 0.697785681019518 0.335196240315001 0.335196240315001 0.197510478851772 0.235022651255345
1 1 0.974215673821923 1 1 1 0.637622253270672 0.815360514839748 1 0.869257800922986 1 1 0.974215673821923 0.974215673821923 1 0.921588551589822 0.974215673821923 1 1 1 1 1 1 1 1 1 1 1 1 1 1 1 -9999 1 1 1 1 1 1 1 1 1 1 1 1 1 0.97387696346162 0.052330750666836 0 0 0.0900546170455989 0.0626190778610441 0.877344510775223 0.97387696346162 0.843092425589568 1 1 1 1 0.948219653668657 1 0.948219653668657 1 0.947796265718278 1 1 1 0.697785681019518 0.286252593251196 0.345780939074474 0.15212329057115 0
1 1 1 1 1 1 0.769465261018671 0.0521190566916465 0.663999322579279 0.921461535204708 1 1 1 1 1 0.948007959693467 1 1 1 1 1 1 1 1 1 1 1 1 1 1 1 1 1 1 1 1 1 1 1 1 1 1 1 1 1 0.97387696346162 0 0 0 0 0.384563275329184 0.873449341631737 0.947372877767899 0.89529615987129 1 1 1 1 1 1 0.896185274567086 1 1 0.895719547821669 1 1 1 0.682924763961218 0.376561243067022 0.345780939074474 0.201998391125789 0
1 1 1 1 1 1 0.947711588128202 0.404081459841653 0.833269825140777 0.947711588128202 1 1 1 1 0.948007959693467 1 1 1 0.973749947076506 1 0.895719547821669 1 1 1 1 0.973792285871544 1 1 1 1 1 1 1 1 1 1 1 1 1 1 1 1 1 1 0.86976586646344 0 0 0 0.278927981709641 0.311528853888818 0.561200728227275 0.973495914306279 0.89529615987129 1 1 1 1 1 1 0.955290232439985 0.974215673821923 0.974215673821923 0.877513865955375 1 1 1 1 0.791015707692959 0.293746559972903 0.330369617680681 0.144544646259367 0.0527117998221771
1 1 1 1 1 1 0.895761886616707 0.869300139718024 0.947965620898429 1 0.974215673821923 1 1 1 1 0.922181294720352 1 0.869511833693213 1 1 1 0.921546212794784 1 0.921546212794784 1 1 1 1 1 1 1 1 1 1 1 1 1 1 1 1 1 1 1 0.922265972310428 0 0.052330750666836 0.219103264321097 0.236419831491596 0.218171810830264 0.0363690249375503 0.739193022566578 0.739193022566578 1 1 1 1 1 1 1 0.895465515051442 0.76527372030992 1 1 1 1 1 1 1 0.373639866209408 0.337863584402388 0.187052796477412 0
1 1 1 1 1 1 0.947711588128202 0.869257800922986 1 0.974215673821923 1 0.947965620898429 1 0.974215673821923 1 1 1 0.895761886616707 1 1 0.869511833693213 0.89529615987129 1 1 1 1 1 1 1 1 1 1 1 1 1 1 1 1 1 1 1 0.973749947076506 0.947372877767899 0.79842499682459 0.565942673271519 0.289851390829417 0.404166137431729 0.366738642618231 0.821203268554977 0.921122824844405 0.842965409204454 1 1 1 1 0.974003979846733 1 1 0.974215673821923 0.896185274567086 0.567170498327618 0.817943181337059 0.974215673821923 1 1 1 1 1 0.840721453067446 0.338244633557729 0.234556924509928 0
-9999 1 1 1 1 0.948092637283543 0.921588551589822 0.947711588128202 1 1 1 1 1 1 1 1 0.869511833693213 0.948219653668657 0.843007747999492 0.974003979846733 1 1 0.843727507515136 1 1 0.843727507515136 1 1 1 1 1 1 1 1 1 1 1 1 1 1 1 0.97387696346162 0.380202379440281 0.0900546170455989 0 0.0363690249375503 0.873449341631737 0.89529615987129 0.947372877767899 0.791481434438376 1 1 1 1 1 1 1 0.974215673821923 0.974215673821923 0.746898683263474 0.697616325839367 0.81751979338668 0.974215673821923 1 1 1 1 1 0.982133028494009 0.500232863372708 0.260806977433422 0.0520767178966087
0.974215673821923 0.974215673821923 1 1 1 1 0.974215673821923 1 1 1 1 0.869511833693213 0.974215673821923 1 0.947669249333164 1 0.869511833693213 0.817223421821415 0.817646809771794 0.974215673821923 0.973495914306279 1 1 0.973749947076506 0.973919302256658 0.947965620898429 1 1 1 1 1 1 1 1 1 1 1 0.973749947076506 1 1 0.869511833693213 0.97387696346162 0.76527372030992 0.235446039205724 0 0.839112578856006 0.843304119564757 0.869511833693213 0.843431135949871 0.869511833693213 0.921969600745163 1 1 1 1 1 1 0.974215673821923 0.948092637283543 0.325204284686058 0.624497226808925 0.502773191074982 0.859858588424574 1 1 1 1 1 1 0.463355772894703 0.260806977433422 0.0520767178966087
1 0.947965620898429 1 1 1 1 1 0.947965620898429 1 1 1 0.974215673821923 0.817223421821415 0.817646809771794 1 0.895804225411745 1 1 1 1 0.973495914306279 1 1 1 1 1 1 1 0.843727507515136 1 1 1 1 1 1 0.973749947076506 0.921715567974935 1 1 0.94754223294805 0.565942673271519 0.739193022566578 0.791269740463186 0.76527372030992 0.947372877767899 0.947245861382785 0.947372877767899 0.843431135949871 0.843727507515136 0.89529615987129 0.948219653668657 1 1 1 1 1 1 0.948092637283543 0.431559337821246 0.256784791904822 0.367500740928913 0.491638087980016 0.467631991193531 1 1 1 0.982133028494009 1 0.97387696346162 0.410220585122147 0.227359329353487 0.104407468563445
0.974215673821923 0.947965620898429 1 1 1 1 1 1 1 1 1 0.974215673821923 1 1 0.921122824844405 1 1 1 1 1 1 0.973495914306279 1 1 1 0.973495914306279 0.973495914306279 0.973495914306279 0.869808205258478 0.791058046487997 0.791820144798679 1 1 1 1 1 1 0.817308099411491 0.817054066641263 0.528684533638173 0.947372877767899 0.843558152334985 0.739193022566578 0.739193022566578 0.947372877767899 0.973495914306279 0.817054066641263 0.921715567974935 0.973749947076506 0.947965620898429 1 1 1 1 1 1 1 0.948092637283543 0.384478597739108 0.231000465726745 0.251746475295313 0.309369575341886 0.376391887886871 0.530970828570219 0.80727380498751 1 1 0.947626910538126 0.825394809263728 0.510140141411575 0.437486769126551 0.141919640967018
0.895338498666328 1 1 1 1 1 1 1 1 1 1 0.869511833693213 0.948134976078581 1 1 1 1 1 1 1 1 0.973495914306279 1 1 0.973495914306279 1 1 1 0.973495914306279 0.947245861382785 0.869511833693213 0.791820144798679 0.817604470976756 0.921884923155087 0.869681188873365 0.947372877767899 0.76527372030992 0 0.780685041703713 0.894872771920911 0.869808205258478 0.97387696346162 0.921122824844405 0.921122824844405 0.947245861382785 0.895338498666328 0.843431135949871 1 1 1 1 1 1 1 1 1 1 0.697319954274101 0.296032854904949 0.309073203776621 0.129048647275499 0.260806977433422 0.279436047250095 0.276048943647064 0.405182268512638 0.816207290740505 0.806384690291714 0.557432575468902 0.580083830814175 0.545323680088065 0.209280663872306 0.0375121724035734
0.895338498666328 1 1 0.791142724078073 0.817223421821415 0.791142724078073 1 1 1 1 0.974215673821923 0.817646809771794 1 1 1 0.973749947076506 0.89529615987129 0.843304119564757 0.947245861382785 0.973495914306279 0.947245861382785 0.947245861382785 0.947245861382785 0.947245861382785 1 1 1 0.973495914306279 0.947245861382785 0.947245861382785 0.895253821076252 0 0 0 0 0 0 0.360980566493078 0.791058046487997 0.921122824844405 0.894872771920911 0.947372877767899 0.947372877767899 0.921292180024556 0.947372877767899 0.973749947076506 1 1 1 1 1 1 1 1 1 1 0.948092637283543 0.642618231085143 0.345780939074474 0.260806977433422 0.130911554257166 0.0375121724035734 0.208476226766586 0.201066937634955 0.527245014606884 0.571446716626445 0.466785215292773 0.340403912104661 0.400652017443584 0.345780939074474 0.0743892628815784 0
0.921588551589822 1 1 0.817646809771794 0.974215673821923 0.81751979338668 0.817646809771794 0.843431135949871 1 1 0.974003979846733 1 1 0.947245861382785 0.947245861382785 0.947245861382785 0.947245861382785 0.947245861382785 0.973495914306279 0.973495914306279 0.947245861382785 0.947245861382785 0.947245861382785 0.947245861382785 0.974173335026885 1 1 0.947245861382785 0.921038147254329 0.895253821076252 0.645031542402303 0.0621956899106651 0.157839027901266 0.206443964604767 0 0 0.216901646979127 0.894872771920911 0.921122824844405 0.76527372030992 0.894872771920911 0.764977348744655 0.843261780769719 0.947372877767899 0.973749947076506 0.973749947076506 0.94775392692324 1 1 1 1 1 1 1 1 1 0.948092637283543 0.384478597739108 0.260806977433422 0.104407468563445 0.130911554257166 0 0.0520767178966087 0.285617511325628 0.183919725644608 0.183919725644608 0.183919725644608 0.208730259536814 0.182691900588509 0.0924679283627588 0.0187984249968246 0
0.947796265718278 1 1 1 0.947965620898429 1 1 0.947499894153013 1 1 0.974173335026885 1 1 0.974003979846733 1 0.973495914306279 0.947245861382785 0.947245861382785 0.947245861382785 0.947245861382785 0.947245861382785 0.947245861382785 0.895253821076252 0.895253821076252 0.974173335026885 0.973495914306279 0.895253821076252 0.895253821076252 0.791058046487997 0.76527372030992 0.179982217706084 0.198103221982302 0.0536855921080486 0 0.487150175705999 0.79842499682459 0.739193022566578 0.920995808459291 0.36496041322664 0.791058046487997 0.921122824844405 0.764977348744655 1 0.869215462127948 1 0.974003979846733 1 1 1 1 1 1 1 1 0.869257800922986 0.948092637283543 0.539438587577798 0.175197933866802 0.208772598331851 0.130911554257166 0.0524577670519497 0 0.156907574410432 0.0926372835429104 0.111096998179432 0.111096998179432 0.118717981286253 0.235022651255345 0.0520767178966087 0 0 0
0.948219653668657 1 1 1 0.817646809771794 0.973749947076506 0.981370930183327 1 1 1 1 1 1 1 1 0.869681188873365 0.973495914306279 0.895253821076252 0.869427156103137 0.895253821076252 0.947245861382785 0.947245861382785 0.869427156103137 0.843431135949871 0.947245861382785 0.76527372030992 0.109742156738219 0.0363690249375503 0 0 0 0.583767305982472 0.76527372030992 0.791058046487997 0.739193022566578 0.739193022566578 0.894872771920911 0.764977348744655 0.947245861382785 0.973495914306279 0.947372877767899 1 0.973749947076506 1 0.869511833693213 1 1 1 0.895465515051442 1 0.982048350903933 0.956052330750667 0.982048350903933 0.781320123629281 0.327321224437952 0.527456708582074 0.429950463609806 0.282992506033278 0.10470384012871 0.0785808035903298 0.0262077141284559 0 0.183115288538888 0.0788348363605572 0.0187984249968246 0.130911554257166 0.104619162538634 0 0 0 0 0
1 1 1 1 1 1 0.973749947076506 1 0.974173335026885 1 1 0.921122824844405 0.609763326135738 0.34243617426648 0.973495914306279 1 0.973495914306279 0.76527372030992 0.76527372030992 0.895253821076252 1 1 0.947245861382785 0.843431135949871 0.843431135949871 0.762437021042381 0 0 0 0 0.817308099411491 0.973749947076506 0.947245861382785 0.921122824844405 0.921122824844405 0.894872771920911 0.739193022566578 0.765316059104958 0.791820144798679 1 1 0.94775392692324 1 0.843134764384606 0.947796265718278 0.895719547821669 0.869511833693213 1 1 0.947499894153013 1 0.982048350903933 0.747237393623778 0.256065032389178 0.118929675261442 0.335196240315001 0.319700241331132 0.279605402430247 0.156992252000508 0 0.0262077141284559 0 0.0262077141284559 0 0 0 0 0.0262500529234938 0.183115288538888 0 0 0
1 1 1 1 1 1 0.974173335026885 1 0.973749947076506 1 0.92141919640967 0.831533934544223 0.92141919640967 0.869088445742834 0.947245861382785 0.947288200177823 0.947245861382785 0.921038147254329 0.921038147254329 0.973495914306279 1 0.973495914306279 1 0.973495914306279 0.843431135949871 0.3432406113722 0 0 0.216901646979127 1 0.921038147254329 0.76527372030992 0.791058046487997 0.791058046487997 0.739193022566578 0.739193022566578 0.739193022566578 1 1 1 0.974003979846733 1 1 1 1 0.89529615987129 0.921503873999746 1 1 0.947499894153013 1 1 0.575214869384817 0.227825056098903 0.374867691265507 0.363732588170541 0.163808798001609 0.0187984249968246 0.0262077141284559 0 0 0 0 0 0 0 0 0.208899614716965 0 0 0 0
1 1 1 1 0.948389008848808 1 1 1 0.947288200177823 0.929294212286718 0.583640289597358 0.583640289597358 0.791269740463186 0.843304119564757 0.817054066641263 0.817054066641263 0.791058046487997 0.973495914306279 1 1 0.511325627672636 0.378720521613955 1 1 0.974173335026885 1 0.76527372030992 0.817308099411491 0.895888903001821 0.843431135949871 0.765697108260299 0.739193022566578 1 0.765316059104958 0.765316059104958 0.817604470976756 0.895888903001821 1 1 0.843134764384606 0.947923282103391 1 1 1 1 1 0.869638850078327 1 1 0.974003979846733 0.982048350903933 1 0.895338498666328 0.361403954443457 0.34023455692451 0.165968076548541 0.0556755154748296 0 0 0 0 0 0 0 0 0 0 0.0517803463313434 0 0 0 0
1 1 0.974173335026885 1 1 1 1 0.869088445742834 0.511325627672636 0.511325627672636 0.414623819806088 0.306956264024726 0.0888691307845379 0 0 0 0.270417883907024 0.181083026377069 0 0.450781150768449 0.89529615987129 1 0.973919302256658 1 1 1 1 0.973749947076506 0.843388797154833 0.843558152334985 0.791058046487997 0.842669037639189 1 0.765316059104958 0.843685168720098 0.921503873999746 0.973749947076506 0.974003979846733 1 1 1 1 1 1 1 1 0.921503873999746 1 0.973749947076506 1 0.947499894153013 1 1 0.682797747576104 0.32495025191583 0.23853677124349 0.156187814894788 0 0 0 0 0 0 0 0 0 0 0 0 0 0 0
1 1 1 1 1 1 1 0.921038147254329 0.843304119564757 0.817054066641263 0.378720521613955 0.0525001058469876 0 0 0 0 0 0.105762310004657 0.76527372030992 1 0.947923282103391 1 1 0.895888903001821 0.869215462127948 0.817604470976756 1 1 0.791820144798679 0.791820144798679 0.765697108260299 0.739193022566578 1 1 1 0.973749947076506 0.947965620898429 1 1 1 1 0.982048350903933 1 1 1 1 1 0.89529615987129 1 0.974003979846733 0.947499894153013 1 1 0.843007747999492 0.431559337821246 0.23070409416148 0.129980100766332 0.0781997544349888 0.0262077141284559 0 0 0 0 0 0 0 0 0 0 0 0 0
1 0.895888903001821 1 1 1 1 1 0.973495914306279 0.817054066641263 0.486557432575469 0 0 0 0 0.0551674499343749 0.76527372030992 0.973495914306279 0.947245861382785 0.973495914306279 0.869681188873365 0.843896862695288 0.974173335026885 1 0.869681188873365 0.791820144798679 0.791820144798679 1 1 1 1 0.973749947076506 0.869215462127948 1 0.86896142935772 0.843134764384606 0.869511833693213 1 1 1 0.982048350903933 1 0.982048350903933 1 1 1 1 1 1 0.94754223294805 1 1 1 1 1 0.661713027647233 0.410940344637792 0.264744485371946 0 0.0262077141284559 0.104576823743596 0 0 0 0 0 0 0 0 0 0.0265040856937212 0 0
0 0.270417883907024 1 1 1 0.817054066641263 0.0262500529234938 0 0 0 0 0.234472246919853 0.601507261103349 0.76527372030992 0.895211482281214 0.895211482281214 0.895211482281214 0.895211482281214 1 0.765697108260299 0.791058046487997 1 0.922181294720352 0.791820144798679 1 1 0.921969600745163 0.94775392692324 1 0.921673229179897 1 1 1 0.843134764384606 1 1 1 1 0.982048350903933 0.982048350903933 0.955544265210212 0.982048350903933 1 1 1 1 1 0.973749947076506 0.973749947076506 1 1 1 1 1 0.645412591557644 0.358186206020577 0.363732588170541 0.0740082137262374 0 0.129937761971294 0.0782844320250646 0 0 0 0 0 0 0 0.052754138617215 0 0 0
0 0.151784580210847 0.234472246919853 0.0536855921080486 0 0.151784580210847 0.700834074262247 0.601507261103349 0.79842499682459 0.817054066641263 0.817054066641263 0.84283839281934 0.895211482281214 0.843304119564757 0.76527372030992 0.817308099411491 0.843431135949871 0.947245861382785 0.973749947076506 0.765697108260299 0.817054066641263 0.97387696346162 0.765697108260299 1 1 0.817308099411491 0.895550192641517 0.89529615987129 1 1 0.973749947076506 0.974003979846733 1 1 1 1 1 1 0.929548245056946 0.94534061560608 0.757652737203099 1 1 1 1 1 0.791523773233414 0.94775392692324 0.973749947076506 -9999 1 -9999 1 0.82958634997248 0.289555019264152 0.303484482831619 0.282992506033278 0.0187984249968246 0 0 0.0525001058469876 0 0.0265040856937212 0 0 0 -9999 0 0.0265040856937212 0 0 0
1 1 0.97387696346162 0.895338498666328 0.921546212794784 0.84283839281934 0.869088445742834 0.76527372030992 0.817054066641263 0.895211482281214 0.895211482281214 0.843304119564757 0.843304119564757 0.414623819806088 0.76527372030992 0.869427156103137 0.973495914306279 1 0.869342478513062 0.791820144798679 0.765316059104958 0.791820144798679 0.791820144798679 1 0.843431135949871 0.895550192641517 0.89529615987129 0.869215462127948 1 1 0.948177314873619 0.974003979846733 1 1 1 1 1 0.955544265210212 0.955544265210212 1 0.817477454591642 0.921461535204708 0.843558152334985 1 1 1 1 0.974003979846733 0.947499894153013 -9999 1 1 1 0.57737414793175 0.288496549388204 0.256784791904822 0.156187814894788 0 0 0 0 0.0525001058469876 0.0786231423853677 0 0 0 0 0.104873195308862 0 0 0 0
1 1 0.895211482281214 0.76527372030992 0.76527372030992 0.791269740463186 0.79842499682459 0.76527372030992 0.817054066641263 0.76527372030992 0.843431135949871 0.973495914306279 0.973749947076506 1 0.869215462127948 0.947245861382785 0.947245861382785 0.947245861382785 0.791693128413565 0.765316059104958 0.739193022566578 0.739193022566578 0.739193022566578 0.895719547821669 0.973749947076506 1 0.869511833693213 0.921503873999746 0.921503873999746 1 1 1 1 1 1 0.955544265210212 1 1 0.947965620898429 0.895804225411745 0.541174478174351 0.592954824505694 0.684110250222279 0.824971421313349 1 0.766289851390829 0.816884711461112 0.963673313857488 1 1 1 1 0.895042127101063 0.316186121342987 0.25682713069986 0.181972141072865 0.0781997544349888 0 0 -9999 -9999 -9999 0.0786231423853677 0 0 0.0265040856937212 0.0265040856937212 0 0 0 0 0
1 1 1 0.843431135949871 0.79842499682459 0.0727380498751006 0.414623819806088 0.720563952749905 0.414623819806088 0.746644650493247 0.843431135949871 0.921122824844405 1 1 1 0.843558152334985 0.973749947076506 0.843558152334985 0.868665057792455 0.739193022566578 0.739193022566578 0.739193022566578 0.869892882848554 0.739193022566578 1 0.973749947076506 0.973749947076506 1 1 0.973749947076506 1 1 0.974003979846733 1 0.956264024725856 1 1 1 0.869935221643592 0.567170498327618 0.520936534146238 0.541174478174351 0.159786612473009 0.202294762691054 0.223125449849697 0.159786612473009 0.393793132647445 0.499174393496761 0.719124433718616 0.77632414581481 1 0.869257800922986 0.253651721072018 0.208518565561624 0.235022651255345 0 0.0789618527456709 0.0260806977433422 0 0 0 -9999 0.0786231423853677 0.0265040856937212 0 0 0 0 0 0 0 0
0.824675049748084 0.843304119564757 0.89529615987129 0.894999788306025 1 0.76527372030992 0.843431135949871 0.843431135949871 0.843431135949871 0.947288200177823 0.843431135949871 0.94754223294805 1 1 0.89529615987129 0.817054066641263 0.920995808459291 0.894872771920911 0.894872771920911 0.739193022566578 0.739193022566578 0.791185062873111 0.817308099411491 0.947965620898429 0.94775392692324 1 0.869511833693213 1 1 1 1 0.947880943308353 1 1 0.982048350903933 1 0.817943181337059 0.817943181337059 0.567170498327618 0.556924509928447 0.321012743977306 0.209915745797875 0.174816884711461 0.155637410559296 0.235022651255345 0.235022651255345 0.235022651255345 0.297557051526314 0.208518565561624 0.297557051526314 0.316186121342987 0.208518565561624 0.235022651255345 0.235022651255345 0.156399508869978 0.105042550489013 0 0 0 0 0 0 0.0265040856937212 0.0265040856937212 0 0 0 0 0 0 0 0
0.798890723570007 0.660993268131589 0.84283839281934 0.791058046487997 0.94754223294805 0.791481434438376 0.947499894153013 0.921503873999746 1 0.894788094330835 0.843431135949871 0.895211482281214 1 1 1 0.764977348744655 0.921122824844405 0.947245861382785 0.816884711461112 0.739193022566578 0.739193022566578 0.791185062873111 0.791481434438376 0.921969600745163 1 0.973749947076506 0.973749947076506 1 1 1 1 1 1 0.982048350903933 0.94694948981752 0.541174478174351 0.541174478174351 0.574876159024514 0.312036919429273 0.316948219653669 0.212329057115034 0.199627418603667 0.285956221685931 0.235022651255345 0.235022651255345 0.0785384647952919 0 0 0.235022651255345 0.235022651255345 0.235022651255345 0.235022651255345 0.226470214657691 0.235022651255345 0 0 0 -9999 0 0 0 0 0.0265040856937212 0.052754138617215 0 0 0 0 0 0 0 0
0.163639442821457 0.817308099411491 1 0.895592531436555 1 1 1 1 1 0.94754223294805 0.894788094330835 0.843431135949871 0.947923282103391 1 1 0.894872771920911 0.921122824844405 0.739193022566578 0.791185062873111 0.947965620898429 0.973749947076506 0.921969600745163 0.89529615987129 0.921503873999746 0.973749947076506 1 1 1 1 1 1 1 1 0.94694948981752 0.541174478174351 0.370676150556755 0.0969558406367755 0.227147635378297 0.208772598331851 0.182691900588509 0.0262077141284559 0.0262077141284559 0.0784537872052161 0.235022651255345 0.0258266649731149 0.104576823743596 0 0 0 0 0 0.208899614716965 0.0260806977433422 0 0 0 0 0 0 0 0 0.0265040856937212 0.0786231423853677 0 0 0 0 0 0 0 0 0
1 0.379059231974258 1 0.895719547821669 0.947965620898429 1 1 1 0.869681188873365 0.791481434438376 0.921715567974935 0.921038147254329 0.921038147254329 0.843727507515136 1 0.764977348744655 0.739193022566578 0.739193022566578 0.947965620898429 1 1 0.973749947076506 0.973749947076506 0.973749947076506 1 1 1 1 1 1 0.982048350903933 0.982048350903933 1 0.869511833693213 0.0929336551081756 0.253651721072018 0.23472627969008 0.130064778356408 0.104957872898937 0.104957872898937 0.105084889284051 0.0524577670519497 0 0 0.156865235615394 0 0 0 0 0 0 0.0260806977433422 0 0 0 0 0 0 0 0 0.0265040856937212 0.0265040856937212 0 0 0 0 0 0 0 0 0 0
0.379059231974258 0 0.869681188873365 0.947499894153013 0.921122824844405 0.895550192641517 1 0.894915110715949 0.739193022566578 0.84283839281934 0.84283839281934 1 0.869427156103137 0.947372877767899 1 1 1 0.739193022566578 0.973749947076506 1 0.973749947076506 0.947796265718278 0.921503873999746 1 1 1 1 0.94775392692324 1 1 1 0.894957449510987 0.309496591726999 0.129641390406029 0.182395529023244 0.235022651255345 0 0.131080909437317 0.0262500529234938 0.0262500529234938 0.104365129768407 0.0523730894618739 0 0 0 0 0 0 -9999 0 0.0265040856937212 0.0525001058469876 0 0 0 0 0 0 0 0.0265040856937212 0.0526271222321013 0 0 0 0 0.0265040856937212 0 0 0 0 0 0
