data-raw/DATASET_PNE_1/DATASET_PNE/a_DATA/PFGS/ENVSUIT_A1B/HS_f0_P1_ubacPion.asc
NCOLS 619 
NROWS 782 
XLLCORNER 876826 
YLLCORNER 1947424 
CELLSIZE 100 
NODATA_value -9999 
[rows 448 to 479 of 782, columns 504 to 575 of 619]
0 0 0.0779033828697235 0.234599263304966 0.182522545408358 0.260806977433422 0.279605402430247 0.371395910072399 0.586307633684745 0.766162835005716 0.604767348321267 0.861467462636013 1 1 1 1 0.895634870231593 0.973495914306279 0.973495914306279 1 1 1 1 1 1 1 1 1 1 1 1 1 1 1 0.591049578728989 1 1 1 1 1 1 1 1 1 1 1 1 1 1 1 1 1 1 1 1 1 1 1 1 1 1 1 1 1 1 1 0.739193022566578 0.233202083068716 0.0522884118717981 0.0522884118717981 0.025784326178077 0.26626868199331
0 0 0.130488166306787 0.260806977433422 0.234556924509928 0.0786231423853677 0.371819298022778 0.390024979889072 0.390024979889072 0.678225157712011 0.714255472289259 1 1 1 1 0.921757906769973 0.973495914306279 0.869511833693213 1 1 1 1 1 1 1 1 1 1 1 1 1 1 0.893560269274736 1 1 1 1 1 1 1 1 1 1 1 1 1 1 1 1 1 1 1 1 1 1 1 1 1 1 1 1 1 1 1 1 1 1 0.921249841229519 0.393539099877217 0.0265040856937212 0 0.025784326178077
0.0522037342817223 0.181802785892713 0.260806977433422 0.156695880435243 0.297387696346162 0.479529192599179 0.559930564376138 0.756932977687455 0.756932977687455 1 1 1 1 1 1 1 1 1 1 1 1 1 1 1 1 1 1 1 1 1 0.363478555400313 0.893560269274736 1 1 1 1 1 1 1 1 1 1 1 1 1 1 1 1 1 1 1 1 1 1 1 1 1 1 1 1 1 1 1 1 1 1 1 0.974003979846733 0.868792074177569 0.207417756890639 0 0.0265040856937212
0.260806977433422 0.260806977433422 0.316440154113214 0.353317244591219 0.279436047250095 0.427156103137305 1 1 1 1 1 1 1 1 1 1 1 1 1 1 1 1 1 1 1 1 1 1 0.822515771201152 0.634616198822982 1 1 1 1 1 1 1 1 1 1 1 1 1 1 1 1 1 1 1 1 1 1 1 1 1 1 1 1 1 1 1 1 1 1 1 1 1 1 0.974003979846733 0.921038147254329 0.0523730894618739 0.0265040856937212
0.260806977433422 0.443202506456666 0.570599940725687 0.426563360006774 0.748634573860028 1 1 1 1 1 0.921503873999746 1 1 1 1 1 1 1 1 1 1 1 1 1 0.822515771201152 0.893560269274736 0.982175367289047 0.382107625216986 1 1 1 1 1 1 0.964520089758245 0.946568440662179 1 0.94694948981752 0.964520089758245 0.858207375418096 1 1 1 1 1 1 1 1 1 1 1 1 1 1 1 1 1 1 1 1 0.974215673821923 1 0.822304077225962 1 1 1 1 1 1 0.974003979846733 0.433972649138406 0.025784326178077
0.334942207544773 0.766586222956095 0.982260044879123 1 1 1 1 1 1 1 1 1 1 1 1 1 1 1 1 1 1 1 0.9111732080105 0.382107625216986 0.43388797154833 0.407891951395063 0.652821880689276 1 1 0.94534061560608 0.94534061560608 1 1 1 0.894195351200305 0.964520089758245 0.769803971378974 0.733053897286083 0.660315847410983 0.637918624835937 0.911384901985689 1 1 1 1 1 1 1 1 1 1 1 1 1 1 1 0.696769549938609 0.568567678563868 0.624285532833736 0.397476607815742 0.535247046869046 0.822515771201152 0.893644946864812 1 1 1 1 1 1 0.974003979846733 0.739193022566578 0.130699860281976
0.982048350903933 0.94534061560608 0.94534061560608 1 1 1 1 1 1 1 1 1 1 1 1 1 1 1 1 1 1 0.363478555400313 0 0 0.132732122443795 1 1 0.94534061560608 0.926626868199331 0.928997840721453 1 0.973495914306279 0.947245861382785 1 0.982387061264236 0.858038020237944 0.703840128709937 0.570896312290952 0.588890300182057 0.481053389220543 0.681569922520005 0.624497226808925 0.980185443922266 1 1 1 1 1 1 1 1 1 1 0.982133028494009 1 1 1 0.642914602650409 0.513273212244379 0.678987256022694 1 1 1 1 1 1 1 1 1 1 0.921249841229519 0.407891951395063
1 1 1 1 1 1 1 1 1 1 1 1 1 1 1 1 1 1 1 0 0 0 0 0 1 1 1 0.889453406156061 0.859308184089081 0.903001820568187 0.875777975358821 0.840467420297218 0.840467420297218 0.768914856683179 0.792709259494475 0.578263262627546 0.462847707354249 0.444896058258182 0.659638426690376 0.713281680003387 0.49879334434142 0.130657521486938 0.827892798170964 0.901350607561709 1 1 1 1 1 1 1 0.980185443922266 0.962445488801389 1 1 1 1 1 0.642914602650409 0.822515771201152 0.911300224395614 1 1 1 1 1 1 0.885177187857234 0.867437232736356 1 1 0.765443075490072
1 1 1 1 1 1 1 1 1 1 1 1 1 1 1 1 1 0.840086371141877 0 0.0262500529234938 0.0262500529234938 0 0.025784326178077 1 1 1 0.871332401879842 0.867606587916508 0.820906896989712 0.650281552987002 0.686184851179136 0.498920360726534 0.371861636817816 0.371861636817816 0.462636013379059 0.444896058258182 0.408823404885897 0.279436047250095 0.427029086752191 0.516702654642449 0.642448875904992 0.392184258436005 0.418264956179347 0.784114484101782 0.881324357508785 0.921165163639443 0.980185443922266 1 0.980185443922266 0.850120665565858 0.76125153478132 0.70197722172827 0.861721495406241 0.673271518692578 1 1 1 1 0.911300224395614 0.822515771201152 1 0.735551886193319 1 1 1 1 0.642914602650409 0.714932893009865 0.97387696346162 1 1 0.974003979846733
1 1 1 1 1 1 1 1 1 1 1 1 1 1 0.38926288157839 0.0954739828104492 0 0 0 0.0262500529234938 0 0.078115076844913 1 1 1 1 0.790973368897921 0.749184978195521 0.337270841271857 0.390024979889072 0.390024979889072 0.444896058258182 0.444896058258182 0.426775053981964 0.444896058258182 0.515644184766502 0.297684067911427 0.260806977433422 0.353274905796181 0.407849612600025 0.426521021211736 0.480757017655278 0.427029086752191 0.444769041873068 0.552309581269317 0.748549896269952 0.748549896269952 0.768449129937762 0.730936957534189 0.801981455607773 0.784241500486896 0.606545577712858 0.25682713069986 0.400990727803887 0.980185443922266 1 1 1 0.822515771201152 0.822515771201152 1 0.974215673821923 1 1 1 1 1 1 0.97387696346162 1 1 1
1 1 1 1 1 1 1 1 1 1 1 0.8143020449638 0.543587789491511 0.333375672128371 0 0 0 0 0 0.0526271222321013 0.025784326178077 1 1 1 0.973792285871544 0.799822177060841 0.637833947245861 0.279436047250095 0.260806977433422 0.390024979889072 0.371903975612854 0.353571277361446 0.279436047250095 0.316059104957873 0.353444260976333 0.298319149836996 0.260806977433422 0.260806977433422 0.260806977433422 0.260806977433422 0.353274905796181 0.390363690249376 0.408823404885897 0.462678352174097 0.534442609763326 0.606545577712858 0.58842457343664 0.444769041873068 0.231042804521783 0.337863584402388 0.337863584402388 0.104576823743596 0.104576823743596 0.659257377535035 0.921165163639443 0.980185443922266 1 0.911300224395614 0.642914602650409 0.822515771201152 1 1 0.820398831449257 1 1 1 1 1 1 1 0.973495914306279 0.63825733519624
1 1 1 1 0.822515771201152 0.497861890850586 0.647233159744274 0.665692874380795 0.4939667217071 0.561708793767729 0.796731445023075 1 1 1 1 1 1 1 1 1 1 1 1 0.963800330242601 0.781574156399509 0.447986790295948 0.260806977433422 0.260806977433422 0.279436047250095 0.260806977433422 0.260806977433422 0.260806977433422 0.260806977433422 0.260806977433422 0.260806977433422 0.260806977433422 0.260806977433422 0.208899614716965 0.260806977433422 0.260806977433422 0.260806977433422 0.260806977433422 0.353274905796181 0.353571277361446 0.408823404885897 0.427029086752191 0.427029086752191 0.390448367839451 0.13082687666709 0.297684067911427 0.260806977433422 0.260806977433422 0.235022651255345 0.444896058258182 0.653710995385071 0.926753884584445 1 0.982175367289047 0.804394766924933 0.822515771201152 0.790338286972353 0.947965620898429 0.893560269274736 0.892374783013675 1 1 0.849866632795631 1 1 1 0.974215673821923 0.548372073330793
0.606333883737669 0.580126169609213 0.606333883737669 0.41538591811677 0.606333883737669 0.822515771201152 1 1 1 1 1 1 1 1 1 1 1 1 1 1 1 1 0.94534061560608 0.764638638384352 0.374232609339938 0.260806977433422 0.260806977433422 0.260806977433422 0.260806977433422 0.235022651255345 0.260806977433422 0.260806977433422 0.260806977433422 0.260806977433422 0.260806977433422 0.260806977433422 0.234683940895042 0.130318811126635 0.182183835048055 0 0.0524577670519497 0.260806977433422 0.260806977433422 0.260806977433422 0.279436047250095 0.390363690249376 0.408823404885897 0.390448367839451 0.335196240315001 0.297684067911427 0.260806977433422 0.260806977433422 0.235022651255345 0.462890046149287 0.570472924340573 0.7644692832042 1 1 1 0.842711376434227 0.558575722934925 0.538253101316737 0.77814471400144 1 0.838604513315551 1 0.982175367289047 0.946568440662179 1 1 1 0.78758626529489
0.822515771201152 1 1 1 1 1 1 1 1 1 1 1 1 1 1 1 1 1 1 1 1 1 1 0.8922901054236 0.447267030780304 0.260806977433422 0.298319149836996 0.260806977433422 0.182945933358737 0.260806977433422 0.234599263304966 0.234599263304966 0.0262500529234938 0.130191794741522 0.0262500529234938 0.0520343791015708 0 0 0 0 0 0 0.0258266649731149 0.156611202845167 0.260806977433422 0.279436047250095 0.279436047250095 0.408823404885897 0.372115669588044 0.226851263813032 0.208941953512003 0.156187814894788 0.156230153689826 0.426775053981964 0.498878021931496 0.570176552775308 0.926965578559634 1 1 1 0.538549472882002 0.564757187010458 0.946568440662179 1 0.982175367289047 0.946568440662179 1 1 1 1 1 0.97387696346162
1 1 1 1 1 1 1 1 1 1 1 1 1 1 1 1 1 0.94534061560608 0.871332401879842 0.973792285871544 1 1 1 0.93831237562979 0.465472712646598 0.260806977433422 0.260806977433422 0.183157627333926 0.052330750666836 0.182818916973623 0.208476226766586 0.156695880435243 0 0 0 0 0 0 0 0.0520343791015708 0 0 0 0 0.156230153689826 0.182691900588509 0.234302891739701 0.234302891739701 0.252931961556374 0.252931961556374 0.260806977433422 0.252931961556374 0.104407468563445 0 0.335196240315001 0.55205554849909 0.626444811380668 1 0.982133028494009 0.912443371861637 0.642914602650409 0.564757187010458 0.946568440662179 1 0.804394766924933 0.642914602650409 0.538972860832381 0.946568440662179 1 1 1 1
1 1 1 1 1 1 1 1 1 1 1 1 1 1 1 0.817689148566832 0.780896735678902 0.69151953935391 0.765485414285109 0.820271815064143 0.909860705364325 0.973792285871544 1 1 0.667852152927728 0.260806977433422 0.260806977433422 0.208772598331851 0 0.182818916973623 0.0262500529234938 0 0 0 0 0 0 0 -9999 0 0.0520343791015708 0.0262077141284559 0 0 0 0 0.260806977433422 0 0 0 0 0 0 0.104153435793217 0.156187814894788 0.426944409162115 0.562343875693298 0.822134722045811 1 0.946568440662179 0.714805876624751 0.564757187010458 1 1 0.590880223548838 0.564460815445192 0.538549472882002 0.558533384139887 1 1 0.874634827892798 1
1 1 1 1 1 1 1 0.94534061560608 0.817689148566832 0.780896735678902 0.780896735678902 0.836656928743808 1 1 0.655912612727042 0.353952326516787 0.605614124222025 0.497480841695245 0.498412295186079 0.391464498920361 0.749608366145899 0.964520089758245 0.964181379397942 1 0.429188365299124 0.260806977433422 0.260806977433422 0.0781997544349888 0 0.052330750666836 0.130191794741522 0 0 0 0 -9999 -9999 0 -9999 -9999 0 -9999 0.104788517718786 0 0 0.0258266649731149 0 0.0524577670519497 0 0 0 0 0 0 0.182437867818282 0.426944409162115 0.534738981328591 0.717092171556797 0.928532113976036 1 0.911300224395614 0.538549472882002 1 1 0.460646090012278 0.642914602650409 0.642914602650409 0.616706888521953 0.946568440662179 1 1 1
1 1 1 0.903552224903679 0.79300563105974 0.656081967907193 0.476904187306829 0.476904187306829 0.370633811761717 0.717346204327025 0.660485202591134 0.349845463398112 0.278377577374148 0.38524069604979 0.278377577374148 0.260806977433422 0.260806977433422 0.260806977433422 0.260806977433422 0.279436047250095 0.516872009822601 0.861467462636013 1 1 0.336381726576062 0.260806977433422 0.260806977433422 0.155849104534485 0.0520767178966087 0.130911554257166 0.155976120919599 0 0 0 0 -9999 -9999 -9999 -9999 -9999 -9999 -9999 -9999 -9999 0 0 0.0520767178966087 0 0 0 0 0 0 0 0.104407468563445 0.353740632541598 0.426944409162115 0.502730852279944 0.6217875439265 1 1 0.822515771201152 1 1 0.946568440662179 0.982175367289047 0.893560269274736 0.617130276472332 0.642914602650409 0.434565392268936 0.946272069096914 0.874634827892798
0.817858503746983 0.746094246157754 0.403869765866463 0.367500740928913 0.260806977433422 0.260806977433422 0.38524069604979 0.260806977433422 0.260806977433422 0.260806977433422 0.260806977433422 0.260806977433422 0.42042423472628 0.349845463398112 0.260806977433422 0.260806977433422 0.260806977433422 0.260806977433422 0.260806977433422 0.260806977433422 0.335196240315001 0.766374528980905 0.881324357508785 1 0.552097887294128 0.353317244591219 0.279605402430247 0.260806977433422 0.234810957280156 0.260806977433422 0.260806977433422 0.0525001058469876 0.0262500529234938 0 0 0 0 0 -9999 -9999 -9999 -9999 -9999 -9999 -9999 -9999 0.052330750666836 0 0 0 0 0 0 0 0 0.279605402430247 0.426944409162115 0.472543291417926 0.485922350649901 1 1 1 1 0.947965620898429 1 0.946568440662179 0.946568440662179 0.590880223548838 0.642914602650409 0.590456835598459 0.585037469833608 1
0.766374528980905 0.260806977433422 0.38524069604979 0.278377577374148 0.260806977433422 0.260806977433422 0.208941953512003 0.23472627969008 0.260806977433422 0.260806977433422 0.260806977433422 0.260806977433422 0.260806977433422 0.235022651255345 0.235022651255345 0.260806977433422 0.235022651255345 0.260806977433422 0.260806977433422 0.260806977433422 0.316567170498328 0.390024979889072 0.861467462636013 0.62238028705703 0.694102205851221 0.444896058258182 0.353655954951522 0.260806977433422 0.260806977433422 0.260806977433422 0.260806977433422 0.155976120919599 0.0520767178966087 0 0 0 0 0 0 0 -9999 -9999 -9999 -9999 -9999 -9999 0.130657521486938 0.0258266649731149 0.0262077141284559 0 0 0 0 0 0 0 0.390024979889072 0.371861636817816 0.317075236038782 1 1 1 0.825945213599221 0.763453152123291 0.930140988187476 0.89610059697701 0.760150726110335 1 1 0.982175367289047 0.804394766924933 1
0.214403658071891 0.260806977433422 0.260806977433422 0.235022651255345 0.0260806977433422 0.10470384012871 0.0260806977433422 0 0 0 0 0.0525847834370634 0 0 0 0 0 0 0.260806977433422 0.235022651255345 0.279436047250095 0.335196240315001 0.569837842415005 0.784029806511707 0 0.551589821753673 0.407976628985139 0.260806977433422 0.260806977433422 0.260806977433422 0.260806977433422 0.260806977433422 0.0782844320250646 0 0 0 0 0 0 0 0 -9999 -9999 -9999 -9999 -9999 -9999 -9999 -9999 0 0 0 0 0 0 0 0.104576823743596 0.426944409162115 0.297176002370973 0.784749566027351 1 1 1 0.512765146703925 0.816461323510733 0.878275964266057 0.946568440662179 0.822346416021 0.893560269274736 1 1 1
0.260806977433422 0.260806977433422 0 0 0 0 0 0 0 0 0 0 0 0 0 0 0 0 0.260806977433422 0.260806977433422 0.260806977433422 0.389770947118845 0.335196240315001 0.841483551378128 0 0.747364410008891 0.569456793259664 0.156187814894788 0.234302891739701 0.260806977433422 0.260806977433422 0.260806977433422 0.260806977433422 0 0 0 0 0 0 0 0 -9999 -9999 -9999 -9999 -9999 -9999 0 0 0 0 0 0 0 0 0 0 0.390448367839451 0.46161988229815 0.515813539946653 0.980185443922266 1 1 0.714805876624751 0.73733011558491 0.688555823701257 0.760150726110335 0.670519497015115 0.51246877513866 1 1 1
0.260806977433422 0 0 0 0 0 0 0 0 0 0 0 0 0 0 0 0 0.182522545408358 0.260806977433422 0.260806977433422 0.260806977433422 0.279436047250095 0.444896058258182 0.881324357508785 0 0.288200177822939 0.72890469537237 0.130361149921673 0.104576823743596 0.260806977433422 0.260806977433422 0.260806977433422 0.260806977433422 0.0522884118717981 0 0 0 0 0 0 0 0 -9999 -9999 -9999 -9999 -9999 0 0 0 0 0 0 0 0 0 0 0.252931961556374 0.29823447224692 0.253228333121639 0.626444811380668 1 1 1 1 1 0.789660866251746 0.564757187010458 0.564757187010458 0.875439264998518 1 1
0 0 0 0 0 0 0 0 0 0 0 0 0 0 0 0 0 0.260806977433422 0.260806977433422 0.260806977433422 0.260806977433422 0.279436047250095 0.569795503619967 0.841483551378128 0 0 0.156187814894788 0.104576823743596 0 0.260806977433422 0.260806977433422 0.260806977433422 0.234599263304966 0.260806977433422 0.104788517718786 0 0 0 0 0 0 0 0 0 0 0 0 0 0 0 0 0 0 0 0 0 0 0.130403488716711 0.279436047250095 0.279436047250095 0.33379906007875 0.891189296752614 0.946568440662179 1 1 1 0.869892882848554 0.564757187010458 0.642914602650409 0.706634489182438 1 1
0 0 0 0 0 0 0 0 0 0 0 0 0 0 0 0 0.0779880604597993 0.234599263304966 0.260806977433422 0.235022651255345 0.260806977433422 0.389770947118845 0.622973030187561 0.531563571700749 0.052330750666836 0.0785808035903298 0.182437867818282 0 0 0.208518565561624 0.260806977433422 0.260806977433422 0.260806977433422 0.260806977433422 0.208899614716965 0 0 0 0 0 0 0 0 0 0 0 0 0 0 0 0 0 0 0 0 0 0 0 0.234302891739701 0.390024979889072 0.46242431940387 0.535712773614463 1 1 1 1 0.868495702612304 0.67886023963758 0.642914602650409 0.670519497015115 0.982175367289047 1
0 0 0 0 0 0 0 0 0 0 0 0 0 0 0 0 0.156018459714637 0.260806977433422 0.260806977433422 0.260806977433422 0.279436047250095 0.462847707354249 0.692789703205047 0.0262077141284559 0.104576823743596 0.475252974300351 0.494136076887252 0.260806977433422 0.260806977433422 0.260806977433422 0.260806977433422 0.260806977433422 0.104365129768407 0.182818916973623 0.157076929590584 0 0 0 0 0 0 0 0 0 0 0 0 0 0 0 0 0 0 0 0 0 0 0 0 0.316567170498328 0.444896058258182 0.230534738981329 0.83420127863161 0.836783945128922 0.964308395783056 1 0.964308395783056 0.843769846310174 0.642914602650409 0.875439264998518 0.982175367289047 1
0 0 0 0 0 0 0 0 0 0 0 0 0 0 0 0.0779880604597993 0.260806977433422 0.234599263304966 0.260806977433422 0.260806977433422 0.334857529954697 0.389770947118845 0.0785808035903298 0.156187814894788 0.510944578517295 0.585376180193912 0.385537067615056 0.260806977433422 0.260806977433422 0.260806977433422 0.260806977433422 0.260806977433422 0.182691900588509 0 0 0 0 0.0781997544349888 0 0 0 0 0 0 0 0 0 0 0 0 0 0 0 0 0 0 0 0 0 0.260806977433422 0.40856937211567 0.253228333121639 0.544053516236928 0.7294974385029 0.767178966086625 1 0.946568440662179 1 0.893560269274736 0.875439264998518 1 1
0 0 0 0 0 0 0 0 0 0 0 0 0 0 0 0.129937761971294 0.260806977433422 0.260806977433422 0.260806977433422 0.278758626529489 0.352809179050764 0.130403488716711 0.18226851263813 0.439434353698294 0.403192345145857 0.260806977433422 0.260806977433422 0.260806977433422 0.260806977433422 0.260806977433422 0.260806977433422 0.235022651255345 0 0 0 0 0.0520767178966087 0.0786231423853677 0 0 0 0 0 0 0 0 0 0 0 0 0 0 0 0 0 0 0 0 0 0 0.260806977433422 0.260806977433422 0.311825225454084 0.599771370506795 0.583894322367585 0.857445277107413 0.642914602650409 0.714805876624751 1 0.893560269274736 1 1
0 0 0 0 0 0 0 0 0 0 0 0 0 0 0 0.260806977433422 0.234599263304966 0.260806977433422 0.278758626529489 0.314280875566281 0.18226851263813 0 0.260806977433422 0.260806977433422 0.260806977433422 0.260806977433422 0.260806977433422 0.260806977433422 0.260806977433422 0.260806977433422 0 0.0258266649731149 0.0520767178966087 0.0520767178966087 0.104449807358483 0 0.0262077141284559 0.130657521486938 0 0 0 0 0 0 0 0 0 0 0 0 0 0 0 0 0 0 0 0 0 0 0 0.260806977433422 0.260806977433422 0.267369490664296 0.869215462127948 0.623100046572675 0.624962953554342 0.642914602650409 0.946568440662179 0.714805876624751 0.642914602650409 1
0 0 0 0 0 0 0 0 0 0 0 0 0 0 0.129937761971294 0.208814937126889 0.260806977433422 0.260806977433422 0.278758626529489 0.208518565561624 0 0.260806977433422 0.260806977433422 0.260806977433422 0.260806977433422 0.260806977433422 0.260806977433422 0.260806977433422 0.260806977433422 0 0 0 0 0 0 0 0 0 0.0781997544349888 0 0 0 0 0 0 0 0 0 0 0 0 0 0 0.0262077141284559 0 0 0 0 0 0 0 0.279054998094754 0.279605402430247 0.271772725348237 0.267369490664296 0.547906346585376 0.774376561243067 0.624962953554342 0.714805876624751 0.786612473009018 0.642914602650409 0.830517803463313
0 0 0 0 0 0 0 0 0 0 0 0 0 0 0.182522545408358 0.260806977433422 0.260806977433422 0.260806977433422 0.182522545408358 0.0261230365383801 0.260806977433422 0.260806977433422 0.260806977433422 0.209238325077268 0.0520343791015708 0.234810957280156 0.0262500529234938 0.0262500529234938 0.0262500529234938 0 0 0 0 0 0 0 0 0 0 0 0 0 0 0 0 0 0 0 0 0 0 0 0 0.104534484948558 0.182988272153775 0.0262077141284559 0 0 0 0 0 0.260806977433422 0.260806977433422 0.297853423091579 0.253651721072018 0.24598839917016 0.277615479063466 0.909140945848681 0.782420932300267 0.946568440662179 0.820398831449257 0.910453448494856
0 0 0 0 0 0 0 0 0 0 0 0 0 0.0779880604597993 0.234599263304966 0.260806977433422 0.260806977433422 0.260806977433422 0.182522545408358 0.260806977433422 0.260806977433422 0.260806977433422 0.235022651255345 0 0.105211905669165 0 0.0265040856937212 0 0 0 0 0 0 0 0 0 0 0 0 0 0 0 0 0 0 0 0 0 0 0 0 0 0 0 0 0 0 0 0 0 0.0262500529234938 0 0.235022651255345 0.260806977433422 0.335196240315001 0.40856937211567 0.319149836995639 0.438587577797536 0.626233117405479 0.873745713197002 0.78275964266057 0.874338456327533
