data-raw/DATASET_PNE_1/DATASET_PNE/a_DATA/PFGS/ENVSUIT_A1B/HS_f15_C5_CallVulg.asc
NCOLS 619 
NROWS 782 
XLLCORNER 876826 
YLLCORNER 1947424 
CELLSIZE 100 
NODATA_value -9999 
[rows 468 to 493 of 782, columns 180 to 239 of 619]
0.8853759765625 0.6690673828125 0.643359363079071 0.413989245891571 0.354199219495058 0.733325198292732 0.619726561009884 0.619726561009884 0.656079098582268 0.7432861328125 0.7432861328125 0.6275634765625 0.63720703125 0.6649169921875 0.6649169921875 0.6649169921875 0.6649169921875 0.6275634765625 0.6275634765625 0.609204083681107 0.431079089641571 0.646899402141571 0.628588855266571 0.699951171875 0.718481451272964 0.780688464641571 0.706982403993607 0.542431622743607 0.746728509664536 0.6943359375 0.666918933391571 0.756884753704071 0.724707007408142 0.70166015625 0.733081042766571 0.724999994039536 0.8079833984375 0.196557611227036 0 0 0 0 0 0 0 0.0932861343026161 0.351708978414536 0.472143560647964 0.44970703125 0.0516845695674419 0 0 0 0.0844970718026161 0.566235363483429 0.695825189352036 0.687207013368607 0.678271472454071 0.642065435647964 0.407714836299419
0.799829095602036 0.6151123046875 0.52734375 0.455200180411339 0.354199219495058 0.475952140986919 0.647802740335464 0.6990966796875 0.656079098582268 0.733642578125 0.555419906973839 0.676342755556107 0.676342755556107 0.704052716493607 0.704052716493607 0.704052716493607 0.68603515625 0.590942367911339 0.628588855266571 0.655810534954071 0.694360345602036 0.667724609375 0.6917724609375 0.723803699016571 0.704052716493607 0.737231433391571 0.724999994039536 0.5147705078125 0.706982403993607 0.742993146181107 0.735571295022964 0.719189435243607 0.770971655845642 0.782153308391571 0.750463843345642 0.411450207233429 0.0516845695674419 0 0 0 0 0 0.0600097663700581 0.388452135026455 0.574853509664536 0.773193359375 0.715893536806107 0.724999994039536 0.827880859375 0.7760009765625 0.351708978414536 0 0 0 0.133056640625 0.714208960533142 0.714208960533142 0.687207013368607 0.592749029397964 0.588330090045929
0.366577155888081 0.419702142477036 0.401953138411045 0.483837902545929 0.696582019329071 0.495581068098545 0.599340826272964 0.7392578125 0.753442376852036 0.493188470602036 0.628588855266571 0.68603515625 0.704052716493607 0.704052716493607 0.5963134765625 0.473632797598839 0.757397472858429 0.704052716493607 0.628588855266571 0.6485595703125 0.609204083681107 0.582080066204071 0.68603515625 0.718481451272964 0.718481451272964 0.657275378704071 0.733618140220642 0.612524405121803 0.304418940097094 0.733618140220642 0.7286376953125 0.756738275289536 0.733618140220642 0.802343726158142 0.332861334085464 0.017553711310029 0 0 0 0 0.0428955070674419 0.342553704977036 0.72998046875 0.696386694908142 0.593652337789536 0.509033218026161 0.596752926707268 0.642749011516571 0.6943359375 0.733374029397964 0.732495099306107 0.362719729542732 0 0 0.0250732414424419 0.7105712890625 0.704052716493607 0.705297827720642 0.650683611631393 0.606469720602036
0.639941394329071 0.790356457233429 0.553173840045929 0.501025393605232 0.757788091897964 0.700756818056107 0.663378924131393 0.847998052835464 0.510180667042732 0.449145495891571 0.582080066204071 0.637866199016571 0.800048828125 0.828662097454071 0.771801739931107 0.393530286848545 0.8433837890625 0.718481451272964 0.718481451272964 0.718481451272964 0.718481451272964 0.738232433795929 0.637866199016571 0.637524396181107 0.582568362355232 0.517968758940697 0.7105712890625 0.801513671875 0.137109372764826 0.724999994039536 0.7425537109375 0.7425537109375 0.190942388027906 0 0 0 0 0 0.017553711310029 0.102392576634884 0.612841814756393 0.669628888368607 0.687768548727036 0.601269513368607 0.469384774565697 0.619750961661339 0.671411126852036 0.652490228414536 0.587548822164536 0.620043933391571 0.716088861227036 0.772998064756393 0.0683105438947678 0 0 0.165063478052616 0.705297827720642 0.714208960533142 0.678295880556107 0.454760745167732
0.383300792425871 0.278466802090406 0.304931651800871 0.401953138411045 0.900659173727036 0.800390630960464 0.886059582233429 0.8148193359375 0.229687506332994 0.0759765654802322 0.555151373147964 0.633203119039536 0.799633771181107 0.757153302431107 0.508862286806107 0.771679699420929 0.638598620891571 0.619213849306107 0.704052716493607 0.704052716493607 0.704052716493607 0.718481451272964 0.680810540914536 0.491259768605232 0.387451171875 0.491259768605232 0.7105712890625 0.733618140220642 0.0932861343026161 0.282275386154652 0.171850588172674 0.0683105438947678 0 0 0 0.00874023418873549 0 0.0259277336299419 0.191845700144768 0.689697265625 0.687768548727036 0.6571044921875 0.610913068056107 0.184765618294477 0.288403324782848 0.459814444184303 0.599316418170929 0.324633792042732 0.5609130859375 0.541577130556107 0.599511742591858 0.747973620891571 0.851123034954071 0.00874023418873549 0 0.0505126938223839 0.490380853414536 0.714208960533142 0.617041021585464 0.510180667042732
0.631640613079071 0.394555665552616 0.268774416297674 0.358251966536045 0.842919915914536 0.8714599609375 0.870922863483429 0.3453369140625 0.164819337427616 0.0988525375723839 0.690283209085464 0.762158185243607 0.526342779397964 0.377758778631687 0.684350579977036 0.715893536806107 0.568481460213661 0.733618140220642 0.799462884664536 0.7286376953125 0.7286376953125 0.742993175983429 0.715893536806107 0.670141607522964 0.679003894329071 0.613110348582268 0.724999994039536 0.733618140220642 0.265722647309303 0 0 0 0 0.00874023418873549 0.0932861343026161 0.07666015625 0.0259277336299419 0.137109372764826 0.353076182305813 0.661376953125 0.630346655845642 0.573901355266571 0.176391595974565 -9999 0.352465823292732 0.460009768605232 0.497216790914536 0.24450683221221 0.488330081105232 0.5709228515625 0.579248040914536 0.6610107421875 0.715551763772964 0.374707028269768 0 0 0.281982421875 0.704516589641571 0.704052716493607 0.599316418170929
0.227075189352036 0.204272460192442 0.358251940459013 0.689111322164536 0.771386712789536 0.785375982522964 0.828295886516571 0.603051751852036 0.607470721006393 0.824023425579071 0.790820300579071 0.7906494140625 0.447631843388081 0.149609375745058 0.580395489931107 0.622851550579071 0.339794918894768 0.472631841897964 0.72998046875 0.7286376953125 0.799707025289536 0.799707025289536 0.714208960533142 0.7286376953125 0.714208960533142 0.7286376953125 0.7286376953125 0.742529273033142 0.163281250745058 0 0 0 0.017553711310029 0.102392576634884 0.183740235865116 0.157641600817442 0.388452135026455 0.642260730266571 0.366577133536339 0.137109372764826 0.4625244140625 0.176391595974565 0.0932861343026161 0.341088876128197 -9999 0.542700201272964 0.468994140625 0.433984383940697 0.570703119039536 0.541577130556107 0.55126953125 0.737377941608429 0.714770495891571 0.70166015625 0.180444337427616 0 0 0.605493158102036 0.684545874595642 0.695141583681107
0.0850097686052322 0.111132810823619 0.137109372764826 0.259790040552616 0.770825177431107 0.756591796875 0.770922839641571 0.671484380960464 0.689257830381393 0.706884741783142 0.747973620891571 0.733618140220642 0.500219732522964 0.129711914807558 0.237133782356977 0.651635766029358 0.375415042042732 0.146313477307558 0.322729483246803 0.734375 0.742529273033142 0.7392578125 0.762524396181107 0.742529273033142 0.742529273033142 0.7286376953125 0.724999994039536 0.189111325889826 0.0683105438947678 0 0.0516845695674419 0.452709972858429 0.799707025289536 0.770922839641571 0.770922839641571 0.357421860098839 0.557128891348839 0.629052728414536 0.557177722454071 0.392260745167732 0.429345697164536 0.393798828125 0.395190432667732 0.162866216152906 0.496728509664536 0.487573236227036 0.497314453125 0.469580084085464 0.5064697265625 0.570703119039536 0.599316418170929 0.599316418170929 0.766503900289536 0.72314453125 0.642260730266571 0.026342773810029 0 0 0.674951165914536 0.7283935546875
0.617285132408142 0.174731440842152 0.134472653269768 0.148901365697384 0.1776123046875 0.333398438990116 0.785180658102036 0.7852783203125 0.785571277141571 0.721337884664536 0.7105712890625 0.656103521585464 0.314404290169477 0.173046875745058 0.116943357512355 0.146313477307558 0.146313477307558 0.128735350444913 0.128735350444913 0.128735350444913 0.119921874254942 0.102392576634884 0.102392576634884 0.0683105438947678 0.0259277336299419 0 0 0 0 0.137109372764826 0.7852783203125 0.814013659954071 0.814013659954071 0.648486316204071 0.771337866783142 0.657177716493607 0.573901355266571 0.582153305411339 0.582153305411339 0.454443365335464 0.506542980670929 0.609277337789536 0.552563458681107 0.535058587789536 0.613232433795929 0.556323230266571 0.603808581829071 0.398779302835464 0.658154308795929 0.667260736227036 0.6949462890625 0.704052716493607 0.704052716493607 0.636425793170929 0.7286376953125 0.775317370891571 0 0 0 0.7105712890625
0.270288083702326 0.340380862355232 0.157006833702326 0.119921874254942 0.128735350444913 0.128735350444913 0.799707025289536 0.799707025289536 0.814013659954071 0.730444312095642 0.799707025289536 0.799707025289536 0.429467767477036 0.111132810823619 0.102392576634884 0.119921874254942 0.102392576634884 0.102392576634884 0.102392576634884 0.0850097686052322 0 0 0 0 0 0 0 0.0259277336299419 0.20068359002471 0.796606421470642 0.744335919618607 0.586889654397964 0.629589825868607 0.540283188223839 0.600903302431107 0.596997067332268 0.523535147309303 0.418554678559303 0.295727528631687 0.453295916318893 0.550488263368607 0.515039071440697 0.350195303559303 0.540454119443893 0.608300805091858 0.608300805091858 0.452636733651161 0.344946295022964 0.554785162210464 0.68603515625 0.677416980266571 0.704052716493607 0.704052716493607 0.695141583681107 0.718481451272964 0.747973620891571 0.172070309519768 0 0 0
0.102392576634884 0.0683105438947678 0.0683105438947678 0.116943357512355 0.158618163317442 0.177392579615116 0.559228509664536 0.742456048727036 0.7852783203125 0.647387713193893 0.556542977690697 0.565454110503197 0.423193357884884 0.146313477307558 0.119921874254942 0.0932861343026161 0.102392576634884 0.07666015625 0.0683105438947678 0.0347167961299419 0 0 0 0 0 0 0.0850097686052322 0.119921874254942 0.480249032378197 0.724169909954071 0.701733380556107 0.618676751852036 0.548852533102036 0.546679705381393 0.647167950868607 0.518798843026161 0.605712875723839 0.501025393605232 0.127221673727036 0.435717776417732 0.555004894733429 0.501708969473839 0.341381840407848 0.510449215769768 0.563696295022964 0.500463858246803 0.283789061009884 0.2921142578125 0.283789061009884 0.344702154397964 0.501708969473839 0.675878912210464 0.541577130556107 0.561279296875 0.695141583681107 0.695141583681107 0.608007818460464 0.18811035528779 0.026342773810029 0
0.253417963162065 0.163256835192442 0.0426513664424419 0.00874023418873549 0.0932861343026161 0.0850097686052322 0.111132810823619 0.5042724609375 0.656518548727036 0.542016595602036 0.374047860503197 0.2471923828125 0.163403324782848 0.119921874254942 0.102392576634884 0.119921874254942 0.119921874254942 0.0516845695674419 0.00874023418873549 0 0 0 0.017553711310029 0.0683105438947678 0.119921874254942 0.256567377597094 0.645800769329071 0.405566416680813 0.550048843026161 0.70166015625 0.669628888368607 0.611181646585464 0.605908200144768 0.618847638368607 0.501025393605232 0.413793936371803 0.491918936371803 0.501025393605232 0.465063467621803 0.514135733246803 0.444238275289536 0.395214855670929 0.433178707957268 0.590625017881393 0.500463858246803 0.483154296875 0.136547848582268 0.187915036454797 0.231103517115116 0.282324224710464 0.416259765625 0.4425048828125 0.371240228414536 0.380395501852036 0.477832034230232 0.616284161806107 0.616284161806107 0.695605456829071 0.2623291015625 0.151074219495058
0.1221923828125 0.356274411082268 0.444287121295929 0.0932861343026161 0.0683105438947678 0.0683105438947678 0.102392576634884 0.171850588172674 0.217480465769768 0.163403324782848 0.102392576634884 0.102392576634884 0.102392576634884 0.102392576634884 0.119921874254942 0.119921874254942 0.0259277336299419 0 0.0516845695674419 0.462573245167732 0.4583740234375 0.440454095602036 0.443945318460464 0.728564441204071 0.626049786806107 0.756787091493607 0.715551763772964 0.70166015625 0.663818359375 0.613305658102036 0.653027355670929 0.482690438628197 0.501025393605232 0.560327142477036 0.483398422598839 0.430810540914536 0.430810540914536 0.483398422598839 0.430810540914536 0.449389636516571 0.376416027545929 0.224926758557558 0.326196298003197 0.500463858246803 0.283789061009884 0.422802723944187 0.0437255874276161 0.204760745167732 0.283789061009884 0.308911129832268 0.433349609375 0.434423819184303 0.450512692332268 0.459667965769768 0.604003891348839 0.570483386516571 0.598266586661339 0.589648425579071 0.476806625723839 0.176953122019768
0 0.0931152328848839 0.234570318832994 0.3387451171875 0.0931152328848839 0.0683105438947678 0.119921874254942 0.171850588172674 0.119921874254942 0.0600097663700581 0.0347167961299419 0.00874023418873549 0.0516845695674419 0.102392576634884 0.0683105438947678 0 0 0.444287121295929 0.7425537109375 0.794091790914536 0.328124992549419 0.579907238483429 0.759204089641571 0.70166015625 0.799707025289536 0.799877911806107 0.678564429283142 0.650463849306107 0.593652337789536 0.565624982118607 0.633276373147964 0.546093761920929 0.5513916015625 0.537158221006393 0.483398422598839 0.310351572930813 0.1363525390625 0.195654302835464 0.449145495891571 0.326171875 0.4052734375 0.283789061009884 0.283789061009884 0.366430677473545 0.26708984375 0.292919933795929 0 0.258325193077326 0.275537103414536 0.283789061009884 0.370434582233429 0.434423819184303 0.452148422598839 0.667260736227036 0.579492181539536 0.593847647309303 0.589648425579071 0.589648425579071 0.56005859375 0.522021472454071
0 0 0 0.0844970718026161 0.0844970718026161 0.0259277336299419 0.102392576634884 0.0516845695674419 0 0 0 0 0 0 0 0.0683105438947678 0.714208960533142 0.7425537109375 0.7425537109375 0.7425537109375 0.439233392477036 0.475830078125 0.669628888368607 0.710278302431107 0.770678699016571 0.7852783203125 0.770922839641571 0.601269513368607 0.742968738079071 0.685961931943893 0.623388648033142 0.587597653269768 0.483398422598839 0.396313481032848 0.293603528290987 0.0934082046151161 0.119140625 0.215966790914536 0.353906258940697 0.308911129832268 0.195458987727761 0.2921142578125 0.223730474710464 0.213696286082268 0.196240231394768 0.118945315480232 0 0.128759771585464 0.283789061009884 0.283789061009884 0.2657470703125 0.221337892115116 0.212426759302616 0.363012701272964 0.470068350434303 0.579492181539536 0.513989254832268 0.541455090045929 0.550366222858429 0.589648425579071
0 0 0 0 0 0.00874023418873549 0.00874023418873549 0 0 0 0 0 0 0.00874023418873549 0.277636718004942 0.785498023033142 0.728662103414536 0.7425537109375 0.7425537109375 0.714208960533142 0.433520510792732 0.168798826634884 0.491308599710464 0.756787091493607 0.728662103414536 0.756689429283142 0.785693347454071 0.757153302431107 0.728442370891571 0.491918936371803 0.491918936371803 0.519433602690697 0.491918936371803 0.238818362355232 0.0844970718026161 0.124658204615116 0.0759765654802322 0.2596435546875 0.2657470703125 0.283789061009884 0.24853515997529 0.213940426707268 0.437207043170929 0.0869873017072678 0.185595698654652 0.0089111328125 0 0.0869873017072678 0.214819341897964 0.283789061009884 0.205029293894768 0.025122070685029 0.127783209085464 0.144433587789536 0.461889639496803 0.460253909230232 0.487329095602036 0.598266586661339 0.704052716493607 0.598266586661339
0 0 0 0 0 0 0 0 0 0 0 0 0.00874023418873549 0.119921874254942 0.208422854542732 0.742236316204071 0.7425537109375 0.728662103414536 0.770922839641571 0.7564697265625 0.681249976158142 0.394531264901161 0.174609374254942 0.714208960533142 0.645751953125 0.728662103414536 0.814599603414536 0.828881859779358 0.413549810647964 0.413549810647964 0.483398422598839 0.475122064352036 0.449145495891571 0.159130856394768 0.173486322164536 0.0934082046151161 0.240161135792732 0.179736331105232 0.26708984375 0.249438472092152 0.205029293894768 0.206030279397964 0.390649423003197 0.0684570297598839 0.0772216767072678 0 0.017333984375 0.0089111328125 0.120458982884884 0.283789061009884 0.136547848582268 0.0509765632450581 0.2657470703125 0.0505126938223839 0.2755126953125 0.2657470703125 0.310717768967152 0.396704092621803 0.424780264496803 0.704052716493607
0 0 0 0 0 0 0 0 0 0 0.00874023418873549 0.017553711310029 0.102392576634884 0.195092778652906 0.656518548727036 0.704736322164536 0.582495123147964 0.756787091493607 0.756884753704071 0.756689429283142 0.583911120891571 0.573901355266571 0.296191401779652 0.410302743315697 0.704736322164536 0.767529308795929 0.928784191608429 0.501708969473839 0.42333984375 0.547778323292732 0.493188470602036 0.449145495891571 0.345629889518023 0.249951168894768 0.276684582233429 0.267895519733429 0.196435550227761 0.213549807667732 0.283789061009884 0.189428711310029 0.293432615697384 0.327172860503197 0.249780282378197 0.0600097663700581 0.0511230453848839 0 0.0772216767072678 0.0600097663700581 0.0869873017072678 0.0428466796875 0 0.231127925217152 0.171215817332268 0.188525393605232 0.1619873046875 0.059326171875 0.170507818460464 0.24853515997529 0.178759768605232 0.432592764496803
0 0 0 0 0 0 0 0 0 0.0347167961299419 0.00874023418873549 0.00830078125 0.363818362355232 0.190942388027906 0.470190435647964 0.18200683221221 0.686328113079071 0.52880859375 0.7855224609375 0.402416981756687 0.505224600434303 0.7427978515625 0.548315420746803 0.366406239569187 0.401782214641571 0.795263677835464 0.483398422598839 0.528588876128197 0.405981451272964 0.427294909954071 0.413989245891571 0.388867177069187 0.319262705743313 0.206591794267297 0.223339840769768 0.171215817332268 0.26708984375 0.283789061009884 0.232275396585464 0.0869873017072678 0.0869873017072678 0.0772216767072678 0.127368167042732 0.0772216767072678 0.0772216767072678 0 0.0772216767072678 0.0772216767072678 0.0089111328125 0 0.0684570297598839 0.102343752980232 0.1278076171875 0.249438472092152 0.127783209085464 0 0 0.059326171875 0.301513679325581 0.425537109375
0 0 0 0 0 0 0 0 0 0.00874023418873549 0 0.0347167961299419 0.0931152328848839 0.39892578125 0.260009773075581 0.119921874254942 0.540576159954071 0.510229498147964 0.799877911806107 0.7283935546875 0.411279298365116 0.133081048727036 0.359106436371803 0.771801739931107 0.8323974609375 0.384912118315697 0.493188470602036 0.564746111631393 0.436230450868607 0.371411129832268 0.353906258940697 0.353906258940697 0.213549807667732 0.258203122764826 0.206591794267297 0.180004879832268 0.223730474710464 0.275537103414536 0.206030279397964 0.112109377980232 0 0 0 0 0 0 0 0.0511230453848839 0.0772216767072678 0.0938964858651161 0.0600097663700581 0 0.146313473582268 0.188525393605232 0.194360348396003 0 0 0 0.1619873046875 0.329052731394768
0 0 0 0 0 0 0 0 0 0 0 0.00874023418873549 0.00874023418873549 0.134350586682558 0.684619128704071 0.561157211661339 0.328124992549419 0.728662103414536 0.661376953125 0.742749005556107 0.757031232118607 0.714208960533142 0.490087881684303 0.310766607522964 0.387377917766571 0.278955072164536 0.314501946792006 0.397192373871803 0.1451416015625 0.267895519733429 0.2596435546875 0.169970706105232 0.188525393605232 0.111059568822384 0 0 0 0 0 0 0 0 0 0 0 0.04248046875 0 0 0 0.0772216767072678 0 0 0.0601806640625 0.180004879832268 0.188525393605232 0.00844726525247097 0 0 0 0.0167724601924419
0 0 0 0 0 0 0 0 0.00874023418873549 0 0 0 0 0 0.134350586682558 0.639746069908142 0.605615228414536 0.561792001128197 0.714208960533142 0.661376953125 0.7852783203125 0.756689429283142 0.771386712789536 0.728662103414536 0.787792950868607 0.284960949793458 0.178759768605232 0.319287113845348 0.266992181539536 0.104785159230232 0.0863281264901161 0 0 0 0.00844726525247097 0.00844726525247097 0.0768554657697678 0.154565423727036 0.206030279397964 0.206030279397964 0.196240231394768 0.162939459085464 0.118945315480232 0.0855468735098839 0.154687494039536 0.136181637644768 0.144458005204797 0 0 0 0 0 0.0143554685637355 0.154565423727036 0.154565423727036 0.17944335564971 0 0.0334228500723839 0.0167724601924419 0
0 0 0 0 0 0 0 0 0.00874023418873549 0 0 0 0 0 0 0.0850097686052322 0.538842767477036 0.190942388027906 0.306542962789536 0.714208960533142 0.619531244039536 0.756787091493607 0.756689429283142 0.7852783203125 0.799633771181107 0.523339837789536 0.188525393605232 0.211157228797674 0.388867177069187 0.436450183391571 0.283789061009884 0.283789061009884 0.24853515997529 0.196801761165261 0.188525393605232 0.180004879832268 0.127783209085464 0.1629638671875 0.283789061009884 0.283789061009884 0.223339840769768 0.267846677452326 0.223339840769768 0.154565423727036 0.171264642849565 0.273999027907848 0.283642582595348 0.239770509302616 0.241528317332268 0.207958981394768 0.224658200517297 0.0143554685637355 0 0 0.112109377980232 0.171215817332268 0.146313473582268 0 0.00844726525247097 0.188525393605232
0 0 0 0 0 0 0 0 0 0 0 0 0 0 0 0.00874023418873549 0.0683105438947678 0.102392576634884 0.119921874254942 0.427319347858429 0.714208960533142 0.595629885792732 0.7425537109375 0.757153302431107 0.728662103414536 0.728344708681107 0.390283204615116 0.20410156622529 0.5028076171875 0.457934558391571 0.494165033102036 0.222192384302616 0.205224612727761 0.206591794267297 0.188525393605232 0.178759768605232 0.188525393605232 0.257299810647964 0.2921142578125 0.283789061009884 0.188525393605232 0.198315426707268 0.180004879832268 0.136547848582268 0.205029293894768 0.283789061009884 0.283789061009884 0.154565423727036 0.223339840769768 0.340063489973545 0.340063489973545 0.331616222858429 0.206591794267297 0 0 0.1375732421875 0.154565423727036 0.134106446057558 0.0853027328848839 0.206591794267297
0 0.0516845695674419 0.00874023418873549 0 0 0 0.0931152328848839 0.191137697547674 0.0941162109375 0 0 0 0 0 0 0 0.0259277336299419 0.0600097663700581 0.198974609375 0.217382818460464 0.204492188990116 0.248022463172674 0.404492199420929 0.714208960533142 0.636987298727036 0.470239251852036 0.685400366783142 0.709301769733429 0.535253912210464 0.483398422598839 0.467724591493607 0.387817390263081 0.302270501852036 0.188525393605232 0.170507818460464 0.196801761165261 0.196801761165261 0.239648438990116 0.26708984375 0.239648438990116 0.196801761165261 0.258203122764826 0.188525393605232 0.1531982421875 0.283789061009884 0.205029293894768 0.24853515997529 0.239648438990116 0.171215817332268 0.26708984375 0.113330081105232 0.217187503352761 0.3134765625 0.370434567332268 0 0 0.0143554685637355 0.102343752980232 0.146313473582268 0.206591794267297
0.00874023418873549 0.0941162109375 0.0600097663700581 0.0844970718026161 0 0.0931152328848839 0.470043957233429 0.0516845695674419 0.102392576634884 0.0850097686052322 0 0 0 0 0 0.00874023418873549 0.0516845695674419 0.0850097686052322 0.119921874254942 0.119921874254942 0.252954106777906 0.444970712065697 0.273535158485174 0.695092767477036 0.365966781973839 0.675195306539536 0.567602545022964 0.450244128704071 0.569311514496803 0.501025393605232 0.457934558391571 0.273266594856977 0.369555659592152 0.230981446802616 0.178759768605232 0.231958009302616 0.178759768605232 0.188525393605232 0.196801761165261 0.188525393605232 0.188525393605232 0.363378912210464 0.300463862717152 0.379223644733429 0.388867199420929 0.300463862717152 0.379223644733429 0.326196298003197 0.231103517115116 0.300878904759884 0.146728515625 0.1195068359375 0.202880862168968 0.281396478414536 0.293432615697384 0.223339840769768 0 0 0.1195068359375 0.188525393605232
