data-raw/DATASET_PNE_1/DATASET_PNE/a_DATA/PFGS/ENVSUIT_A1B/HS_f15_P5_alpext.asc
NCOLS 619 
NROWS 782 
XLLCORNER 876826 
YLLCORNER 1947424 
CELLSIZE 100 
NODATA_value -9999 
[rows 140 to 167 of 782, columns 63 to 125 of 619]
0.566289313137531 0.544737722724676 0.514135651290417 0.490889005362988 0.539758451282978 0.249129764735699 0.401822194457054 0.334745898842812 0.305248662829399 0.305248662829399 0.269198164343834 0.33610799908638 0.528150245547295 0.488694481551647 0.691406607627869 0.691542819142342 0.880724638700485 0.97663226723671 0.930123805999756 1 1 1 1 1 1 1 1 1 1 1 1 1 1 1 1 1 1 0.976723074913025 1 0.976723074913025 0.98834639787674 0.941883355379105 0.88378182053566 0.907240360975266 0.82552894949913 0.790583282709122 1 1 1 1 1 1 1 1 1 1 1 1 1 1 1 1 1
0.537473134696484 0.546947363764048 0.502603136003017 0.512077365070581 0.52815025486052 0.495595833286643 0.201001904904842 0.220404392108321 0.210249116644263 0.198595514521003 0.210355050861835 0.288267701864243 0.516496643424034 0.546992763876915 0.691406607627869 0.665768682956696 0.924887239933014 0.976723074913025 0.971320033073425 0.882782936096191 0.905439347028732 0.97663226723671 1 1 1 1 1 1 1 1 1 1 1 1 1 0.988467484712601 0.953415870666504 0.941883355379105 0.930169194936752 0.965130001306534 0.942034691572189 0.872007131576538 0.942034691572189 0.778929680585861 0.976783603429794 1 1 1 1 1 1 1 1 1 1 1 1 1 1 1 1 1 1
0.537473134696484 0.537473134696484 0.479265682399273 0.423419184982777 0.518918192014098 0.454445024952292 0.189166685566306 0.156491205096245 0.13098949752748 0.208750789985061 0.154705330729485 0.399673089385033 0.430517300963402 0.4442443177104 0.691406607627869 0.654236152768135 0.922511130571365 0.78593698143959 0.759633123874664 0.976723074913025 1 0.976677656173706 0.98828586935997 1 1 1 1 1 1 1 1 1 1 1 1 1 0.94198927283287 0.953536957502365 0.848760455846786 0.825468391180038 0.825634896755219 0.872007131576538 0.965357035398483 0.930169194936752 0.976783603429794 1 1 1 1 1 1 1 1 1 1 1 1 1 1 1 0.988270729780197 1 1
0.537473134696484 0.537473134696484 0.539758451282978 0.530450707301497 0.495595833286643 0.338529523462057 0.154190754517913 0.0914580598473549 0.0844810362905264 0.13098949752748 0.156930111348629 0.210355050861835 0.316554173827171 0.456064403057098 0.55392437428236 0.691406607627869 0.652647033333778 0.934164732694626 0.918545871973038 0.953476399183273 0.976723074913025 1 0.98828586935997 1 1 1 1 1 1 1 1 1 1 1 0.976904690265656 1 0.976904690265656 0.965251088142395 0.976904690265656 0.918772876262665 0.825634896755219 0.942034691572189 0.778929680585861 0.976783603429794 1 1 1 1 1 1 1 1 1 1 1 1 1 1 1 1 1 1 1
0.516617739573121 0.530450707301497 0.483942231163383 0.408072780817747 0.442791422829032 0.145276509225368 0.154190754517913 0.0468111522495747 0.10780337266624 0.142537152394652 0.369358589872718 0.353255443274975 0.518842509016395 0.435178726911545 0.467551521956921 0.5772769972682 0.834185898303986 0.848336726427078 0.955534696578979 0.953476399183273 0.976723074913025 1 1 1 1 1 1 1 1 1 1 1 0.930320560932159 1 1 0.976904690265656 0.976934969425201 0.976919829845428 0.93050217628479 0.883630484342575 0.813739150762558 0.965251088142395 0.918545871973038 1 1 1 1 1 1 1 1 1 1 1 1 1 1 1 1 1 1 1 1
0.449011703953147 0.443533018231392 0.210355050861835 0.318657865747809 0.190422853454947 0.121848233044147 0.154190754517913 0.0560583602637053 0.108060656115413 0.357704987749457 0.297287901863456 0.277673518285155 0.396419182419777 0.504873313009739 0.537427723407745 0.511986553668976 0.87159851193428 0.970865994691849 0.902851343154907 0.98828586935997 0.953491538763046 1 1 1 1 1 1 1 1 1 1 1 0.883751541376114 1 1 1 0.988467484712601 0.97681388258934 0.790537893772125 0.95368829369545 0.965296477079391 0.860444366931915 0.976783603429794 1 1 1 1 1 1 1 1 1 1 1 1 1 1 1 1 1 1 1 1
0.364137193188071 0.154190754517913 0.154190754517913 0.133562371134758 0.107818504795432 0.100977689027786 0.0656536612659693 0.0374125987291336 0.0984956230968237 0.242410024628043 0.345990857109427 0.443260570988059 0.567621156573296 0.588476546108723 0.444501608610153 0.512047097086906 0.691406607627869 0.619381301105022 0.965099722146988 0.86577171087265 0.883660733699799 1 1 1 1 1 1 1 1 1 1 0.860474616289139 0.860565453767776 1 1 1 1 0.976919829845428 0.976859301328659 1 1 1 1 1 1 1 1 1 1 1 1 1 1 1 1 1 1 1 1 1 1 1 1
0.178860059008002 0.142627960070968 0.154190754517913 0.107818504795432 0.0913975238800049 0.0401216819882393 0.028165390715003 0.0374125987291336 0.0656536612659693 -9999 -9999 0.168371826410294 0.390168592333794 0.460438296198845 0.616520881652832 0.477131709456444 0.658640295267105 0.970865994691849 0.877319365739822 0.86577171087265 0.97663226723671 1 0.97663226723671 1 1 1 1 1 1 1 1 0.965235948562622 1 1 1 1 0.976859271526337 1 1 1 1 1 1 0.976723074913025 1 1 1 1 1 1 1 1 1 1 1 1 1 1 1 1 1 1 1
0.15976027213037 0.152102192863822 0.0752338292077184 0.065532585605979 0.0374125987291336 0.0188425090163946 0.0280897170305252 0.0283167362213135 0.0374125987291336 0.110118953511119 0.133229410275817 0.264067566022277 0.210355050861835 0.178617917001247 0.5724036693573 0.547007888555527 0.82713320851326 0.88313102722168 0.818839490413666 0.86577171087265 0.97663226723671 1 0.98834639787674 1 1 1 1 1 1 1 1 1 1 1 1 1 1 0.94198927283287 0.965069472789764 1 1 1 1 1 1 1 1 1 1 1 1 1 1 1 1 1 1 1 1 1 1 1 1
0.0939552616328001 0.117232194170356 0.0939552616328001 0.0748403314501047 0.0468868259340525 0.0188425090163946 0.0280897170305252 0.028165390715003 0.0751732904464006 -9999 0.154251297935843 0.51540695130825 0.565381236374378 0.599373430013657 0.525864951312542 0.761888176202774 0.768971145153046 0.836486369371414 0.797938674688339 0.968807697296143 0.965099722146988 0.94156551361084 0.98834639787674 1 0.98834639787674 1 1 1 1 1 1 1 0.930290281772614 0.965251088142395 1 0.965190529823303 0.988437205553055 0.976723074913025 0.941883355379105 0.94198927283287 1 1 1 1 1 1 1 1 1 1 1 1 1 1 1 1 1 1 1 1 1 1 1
0.0939552616328001 0.0939552616328001 0.0939552616328001 0.105669399723411 0.065532585605979 0.028165390715003 0.0468111522495747 0.0844810362905264 0.142537152394652 0.322698792442679 0.443260570988059 0.460665306076407 0.633365616202354 0.710279390215874 0.537473134696484 0.702273204922676 0.850455552339554 0.857704997062683 0.830568760633469 0.965099722146988 0.976753324270248 0.86238157749176 0.98834639787674 1 1 1 1 1 1 1 1 1 1 1 0.98834639787674 1 0.988437205553055 0.976723074913025 0.976723074913025 1 0.988437205553055 0.976723074913025 1 0.98828586935997 1 1 1 1 1 1 1 1 1 1 1 1 1 1 1 1 1 1 1
0.0939552616328001 0.0939552616328001 0.0939552616328001 0.0939552616328001 0.0843599606305361 0.028165390715003 0.065714200027287 0.0752338292077184 0.142537152394652 0.334412923082709 0.443260570988059 0.518842509016395 0.575930029153824 0.729197561740875 0.761948734521866 0.780594497919083 0.795093387365341 0.607652023434639 0.841223478317261 0.866377085447311 0.90666526556015 0.976617127656937 0.98834639787674 1 1 1 1 1 1 1 0.941671460866928 1 1 1 0.988391816616058 1 0.988437205553055 1 0.988437205553055 0.964993804693222 1 -9999 1 0.976723074913025 1 1 1 1 1 1 1 1 1 1 1 1 1 1 1 1 1 1 0.941913604736328
0.160804545506835 0.160849949344993 0.113251810893416 0.0939552616328001 0.0939552616328001 0.0560583602637053 0.0752338292077184 0.0939552616328001 0.142537152394652 0.165904900059104 0.468686630949378 0.553773041814566 0.658367902040482 0.729197561740875 0.738717198371887 0.740109577775002 0.790023297071457 0.858189314603806 0.883660733699799 0.720813021063805 0.943911373615265 0.98834639787674 1 0.976723074913025 1 1 1 1 1 1 1 1 1 1 0.94174712896347 0.98828586935997 1 1 1 0.976723074913025 1 1 -9999 1 1 1 1 1 1 1 1 1 1 1 1 1 1 1 1 1 0.976753324270248 1 0.941913604736328
0.257438635453582 0.179934611544013 0.0939552616328001 0.0939552616328001 0.0939552616328001 0.0939552616328001 0.0752338292077184 0.0752338292077184 0.0752338292077184 0.154190754517913 0.526939496397972 0.565381236374378 0.562187857925892 0.719602257013321 0.537473145872355 0.591397523880005 0.621485009789467 0.838998705148697 0.883660733699799 0.906937688589096 1 1 0.930169194936752 0.976798743009567 1 1 1 1 0.941731989383698 0.988270729780197 1 1 1 1 0.98834639787674 0.95362776517868 1 1 0.918500483036041 0.941671460866928 0.941671460866928 1 0.941671460866928 0.941671460866928 0.988437205553055 1 1 1 1 1 1 1 1 1 1 1 1 1 1 1 1 0.976753324270248 0.907028496265411
0.276598950847983 0.267033925279975 0.166252991184592 0.103520294651389 0.0939552616328001 0.0939552616328001 0.0844810362905264 0.124981081113219 -9999 0.334261586889625 0.355707248672843 0.503496065735817 0.497487660497427 0.402336770668626 0.287102336063981 0.350364744663239 0.583270266652107 0.607652023434639 0.682174533605576 0.918561011552811 1 0.976723074913025 0.953431010246277 1 1 1 1 1 0.895284086465836 0.930123805999756 0.895314335823059 1 1 1 0.98834639787674 0.95362776517868 1 1 1 0.941671460866928 0.941671460866928 1 0.976723074913025 -9999 0.98828586935997 1 1 1 1 1 1 1 1 1 1 1 1 1 1 1 1 1 1
0.324741950258613 0.343947699293494 0.18954505585134 0.1513757314533 0.0939552616328001 0.0939552616328001 0.0752338292077184 0.0984350871294737 0.0468111522495747 0.110118959099054 0.121833097189665 0.145276509225368 0.263447053730488 0.353573253378272 0.411810988560319 0.525940619409084 0.565547727048397 0.607652023434639 0.672624632716179 0.739912822842598 0.941671460866928 0.941898465156555 0.94180765748024 1 1 1 1 0.98828586935997 0.94156551361084 0.953234255313873 1 1 0.872128218412399 1 0.91860643029213 0.90690740942955 1 1 1 0.976556599140167 1 0.988270729780197 1 1 -9999 1 1 1 1 1 1 1 0.964978665113449 1 1 1 1 1 1 1 1 1 0.98828586935997
0.402503242716193 0.402503242716193 0.343947699293494 0.18954505585134 0.113282075151801 0.1513757314533 0.0752338292077184 0.0984956286847591 0.0468111522495747 0.0752338292077184 0.133547239005566 0.205829828977585 0.376940991729498 0.411810988560319 0.502482060343027 0.570163764059544 0.60034205019474 0.594152010977268 0.864349067211151 0.883660733699799 0.89519327878952 0.953521817922592 0.895268946886063 1 1 1 1 0.976723074913025 0.929836243391037 0.976556599140167 0.918485343456268 1 1 1 0.93026003241539 1 1 1 1 0.988270729780197 1 1 1 0.98828586935997 1 -9999 1 1 1 1 1 1 0.953431010246277 0.91837939620018 1 1 1 1 1 1 1 1 1
0.514362696558237 0.411810988560319 0.402503242716193 0.353573253378272 0.190634747967124 0.0939552616328001 0.1513757314533 0.133562371134758 0.0775796845555305 0.145276509225368 0.175530463457108 0.462678223848343 0.373505467548966 0.392726326361299 0.523625042289495 0.588794395327568 0.575067348778248 0.594152010977268 0.883660733699799 0.930229753255844 0.976798743009567 0.930138945579529 0.930214613676071 0.94180765748024 1 1 1 1 0.94156551361084 0.988270729780197 1 1 1 1 0.988391816616058 1 1 1 1 0.988270729780197 1 1 1 1 1 -9999 1 1 1 1 1 1 0.91837939620018 0.930108666419983 0.91837939620018 1 1 1 1 1 1 1 1
0.525940619409084 0.481626654043794 0.504888469353318 0.472409715875983 0.334382673725486 0.170278778299689 0.170445254072547 0.121833097189665 0.110118959099054 0.156824164092541 0.117383535951376 0.516420984640718 0.691088780760765 0.525940619409084 0.544798240065575 0.621485009789467 0.955428749322891 0.953370451927185 0.895284086465836 0.918666958808899 1 0.918515592813492 0.9534612596035 0.976738214492798 1 1 1 1 0.941731989383698 1 1 1 1 0.976829022169113 0.930214613676071 1 1 1 1 -9999 1 1 1 1 1 -9999 1 1 1 1 1 1 0.91837939620018 0.91837939620018 0.953370451927185 1 0.923161923885345 1 1 1 1 1 1
0.525759004056454 0.537473134696484 0.502587996423244 0.411810988560319 0.414217403158545 0.257438635453582 0.1513757314533 0.0984956286847591 0.145276509225368 0.0963919274508953 0.128946330398321 0.448860367760062 0.700699210166931 0.729197561740875 0.556512396782637 0.598298877477646 0.965099722146988 0.930048137903214 0.883660733699799 0.918666958808899 1 0.895268946886063 0.976662516593933 0.976556599140167 0.964993804693222 1 1 1 1 0.930123805999756 0.953400731086731 1 1 0.9534612596035 0.965024054050446 1 1 1 1 1 1 1 1 1 1 1 1 1 1 1 1 1 0.930108666419983 0.941656321287155 0.930108666419983 0.953370451927185 0.941822797060013 1 1 1 1 1 1
0.61205618083477 0.546992763876915 0.525940619409084 0.525940619409084 0.402503242716193 0.334836712107062 0.18954505585134 0.0984956286847591 0.332430293783545 0.0939552616328001 0.108030389994383 0.325241407379508 0.537715289741755 0.729197561740875 0.83878681063652 0.940127730369568 0.965099722146988 0.941731989383698 0.895284086465836 0.930214613676071 1 1 1 1 0.976556599140167 1 1 1 0.976723074913025 1 1 1 1 0.90690740942955 0.94174712896347 1 1 1 1 1 1 1 1 1 1 1 -9999 1 1 1 1 0.976692795753479 0.91837939620018 0.930108666419983 0.883660733699799 0.91837939620018 0.930108666419983 1 1 1 1 1 1
0.565638527274132 0.565638527274132 0.556466992944479 0.525940619409084 0.46994280256331 0.382934292778373 0.146366190165281 0.12192390486598 0.18954505585134 0.199216028675437 0.228032207116485 0.117383535951376 0.268592782318592 0.502482060343027 0.738717198371887 0.7018191665411 0.940127730369568 0.967158049345016 0.918394535779953 0.906937688589096 0.988270729780197 1 1 1 0.964842438697815 1 1 0.988437205553055 0.988270729780197 0.988270729780197 1 1 1 0.918636679649353 0.930260002613068 1 1 1 1 1 1 1 1 1 1 1 1 1 1 1 1 0.930108666419983 0.930108666419983 0.906756073236465 0.883660733699799 0.883660733699799 0.929927051067352 0.91837939620018 0.89519327878952 1 1 1 0.965069472789764
0.575067348778248 0.604065142571926 0.565638527274132 0.521521341055632 0.525940619409084 0.201304590329528 0.0868874303996563 0.179934611544013 0.103429488837719 0.285679688677192 0.113282075151801 0.0963162519037724 0.19205738324672 0.289069825783372 0.525759004056454 0.544798240065575 0.588794395327568 0.575067348778248 0.897191017866135 0.850531220436096 1 0.988391816616058 1 1 0.964842438697815 1 1 1 1 0.953294783830643 1 1 1 0.965114861726761 0.918636679649353 1 1 1 1 0.976723074913025 0.976662516593933 1 1 1 1 1 1 1 1 1 1 0.930108666419983 0.98834639787674 0.883660733699799 0.883660733699799 0.883660733699799 0.883660733699799 0.930108666419983 0.965084612369537 0.98828586935997 1 1 1
0.682250201702118 0.786254793405533 0.565638527274132 0.507204040884972 0.509867738932371 0.201304590329528 0.154781010001898 0.18954505585134 0.103429488837719 0.18954505585134 0.179934611544013 0.247132008895278 0.113478829152882 0.44655990973115 0.537473145872355 0.565638527274132 0.635333105921745 0.834957778453827 0.918394535779953 0.883660733699799 1 1 0.976662516593933 0.96493324637413 0.976556599140167 1 1 1 1 0.941731989383698 1 1 1 1 0.94180765748024 1 1 1 1 1 1 1 1 1 1 1 1 1 1 1 0.91837939620018 0.91837939620018 0.883660733699799 0.883660733699799 0.873823285102844 0.883660733699799 0.907013356685638 0.930108666419983 0.941898465156555 0.98828586935997 1 1 1
0.682295605540276 0.838060349225998 0.795729041099548 0.575067348778248 0.396358624100685 0.27588764578104 0.0940157966688275 0.193389227613807 0.199110081419349 0.387277891859412 0.396706720814109 0.353573253378272 0.210809087380767 0.458107564598322 0.546901967376471 0.588794395327568 0.575067348778248 0.767064213752747 0.864349067211151 0.895284086465836 1 0.965069472789764 0.930184334516525 0.95327964425087 0.976556599140167 0.95327964425087 1 1 1 0.941731989383698 1 1 1 0.988437205553055 0.988437205553055 1 1 1 1 1 0.988270729780197 1 1 1 1 1 1 1 1 1 0.91837939620018 0.953309923410416 0.876214534044266 0.78017070889473 0.876078337430954 0.876078337430954 0.862563192844391 1 0.906756073236465 0.98828586935997 1 1 1
0.894254922866821 0.965069472789764 0.873823285102844 0.80508217215538 0.575067348778248 0.329796891659498 0.210612336173654 0.325498690828681 0.382934292778373 0.41412659548223 0.353573253378272 0.460695585235953 0.51643612422049 0.525940619409084 0.51200170814991 0.577261872589588 0.6902866512537 0.834957778453827 0.895284086465836 0.930214613676071 1 1 0.953476399183273 1 0.98834639787674 0.930048137903214 1 1 1 0.976556599140167 1 0.941837936639786 1 1 1 1 1 1 0.988270729780197 1 0.988270729780197 1 1 1 1 1 1 1 1 0.91837939620018 0.96491813659668 0.871931463479996 0.722962126135826 0.68433877825737 0.729893758893013 0.758392095565796 0.763401627540588 0.791884869337082 0.990404695272446 0.883660733699799 0.98828586935997 1 1
0.927006095647812 0.953415870666504 0.883660733699799 0.895223528146744 0.575067348778248 0.367769464850426 0.27588764578104 0.402503242716193 0.402503242716193 0.402503242716193 0.402503242716193 0.460695585235953 0.537715289741755 0.516617739573121 0.525940619409084 0.588794395327568 0.598298877477646 0.834957778453827 0.918394535779953 0.98828586935997 1 1 0.953476399183273 0.895268946886063 0.883660733699799 0.953370451927185 1 1 1 1 1 0.941837936639786 1 0.930002719163895 1 1 1 1 0.988270729780197 0.965099722146988 0.976707935333252 1 1 1 1 1 1 1 0.98834639787674 0.883660733699799 0.883660733699799 0.722962126135826 0.674501314759254 0.649060145020485 -9999 0.731104522943497 0.851439297199249 0.791884869337082 0.971320033073425 0.930244863033295 0.965084612369537 1 1
0.883660733699799 0.953431010246277 0.953476399183273 0.895314365625381 0.845400601625443 0.386854127049446 0.358552530407906 0.52815025486052 0.479447279125452 0.411810988560319 0.516617739573121 0.481566125527024 0.614129610359669 0.547098707407713 0.525940619409084 0.546901967376471 0.577080234885216 0.584420494735241 0.594152010977268 0.930169194936752 1 1 0.930365949869156 0.895268946886063 0.883660733699799 0.95327964425087 1 1 1 0.918591290712357 1 0.941671460866928 1 0.895102441310883 0.988437205553055 1 1 1 1 1 0.976707935333252 1 1 1 1 1 1 0.953521817922592 0.930365949869156 0.883660733699799 0.824045777320862 0.645518660545349 0.664421707391739 0.6746526658535 -9999 0.756575971841812 0.866467893123627 0.953521817922592 1 0.98834639787674 0.976738214492798 0.98828586935997 1
