data-raw/DATASET_PNE_1/DATASET_PNE/a_DATA/PFGS/ENVSUIT_A1B/HS_f0_C5_CallVulg.asc
NCOLS 619 
NROWS 782 
XLLCORNER 876826 
YLLCORNER 1947424 
CELLSIZE 100 
NODATA_value -9999 
[rows 96 to 127 of 782, columns 71 to 141 of 619]
-9999 -9999 -9999 -9999 -9999 0 0 0 0 0 0 0.019482421875 0.019482421875 0 0 0 0.538720703125 0 0.535888671875 0.02001953125 0.039404296875 0.532177734375 0.568017578125 0.356689453125 0.942919921875 1 0.714208984375 1 1 1 0.942626953125 0.88583984375 0.714208984375 0.714208984375 0.714208984375 0.714208984375 0.9142578125 0.85751953125 0.88662109375 0.85751953125 0.800390625 0.742822265625 0.800439453125 0.771533203125 1 1 0.21826171875 0 0 0 0 0 0 0 0 0 0 0 0 0 0 1 -9999 -9999 -9999 -9999 -9999 -9999 -9999 -9999 -9999
-9999 -9999 -9999 -9999 0.344580078125 0 0.344580078125 0 0 0 0 0 0 0 0 0 0.17646484375 0.535888671875 0.535888671875 0.589306640625 0.60751953125 0 0.410107421875 0.356689453125 0.926123046875 1 1 1 1 0.856640625 0.742578125 0.724755859375 0.724755859375 0.714208984375 0.714208984375 0.714208984375 0.714208984375 0.714208984375 0.8279296875 0.838623046875 0.77177734375 0.742822265625 0.742822265625 0.714208984375 1 1 0.61640625 0 0 0 0 0 0 0 0 0 0 0 0 0 0 0 1 1 1 -9999 -9999 -9999 -9999 -9999 -9999
-9999 0 0 0 0 0 0.285791015625 0 0 0 0 0 0 0 0 0 0 0 0.60751953125 0.60751953125 0.64248046875 0.56103515625 0.44638671875 0.356689453125 0.971533203125 1 1 1 1 0.714208984375 0.69638671875 0.69638671875 0.714208984375 0.714208984375 0.771533203125 0.714208984375 0.714208984375 0.714208984375 0.714208984375 0.91337890625 0.771533203125 0.82900390625 0.742822265625 0.771533203125 1 1 1 0 0 0 0 0 0 0 0 0 0 0 0 0 0 0 0 0.035693359375 1 1 1 -9999 -9999 -9999 -9999
0 0 0 0 0 0.276416015625 0.25693359375 0 0 0 0 0 0 0 0 0 0 0.498388671875 0.589306640625 0.60751953125 0.64248046875 0.8857421875 0.40205078125 0.69931640625 1 1 1 1 1 0.714208984375 0.714208984375 0.714208984375 0.714208984375 0.714208984375 0.714208984375 0.714208984375 0.714208984375 0.714208984375 0.714208984375 0.9421875 0.885986328125 0.85771484375 0.742822265625 1 1 1 1 0.018212890625 0 0 0 0 0 0 0 0 0 0 0 0 0 0 0 0 0 0.035693359375 0.916162109375 1 1 -9999 -9999
0 0 0 0 0.481640625 0.442333984375 0 0 0 0 0 0.25693359375 0.31572265625 0 0 0.22783203125 0 0.51650390625 0.57216796875 0.60751953125 0.75166015625 0.914453125 0.971533203125 0.971533203125 1 1 1 1 1 1 0.714208984375 0.69638671875 0.714208984375 0.714208984375 0.714208984375 0.771044921875 0.714208984375 0.714208984375 0.714208984375 0.714208984375 0.856640625 0.971728515625 0.771533203125 1 1 1 1 1 0 0 0 0 0 0 0 0 0 0 0 0 0 0 0 0 0 0 0.417724609375 0.598779296875 0.687841796875 1 1
0 0 0 0 0 0.462255859375 0.285791015625 0 0 0 0 0 0 0.25693359375 0 0.22783203125 0 0.535888671875 0.625244140625 0.60751953125 0.761962890625 0.90400390625 0.914453125 1 0.795263671875 1 1 1 1 0.397509765625 0.491650390625 0.678173828125 0.69638671875 0.714208984375 0.714208984375 0.714208984375 0.7712890625 0.714208984375 0.714208984375 0.714208984375 0.714208984375 0.943359375 1 1 1 1 1 1 0 0 0 0 0 0 0 0 0 0 0 0 0 0 0 0 0 0 0 0.422021484375 0.353857421875 0.68798828125 1
0 0 0 0 0 0.366943359375 0 0 0 0 0 0 0 0 0 0.22783203125 0 0.36416015625 0.589306640625 0.966552734375 0.942822265625 0.942822265625 1 1 0.795263671875 1 0.359326171875 1 0.9708984375 0.67841796875 0.286376953125 0.368798828125 0.213818359375 0.197265625 0.368798828125 0.33994140625 0.368798828125 0.714208984375 0.714208984375 0.714208984375 0.714208984375 0.742578125 1 1 1 1 1 1 0.635791015625 0 0 0 0 0 0 0 0 0 0 0 0 0 0 0 0 0 0 0 0.40419921875 0.60947265625 0.830224609375
0 0 0 0.2955078125 0 0.338232421875 0 0 0 0 0 0 0 0 0 0.305810546875 0 0.315576171875 0.51650390625 0.406787109375 0.84765625 0.914453125 1 1 1 1 1 1 1 0.425537109375 0.714208984375 0.33994140625 0.69638671875 0.5044921875 0.69638671875 0.714208984375 0.714208984375 0.714208984375 0.53994140625 0.53994140625 0.7712890625 0.743310546875 0.971533203125 1 1 1 1 1 1 0.659375 0 0 0 0 0 0 0 0 0 0 0 0 0 0 0 0 0 0 0 0.052734375 0.53583984375
0.227783203125 0 0 0.123193359375 0.3146484375 0.46171875 0 0 0 0 0 0.276708984375 0 0 0 0.276708984375 0 0.422705078125 0.445947265625 0.331884765625 0.835986328125 0.942822265625 1 1 1 1 0.359326171875 1 0.630712890625 0.51005859375 0.33994140625 0.3578125 0.53994140625 0.393798828125 0.724755859375 0.714208984375 0.714208984375 0.714208984375 0.714208984375 0.53994140625 0.33994140625 0.714208984375 0.88583984375 1 1 1 1 1 1 1 0.145068359375 0 0 0 0 0 0 0 0 0 0 0 0 0 0 0 0 0 0 0 0.035693359375
0 0 0 0.35380859375 0.277099609375 0.44140625 0 0 0 0 0 0.256689453125 0 0 0.285791015625 0.32529296875 0.393310546875 0.3638671875 0.43564453125 0.49287109375 0.78603515625 1 1 1 1 1 1 1 0.714208984375 0.714208984375 0.33994140625 0.466259765625 0.484375 0.33994140625 0.41201171875 0.742578125 0.714208984375 0.714208984375 0.74267578125 0.714208984375 0.714208984375 0.743310546875 0.742578125 1 1 1 1 1 1 1 1 0 0 0 0 0 0 0 0 0 0 0 0 0 0 0 0 0 0 0 0
0.20009765625 0.0576171875 0 0.267919921875 0.421826171875 0.46171875 0 0 0 0 0 0 0 0 0.32529296875 0.393310546875 0.29921875 0.39296875 0.631591796875 0.5962890625 1 1 1 1 1 1 0.714208984375 0.77177734375 0.714208984375 0.714208984375 0.714208984375 0.33994140625 0.33994140625 0.33994140625 0.33994140625 0.838818359375 0.94228515625 0.97138671875 0.942529296875 0.94228515625 0.714208984375 0.971533203125 0.88505859375 1 1 1 1 1 1 1 1 0.839013671875 0 0 0 0 0 0 0 0 0 0 0 0 0 0 0 0 0 0 0
0.46171875 0.20009765625 0.142724609375 0.4421875 0 0 0.26640625 0 0 0 0 0 0 0 0.31884765625 0.31884765625 0 0.535888671875 0.8025390625 0.814501953125 1 1 1 1 1 1 1 0.714208984375 0.714208984375 0.714208984375 0.714208984375 0.33994140625 0.41201171875 0.33994140625 0.33994140625 0.72509765625 0.88662109375 0.771533203125 0.82861328125 0.771826171875 0.885986328125 1 1 1 1 0.971630859375 1 1 1 1 1 1 0.6103515625 0 0 0 0 0 0 0 0 0 0 0 0 0 0 0 0 0 0
0.46171875 0.20009765625 0.20009765625 0.171826171875 0.392724609375 0.481640625 0 0 0 0 0 0 0 0 0.585302734375 0.288134765625 0 0.56083984375 0.831005859375 1 1 1 1 1 1 1 0.742822265625 0.714208984375 0.714208984375 0.33994140625 0.33994140625 0.33994140625 0.714208984375 0.714208984375 0.430126953125 0.69638671875 0.771533203125 0.78193359375 0.67685546875 0.77177734375 0.714208984375 1 1 1 1 1 1 1 1 1 1 1 1 0.018212890625 0 0 0 0 0 0 0 0 0 0 0 0 0 0 0 0 0
0.383251953125 0.422314453125 0.20009765625 0.42265625 0.4421875 0.423828125 0 0 0 0 0 0 0.32529296875 0 0.864453125 0.314794921875 0.03603515625 0.659130859375 0.831005859375 1 1 1 1 1 1 1 0.714208984375 0.714208984375 0.33994140625 0.33994140625 0.33994140625 0.714208984375 0.714208984375 0.466162109375 0.33994140625 0.4875 0.771826171875 0.85771484375 0.714208984375 0.48916015625 0.69638671875 1 1 1 1 1 1 1 1 1 1 1 1 0.035693359375 0 0 0 0.018212890625 0.355419921875 0.512158203125 0.544775390625 0 0 0 0 0 0 0 0 0 0
0.306103515625 0.383251953125 0.20009765625 0.256884765625 0.46171875 0.481640625 0.392724609375 0 0 0 0 0 0 0.434912109375 0.34423828125 0.400537109375 0 0.659130859375 1 0.932470703125 0.64248046875 1 1 1 1 1 0.714208984375 0.714208984375 0.714208984375 0.714208984375 0.714208984375 0.714208984375 0.33994140625 0.33994140625 0.598681640625 0.9712890625 0.885546875 0.94267578125 0.800244140625 0.714208984375 0.714208984375 -9999 1 1 1 1 1 1 1 0.5283203125 0 0.087109375 0 0 0 0.42353515625 1 1 1 1 1 0 0 0 0 0 0 0 0 0 0
0.306103515625 0.306103515625 0.17119140625 -9999 0.46171875 0.34677734375 0.318994140625 0 0.14248046875 0 0 0 0 0.3560546875 0.711279296875 0.3052734375 0.274853515625 0.274853515625 0.64248046875 0.589306640625 0.589306640625 0.726220703125 1 1 1 0.828076171875 0.742822265625 0.714208984375 0.714208984375 0.6794921875 0.714208984375 0.430126953125 0.33994140625 0.53994140625 0.714208984375 0.74267578125 0.714208984375 0.9421875 0.82890625 0.771533203125 0.800390625 1 -9999 -9999 1 1 1 1 0.035693359375 0 0.087109375 0.48330078125 0.810107421875 0.48330078125 1 1 1 1 1 1 1 0 0 0 0 0 0 0 0 0 0
0.325634765625 0.46171875 0.20009765625 0.256884765625 0.3751953125 0.290283203125 0.15380859375 0.0287109375 0.143115234375 0 0 0 0 0.2125 0.813427734375 0.676904296875 0.484375 0.64248046875 0.589306640625 0.589306640625 0 0.743017578125 0.5529296875 0.678173828125 0.714208984375 0.714208984375 0.714208984375 0.714208984375 0.714208984375 0.714208984375 0.714208984375 0.33994140625 0.724755859375 0.69638671875 0.714208984375 0.714208984375 0.74306640625 0.714208984375 0.913330078125 0.82880859375 0.85771484375 1 -9999 -9999 -9999 1 1 0.500537109375 0 1 1 1 1 1 1 1 1 1 1 1 1 0 0 0 0 0 0 0 0 0 0
0.306103515625 0.46171875 0.285791015625 -9999 0.228564453125 0.15380859375 0.15380859375 0.481640625 0.143115234375 0.5177734375 0 0.392724609375 0 0.38349609375 0.762548828125 0.64248046875 0.318017578125 0.033203125 0.589306640625 0.589306640625 0.05009765625 0.2544921875 0.5529296875 0.706884765625 1 0.714208984375 0.714208984375 0.69638671875 0.714208984375 0.714208984375 0.714208984375 0.393798828125 0.75361328125 0.714208984375 0.714208984375 0.742578125 0.714208984375 0.714208984375 0.91328125 0.914013671875 1 1 1 1 1 1 1 0 0.78173828125 1 1 1 1 1 1 1 1 1 1 1 1 0 0 0 0 0 0 0 0 0 0
0.306103515625 0.46171875 0.257421875 0.25732421875 0.46171875 0.25732421875 0.46171875 0.14248046875 0.228955078125 0.5177734375 0.5177734375 0.413037109375 0.0291015625 0.467822265625 0.467822265625 0.625244140625 0.0291015625 0.05771484375 0.589306640625 0.589306640625 0.56044921875 0.56572265625 0.503173828125 0.706884765625 0.714208984375 0.714208984375 0.714208984375 0.714208984375 0.714208984375 0.714208984375 0.696630859375 0.75361328125 0.69638671875 0.714208984375 0.714208984375 0.502685546875 0.724755859375 0.69638671875 0.579736328125 0.97138671875 1 1 1 1 1 1 0.500537109375 0.76201171875 1 1 1 1 1 1 1 1 0.886328125 1 1 1 1 0 0 0 0 0 0 0 0 0 0
0.38388671875 0.46171875 0.285791015625 0.44169921875 0.306103515625 0.200634765625 0.46171875 0.056494140625 0.200244140625 0.056494140625 0.5177734375 0 0.17138671875 0.467822265625 0.087890625 0.625244140625 0 0.4716796875 0.43134765625 0.4857421875 0.514208984375 0.4296875 0.66240234375 0.62451171875 0.714208984375 0.714208984375 0.714208984375 0.714208984375 0.714208984375 0.33994140625 0.33994140625 0.5044921875 0.69638671875 0.714208984375 0.33994140625 0.714208984375 0.74306640625 0.69638671875 0.89658203125 0.94267578125 1 1 1 1 1 1 0.39384765625 1 1 1 1 0.971142578125 1 1 0.943115234375 0.742822265625 0.8857421875 1 1 1 1 0 0 0 0 0 0 0 0 0 0
0.38388671875 0.422314453125 0.46171875 0.46171875 0.285791015625 0.200634765625 0.46171875 0.085498046875 0.257421875 0.056884765625 0.554052734375 0.14248046875 0.027783203125 0.366796875 0.0291015625 0.016650390625 0.589306640625 0.453857421875 0.224560546875 0.318115234375 0.4779296875 0.52060546875 0.74267578125 0.62451171875 0.714208984375 0.678173828125 0.714208984375 0.714208984375 0.33994140625 0.33994140625 0.33994140625 0.430322265625 0.714208984375 0.480078125 0.69638671875 0.714208984375 0.714208984375 0.69638671875 0.809716796875 0.971533203125 1 1 1 1 1 1 0.448291015625 1 1 0.971142578125 0.85654296875 1 1 0.88515625 1 0.771923828125 1 1 1 1 1 0.087109375 0 0 0 0 0 0 0 0 0
0.38388671875 0.422314453125 0.44169921875 0.422314453125 0.40283203125 0.285791015625 0.481640625 0.085498046875 0.285791015625 0.14306640625 0.554052734375 0 0.35029296875 0.417041015625 0.045751953125 0 0.589306640625 0.4716796875 0.224560546875 0.27109375 0.393408203125 0.549072265625 0.76591796875 0.593359375 0.9423828125 0.742822265625 0.714208984375 0.678173828125 0.430322265625 0.33994140625 0.387939453125 0.714208984375 0.714208984375 0.33994140625 0.714208984375 0.714208984375 0.771533203125 0.724755859375 0.943603515625 1 1 1 1 1 1 0.500537109375 0.8671875 1 1 1 0.828076171875 1 1 0.714208984375 0.884912109375 0.771923828125 1 1 1 1 1 0.48330078125 0 0 0 0 0 0 0 0 0
0.403369140625 0.364306640625 0.306103515625 0.325634765625 0.422314453125 0.442431640625 0.481640625 0.171337890625 0.285791015625 0.257421875 0.085498046875 0.085498046875 0.467822265625 0.467822265625 0.0623046875 0.531494140625 0.499462890625 0.452392578125 0.224560546875 0.224560546875 0.421875 0.40107421875 0.560205078125 1 1 0.82744140625 0.714208984375 0.33994140625 0.33994140625 0.33994140625 0.69638671875 0.69638671875 0.678173828125 0.33994140625 0.714208984375 0.714208984375 0.714208984375 0.74267578125 0.9146484375 1 1 1 1 1 1 0.377197265625 1 1 1 0.7998046875 0.828173828125 1 1 0.679833984375 0.827783203125 0.77109375 1 1 1 1 1 0.48330078125 0.451806640625 0 0 0 0 0 0 0 0
0.305322265625 0.285791015625 0.285791015625 0.38388671875 0.442431640625 0.413330078125 0.481640625 0.05771484375 0.257421875 0.257421875 0.228515625 0.14306640625 0.88193359375 0.5779296875 0.496728515625 0.54306640625 0.499462890625 0.499462890625 0.499462890625 0.2423828125 0.364794921875 0.4857421875 0.474658203125 1 0.714208984375 0.82744140625 0.85673828125 0.714208984375 0.714208984375 0.771533203125 0.714208984375 0.714208984375 0.714208984375 0.724755859375 0.714208984375 0.724755859375 0.75361328125 0.714208984375 1 1 1 1 1 1 1 0.22314453125 1 1 1 0.7998046875 1 1 0.9712890625 0.66201171875 1 0.972216796875 1 1 1 1 1 0.500537109375 0.412255859375 0.1046875 0 0 0 0 0 0 0
0.364306640625 0.285791015625 0.364306640625 0.413330078125 0.433251953125 0.3962890625 0.481640625 0.0291015625 0.114208984375 0.17119140625 0.17119140625 0.056884765625 1 0.53173828125 0.449658203125 0.589306640625 0.589306640625 0.499462890625 0.470849609375 0.554296875 0.589306640625 1 1 0.714208984375 0.770458984375 0.85673828125 0.714208984375 0.714208984375 0.771533203125 0.74267578125 0.714208984375 0.714208984375 0.714208984375 0.714208984375 0.714208984375 0.714208984375 0.75322265625 0.81083984375 1 1 1 1 1 1 0.500537109375 0.914404296875 1 1 1 0.800634765625 1 1 0.85634765625 0.690283203125 0.942529296875 1 1 1 1 1 1 0.48330078125 0.42998046875 0.480712890625 0 0 0 0 0 0 0
0.404150390625 0.403369140625 0.356591796875 0.085498046875 0.171337890625 0.281884765625 0.481640625 0.114208984375 0 0.0291015625 0 0 1 0.589306640625 0.60654296875 0.589306640625 0.589306640625 0.553857421875 0.589306640625 0.41689453125 1 1 0.69638671875 0.714208984375 0.7419921875 0.714208984375 0.714208984375 0.714208984375 0.714208984375 0.714208984375 0.771435546875 0.714208984375 0.714208984375 0.714208984375 0.714208984375 0.742578125 0.742578125 0.94267578125 1 1 1 1 1 1 0.274560546875 1 1 1 0.914306640625 1 1 0.9712890625 0.914111328125 0.82783203125 1 1 1 1 1 1 1 0.520556640625 0.48330078125 0.39384765625 0.1046875 0 0 0 0 0 0
0.21396484375 0.156640625 0.224560546875 0 0.481640625 0.481640625 0.14306640625 0.114208984375 0 0.06689453125 0.114208984375 0.33994140625 0.5529296875 0.675732421875 0.368798828125 0.982421875 0.84619140625 0.9486328125 0.368798828125 0.886279296875 0.714208984375 0.714208984375 0.714208984375 0.714208984375 0.714208984375 0.714208984375 0.714208984375 0.74267578125 0.74267578125 0.742822265625 0.82890625 0.91396484375 1 0.9712890625 1 0.7712890625 0.85791015625 0.885498046875 1 1 1 1 1 1 0.48330078125 1 1 1 0.914501953125 1 0.9712890625 0.9712890625 0.743310546875 0.9712890625 1 0.972216796875 1 1 1 1 1 0.982177734375 0.500537109375 0.42998046875 0.39384765625 0 0 0 0 0 0
0.1853515625 0.156640625 0.224560546875 0.462353515625 0.481640625 0.481640625 0.114208984375 0.17177734375 0.5529296875 0.72470703125 0.699560546875 0.624169921875 0.624169921875 1 0.33994140625 0.930810546875 1 1 0.714208984375 0.714208984375 0.714208984375 0.714208984375 0.714208984375 0.714208984375 0.8 0.8005859375 0.771044921875 0.886181640625 0.857470703125 0.857470703125 0.857470703125 0.9140625 1 1 1 0.88662109375 0.85771484375 0.742822265625 1 1 1 1 1 1 1 1 1 0.971630859375 1 1 1 0.942578125 0.714208984375 1 1 1 1 1 1 1 1 0.753955078125 0.500537109375 0.48330078125 0.412255859375 0.29140625 0 0 0 0 0
0.156640625 0.114208984375 0.462353515625 0.481640625 0.14306640625 0.114208984375 0.066748046875 0.359326171875 -9999 0.5529296875 0.678173828125 0.678173828125 0.6064453125 0.714208984375 0.714208984375 0.644189453125 0.913623046875 0.714208984375 0.714208984375 0.714208984375 0.714208984375 0.69638671875 0.714208984375 0.714208984375 0.714208984375 0.743310546875 0.942529296875 0.7712890625 0.86923828125 0.794140625 0.742822265625 0.771923828125 0.914453125 1 0.82900390625 0.82900390625 0.742822265625 0.714208984375 1 1 0.972216796875 1 1 0.6373046875 1 1 1 0.9427734375 1 1 0.9712890625 0.770361328125 0.69697265625 0.828564453125 1 1 1 1 1 1 1 0.782568359375 0.500537109375 0.48330078125 0.466162109375 0.2064453125 0.018212890625 0 0 0 0
0.25302734375 0.442431640625 0.114208984375 0.481640625 0.462353515625 0 -9999 -9999 -9999 0.37646484375 0.69638671875 0.69638671875 0.714208984375 0.714208984375 0.696630859375 0.33994140625 0.714208984375 0.714208984375 0.714208984375 0.714208984375 0.714208984375 0.714208984375 0.714208984375 0.714208984375 0.714208984375 0.714208984375 0.89658203125 0.753466796875 0.800390625 0.742822265625 0.714208984375 0.79970703125 0.714208984375 0.971630859375 1 0.77119140625 0.77119140625 0.77119140625 1 0.972216796875 1 1 1 1 1 1 1 1 1 1 0.799462890625 0.714208984375 0.679833984375 0.7419921875 0.9712890625 1 1 1 1 1 1 1 0.782568359375 0.48330078125 0.48330078125 0.2400390625 0.035693359375 0 0 0 0
0.481640625 0.462353515625 0.462353515625 0.481640625 0 0.266015625 -9999 -9999 -9999 -9999 0.6240234375 0.714208984375 0.423046875 0.714208984375 0.591357421875 0.33994140625 0.714208984375 0.69638671875 0.714208984375 0.714208984375 0.714208984375 0.714208984375 0.714208984375 0.714208984375 0.714208984375 0.851708984375 0.705712890625 0.7712890625 0.8291015625 0.742822265625 0.6970703125 0.714208984375 0.714208984375 0.714208984375 0.771923828125 0.742822265625 0.79990234375 1 1 0.972216796875 0.972216796875 1 0.867529296875 1 1 1 1 1 0.9712890625 0.914111328125 0.714208984375 0.714208984375 0.714208984375 0.714208984375 0.827734375 1 1 1 1 1 1 1 1 0.685546875 0.42998046875 0.18916015625 0.035693359375 0.018212890625 0 0 0
0.11435546875 0.383544921875 0 0.462353515625 0.1712890625 0.33994140625 -9999 -9999 -9999 0.33994140625 0.25419921875 0.33994140625 0.608203125 0.33994140625 0.33994140625 0.696630859375 0.430322265625 0.714208984375 0.800146484375 0.714208984375 0.714208984375 -9999 0.74267578125 0.828759765625 0.80048828125 0.476416015625 0.527099609375 0.800390625 0.742822265625 0.742822265625 0.714208984375 0.714208984375 0.743310546875 0.800390625 0.742578125 0.714208984375 0.640087890625 0.542919921875 0.972216796875 0.972216796875 0.972216796875 1 0.9439453125 1 1 1 1 0.9712890625 0.9712890625 0.742822265625 0.714208984375 0.714208984375 0.714208984375 0.714208984375 0.743310546875 1 1 1 1 1 1 1 1 1 0.42998046875 -9999 0.070361328125 0.035693359375 0.018212890625 0 0
