data-raw/DATASET_PNE_1/DATASET_PNE/a_DATA/PFGS/ENVSUIT_A1B/HS_f30_H4_undergrowth.asc
NCOLS 619 
NROWS 782 
XLLCORNER 876826 
YLLCORNER 1947424 
CELLSIZE 100 
NODATA_value -9999 
[rows 260 to 285 of 782, columns 236 to 294 of 619]
0 0 0 0 -9999 -9999 -9999 0 0 -9999 -9999 -9999 0 -9999 0 -9999 -9999 0 0 0.0498459621309149 0 0 0.0989996192322337 0.197964623212988 0.270345114057254 0.292221952992488 0.421856069784347 0.631901415763786 0.656582090068884 0.816954550174807 0.720551074803558 0.841635224479906 0.919831077572779 0.332894873481256 0.215999169233965 0.237391394648482 0.656582090068884 0.731351033265257 0.799993076949704 0.781612378413929 0.861504378829312 0.894908096507321 0.925854131330264 0.901346533282564 1 1 1 1 0.962061684378137 0.975630862958219 0.950777112395721 1 0.962061684378137 0.906538821004535 0.869465886669667 0.650870573574717 0.944407906123438 0.881996607705355 0.568901658070546
0 0 0 0 -9999 -9999 0 0 -9999 -9999 -9999 -9999 0 -9999 -9999 -9999 0 0 0.0746304821904531 0.0247152895565786 0 0 0 0.222645297518086 0.215895323479525 0.3845754439406 0.402886911973416 0.607013049949808 0.781023919138773 0.799993076949704 0.919831077572779 0.819550694035792 0.819550694035792 0.252206722281837 0.147876354321714 0.447090588113123 0.508463428986812 0.631901415763786 0.731351033265257 0.706981896223476 0.781023919138773 0.819550694035792 0.894908096507321 0.950223268372045 1 0.962061684378137 1 1 0.962061684378137 1 0.777320087230434 1 1 0.962061684378137 0.962061684378137 0.849423656062861 0.397348471736647 0.487071203572294 0.297691162726297
0 0 0 0 -9999 0 -9999 -9999 -9999 -9999 -9999 0 0 0 -9999 0 0 0 0 0.0248537505624978 0 0 0 0.197895392710028 0.214060715151096 0.292221952992488 0.372217799162311 0.719201079995846 0.750320191076188 0.799993076949704 0.819550694035792 0.775312402644605 0.601197687701201 0.222679912769566 0.104122676451244 0.079372771643186 0.226037592163107 0.194883865831285 0.533317179549309 0.675239710616498 0.724912596490013 0.799993076949704 0.819550694035792 0.819550694035792 0.894908096507321 1 0.962061684378137 0.950604036138323 1 0.851673647409048 0.950638651389802 1 1 0.962061684378137 0.950223268372045 0.819550694035792 0.359479386617744 0.222679912769566 0.19761847069819
0 0 0 0 -9999 -9999 0 -9999 -9999 -9999 0 0 0 0 0 0 0 0 0 0 0 0 0.0248537505624978 0.209214579943923 0.298660389767732 0.329087195818478 0.582505451902108 0.725639516771089 0.724912596490013 0.743604832289107 0.819550694035792 0.775312402644605 0.252206722281837 0.0986880819689155 0.0496036553705563 0.0742843296756551 0.134930250268268 0.0496036553705563 0.188272352798643 0.56994011561494 0.631901415763786 0.756031707570356 0.750320191076188 0.775312402644605 0.794627712970335 0.861504378829312 0.943611755339403 1 1 0.975284710443421 0.950638651389802 1 1 0.962061684378137 0.861504378829312 0.591228495275018 0.676035861400533 0.228737581778532 0.0986188514659559
0 0 0 0 0 -9999 -9999 -9999 -9999 -9999 0 0 0 0 0 0 0 0 0 0 0 0 0.141991761570148 0.268822042992142 0.255737477932777 0.347364048599813 0.650870573574717 0.656582090068884 0.614039946000208 0.819550694035792 0.318910311883416 0.700231922184915 0.191110803419987 0.0248537505624978 0.0248537505624978 0.0248537505624978 0.0989650039807539 0.0248537505624978 0.0677420471459725 0.354079407386895 0.483748139430233 0.58209006888435 0.669251272110492 0.712381875454325 0.726089515040327 0.781612378413929 0.943611755339403 0.962061684378137 1 1 0.956661705147288 1 1 0.962061684378137 0.841635224479906 0.55412094568867 0.712381875454325 0.477552009415348 0.142268683581986
0 0 0 0 0 0 0 0 0 0 0 0 0 0 0 0 0 0 0 0 0 0 0.148707120357229 0.207033819100696 0.347364048599813 0.582263145141749 0.570874727404895 0.626189899269618 0.819550694035792 0.310948804043061 0.256672089722732 0.490809650732113 0.128457198241545 0.0496036553705563 0 0 0.0989303887292741 0.148707120357229 0.0248537505624978 0.237599086157361 0.458894388867735 0.496313475717401 0.582747758662467 0.650559036311399 0.731351033265257 0.800581536224861 0.861504378829312 0.962061684378137 1 1 1 0.950119422617605 1 0.981030842189069 0.628266814358406 0.609955346325591 0.548409429194503 0.557340164076292 0.148360967842431
0.0189691578109315 0 0 0 0 0 0 0 0 0 0 0 0 0 0 0 0 0 0 0 0 0 0.0248537505624978 0.0545190210806882 0.304371906261899 0.675239710616498 0.743604832289107 0.769947038665236 0.776385475440479 0.0190037730624113 0.30063345910208 0.477828931427187 0.0248537505624978 0.0248537505624978 0.0248537505624978 0 0 0.0994150022499913 0.0248537505624978 0.0921804146907127 0.244314444944443 0.137145626362976 0.496832704489598 0.6817473778947 0.601197687701201 0.743604832289107 0.861504378829312 1 1 0.815362248606736 1 0.802173837792932 1 1 0.665512824950673 0.732077953546333 0.628474505867285 0.650559036311399 0.226037592163107
0 0 0 0 0 0 0 0 0 0 0 0 0 0 0 0 0.024992211568417 0 0 0 0 0.0248537505624978 0.0429921423379141 0.079372771643186 0.557582470836651 0.799993076949704 0.879573540101769 0.795181556994012 0.3845754439406 0.0555228633736024 0.577555470940497 0.471840492921181 0.0248537505624978 0.0741112534182561 0.0247499048080584 0 0 0 0.0496036553705563 0.197756931704109 0.128041815223788 0.477863546678667 0.459171310879574 0.521547994046177 0.582920834919866 0.700231922184915 0.781612378413929 1 1 0.717470317421856 1 0.629686039669078 1 0.975284710443421 0.899442694451175 0.750389421579148 0.732077953546333 0.381217764547059 0.465436671397418
0 0 0 0 0 0 0 0 0 0 0 0 0 0 0 0.024992211568417 0 0 0 0 0 0.0496036553705563 0.145280210460729 0.201149226349129 0.656582090068884 0.799993076949704 0.819550694035792 0.682647374433175 0.0190037730624113 0.201183841600609 0.651182110838035 0.323687216587629 0.0496036553705563 0.0496036553705563 0 0 0 0 0 0.0993457717470317 0.0181383917754162 0.404236906781128 0.385267748970196 0.521547994046177 0.687978123161065 0.737062549759424 0.819550694035792 0.919831077572779 0.962061684378137 0.717470317421856 0.975111634186022 0.336633320641074 1 1 0.745231749108657 0.726020284537367 0.775312402644605 0.412025338364083 0.557340164076292
0 0 0 0 0 0 0 0 0 0 0 0 0 0 0 0.0248537505624978 0.0248537505624978 0 0 0 0.0248537505624978 0.133580255460556 0.182180068538198 0.582470836650628 0.662812835335249 0.799993076949704 0.819550694035792 0.0190037730624113 0.0190037730624113 0.256672089722732 0.775312402644605 0.0248537505624978 0.0248537505624978 0 0 0.0248537505624978 0.0248537505624978 0 0 0.0248537505624978 0 0.275018173007027 0.348402506144207 0.496832704489598 0.532832566028592 0.675239710616498 0.799993076949704 0.919831077572779 0.943611755339403 0.851915954169407 0.950604036138323 0.366921665685901 1 1 0.720377998546159 0.750389421579148 0.775312402644605 0.504621136072554 0.582263145141749
0 0 0 0 0 0 0 0 0 0 0 0 0 0 0 0 0 0 0.0248537505624978 0.0248537505624978 0.188272352798643 0.255737477932777 0.415590709266503 0.527328741043304 0.650870573574717 0.799993076949704 0.219529924884904 0.0190037730624113 0.0190037730624113 0.608155353248641 0.55775554709405 0.0248537505624978 0.0496036553705563 0 0 0 0.0495690401190765 0 0 0.0496036553705563 0.0989650039807539 0.211222264529752 0.179930077192011 0.0374537021011458 0.192945411748416 0.656582090068884 0.743604832289107 0.781612378413929 1 1 1 0.827096818858389 1 1 0.720377998546159 0.775312402644605 0.775312402644605 0.5348748658659 0.607601509224965
0 0 0 0 0 0 0 0 0 0 0 0 0 0 0 0 0 0 0 0.385683131987954 0.292221952992488 0.396586936204092 0.489909654193638 0.7062549759424 0.799993076949704 0.75696631936031 0.0190037730624113 0.0190037730624113 0.355290941188688 0.775312402644605 0.0248537505624978 0.0745266364360137 0 0 0.0495690401190765 0 0.0745612516874935 0 0 0.0248537505624978 0.172972411644571 0.23607601509225 0.106130361037073 0.0811381494686559 0.0564228599120773 0.681574301637301 0.724912596490013 0.781612378413929 0.851915954169407 1 1 1 1 0.979888538890235 0.894908096507321 0.775312402644605 0.775312402644605 0.553428640659074 0.33922946450206
0 0 0 0 0 0 0 0 0 0 0 0 0 0 0 0.0497767316279553 0.0189691578109315 0.0181383917754162 0.0613036103707293 0.182180068538198 0.304718058776697 0.619543770985496 0.78154314791097 0.775070095884247 0.775623939907923 0.201183841600609 0.0190037730624113 0.669770500882689 0.775312402644605 0.0974419329156426 0.0248537505624978 0.0496036553705563 0 0 0 0 0 0.0248537505624978 0 0 0.216691474263561 0.313302641143688 0.385717747239434 0.0564228599120773 0.0190037730624113 0.656582090068884 0.7062549759424 0.781612378413929 0.75347017896085 0.981688531967185 1 0.975250095191942 1 0.941950223268372 0.720377998546159 0.732251029803732 0.775312402644605 0.516805704593444 0.301498840389075
0 0 0 0 0 0 0 0 0 0.024992211568417 0 0 0 -9999 -9999 0 0.0741804839212157 0.225310671882031 0.207033819100696 0.207033819100696 0.526740281768147 0.713178026238361 0.799993076949704 0.799993076949704 0.42832912181107 0.201183841600609 0.706912665720516 0.676382013915331 0.15206479975077 0.0496036553705563 0.0496036553705563 0 0 0.024992211568417 0 0 0 0.0248537505624978 0 0 0.148810966111669 0.209387656201322 0.275018173007027 0.0940842535221018 0.256533628716813 0.750320191076188 0.637820623766832 0.743604832289107 0.861504378829312 0.943611755339403 1 0.711066495898093 0.525805669978192 0.981030842189069 0.646439821385302 0.750389421579148 0.775312402644605 0.516805704593444 0.350721727993354
0 0 0 0 0 0 0 0 0 0 0 0 0 0 0 0.0808266122053377 0.274706635743709 0.188272352798643 0.188272352798643 0.378517774931635 0.694520405690747 0.775312402644605 0.799993076949704 0.607601509224965 0.329087195818478 0.706912665720516 0.626570667035896 0.182180068538198 0.0248537505624978 0.0924227214510713 0 0 0 0.0498459621309149 0 0.0498459621309149 0.0248537505624978 0 0 0 0.0438575236249091 0.253799023849908 0.183045449825193 0.366852435182942 0.348956350167884 0.651528263352833 0.656582090068884 0.743604832289107 0.843054449790578 0.906538821004535 1 0.807123818754543 0.318321852608259 1 0.720551074803558 0.725708747274049 0.592059261310533 0.480251999030773 0.339402540759459
0 0 0 -9999 -9999 -9999 0 -9999 -9999 0 0 0.0248537505624978 0 0 0 0.147010973034719 0.409948423275295 0.115511094188099 0.409290733497179 0.694520405690747 0.750320191076188 0.775312402644605 0.557997853854408 0.329087195818478 0.750320191076188 0.526463359756309 0.15206479975077 0.0613036103707293 0.164941673301257 0.28142199453079 0 0 0 0 0 0.0994842327529509 0 0 0 0 0 0 0.0552113261102842 0.262452836719859 0.366229360656305 0.48423275295095 0.681574301637301 0.743604832289107 0.861504378829312 0.88642735989477 0.962061684378137 0.981030842189069 0.299352694797328 1 1 0.751635570632421 0.795181556994012 0.750458652082107 0.26577590086192
0 0 0 0 -9999 -9999 0 0 -9999 -9999 0 0 0 0 0.0190037730624113 0.171726262591298 0.421856069784347 0.0613036103707293 0.465678978157776 0.750320191076188 0.775000865381287 0.75696631936031 0.329087195818478 0.72557028626813 0.304371906261899 0.207033819100696 0.0613036103707293 0.133580255460556 0.274706635743709 0.306137284087369 0.0495690401190765 0 0 0 0 0.0248537505624978 0 0 0 0 0.0247152895565786 0.0248537505624978 0.0497421163764755 0.263283602755374 0.459552078645851 0.41077918931081 0.478728927965662 0.724912596490013 0.819550694035792 0.941950223268372 0.962061684378137 1 0.27449894423483 1 1 0.834504482675067 0.69576655474402 0.700785766208592 0.595243864446675
0 0 -9999 0 -9999 -9999 0 0 0 0 0 0 0 0 0.0248537505624978 0.147010973034719 0.514867250510575 0.115511094188099 0.446709820346845 0.750320191076188 0.775000865381287 0.576551628647582 0.421232995257711 0.626570667035896 0.115511094188099 0.280591228495275 0 0 0.0552113261102842 0.0379729308733428 0 0 0 0.0745612516874935 0 0 0 0 0 0 0 0 0.0438575236249091 0.0552113261102842 0.318944927134896 0.576205476132784 0.379867769739347 0.7062549759424 0.781612378413929 0.859427463740524 0.925300287306587 1 0.703243449063657 1 0.979888538890235 0.760393229256811 0.799993076949704 0.737374087022742 0.526774897019627
0 0 -9999 0 0 0 0 0 0 0 0 0 0 0.0495690401190765 0 0.037938315621863 0.428917581086227 0.207033819100696 0.446709820346845 0.694520405690747 0.675966630897574 0.421613763023988 0.694451175187788 0.527432586797743 0.0248537505624978 0.0429921423379141 0.0247499048080584 0 0 0 0 0 0 0 0 0 0 0 0 0 0 0 0.0497421163764755 0.104745750977881 0.410675343556371 0.539997923084911 0.546020976842397 0.7062549759424 0.819550694035792 0.859427463740524 0.943611755339403 1 0.654332098722697 1 0.923500294229638 0.819550694035792 0.799993076949704 0.657239779847001 0.35491017342241
-9999 -9999 -9999 0 0 0 0 0 0 0 0 0 0 0 0 0.165080134307176 0.490394267714355 0.42825989130811 0.446709820346845 0.713178026238361 0.651285956592475 0.42140607151511 0.719443386756205 0.501574993942331 0.0248537505624978 0 0 0 0 0 0 0 0 0 0.0249229810654574 0 0 0 0 0 0 0 0.0744920211845339 0.136072553567102 0.410675343556371 0.539997923084911 0.656582090068884 0.7062549759424 0.819550694035792 0.840458305929593 0.981030842189069 1 0.875073557409395 1 0.960919381079304 0.819550694035792 0.726089515040327 0.497421163764755 0.300044999826924
0 -9999 0 0 0 0 0 0 0 0 0 0 0.0189691578109315 0.0497767316279553 0.222610682266607 0.109661116688013 0.385094672712797 0.478486621205303 0.503340371767801 0.651251341340995 0.608120737997162 0.237876008169199 0.403544601751532 0.484371213956869 0.0248537505624978 0 0 0 0.0248537505624978 0 0 0 0 0 0.0993111564955519 0 0.0497075011249957 0 0 0 0 0.0496036553705563 0.0248537505624978 0.136072553567102 0.466128976427014 0.558655543632524 0.656582090068884 0.7062549759424 0.799993076949704 0.859427463740524 0.941950223268372 1 0.924954134791789 0.981030842189069 0.979888538890235 0.781612378413929 0.781023919138773 0.460278998926927 0.153207103049604
-9999 -9999 -9999 0 0 0 0 -9999 -9999 0 0 0.0248537505624978 0.0687458894388868 0.0189691578109315 0.056111322648759 0.0906573436256014 0.440825227595279 0.54013638409083 0.54013638409083 0.750458652082107 0.620859150541729 0.127903354217868 0.127903354217868 0.317075703554986 0 0.0248537505624978 0 0 0 0 0 0 0 0 0 0.024992211568417 0 0 0 0 0 0 0.0248537505624978 0.116445705978054 0.280902765758593 0.558655543632524 0.626570667035896 0.78154314791097 0.799993076949704 0.809650732112569 0.923500294229638 1 0.981030842189069 0.943404063830524 0.941950223268372 0.819550694035792 0.669182041607532 0.245387517740316 0.324794904634982
-9999 -9999 -9999 0 0 -9999 -9999 -9999 -9999 -9999 0 0 0.0934265637439856 0.0189691578109315 0.183841600609228 0.108726504898058 0.440825227595279 0.626570667035896 0.799993076949704 0.589428502198069 0.459655924400291 0.108899581155457 0.1643532140261 0.496348090968881 0 0.0248537505624978 0 0 0 0 0.024992211568417 0 0 0 0 0 0 0 0 0.0248537505624978 0 0 0.0687458894388868 0.2517567240126 0.280902765758593 0.527432586797743 0.700543459448233 0.799993076949704 0.799993076949704 0.919831077572779 0.88642735989477 1 0.962373221641455 0.90027346048669 0.923500294229638 0.819550694035792 0.724912596490013 0.197687701201149 0.48426736820243
-9999 -9999 0 0 0 -9999 -9999 -9999 0 0 0 0.0248537505624978 0.0438229083734293 0.0189691578109315 0.0741804839212157 0.108726504898058 0.292775797016165 0.440825227595279 0.688358890927343 0.725812593028488 0.311329571809339 0.256845165980131 0.293191180033923 0.502994219253003 0 0.0248537505624978 0 0 0 0 0 0 0 0 0 0 0 0 0.0248537505624978 0 0 0.0190037730624113 0.10495344248676 0.299871923569525 0.484405829208349 0.576724704904981 0.750320191076188 0.799993076949704 0.799993076949704 0.894908096507321 0.887846585205442 1 0.881373533178719 0.856865935131019 0.941950223268372 0.819550694035792 0.799993076949704 0.252206722281837 0.213022257606702
0 0 0 0 0 0 0 0 0 0 0 0.0248537505624978 0.0248537505624978 0 0.0189691578109315 0.056111322648759 0.220152999411541 0.182180068538198 0.274152791720032 0.390529267195126 0.490359652462875 0.385752362490913 0.404721520301845 0.337014088407352 0 0 0 0 0 0.0994842327529509 0 0 0 0 0 0 0 0 0 0 0.0495690401190765 0.0190037730624113 0.170964727058742 0.280902765758593 0.527432586797743 0.651528263352833 0.750320191076188 0.775139326387206 0.819550694035792 0.825192980027 0.887846585205442 1 0.776800858458237 0.881754300944996 1 0.819550694035792 0.799993076949704 0.398871542801758 0.0492228876042784
0 0 0 0 0 0 0 0 0 0 0 0 0.0248537505624978 0 0 0.0379729308733428 0.128630274498944 0.422513759562463 0.403406140745613 0.391186956973242 0.465678978157776 0.219529924884904 0.330298729620271 0.293883485063519 0.0181383917754162 0 0 0 0 0 0 0 0 0 0 0 0 0 0 0.0247152895565786 0.0438575236249091 0.0438575236249091 0.380144691751186 0.37239087541971 0.651251341340995 0.651528263352833 0.675862785143134 0.775312402644605 0.794870019730693 0.860327460278999 0.905188826196822 1 0.887985046211361 1 0.899442694451175 0.819550694035792 0.687493509640348 0.215999169233965 0.140260998996158
