data-raw/DATASET_PNE_1/DATASET_PNE/a_DATA/PFGS/ENVSUIT_A1B/HS_f45_H1_alpines.asc
NCOLS 619 
NROWS 782 
XLLCORNER 876826 
YLLCORNER 1947424 
CELLSIZE 100 
NODATA_value -9999 
[rows 243 to 269 of 782, columns 180 to 239 of 619]
0.956495463848114 1 1 1 1 1 1 1 1 0.96833547949791 -9999 0.891986757516861 0.782880157232285 0.664882749319077 0.635692700743675 0.674895703792572 0.733232632279396 0.791598320007324 0.781772404909134 0.743001013994217 0.743001013994217 0.70407135784626 0.745216518640518 0.863026916980743 0.891986757516861 0.913969218730927 0.98912388086319 0.935807794332504 0.979297935962677 0.98912388086319 0.98912388086319 1 1 1 1 1 1 1 1 1 0.926082581281662 0.714990645647049 0.684505820274353 0.557934109121561 0.456337213516235 0.5 0.478118270635605 0.5 0.478190183639526 0.489037543535233 0.5 0.456279665231705 0.5 0.5 0.664997845888138 0.794619470834732 0.947863608598709 1 1 1
0.967213362455368 1 1 1 1 1 -9999 1 1 1 0.946568846702576 0.891986757516861 0.833707392215729 0.726010650396347 0.664997845888138 0.674895703792572 0.743001013994217 0.791598320007324 0.743001013994217 0.743001013994217 0.752812534570694 0.722356513142586 0.793900161981583 0.863026916980743 0.902949213981628 0.902949213981628 0.98912388086319 0.968493729829788 0.98912388086319 0.98912388086319 1 1 1 1 1 1 1 1 1 0.98912388086319 0.979297935962677 0.884448289871216 0.797583073377609 0.684505820274353 0.557934109121561 0.5 0.489037543535233 0.5 0.5 0.456207752227783 0.5 0.5 0.467184573411942 0.548151344060898 0.596791826188564 0.775169044733047 0.926025032997131 0.989066332578659 1 1
0.946396201848984 1 0.988979995250702 1 1 1 1 1 1 1 0.957531303167343 0.872665792703629 0.843446999788284 0.726010650396347 0.694475620985031 0.69436052441597 0.743001013994217 0.743001013994217 0.694374904036522 0.743001013994217 0.840080559253693 0.820543795824051 0.793900161981583 0.913753420114517 0.912775129079819 0.93573585152626 0.98912388086319 0.978319674730301 1 -9999 1 1 1 1 1 1 1 1 1 1 0.957502514123917 0.883469998836517 0.794619470834732 0.714990645647049 0.674593582749367 0.548151344060898 0.5 0.5 0.5 0.5 0.5 0.5 0.5 0.5 0.577269457280636 0.714990645647049 0.877384543418884 0.96833547949791 1 1
1 1 1 1 1 1 1 1 1 1 0.979369878768921 0.853085875511169 0.873989343643188 0.726010650396347 0.674910083413124 0.733232632279396 0.752812534570694 0.733232632279396 0.713695868849754 0.787886649370193 0.840080559253693 0.84911522269249 0.873989343643188 0.913854122161865 0.989195793867111 0.956581801176071 1 1 1 -9999 1 1 1 1 1 1 1 1 1 1 1 0.903006762266159 0.883469998836517 0.813969224691391 0.714990645647049 0.674910083413124 0.557934109121561 0.529003020375967 0.5 0.5 0.5 0.5 0.5 0.5 0.577269457280636 0.714990645647049 0.885743051767349 0.957459360361099 1 1
0.945461094379425 1 1 1 1 1 1 1 1 1 0.891986757516861 0.872665792703629 0.894533157348633 0.714990645647049 0.684505820274353 0.743001013994217 0.752812534570694 0.684505820274353 0.776938557624817 0.797655016183853 0.829204440116882 0.96121421456337 0.893267154693604 0.891986757516861 0.97826212644577 0.956423550844193 1 1 1 1 1 1 1 1 1 1 1 1 1 1 1 1 0.913695871829987 0.90279096364975 0.814228177070618 0.714990645647049 0.655143141746521 0.577269457280636 0.548151344060898 0.5 0.5 0.5 0.5 0.489037543535233 0.577269457280636 0.70539490878582 0.865098536014557 0.957459360361099 1 1
0.967242121696472 1 1 1 1 1 1 1 1 0.989095091819763 0.891986757516861 0.891986757516861 0.913854122161865 0.714990645647049 0.723493024706841 0.763731837272644 0.752812534570694 0.747777298092842 0.84012371301651 0.876276791095734 0.980492025613785 0.969615876674652 0.902949213981628 0.94659760594368 1 1 1 1 1 1 1 1 1 1 1 1 1 1 1 1 1 0.99017408490181 0.924744635820389 0.957502514123917 0.894490003585815 0.794619470834732 0.70539490878582 0.694475620985031 0.625996261835098 0.577269457280636 0.548151344060898 0.5 0.5 0.5 0.557934109121561 0.70539490878582 0.823708832263947 0.936944335699081 1 1
0.902934819459915 0.978161424398422 0.978118270635605 1 1 1 0.97820457816124 0.989138245582581 0.935649544000626 0.891986757516861 0.945489853620529 0.923651278018951 0.863026916980743 0.773989349603653 0.830269038677216 0.830369740724564 0.740641638636589 0.850985467433929 0.918083727359772 0.96728527545929 0.99017408490181 0.979297935962677 0.924787789583206 0.912760764360428 1 1 1 1 1 -9999 -9999 -9999 -9999 1 1 1 1 1 1 1 1 1 0.979240387678146 1 0.968436181545258 0.968436181545258 0.865127325057983 0.765918582677841 0.664997845888138 0.596791826188564 0.557934109121561 0.529003020375967 0.5 0.478175789117813 0.557934109121561 0.714990645647049 0.872665792703629 0.957459360361099 1 1
0.913839727640152 0.94659760594368 0.989138245582581 1 1 0.967299669981003 0.956423550844193 0.956294059753418 1 0.912731975317001 0.901855856180191 0.923651278018951 0.873931795358658 0.772723346948624 0.8292475938797 0.840080559253693 0.858581513166428 0.947777301073074 0.94659760594368 0.98912388086319 0.98912388086319 0.98912388086319 0.912746369838715 1 1 1 1 1 -9999 1 -9999 -9999 -9999 -9999 1 1 1 1 1 1 1 1 1 1 1 0.979297935962677 0.915019422769547 0.874766230583191 0.725794851779938 0.596791826188564 0.557934109121561 0.557934109121561 0.5 0.577269457280636 0.664997845888138 0.773845493793488 0.936915546655655 1 1 1
0.934484243392944 0.945619344711304 1 1 0.97820457816124 0.989095091819763 1 1 1 0.912731975317001 0.912775129079819 0.924730241298676 0.884894251823425 0.773615300655365 0.91509136557579 0.927060842514038 0.94554740190506 0.99017408490181 0.98912388086319 0.98912388086319 0.978218972682953 0.956524252891541 0.956437915563583 1 1 -9999 1 -9999 -9999 1 -9999 -9999 1 1 1 1 1 1 1 1 1 1 1 1 1 1 0.968436181545258 0.938239097595215 0.724874123930931 0.645403534173965 0.557934109121561 0.557934109121561 0.539864767342806 0.616342969238758 0.70539490878582 0.814285725355148 0.957459360361099 1 1 1
-9999 -9999 1 1 0.967299669981003 0.989138245582581 -9999 -9999 -9999 1 0.912717580795288 0.891986757516861 0.872665792703629 0.936857998371124 0.880866050720215 0.924773424863815 0.979297935962677 0.99017408490181 0.979297935962677 0.98912388086319 -9999 -9999 1 1 1 1 1 -9999 -9999 -9999 -9999 -9999 -9999 -9999 1 1 1 1 1 1 1 1 1 1 1 1 1 0.958797305822372 0.754035383462906 0.705222263932228 0.596791826188564 0.596791826188564 0.538541216403246 0.674910083413124 0.754869788885117 0.872665792703629 0.979240387678146 1 1 1
-9999 -9999 1 1 -9999 -9999 -9999 -9999 -9999 1 0.890893399715424 0.881067484617233 0.872665792703629 0.935606390237808 0.978319674730301 0.968436181545258 0.957632005214691 0.902949213981628 0.891986757516861 0.912775129079819 -9999 -9999 -9999 1 1 1 1 -9999 -9999 -9999 -9999 -9999 1 1 1 1 1 1 1 1 1 1 1 1 0.968364268541336 0.979240387678146 1 0.883628249168396 0.785570412874222 0.78781470656395 0.625996261835098 0.635692700743675 0.596734285354614 0.70539490878582 0.863026916980743 0.903006762266159 0.99017408490181 1 1 1
-9999 -9999 1 1 -9999 -9999 -9999 -9999 -9999 0.946396201848984 0.881067484617233 0.881067484617233 0.891986757516861 0.968292325735092 0.956481069326401 0.978233337402344 0.934527397155762 0.891986757516861 0.891986757516861 0.945475459098816 1 -9999 -9999 1 1 -9999 1 1 -9999 -9999 -9999 -9999 1 1 1 1 1 1 1 1 1 1 1 1 1 1 0.968436181545258 0.894432455301285 0.826197683811188 0.797583073377609 0.625766083598137 0.674593582749367 0.714990645647049 0.784764796495438 0.968436181545258 0.968292325735092 1 1 1 1
-9999 1 1 1 1 -9999 -9999 1 0.967213362455368 0.956337213516235 0.946511298418045 0.890893399715424 0.891986757516861 0.946468144655228 0.901855856180191 0.989095091819763 0.934599339962006 0.956337213516235 1 0.945475459098816 1 1 -9999 -9999 1 1 -9999 1 -9999 -9999 -9999 1 1 1 1 1 1 1 1 1 1 1 1 1 1 1 0.979297935962677 0.968436181545258 0.83619624376297 0.754956126213074 0.655143141746521 0.829218804836273 0.754956126213074 0.832441389560699 1 0.979240387678146 1 1 1 1
1 1 1 1 1 1 1 1 -9999 -9999 -9999 0.901855856180191 0.881067484617233 0.923636883497238 0.923651278018951 0.945403546094894 0.956337213516235 1 1 1 -9999 -9999 -9999 -9999 -9999 1 -9999 1 1 -9999 -9999 1 -9999 -9999 1 1 1 1 1 1 1 1 1 1 1 1 0.97931233048439 0.949115246534348 0.763803780078888 0.714990645647049 0.733232632279396 0.905064016580582 0.865127325057983 0.872665792703629 1 1 1 1 1 1
1 1 1 1 1 1 1 1 1 -9999 -9999 0.934556186199188 0.890893399715424 0.901855856180191 0.901855856180191 0.901855856180191 0.934556186199188 0.978233337402344 0.989138245582581 1 1 -9999 -9999 -9999 -9999 1 1 1 -9999 1 1 1 1 1 1 1 1 1 1 1 1 1 1 1 1 1 0.97931233048439 0.754035383462906 0.714990645647049 0.725794851779938 0.763731837272644 0.923636883497238 0.863803774118423 0.893152058124542 1 1 1 1 1 1
1 1 1 1 1 1 1 1 1 0.989066332578659 0.945475459098816 0.924658328294754 0.956337213516235 0.912775129079819 0.912717580795288 0.923593729734421 1 1 1 1 1 1 -9999 -9999 1 1 1 -9999 -9999 1 1 -9999 -9999 -9999 1 1 1 1 1 1 1 1 1 1 1 0.979297935962677 0.90411451458931 0.724874123930931 0.736757308244705 0.875931531190872 0.923636883497238 0.906071066856384 0.853215366601944 0.946626394987106 1 1 1 1 1 1
1 1 1 1 -9999 -9999 -9999 1 1 1 0.956337213516235 0.924773424863815 0.934513032436371 1 -9999 -9999 1 1 -9999 1 1 1 -9999 1 1 1 1 -9999 1 1 -9999 -9999 -9999 -9999 -9999 1 1 1 1 1 1 1 1 1 1 0.968436181545258 0.87383109331131 0.724874123930931 0.830312192440033 0.923636883497238 0.923636883497238 0.8226298391819 0.883469998836517 1 1 1 1 1 1 1
-9999 -9999 1 1 -9999 -9999 0.978118270635605 0.989066332578659 0.978218972682953 0.967213362455368 0.967213362455368 0.924773424863815 1 0.978218972682953 0.989138245582581 -9999 -9999 -9999 -9999 -9999 -9999 -9999 1 -9999 1 1 -9999 -9999 1 1 1 1 -9999 -9999 -9999 1 1 1 1 1 1 1 1 1 1 0.90279096364975 0.853215366601944 0.724874123930931 0.84012371301651 0.934599339962006 0.923636883497238 0.854164868593216 0.904056966304779 0.989138245582581 1 1 1 1 1 1
0.967299669981003 -9999 1 1 0.97820457816124 1 1 0.934556186199188 0.934484243392944 0.946511298418045 0.956337213516235 0.935635149478912 1 0.967213362455368 0.978175789117813 0.978175789117813 -9999 -9999 -9999 -9999 -9999 -9999 1 1 1 1 -9999 1 1 1 1 1 -9999 -9999 1 1 1 1 1 1 1 1 1 1 1 0.924658328294754 0.884793549776077 0.754035383462906 0.84012371301651 0.934599339962006 0.934599339962006 0.854884177446365 0.893152058124542 0.935822188854218 1 1 1 1 1 1
1 0.956337213516235 0.945403546094894 0.967299669981003 0.988979995250702 1 0.989095091819763 0.967155814170837 0.923608124256134 0.891986757516861 0.881067484617233 0.891986757516861 0.890893399715424 0.913810968399048 1 1 1 1 0.989138245582581 1 1 1 1 1 1 1 1 1 1 1 1 1 -9999 1 1 1 1 1 1 1 1 1 1 1 1 0.946482509374619 0.873989343643188 0.743116095662117 0.850985467433929 0.956423550844193 0.923579335212708 0.84524530172348 0.872665792703629 0.935822188854218 1 1 1 1 1 1
0.957315504550934 0.924658328294754 1 0.967141419649124 1 0.945403546094894 0.901855856180191 0.912760764360428 0.881067484617233 0.871385425329208 0.853258520364761 0.872665792703629 0.881067484617233 0.881067484617233 0.978161424398422 1 1 1 1 1 1 1 1 1 1 1 1 1 1 1 -9999 -9999 -9999 1 1 1 1 1 1 1 1 1 1 1 0.989051938056946 0.924658328294754 0.884793549776077 0.783412456512451 0.818342685699463 0.924917280673981 0.923579335212708 0.959976971149445 0.90417206287384 0.956524252891541 1 1 1 1 1 1
0.946511298418045 0.967141419649124 1 0.957315504550934 0.912803918123245 0.891986757516861 0.881067484617233 0.881067484617233 0.841648697853088 0.802560776472092 0.813710272312164 0.822485983371735 0.891986757516861 0.891986757516861 0.881067484617233 0.924773424863815 0.96833547949791 1 0.967198967933655 1 1 -9999 1 1 1 1 1 1 1 -9999 -9999 -9999 -9999 -9999 -9999 1 1 1 1 1 1 1 1 1 1 0.924730241298676 0.853215366601944 0.794446855783463 0.838368594646454 0.934599339962006 0.923579335212708 0.979297935962677 0.924643933773041 0.989066332578659 1 1 1 1 1 1
0.924672722816467 0.967141419649124 0.989095091819763 0.924672722816467 0.881067484617233 0.881067484617233 0.891986757516861 0.821838587522507 0.812444239854813 0.762638479471207 0.743001013994217 0.743001013994217 0.834081441164017 0.861746519804001 0.872665792703629 0.891986757516861 0.881067484617233 0.945489853620529 0.945489853620529 1 1 1 1 1 1 1 -9999 1 1 1 1 -9999 -9999 -9999 -9999 1 1 1 1 1 1 1 1 1 1 0.924730241298676 0.873989343643188 0.805251032114029 0.91509136557579 0.912775129079819 0.912775129079819 0.979297935962677 0.968364268541336 1 1 1 1 1 1 1
0.923665672540665 0.956394761800766 0.923636883497238 0.935548841953278 0.881067484617233 0.902891665697098 0.891986757516861 0.824097245931625 0.752812534570694 0.752812534570694 0.743001013994217 0.733232632279396 0.752812534570694 0.723493024706841 0.863026916980743 0.881067484617233 0.912717580795288 0.890893399715424 0.945489853620529 1 0.978118270635605 1 1 1 1 1 1 1 1 1 1 1 1 1 1 1 1 1 1 1 1 1 1 1 1 0.97931233048439 0.884793549776077 0.875730097293854 0.923795133829117 0.912775129079819 0.98912388086319 0.957560062408447 0.979240387678146 1 1 1 1 1 1 1
0.989095091819763 1 1 0.881067484617233 0.881067484617233 0.902949213981628 0.813480079174042 0.752812534570694 0.763760596513748 0.743001013994217 0.733232632279396 0.723521798849106 0.743001013994217 0.694475620985031 0.733232632279396 0.891986757516861 0.923651278018951 0.890893399715424 0.978161424398422 1 1 1 1 1 1 1 1 1 1 -9999 -9999 1 1 1 1 1 1 1 1 1 1 1 1 1 0.945489853620529 0.924730241298676 0.823118984699249 0.884261250495911 0.901812702417374 0.901812702417374 0.98912388086319 1 0.989066332578659 1 1 1 1 1 1 1
0.913796573877335 1 1 0.881067484617233 0.852107614278793 0.812444239854813 0.752812534570694 0.752812534570694 0.743001013994217 0.733232632279396 0.733232632279396 0.713710263371468 0.723521798849106 0.70407135784626 0.733232632279396 0.883412450551987 0.935591995716095 0.881067484617233 0.935548841953278 0.978233337402344 1 1 1 1 1 1 1 1 1 -9999 -9999 -9999 -9999 -9999 1 1 1 1 1 1 1 1 1 1 0.891986757516861 0.913854122161865 0.979297935962677 0.923593729734421 0.923795133829117 0.923795133829117 1 1 1 1 1 1 1 1 1 1
0.935620784759521 1 1 0.871385425329208 0.812602490186691 0.743058547377586 0.733232632279396 0.733232632279396 0.723521798849106 0.694475620985031 0.733232632279396 0.684577763080597 0.694374904036522 0.694475620985031 0.723493024706841 0.772090345621109 0.924787789583206 0.881067484617233 0.881067484617233 0.967213362455368 0.98908069729805 1 1 1 1 1 1 1 1 1 1 -9999 -9999 -9999 -9999 1 1 1 1 1 1 1 1 0.945576190948486 0.946626394987106 0.924730241298676 0.98912388086319 0.98912388086319 0.97826212644577 0.98912388086319 0.967385977506638 0.989066332578659 1 1 1 1 1 1 1 1
