data-raw/DATASET_PNE_1/DATASET_PNE/a_DATA/PFGS/ENVSUIT_A1B/HS_f60_H9_NardStri.asc
NCOLS 619 
NROWS 782 
XLLCORNER 876826 
YLLCORNER 1947424 
CELLSIZE 100 
NODATA_value -9999 
[rows 348 to 376 of 782, columns 198 to 263 of 619]
0 0.0573163963741753 0.230067213418018 0.191804896096689 0.17265832151446 0.0955170500092496 0.0382006536350743 0.0572855645310477 0 0 0 0.0188382561509527 0.0188382561509527 0 0 0 0 0 0.0382006536350743 0.211938089659 0.0980144293025837 0.561787013627675 0.673706604180798 0.759110809644201 0.856631929456743 0.865542332120614 0.82083615958562 0.932570759079978 0.815008941234507 0.747918850588888 0.729543072084849 0.703921810445828 0.604797434790652 0.604797434790652 0.256829253252759 0.781525559597953 0.329715730406364 0.293765801319603 0.638126657211568 0.498920885490535 0.441234506998828 0.498920885490535 0.498920885490535 0.385953012271074 0.403681322069433 0.561047049392613 0.579330332367269 0.802830363199112 0.865419004748104 0.865419004748104 0.887617931799963 0.843127582166862 0.776160818893754 0.842911759264969 0.776160818893754 0.662267990380465 0.776160818893754 0.776160818893754 0.776160818893754 0.776160818893754 0.977523586359993 0.910402663871246 0.798544737004378 0.820805327742492 0.798421409631868 0.977801072948141
0 0.0761546525251279 0.307023493864463 0.287599432694086 0.306838502805698 0.230067213418018 0.326170068446692 0.49796509835358 0.114540297218968 0.0767096257014244 0.0382006536350743 0.0572855645310477 0.0572855645310477 0.0572855645310477 0 0 0.0188382561509527 0 0 0.269932786581982 0.0777579083677622 0.503607325645927 0.606215699574521 0.77468089042363 0.824751803662823 0.824751803662823 0.760683233643707 0.732657088240735 0.646512918542271 0.646512918542271 0.646512918542271 0.604797434790652 0.643614725288278 0.52549793426651 0.256829253252759 0.678793858296849 0.658321514460135 0.617962631806129 0.536813220694333 0.478787691928224 0.287445273478449 0.478787691928224 0.478787691928224 0.17265832151446 0.230067213418018 0.306900166491953 0.460134426836036 0.55993710304002 0.715391256089289 0.780323117715977 0.843127582166862 0.843127582166862 0.842819263735586 0.820620336683727 0.776160818893754 0.681630387864587 0.776160818893754 0.887802922858729 0.776160818893754 0.776160818893754 0.91009434543997 0.798359745945613 0.798452241474995 0.954893013504347 0.910402663871246 0.865419004748104
0.0382006536350743 0.0573163963741753 0.32632422766233 0.498180921255473 0.598507738792625 0.364586544983659 0.17265832151446 0.478787691928224 0.555312326570882 0.556514768452858 0.0767096257014244 0.0767096257014244 0.0767096257014244 0.134087685761855 0.0953628907936117 0.0188382561509527 0.0188382561509527 0.383733119565888 0 0.115496084355923 0.212986372325338 0.100080162792132 0.623543195412222 0.688290065980144 0.763766417956465 0.843127582166862 0.684559412961707 0.66590614786952 0.604797434790652 0.604797434790652 0.608589751495344 0.52549793426651 0.484769069494974 0.542393784300426 0.562650305235247 0.254732687920084 0.539310599987667 0.499044212863045 0.478787691928224 0.383332305605229 0.0952703952642289 0.248751310353333 0.421995436887217 0.0188382561509527 0.0380464944194364 0.17265832151446 0.42221125978911 0.498920885490535 0.55993710304002 0.578528704445952 0.649380279953136 0.735863599926004 0.798359745945613 0.865419004748104 0.798421409631868 0.776160818893754 0.887710427329346 0.776160818893754 0.776160818893754 0.719183572793982 0.887895418388111 0.798668064376889 0.82095948695813 0.843096750323734 0.820805327742492 0.865603995806869
0.0382006536350743 0.134488499722513 0.153295924030339 0.287537769007831 0.461182709502374 0.843127582166862 0.345501634087686 0.0768637849170623 0.478787691928224 0.440556206450022 0.460504408953567 0.134796818153789 0.0767096257014244 0.0767096257014244 0.0953628907936117 0.0767096257014244 0.0188382561509527 0.0188382561509527 0.402972189677499 0.498920885490535 0.311740765862983 0.138774125917247 0.410341000184991 0.646512918542271 0.684559412961707 0.757569217487822 0.646512918542271 0.604797434790652 0.585959178639699 0.52549793426651 0.483412468397361 0.444441018684097 0.423752851945489 0.383424801134612 0.268267867053092 0.478787691928224 0.17265832151446 0.441234506998828 0.478787691928224 0.478787691928224 0.0758463340938521 0.0188382561509527 0.0188382561509527 0.0188382561509527 0 0 0.287445273478449 0.497379293334156 0.497379293334156 0.460134426836036 0.403126348893137 0.519177406425356 0.730344700006166 0.778134056853919 0.70071529876056 0.798421409631868 0.843127582166862 0.798421409631868 0.820805327742492 0.662267990380465 0.719183572793982 0.776160818893754 0.843127582166862 0.865419004748104 0.798452241474995 0.776160818893754
0 0 0 0.191897391626071 0.481500894123451 0.519547388542887 0.518314114817784 0.249398779059012 0.478787691928224 0.328112474563729 0.558672997471789 0.172812480730098 0.383424801134612 0.383424801134612 0.478787691928224 0.478787691928224 0.134488499722513 0.0380156625763088 0.153295924030339 0.326200900289819 0.176512301905408 0.720324350989702 0.738360979219338 0.460843559227971 0.684559412961707 0.738360979219338 0.643614725288278 0.503607325645927 0.462970956403774 0.481439230437196 0.287599432694086 0.403095517050009 0.249028796941481 0.0191774064253561 0.0188382561509527 0.0188382561509527 0.0188382561509527 0.0188382561509527 0.210304001973238 0.0568847505703891 0 0 0 0 0 0.0188382561509527 0.0188382561509527 0.19140408213603 0.460134426836036 0.478787691928224 0.441234506998828 0.192082382684837 0.539495591046433 0.55993710304002 0.640254054387371 0.75695258062527 0.798544737004378 0.776160818893754 0.798421409631868 0.776160818893754 0.737775174199914 0.700098661898008 0.75695258062527 0.798668064376889 0.84315841400999 0.798452241474995
0 0 0.0188382561509527 0.134488499722513 0.422396250847876 0.442714435468952 0.598507738792625 0.383424801134612 0.478787691928224 0.618764259727447 0.618764259727447 0.538570635752605 0.423259542455448 0.383424801134612 0.248905469568971 0.478787691928224 0.345748288832706 0.287691928223469 0.326200900289819 0.501757415058272 0.580501942406117 0.722605907381143 0.776160818893754 0.374576062156996 0.802121230807178 0.603317506320528 0.503607325645927 0.422396250847876 0.268237035209965 0.478787691928224 0.478787691928224 0.478787691928224 0.478787691928224 0.383733119565888 0.0188382561509527 0 0 0 0 0 0 0 0 0 0 0 0 0.0188382561509527 0.287537769007831 0.478787691928224 0.287537769007831 0.0767096257014244 0.0576247148054511 0.212338903619658 0.561047049392613 0.681322069433311 0.699913670839243 0.776160818893754 0.798421409631868 0.776160818893754 0.737775174199914 0.737775174199914 0.776160818893754 0.776160818893754 0.798668064376889 0.865449836591232
0 0 0.0382006536350743 0.0573163963741753 0.383424801134612 0.462076832953074 0.865419004748104 0.402263057285565 0.480575938829623 0.687765924646975 0.500832459764445 0.539803909477709 0.521150644385521 0.462970956403774 0.383424801134612 0.498180921255473 0.423382869827958 0.480699266202134 0.579330332367269 0.619781710550657 0.70071529876056 0.490164642042301 0.798421409631868 0.35552198310415 0.798421409631868 0.661404698772893 0.599525189615835 0.519177406425356 0.306900166491953 0.478787691928224 0.597521119812542 0.597521119812542 0.536813220694333 0.478787691928224 0.441234506998828 0.0188382561509527 0.0188382561509527 0.0188382561509527 0 0 0 0 0 0 0 0.0188382561509527 0.0188382561509527 0.0953628907936117 0.210119010914472 0.248227169020164 0.0953628907936117 0.0767096257014244 0.0767096257014244 0.0576247148054511 0.176512301905408 0.196707159153974 0.37069124992292 0.600388481223408 0.718381944872665 0.823888512055251 0.737775174199914 0.776160818893754 0.75695258062527 0.798668064376889 0.776160818893754 0.776160818893754
0 0 0 0.268206203366837 0.268237035209965 0.480699266202134 0.665566997595116 0.642967256582599 0.802830363199112 0.539803909477709 0.5017882469014 0.564716038724795 0.588086575815502 0.64346056607264 0.503607325645927 0.522229758894987 0.561787013627675 0.640254054387371 0.760868224702473 0.76065240180058 0.70071529876056 0.719183572793982 0.604889930320035 0.776160818893754 0.82071283221311 0.820620336683727 0.73808349263119 0.579330332367269 0.384010606154036 0.191681568724178 0.784886230498859 0.715668742677437 0.614016155885799 0.593882962323488 0.575414688290066 0.0572855645310477 0.0188382561509527 0.0188382561509527 0 0 0 0 0 0 0 0 0.0188382561509527 0.344545846950731 0.209379046679411 0.535888265400506 0.478078559536289 0.0953628907936117 0.234537830671518 0.215360424246161 0.176512301905408 0.133193562311155 0.345224147499538 0.539495591046433 0.598785225380773 0.679842140963187 0.820897823271875 0.776160818893754 0.719183572793982 0.75695258062527 0.719183572793982 0.776160818893754
0 0.0188382561509527 0 0.248967133255226 0.191897391626071 0.403126348893137 0.687765924646975 0.642967256582599 0.823056052290806 0.721187642597274 0.739563421101314 0.77110439662083 0.759110809644201 0.77110439662083 0.790189307516803 0.756027625331442 0.794043287907751 0.738360979219338 0.741474995375224 0.719183572793982 0.681630387864587 0.700098661898008 0.741474995375224 0.776160818893754 0.776160818893754 0.865419004748104 0.696491336252081 0.685700191157427 0.498920885490535 0.17265832151446 0.577264598877721 0.654590861441697 0.614139483258309 0.616266880434112 0.518221619288401 0.0188382561509527 0.0188382561509527 0 0 0 0 0 0 0 0 0 0.0188382561509527 0.0188382561509527 0.0953628907936117 0.440371215391256 0.458839489424678 0.210119010914472 0.461429364247395 0.135752605290744 0.784454584695073 0.478787691928224 0.598785225380773 0.738669297650614 0.738669297650614 0.620860825060122 0.75695258062527 0.719183572793982 0.776160818893754 0.776160818893754 0.737775174199914 0.776160818893754
0 0.0188382561509527 0.0382006536350743 0.11426281063082 0.0957020410680151 0.498920885490535 0.780631436147253 0.865419004748104 0.865419004748104 0.776160818893754 0.790189307516803 0.774526731207992 0.913979157674046 0.830856508602084 0.932570759079978 0.808965899981501 0.752173644940495 0.771412715052106 0.786581981870876 0.763982240858359 0.80847259049146 0.91009434543997 0.798452241474995 0.738360979219338 0.798452241474995 0.776160818893754 0.789356847752359 0.558888820373682 0.657519886538817 0.460134426836036 0.17265832151446 0.478787691928224 0.478787691928224 0.479065178516372 0.0379231670469261 0.0188382561509527 0.0577480421779614 0 0 0 0 0 0 0 0 0 0 0.0188382561509527 0.0767096257014244 0.0767096257014244 0.0953628907936117 0.0382006536350743 0.326170068446692 0.478787691928224 0.517635814268977 0.478787691928224 0.593882962323488 0.849756428439292 0.698988715545415 0.600388481223408 -9999 -9999 0.681322069433311 0.776160818893754 0.798421409631868 0.776160818893754
0 0.0188382561509527 0.441234506998828 0 0.0573163963741753 0.441234506998828 0.825152617623482 0.845347474872048 0.776160818893754 0.851637170870075 0.796818153789234 0.819356231115496 0.860640069063329 0.872325337608682 0.811864093235494 0.793889128692113 0.793889128692113 0.887587099956835 0.824844299192206 0.741474995375224 0.722482580008633 0.798544737004378 0.91009434543997 0.783036319911204 0.802367885552198 0.891410248504656 0.78423876179318 0.481439230437196 -9999 0.499044212863045 0.617962631806129 0.326170068446692 0.364309058395511 0.0188382561509527 0 0 0 0 0 0 0 0 0 0 0 0 0 0.0188382561509527 0.0188382561509527 0.0188382561509527 0.34519331565641 0.478787691928224 0.516556699759512 0.326108404760437 0.0188382561509527 0.460134426836036 0.593882962323488 -9999 -9999 0.593882962323488 0.499044212863045 0.542393784300426 0.798421409631868 0.776160818893754 0.798359745945613 0.843127582166862
0 0.0572855645310477 0.49796509835358 0.478787691928224 0.15391256089289 0.498180921255473 0.695196398840723 0.825152617623482 0.644323857680212 0.733397052475797 0.803601159277302 0.841277671579207 0.837269531972621 0.936733057902202 0.846950730714682 0.887802922858729 0.865295677375594 0.865295677375594 0.865295677375594 0.91009434543997 0.865295677375594 0.798544737004378 0.865295677375594 0.779860640069063 0.82071283221311 0.891410248504656 0.600881790713449 -9999 0.579330332367269 0.539495591046433 0.478787691928224 0 0 0 0 0 0 0 0 0 0 0 0 0 0 0 0 0 0 0.0188382561509527 0.0188382561509527 0.0188382561509527 0.0188382561509527 0 0.0188382561509527 0.460134426836036 -9999 -9999 0.556021458962817 0.61617438490473 0.499044212863045 0.842819263735586 0.820620336683727 0.776160818893754 0.798421409631868 0.776160818893754
0.0953320589504841 0.441234506998828 0.478787691928224 0.478787691928224 0.364617376826787 0.517358327680829 0.619750878707529 0.518437442190294 0.58722328420793 0.751741999136708 0.796787321946106 0.863908244434852 0.865603995806869 0.82083615958562 0.752050317567984 0.796787321946106 0.820805327742492 0.887587099956835 0.865295677375594 0.887587099956835 0.869642967256583 0.843096750323734 0.843096750323734 0.776160818893754 0.776160818893754 0.84608743910711 0.390824443485232 0.195905531232657 0.173120799161374 0.0573163963741753 0.0949929086760807 0 0 0 0 0 0 0 0 0 0 0 0 0 0 0 0 0 0 0.0188382561509527 0.0188382561509527 0 0 0.0188382561509527 0.0379231670469261 0.460134426836036 0.537429857556885 0.478787691928224 0.478787691928224 0.539495591046433 0.697262132330271 0.820620336683727 0.887710427329346 0.865419004748104 0.776160818893754 0.798421409631868
0.460134426836036 0.402756366775606 0.478787691928224 0.518221619288401 0.364617376826787 0.556823086884134 0.559875439353765 0.558888820373682 0.603625824751804 0.748720478510205 0.8188012579392 0.863908244434852 0.865295677375594 0.732657088240735 0.793889128692113 0.776160818893754 0.887802922858729 0.865511500277487 0.843004254794352 0.843004254794352 0.887587099956835 0.865388172904976 0.798421409631868 0.798421409631868 0.666553616575199 0.84608743910711 0.544552013319356 -9999 -9999 -9999 -9999 -9999 0.639359930936671 0.115619411728433 0.0762471480545107 0 0 0 0 0 0 0 0 0 0 0 0 0 0 0 0 0 0 0.0188382561509527 0.0188382561509527 0.0188382561509527 0.441234506998828 0.402756366775606 0.307085157550718 0.598785225380773 0.802830363199112 0.820866991428748 0.910001849910588 0.843127582166862 0.865419004748104 0.820620336683727
0.287537769007831 0.478787691928224 0.478787691928224 0.53761484861565 0.498180921255473 0.697292964173398 0.823056052290806 0.638959116976013 0.70071529876056 0.783159647283715 0.744989825491768 0.856631929456743 0.802244558179688 0.771412715052106 0.802244558179688 0.843096750323734 0.82071283221311 0.82071283221311 0.843004254794352 0.843004254794352 0.93229327249183 0.843312573225627 0.820805327742492 0.802244558179688 0.776160818893754 0.513196028858605 0.429580070296602 -9999 -9999 -9999 0.580193623974841 0.156070789911821 0.172997471788864 0 0 -9999 0 0 0 0 0 0 0 0 0 0 0 0 0 0 0 0 0.0188382561509527 0.0188382561509527 0.0188382561509527 0.0188382561509527 0.0953628907936117 0.0188382561509527 0.114756120120861 0.499044212863045 0.660325584263427 0.761176543133749 0.600388481223408 0.620860825060122 0.639452426466054 0.562650305235247
0 0.0382006536350743 0.441234506998828 0.53761484861565 0.517358327680829 0.69880372448665 0.865419004748104 0.776160818893754 0.779860640069063 0.936609730529691 0.741474995375224 0.78615033606709 0.763766417956465 0.736634396004193 0.70071529876056 0.776160818893754 0.91009434543997 0.91009434543997 0.843004254794352 0.865295677375594 0.776160818893754 0.70071529876056 0.70071529876056 0.314854782018869 0.842911759264969 0.698125423937843 0.640254054387371 0.580193623974841 0.348153172596658 0.0953628907936117 0.0572855645310477 0 0 0 0 0 0 0 0 0 0 0 0 0 0 0 0 0 0 0 0 0.0188382561509527 0.0188382561509527 0.0188382561509527 0.0188382561509527 0.0379231670469261 0.0953628907936117 0.0188382561509527 0.440648701979404 0.536813220694333 0.61617438490473 0.478787691928224 0.0188382561509527 0.286643645557131 0.114016155885799 0.0188690879940803
0.53761484861565 0.306838502805698 0.383856446938398 0.517358327680829 0.620768329530739 0.60035764938028 0.793488314731455 0.916538200653635 0.824720971819695 0.910279336498736 0.763766417956465 0.887772091015601 0.771412715052106 0.684559412961707 0.887617931799963 0.820620336683727 0.798452241474995 0.820805327742492 0.757569217487822 0.680643768884504 0.680643768884504 0.776160818893754 0.679595486218166 0.756089289017698 0.619781710550657 0.0812110747980514 0.175679842140963 0.231269655299994 0.598785225380773 0.593882962323488 0.307763458099525 0.0188382561509527 0 0 0 0 0 0 0 0 0 0 0 0 0 0 0 0 0 0 0.0188382561509527 0.0188382561509527 0.0188382561509527 0.0188382561509527 0.0188382561509527 0.0188382561509527 0.0188382561509527 0.0188382561509527 0.478787691928224 0.421656286612814 0.0188382561509527 0 0.364000739964235 0.0188382561509527 0 0
0.402972189677499 0.579114509465376 0.63797249799593 0.601590923105383 0.638959116976013 0.654498365912314 0.647530369365481 0.684744404020472 0.767897884935561 0.816180551273355 0.865295677375594 0.802460381081581 0.681630387864587 0.583153480915089 0.681692051550842 0.662514645125486 0.599525189615835 0.580440278719862 0.683726953197262 0.661219707714127 0.750416229882222 0.847505703890979 0.750416229882222 0.909909354381205 0.542393784300426 0.422396250847876 0.0767096257014244 0.0193623974841216 0 0.0382006536350743 0.345748288832706 0.288524387987914 0.250231238823457 0 0 0 0 0 0 0 0 0 0 0 0 0 0 0 0 0 0 0.0188382561509527 0.0188382561509527 0.0188382561509527 0 0.0188382561509527 0.0188382561509527 0.478787691928224 0.0188382561509527 0 0 0 0 0 0 0
0.364771536042425 0.498180921255473 0.558888820373682 0.721095147067892 0.619781710550657 0.755565147684529 0.707035826601714 0.663624591478079 0.723006721341802 0.798544737004378 0.70071529876056 0.583153480915089 0.561787013627675 0.481439230437196 0.558888820373682 0.518437442190294 0.498180921255473 0.498180921255473 0.478787691928224 0.404267127088857 0.499044212863045 0.599525189615835 0.599525189615835 0.780323117715977 0.481439230437196 0.306776839119443 0.478787691928224 0.0767096257014244 0.0188382561509527 0 0 0 0 0 0 0 0 0 0 0 0 0 0 0 0 0 0 0 0 0 0 0.0188382561509527 0.0188382561509527 0 0 0.037707344145033 0.0188382561509527 0 0 0 0 0 0 0 0 0
0.556823086884134 0.422026268730345 0.462076832953074 0.680674600727632 0.756675094037122 0.693099833508047 0.847012394400937 0.843343405068755 0.798544737004378 0.703921810445828 0.582043534562496 0.579330332367269 0.34531664302892 0.32632422766233 0.478787691928224 0.478787691928224 0.383856446938398 0.153696737990997 0.0957020410680151 0.230067213418018 0.287599432694086 0.481439230437196 0.539618918418943 0.618702596041191 0.601590923105383 0.268237035209965 0.441234506998828 0 0.0188382561509527 0.0188382561509527 0 0 0 0 0 0 0 0 0 0 0 0 0 0 0 0 0 0 0 0 0 0 0 0 0 0 0 0 0 0 0 0 0 0 0 0
0.658907319479558 0.696799654683357 0.482395017574151 0.629863723253376 0.724394154282543 0.865603995806869 0.66041807979281 0.663624591478079 0.583153480915089 0.484769069494974 0.402263057285565 0.248905469568971 0.153295924030339 0.192082382684837 0.441234506998828 0.478787691928224 0.441234506998828 0.306869334648825 0.0382006536350743 0.383733119565888 0.499044212863045 0.539495591046433 0.424092002219893 0.823056052290806 0.843127582166862 0.287599432694086 0.441234506998828 0 0 0 0 0 0 0 0 0 0 0 0 0 0 0 0 0 0 0 0 0 0 0 0 0 0 0 0 0 0 0 0 0 0 0 0 0 0 0
0.656841585990011 0.802830363199112 0.721403465499168 0.542424616143553 0.640254054387371 0.580440278719862 0.561787013627675 0.403681322069433 0.383424801134612 0.383424801134612 0.134334340506876 0.0188690879940803 0.0188690879940803 0 0.210766479620152 0.478787691928224 0.499044212863045 0.478787691928224 0.287445273478449 0.478787691928224 0.536813220694333 0.36483319972868 0.268237035209965 0.759789110193007 0.519177406425356 0.617962631806129 0.0188382561509527 0 0 0 0 0 0 0 0 0 0 0 0 0 0 0 0 0 0 0 0 0 0 0 0 0 0 0 0 0 0 0 0 0 0 0 0 0 0 0
0.595547881852377 0.802830363199112 0.765893815132269 0.521150644385521 0.765986310661651 0.481439230437196 0.345624961460196 0.248905469568971 0.383424801134612 0.32543010421163 0 0 0.0188690879940803 0.0188382561509527 0.0953320589504841 0.0188382561509527 0 0 0.0188382561509527 0.421995436887217 0.478787691928224 0.0573780600604304 0.153696737990997 0.478787691928224 0.115064438552137 0.0382006536350743 0.0188382561509527 0.0188382561509527 0 0 0 0 0 0 0 0 0 0 0 0 0 0 0 0 0 0 0 0 0 0 0 0 0 0 0 0 0 0 0 0 0 0 0 0 0 0
0.518437442190294 0.500832459764445 0.500832459764445 0.823056052290806 0.461182709502374 0.403126348893137 0.268452858111858 0.0382006536350743 0 0 0 0 0 0.0188382561509527 0.0188382561509527 0 0 0 0 0.0188382561509527 0.0188382561509527 0 0.0188382561509527 0.0382006536350743 0 0.0188382561509527 0.0188382561509527 0.0188382561509527 0 0 0 0 0 0 0 0 0 0 0 0 0 0 0 0 0 0 0 0 0 0 0 0 0 0 0 0 0 0 0 0 0 0 0 0 0 0
0.44108034778319 0.518437442190294 0.63797249799593 0.345748288832706 0.2110439662083 0.0957945365973978 0.0188382561509527 0 0 0 0 0 0 0 0 0 0 0 0 0 0 0 0.0188382561509527 0 0 0 0 0.0188382561509527 0 0 0 0 0 0 0 0 0 0 0 0 0 0 0 0 0 0 0 0 0 0 0 0 0 0 0 0 0 0 0 0 0 0 0 0 0 0
0.658136523401369 0.383763951409015 0.248905469568971 0.115496084355923 0.0188382561509527 0.0382006536350743 0 0 0 0 0 0 0 0 0 0 0 0 0 0 0 0.0188382561509527 0.0188382561509527 0 0 0 0 0 0 0 0 0 0 0 0 0 0 0 0 0 0 0 0 0 0 0 0 0 0 0 0 0 0 0 0 0 0 0 0 0 0 0 0 0 0 0
0.521150644385521 0.383424801134612 0.364771536042425 0.460134426836036 0.383733119565888 0.287537769007831 0.0572855645310477 0.0188382561509527 0 0 0 0 0 0 0 0 0 0 0 0 0 0 0 0 0 0 0 0 0 0 0 0 0 0 0 0 0 0 0 0 0 0 0 0 0 0 0 0 0 0 0 0 0 0 0 0 0 0 0 0 0 0 0 0 0 0
0.5017882469014 0.383424801134612 0.460134426836036 0.478787691928224 0.478787691928224 0.402756366775606 0.0188382561509527 0.0188382561509527 0 0 0 0 0 0 0 0 0 0 0 0 0 0 0 0 0 0 0 0 0 0 0 0 0 0 0 0 0 0 0 0 0 0 0 0 0 0 0 0 0 0 0 0 0 0 0 0 0 0 0 0 0 0 0 0 0 0
0.558888820373682 0.383424801134612 0.230190540790528 0.287537769007831 0.478787691928224 0.344977492754517 0.0188382561509527 0.0188382561509527 0 0 0 0 0 0 0 0 0 0 0 0 0 0 0 0 0 0 0 0 0 0 0 0 0 0 0 0 0 0 0 0 0 0 0 0 0 0 0 0 0 0 0 0 0 0 0 0 0 0 0 0 0 0 0 0 0 0
