data-raw/DATASET_PNE_1/DATASET_PNE/a_DATA/PFGS/ENVSUIT_A1B/HS_f15_P5_alpext.asc
NCOLS 619 
NROWS 782 
XLLCORNER 876826 
YLLCORNER 1947424 
CELLSIZE 100 
NODATA_value -9999 
[rows 196 to 223 of 782, columns 126 to 188 of 619]
0.0798498662188649 0.0095953019335866 0.0095953019335866 0.0095953019335866 0 0 0 0 0 0 0 0 0.0095953019335866 0.0187214333564043 0.0659866193309426 0.267139879055321 0.170884162187576 0.1902866512537 0.267185267992318 0.267018795013428 0.257544577121735 0.248115748167038 0.238490179181099 0.132941856980324 0.0187214333564043 0.0095953019335866 0 0 0 0 0.0187214333564043 0.0584950223565102 0.266897708177567 0.474770726636052 0.51878197863698 0.611617282032967 0.601794965565205 0.864666879177094 0.930184334516525 0.883660733699799 0.872128218412399 0.883660733699799 0.872128218412399 0.988467484712601 0.918727487325668 1 1 0.98834639787674 1 1 1 0.708584308624268 0.527862682938576 0.49869842082262 0.633834779262543 0.664451986551285 0.605048879981041 0.5572539716959 0.585873410105705 0.575763523578644 0.705557391047478 0.655598282814026 0.704013675451279
0.0659866193309426 0.0885219573974609 0.0095953019335866 0.0095953019335866 0 0 0 0 0 0 0 0 0.0095953019335866 0.0302690919488668 0.0373520590364933 0.257711050100625 0.113811783492565 0.151844903826714 0.20009383559227 0.238490179181099 0.142537161707878 0.132941856980324 0.132941856980324 0.0759754180908203 0.0187214333564043 0.0095953019335866 0.0095953019335866 0 0 0 0.0212186332792044 0.0373520590364933 0.190513670444489 0.418757768347859 0.48642429895699 0.507128363475204 0.523443397134542 0.573009058833122 0.730665624141693 0.836259335279465 0.941837936639786 0.883660733699799 0.883660733699799 0.907028496265411 0.953536957502365 1 1 1 1 1 1 0.976798743009567 0.652556210756302 0.49869842082262 0.53745798766613 0.49869842082262 0.49869842082262 0.488966904580593 0.51813118159771 0.635560125112534 0.449480876326561 0.449480876326561 0.675908833742142
0.142491755075753 0.0419075563549995 0.0095953019335866 0.0095953019335866 0 0 0 0 0 0 0 0.0095953019335866 0.0095953019335866 0.0095953019335866 0.0490813329815865 0.248115748167038 0.104246750473976 0.142416074872017 0.142416074872017 0.132941856980324 0.0759754180908203 0.0280291792005301 0.0568604879081249 0.0187214333564043 0.0095953019335866 0 0 0 0 0 0.0095953019335866 0.0095953019335866 0.0373520590364933 0.056391317397356 0.123043862171471 0.259133698418736 0.340769439935684 0.375533495098352 0.532645225524902 0.573009058833122 0.85340678691864 0.874413549900055 0.883660733699799 0.895223528146744 0.95772922039032 0.941883355379105 0.94198927283287 0.965175420045853 0.942004412412643 0.874307572841644 1 1 0.897962898015976 0.671640872955322 0.643051713705063 0.488966904580593 0.558767430484295 0.470941685140133 0.459318332374096 0.5572539716959 0.479235395789146 0.664376318454742 0.738732308149338
0.113932860083878 0.0187214333564043 0.0095953019335866 0.0095953019335866 0 0 0 0 0 0 0 0.0095953019335866 0 0.0095953019335866 0.0747495219111443 0.204846084117889 0.132805645465851 0.0852226316928864 0.123331412672997 0.0280291792005301 0.0095953019335866 0.0095953019335866 0.0095953019335866 0.0095953019335866 0 0 0 0 0 0 0 0 0.0095953019335866 0.0280291792005301 0.056391317397356 0.0963919209316373 0.215455399826169 0.359188174828887 0.354284588247538 0.572948515415192 0.79028058052063 0.874413549900055 0.874413549900055 0.883660733699799 0.872128218412399 0.97681388258934 0.965190529823303 0.920664697885513 0.848261028528214 0.838665723800659 0.757968336343765 1 1 0.535611592233181 0.581877879798412 0.581877879798412 0.552229307591915 0.351045805960894 0.251748034730554 0.449480876326561 0.449480876326561 0.783197611570358 0.829721212387085
0.0373520590364933 0.0095953019335866 0.0095953019335866 0.0095953019335866 0 0 0 0 0 0 0 0 0.00947422627359629 0.00947422627359629 0.0537125058472157 0.118866726756096 0.0852226316928864 0.046826284378767 0.0375034064054489 0.0095953019335866 0 0 0 0 0 0 0 0 0 0 0 0 0.0095953019335866 0.0187214333564043 0.0489753894507885 0.056391317397356 0.0963919209316373 0.226927386596799 0.386521175503731 0.490737650543451 0.736129194498062 0.766897708177567 0.85541969537735 0.84573358297348 0.883660733699799 0.883660733699799 0.953370481729507 0.988467484712601 0.930275142192841 0.892151236534119 0.81000092625618 1 1 0.557950168848038 0.572146371006966 0.572146371006966 0.552229307591915 0.322668515145779 0.351045805960894 0.558767430484295 0.787495821714401 0.967324525117874 0.967324525117874
0.0187214333564043 0.0095953019335866 0.0095953019335866 0 0 0 0 0 0 0 0 0 0 0.0095953019335866 0.0095953019335866 0.0280291792005301 0.0375034064054489 0.028195658698678 0.0095953019335866 0.0095953019335866 0 0 0 0 0 0 0 0 0 0 0 0 0 0.0095953019335866 0.0187214333564043 0.0373520590364933 0.056391317397356 0.227018194273114 0.455337947234511 0.535717535763979 0.729258105158806 0.778521060943604 0.955837398767471 0.874413549900055 0.965008944272995 0.883660733699799 0.907028496265411 1 1 0.941898465156555 0.838665753602982 1 1 0.965084612369537 0.604398101568222 0.540621124207973 0.52519903331995 0.556436732411385 0.804930835962296 0.941762268543243 0.965084612369537 0.965084612369537 1
0.0095953019335866 0.0095953019335866 0.0095953019335866 0 0 0 0 0 0 0 0 0 0 0 0.0095953019335866 0.0095953019335866 0.0095953019335866 0.0095953019335866 0 0 0 0 0 0 0 0 0 0 0 0 0 0 0 0 0.0187214333564043 0.0280291792005301 0.056391317397356 0.192117931321263 0.460529094561934 0.495520180091262 0.729258105158806 0.747782781720161 0.886127680540085 0.883660733699799 0.906756073236465 0.883660733699799 0.895374894142151 1 0.965175420045853 0.965251088142395 1 1 1 0.953264534473419 0.826104074716568 0.706041693687439 0.763552963733673 0.918576151132584 0.976798743009567 0.965145140886307 0.965084612369537 0.953431010246277 0.941716849803925
0.0095953019335866 0.0095953019335866 0 0 0 0 0 0 0 0 0 0 0 0 0 0.0095953019335866 0.0095953019335866 0 0 0 0 0 0 0 0 0 0 0 0 0 0 0 0 0 0.0187214333564043 0.114008538424969 0.248115748167038 0.383842350915074 0.498047651723027 0.507173782214522 0.707933530211449 0.766897708177567 0.836259335279465 0.853043556213379 0.872128218412399 0.883660733699799 0.883842378854752 0.965099722146988 0.91862154006958 0.918576151132584 1 1 0.98834639787674 0.906998217105865 0.906816601753235 0.883660733699799 0.906998217105865 0.98834639787674 1 1 1 0.98834639787674 1
0.0095953019335866 0.0095953019335866 0.0095953019335866 0 0 0 0 0 0 0 0 0 0 0 0 0 0 0 0 0 0 0 0 0 0 0 0 0 0 0 0 0 0 0 0.0187214333564043 0.0950600877404213 0.248115748167038 0.364939302206039 0.4630565661937 0.518781965598464 0.504767391830683 0.63262403011322 0.711550682783127 0.749856218695641 0.853043556213379 0.906756073236465 0.883660733699799 1 1 1 1 1 0.883660733699799 0.883660733699799 0.838014960289001 0.845446020364761 0.98834639787674 1 1 1 1 1 1
0.0302539579570293 0.0095953019335866 0.0095953019335866 0.0095953019335866 0 0 0 0 0 0 0 0 0 0 0 0 0 0 0 0 0 0 0 0 0 0 -9999 0 0 0 0 0 0 0 0 0.0472651869058609 0.190725550055504 0.209764808416367 0.384008851833642 0.509655835106969 0.483896857127547 0.717014253139496 0.563459157943726 0.711550682783127 0.740260913968086 0.747268199920654 0.883660733699799 0.918651819229126 0.930305421352386 0.918576151132584 1 1 0.883660733699799 0.883660733699799 0.883660733699799 1 1 0.976934969425201 1 1 1 1 1
0.0659866193309426 0.0469473609700799 0.0187214333564043 0.0095953019335866 0.0095953019335866 0.0095953019335866 0 0 0 0 0 0 0 0 0 0 -9999 -9999 -9999 0 0 0 0 0 0 0 0 0 0 0 0 0 0 0 0 0.0187214333564043 0.0567545481026173 0.171565219759941 0.257544577121735 0.4630565661937 0.530390162020922 0.729258105158806 0.738611251115799 0.864939302206039 0.874413549900055 0.883660733699799 0.833837807178497 0.965084612369537 0.920664697885513 0.988467484712601 1 1 0.95362776517868 0.98834639787674 1 0.959953993558884 0.941898465156555 1 1 1 1 1 1
0.075415444560349 0.0659866193309426 0.0659866193309426 0.0564669901505113 0.0187214333564043 0.0095953019335866 0.0095953019335866 0 0 0 0 0 0 0 0 0 0 -9999 -9999 0 -9999 -9999 -9999 0 0 0 0 0 0 0 0 0 0 0 0 0.0095953019335866 0.0280291792005301 0.056391317397356 0.221085456199944 0.547507334500551 0.365938190370798 0.575173296034336 0.682764783501625 0.768910616636276 0.874413549900055 0.930244892835617 0.883660733699799 0.876744240522385 0.91862154006958 1 1 1 0.988452345132828 1 0.862230241298676 0.959908574819565 0.976904690265656 0.953536927700043 0.988467484712601 0.988467484712601 1 1 1
0.314359666779637 0.257711050100625 0.19021098036319 0.113857187330723 0.0187214333564043 0.0095953019335866 0.0095953019335866 0.0095953019335866 0 0 0 0 0 0 0 0 0 -9999 -9999 0 -9999 -9999 0 0 0 0 0 0 0 0 0 0 0 0 0 0 0.0187214333564043 0.056391317397356 0.226927386596799 0.393573861569166 0.494430482387543 0.864939302206039 0.836259335279465 0.874413549900055 0.814677476882935 0.883660733699799 0.883660733699799 0.911826133728027 0.953536957502365 1 1 1 1 1 0.95571631193161 0.97681388258934 0.89769047498703 0.874413549900055 0.874413549900055 0.897705614566803 0.874413549900055 1 0.640857219696045
0.295698759146035 0.266806927509606 0.209734541364014 0.132805645465851 0.0280291792005301 0.0095953019335866 0.0095953019335866 0.0095953019335866 0.0095953019335866 0 0 0 0 0 0 0 0 0 0 0 -9999 0 0 0 0 0 0 0 0 0 0 0 0 0 0 0 0.0095953019335866 0.0659866193309426 0.238475041463971 0.421845212578773 0.738217756152153 0.836259335279465 0.886127680540085 0.990752786397934 1 1 0.883660733699799 0.988467484712601 1 1 1 1 1 1 0.953385591506958 0.874413549900055 0.885946065187454 0.885946065187454 0.864893913269043 0.967415332794189 0.855328887701035 0.789690345525742 0.75875535607338
0.295698759146035 0.257559699006379 0.0754911126568913 0.123331412672997 0.0375034064054489 0.0095953019335866 0.0190695282071829 0.0190695282071829 0.0095953019335866 0.0095953019335866 0 0 0 0 0 0 0 0 0 0 0 0 0 0 0 0 0 0 0 0 0 0 0 0 0 0 0.0187214333564043 0.056391317397356 0.296743037179112 0.387187097221613 0.766897708177567 0.864939302206039 1 1 1 0.988467484712601 1 1 1 1 1 1 1 1 0.895223528146744 0.885946065187454 0.866861402988434 0.902261108160019 0.819581061601639 0.852468430995941 0.745043456554413 0.609407618641853 0.497956827282906
0.28586131054908 0.248085481114686 0.151965972967446 0.0947725251317024 0.028195658698678 0.0095953019335866 0.0375639442354441 -9999 -9999 0.0095953019335866 0.0095953019335866 0 0 0 0 0 0 0 0 0 0 0 0 0 0 0 0 0 0.0095953019335866 0.0095953019335866 0.0095953019335866 0.0187214333564043 0.0187214333564043 0.0187214333564043 0.0187214333564043 0.0280291792005301 0.123618975281715 0.056391317397356 0.285119714215398 0.350152853876352 0.761585503816605 0.845506548881531 1 1 1 1 1 1 1 1 1 1 1 1 0.976723074913025 0.944138377904892 0.905999332666397 0.936994880437851 0.869509935379028 0.646865636110306 0.537457995116711 0.353875949978828 0.326300805434585
0.276432481594384 0.209689137525856 0.123331412672997 0.0280291792005301 0.0187214333564043 0.0095953019335866 0.0095953019335866 0.0095953019335866 -9999 -9999 -9999 0 0 0 0 0 0 0 0 0 0 0 0 0 0 0 0 0.0095953019335866 0.0187214333564043 0.0280291792005301 0.0373520590364933 0.0373520590364933 0.0468716882169247 0.0468716882169247 0.0373520590364933 0.0468716882169247 0.228970542550087 0.0847685905173421 0.261903317645192 0.270015439018607 0.642325282096863 0.836259335279465 1 1 1 1 1 1 1 1 1 1 1 1 0.883660733699799 0.944198936223984 0.867224633693695 0.877319365739822 0.700124099850655 0.495641237124801 0.282592242583632 0.252217207103968 0.243000268936157
0.248085481114686 0.0948481978848577 0.111783757805824 0.0095953019335866 0.0095953019335866 0.0095953019335866 0 0 0.0095953019335866 -9999 -9999 -9999 0 0 0 0 0 0.00924720801413059 0 0 0 -9999 0 0 0 0 0 0.0095953019335866 0.0187214333564043 0.0472651869058609 0.181145384907722 0.248115748167038 0.269167900085449 0.113690708763897 0.113448560237885 0.113448560237885 0.0847685905173421 0.182810184545815 0.253670128062367 0.36527225933969 0.499924331903458 0.845824390649796 1 1 1 1 0.988467484712601 0.988376677036285 0.988376677036285 1 1 1 1 0.988452345132828 0.944138377904892 0.967551529407501 0.87884795665741 0.731210455298424 0.507173782214522 0.507173782214522 0.283106833696365 0.168386959470809 0.0862971842288971
0.0659866193309426 0.030329629778862 0.0095953019335866 0.0095953019335866 0.0095953019335866 0 0 0 0.0095953019335866 0.0095953019335866 -9999 -9999 -9999 0 0 0 0.0184944160282612 0 0 0 0 -9999 0 0 0 0 0 0.0095953019335866 0.0187214333564043 0.0373520590364933 0.248115748167038 0.267018795013428 0.442352500744164 0.453763958998024 0.384008851833642 0.215379731729627 0.238475041463971 0.238475041463971 0.495505040511489 0.270015439018607 0.512516267597675 0.740260913968086 0.883660733699799 1 1 0.988452345132828 1 1 0.988452345132828 1 1 1 1 0.990752786397934 0.967491000890732 0.888216257095337 0.902170300483704 0.719829276204109 0.507173782214522 0.254563063383102 0.103035986423492 0.0280291792005301 0.00912613142281771
0.0187214333564043 0.0327814258635044 0.0095953019335866 0.0095953019335866 0 0 0 0 0 0.0095953019335866 0 -9999 -9999 0 0 0 0 0 0.00924720801413059 0 0 0 0 0 0 0 0 0.0095953019335866 0.0280291792005301 0.132941856980324 0.248115748167038 0.267018795013428 0.407194969244301 0.498093038797379 0.57954715937376 0.525123342871666 0.416835671290755 0.393967371433973 0.372249308973551 0.467052079737186 0.534945666790009 0.768683582544327 0.883660733699799 1 1 1 1 1 1 0.976662516593933 0.783999741077423 1 1 1 0.990752786397934 0.913823902606964 0.796788454055786 0.710506394505501 0.53263008967042 0.242909461259842 0.0490056611597538 0.0184338763356209 0.0466900765895844
0.030329629778862 0.0095953019335866 0.0095953019335866 0.0095953019335866 0 0 0 0 0 0 0.0095953019335866 0.0279686413705349 0 0 0 0.0184944160282612 0 0 0.00924720801413059 0 0 0 0 0 0 0 0 0.0095953019335866 0.0187214333564043 0.132941856980324 0.248115748167038 0.257544577121735 0.453824487514794 0.439915865659714 0.560447376221418 0.710506394505501 0.719829276204109 0.747858464717865 0.72232648730278 0.575188435614109 0.696431264281273 0.883660733699799 0.883660733699799 1 1 1 1 1 0.919771760702133 0.569618910551071 0.941580653190613 0.981505572795868 1 0.990752786397934 0.981505572795868 0.890456140041351 0.738611251115799 0.518781965598464 0.478978101164103 0.254563063383102 0.0280291792005301 0.00912613142281771 0.0117141390219331
0.0187214333564043 0.0095953019335866 0.0095953019335866 0 0 0 0 0 0 0 0.0095953019335866 0.0095953019335866 0.00924720801413059 0 0 0 0 0 0 0 0 0 0 0 0 0 0 0.0095953019335866 0.0187214333564043 0.114008538424969 0.219450920820236 0.248115748167038 0.467718002386391 0.473121056333184 0.560628991574049 0.537276387214661 0.729076489806175 0.747858464717865 0.766897708177567 0.801843374967575 0.990752786397934 0.883660733699799 0.883660733699799 1 1 1 -9999 -9999 -9999 -9999 0.911795854568481 0.981505572795868 0.990752786397934 0.990752786397934 0.946559906005859 0.769485741853714 0.516542054712772 0.495520180091262 0.254563063383102 0.0913823917508125 0.0184338763356209 0 0.0117141390219331
0.0187214333564043 0.0095953019335866 0.0095953019335866 0.0095953019335866 0 0 0 0 0 0 0 0 0 0 0 0.0184944160282612 0.0184944160282612 0 0 0 0 0 0 0 0 0 0 0 0.0095953019335866 0.0187214333564043 0.0472651869058609 0.190665006637573 0.248115748167038 0.299769965000451 0.507249446585774 0.537276387214661 0.700880825519562 0.729076489806175 0.766897708177567 0.969670355319977 0.990752786397934 1 0.90696793794632 1 -9999 -9999 -9999 -9999 -9999 -9999 0.990752786397934 0.990752786397934 0.95594334602356 0.876653462648392 0.68701758980751 0.537457995116711 0.460513954982162 0.302418500185013 0.145140290260315 0.0280291792005301 0 0.0117141390219331 0
0.028195658698678 0.0187214333564043 0.0095953019335866 0.0095953019335866 0 0 0 0 0 0 0 0 0 0 0 0.0184944160282612 0 0 0 0 0 -9999 0 0 0 0 0 0 0 0 0.0095953019335866 0.0187214333564043 0.0373520590364933 0.056391317397356 0.328328847885132 0.460725845769048 0.483896857127547 0.495005611330271 0.594212546944618 0.91165965795517 0.941731989383698 1 1 1 -9999 -9999 -9999 -9999 -9999 0.981505572795868 0.990752786397934 0.944214075803757 0.888367593288422 0.717528849840164 0.516375575214624 0.507173782214522 0.4672488309443 0.211490154266357 0.0373520590364933 0.00912613142281771 0.0117141390219331 0 0
0.0375034064054489 0.028195658698678 0.028195658698678 0.0095953019335866 0.0095953019335866 0 0 0 0 0 0 0 0 0.0184944160282612 0.0184944160282612 0.0184944160282612 0 0 0 0 0 0 0 0 0 0 0 0 0 0 0.0095953019335866 0.0095953019335866 0.0187214333564043 0.0468716882169247 0.0659866193309426 0.428337928839028 0.591064557433128 0.507128363475204 0.553939528763294 0.563504546880722 0.913188248872757 0.976662516593933 0.941580653190613 1 -9999 -9999 -9999 -9999 -9999 0.990752786397934 0.955761730670929 0.946348041296005 0.704028829932213 0.525728724896908 0.472228115424514 0.432378854602575 0.251853972673416 0.0468716882169247 0.0421497114002705 0.0234282780438662 0 0 0
0.0375034064054489 0.00947422627359629 0.028195658698678 0.0095953019335866 0.0095953019335866 0.0095953019335866 0 0 0 0 0 0 0 0 0 0 0 0 0 0 0 0 0 0 0 0 0 0 0 0 0 0 0 0.0187214333564043 0.0659866193309426 0.266897708177567 0.509655835106969 0.483896857127547 0.525728736072779 0.563504546880722 0.894345730543137 0.976662516593933 0.918394535779953 1 -9999 -9999 -9999 -9999 0.958243787288666 0.990752786397934 0.923010557889938 0.92307111620903 0.601416602730751 0.604776456952095 0.47471016831696 0.126191839575768 0.0282410625368357 0.0557405315339565 0.0698762014508247 0 0 0 0
0.0375034064054489 0.00947422627359629 0 0.028195658698678 0.0095953019335866 0.0095953019335866 0.0095953019335866 0 0 0 0 0 0 0 0 0 0 0 0 0 0 0 0 0 0.00924720801413059 0 0 0 0 0 0 0.0184944160282612 0.0374580025672913 0.0187214333564043 0.056391317397356 0.123043862171471 0.383842350915074 0.495505040511489 0.565653659403324 0.575188435614109 0.897675335407257 1 0.929927051067352 1 -9999 -9999 -9999 -9999 0.981505572795868 0.886127680540085 0.92307111620903 0.736689180135727 0.548687823116779 0.466961300000548 0.22904621437192 0.0187214333564043 0.00912613142281771 0 0 0 0 0 0
0.0375034064054489 0.0375034064054489 0.028195658698678 0.00947422627359629 0.0190695282071829 0.0095953019335866 0.0095953019335866 0 0 0 0 0 0 0 0 0 0 0 0 0 0 0 0 0.00924720801413059 0.0184944160282612 0.0184944160282612 0.0184944160282612 0.0184944160282612 0.0184944160282612 0.0184944160282612 0 0.0184944160282612 0.210233980789781 0.0280291792005301 0.132987260818481 0.267139879055321 0.192117931321263 0.45747191272676 0.575173288583755 0.766897708177567 0.990752786397934 1 1 0.883660733699799 -9999 -9999 -9999 -9999 -9999 0.874413549900055 0.92307111620903 0.773602306842804 0.710506394505501 0.507173782214522 0.208205953240395 0.0187214333564043 0.00912613142281771 0 0 0 0 0 0
