data-raw/DATASET_PNE_1/DATASET_PNE/a_DATA/PFGS/ENVSUIT_A1B/HS_f0_H8_notgraz.asc
NCOLS 619 
NROWS 782 
XLLCORNER 876826 
YLLCORNER 1947424 
CELLSIZE 100 
NODATA_value -9999 
[rows 348 to 376 of 782, columns 198 to 263 of 619]
1 1 1 1 1 0.978613745649691 1 1 0.957838527137961 0.830371137854999 0.788023697563827 0.788023697563827 0.809011450280279 0.788023697563827 0.788023697563827 0.915012884886161 1 1 1 1 1 1 1 1 1 1 1 1 1 1 1 1 1 1 1 1 1 1 1 1 1 1 1 1 1 1 1 1 1 1 1 1 1 1 1 1 1 1 1 1 1 1 1 1 1 1
1 1 1 1 1 1 1 0.978746579527643 1 1 0.957732260035599 0.872798278472942 0.788023697563827 0.893865731516166 0.788023697563827 0.915092585212933 1 1 1 1 1 1 1 1 1 1 1 1 1 1 1 1 1 1 1 1 1 0.830397704630589 1 1 1 1 1 1 1 1 1 1 1 1 0.957360325177333 1 1 1 1 1 1 1 1 1 1 1 1 1 1 1
1 1 1 1 1 1 0.936266305358519 1 1 1 1 0.978613745649691 0.809383385138546 0.788023697563827 0.893812597964985 0.851491724449404 1 1 1 1 1 1 1 1 1 1 1 1 1 1 1 1 1 1 1 1 0.83047740495736 0.83047740495736 0.87271857814617 0.83047740495736 0.957732260035599 1 1 1 1 1 1 1 1 1 1 1 1 1 1 1 1 1 1 1 1 1 1 1 1 1
1 1 1 1 1 1 1 1 1 1 1 1 1 0.809356818362955 0.830503971732951 1 1 1 1 1 1 1 1 1 1 1 1 1 1 1 1 1 1 1 0.93634600568529 0.957599426157647 0.936266305358519 0.936585106665604 0.788023697563827 0.788023697563827 0.788023697563827 0.788023697563827 0.788023697563827 0.872638877819399 0.978905980181185 1 1 1 1 1 1 1 1 1 1 1 1 1 1 1 1 1 1 1 1 1
1 1 1 1 1 1 1 1 1 1 1 1 1 1 1 1 1 1 1 1 1 1 1 1 1 1 1 1 1 1 1 1 1 0.788023697563827 0.788023697563827 0.851465157673813 0.809011450280279 0.788023697563827 0.788023697563827 0.788023697563827 0.788023697563827 0.788023697563827 0.788023697563827 0.788023697563827 0.851385457347042 0.936266305358519 1 1 1 1 1 1 1 1 1 0.957732260035599 1 1 1 1 1 1 1 1 1 1
1 1 1 1 1 1 1 1 1 1 1 1 1 1 1 1 1 1 1 1 1 1 1 1 1 1 1 1 1 1 0.978746579527643 0.788023697563827 0.788023697563827 0.788023697563827 0.788023697563827 0.788023697563827 0.788023697563827 0.788023697563827 0.788023697563827 0.788023697563827 0.788023697563827 0.788023697563827 0.788023697563827 0.788023697563827 0.915437953295609 0.851810525756489 0.957599426157647 1 1 1 1 1 1 1 1 0.936638240216785 1 1 1 1 1 1 1 1 1 1
1 1 1 1 1 1 1 1 1 1 1 1 1 1 1 1 1 1 1 1 1 1 1 1 1 1 1 1 0.957599426157647 0.936452272787652 0.915012884886161 0.936266305358519 0.978985680507957 0.788023697563827 0.788023697563827 0.788023697563827 0.788023697563827 0.788023697563827 0.788023697563827 0.788023697563827 0.788023697563827 0.788023697563827 0.788023697563827 0.788023697563827 0.957599426157647 0.936585106665604 0.91495975133498 0.978852846630004 1 1 1 1 1 1 1 1 1 1 1 1 1 1 1 1 1 1
1 1 1 1 1 1 1 1 1 1 1 1 1 1 1 1 1 1 1 1 1 1 1 1 1 1 1 0.915597353949151 0.809409951914136 0.809011450280279 0.830158603650275 0.851544858000584 0.936266305358519 0.851544858000584 0.788023697563827 0.788023697563827 0.788023697563827 0.788023697563827 0.788023697563827 0.788023697563827 0.788023697563827 0.788023697563827 0.788023697563827 0.788023697563827 0.957599426157647 0.936585106665604 0.872877978799713 0.915597353949151 1 1 0.936744507319147 1 1 0.957732260035599 1 1 1 1 1 1 1 1 1 1 1 1
1 1 1 1 1 1 1 1 1 1 1 1 1 1 1 1 1 1 1 1 1 1 0.978746579527643 1 1 1 1 1 0.872904545575304 0.872638877819399 0.915331686193247 0.936585106665604 0.872904545575304 0.788023697563827 0.788023697563827 0.788023697563827 0.788023697563827 0.748625169363194 0.67041258202492 0.709811110225552 0.729390823835711 0.788023697563827 0.788023697563827 0.788023697563827 0.957599426157647 0.978852846630004 0.893971998618528 0.915597353949151 1 1 1 0.957705693260009 1 1 0.936638240216785 0.957732260035599 1 1 0.914986318110571 1 1 1 1 1 1 0.93634600568529
1 1 1 1 1 1 1 1 1 1 1 1 1 1 1 1 1 1 1 1 1 1 1 1 1 1 1 1 1 1 0.978852846630004 0.978985680507957 0.788023697563827 0.788023697563827 0.788023697563827 0.788023697563827 0.768337716851306 0.592784463749635 0.47591721792726 0.514917244494036 0.494381126962621 0.788023697563827 0.788023697563827 0.788023697563827 0.809011450280279 0.936266305358519 0.936585106665604 0.957599426157647 1 1 1 1 1 0.978852846630004 0.915437953295609 0.957891660689142 0.978746579527643 1 0.915331686193247 0.788023697563827 -9999 -9999 1 1 1 0.978985680507957
1 1 1 1 1 1 1 1 1 1 1 1 1 1 1 1 1 1 1 1 1 1 1 1 1 1 1 1 -9999 0.915437953295609 0.957732260035599 0.788023697563827 0.788023697563827 0.788023697563827 0.788023697563827 0.788023697563827 0.788023697563827 0.608804229430674 0.335777476687654 0.356260460667889 0.395977790175606 0.7096782763476 0.788023697563827 0.788023697563827 0.788023697563827 0.788023697563827 0.788023697563827 1 1 1 1 1 1 0.978852846630004 0.957599426157647 1 0.915039451661752 -9999 -9999 0.788023697563827 0.978640312425281 1 1 1 1 1
1 1 1 1 1 1 1 1 1 1 1 1 0.978985680507957 1 1 1 1 1 1 1 1 1 1 1 1 1 1 -9999 0.788023697563827 0.788023697563827 0.788023697563827 0.788023697563827 0.788023697563827 0.788023697563827 0.788023697563827 0.788023697563827 0.749369039079727 0.394622884620494 0.195212667038602 0.235062830424271 0.29507717648309 0.513828006694828 0.788023697563827 0.788023697563827 0.788023697563827 0.788023697563827 0.788023697563827 0.894237666374432 0.809356818362955 0.809356818362955 0.809356818362955 0.851704258654127 0.978852846630004 0.978852846630004 1 1 -9999 -9999 1 0.809011450280279 0.788023697563827 0.873196780106799 1 1 1 1
1 1 1 1 1 1 1 1 1 1 1 1 1 1 1 1 1 1 1 1 1 1 1 1 1 1 1 0.957466592279695 0.788023697563827 0.788023697563827 0.788023697563827 0.788023697563827 0.788023697563827 0.788023697563827 0.788023697563827 0.788023697563827 0.588879147737839 0.135304588082144 0.0963576950665498 0.215748784570017 0.195212667038602 0.35514465609309 0.728939188650673 0.788023697563827 0.553093701017508 0.788023697563827 0.809383385138546 0.830371137854999 0.788023697563827 0.788023697563827 0.788023697563827 0.830264870752637 0.978746579527643 0.936585106665604 1 1 0.978746579527643 0.978746579527643 1 1 0.915198852315295 0.809011450280279 0.809356818362955 1 1 1
1 1 1 1 1 1 1 1 1 0.978985680507957 1 1 1 1 1 1 1 1 1 1 1 1 1 1 1 1 1 -9999 -9999 -9999 -9999 -9999 0.788023697563827 0.788023697563827 0.788023697563827 0.588879147737839 0.175021917589862 0.0963576950665498 0.0963576950665498 0.115857708349938 0.155521904306474 0.29507717648309 0.415956005419622 0.788023697563827 0.788023697563827 0.788023697563827 0.852102760287984 0.788023697563827 0.788023697563827 0.788023697563827 0.788023697563827 0.788023697563827 0.915491086846789 0.978852846630004 1 1 1 0.788023697563827 0.809277118036184 0.936585106665604 0.978746579527643 0.978985680507957 1 1 1 0.978985680507957
1 1 1 1 1 1 1 1 1 1 1 1 1 1 1 1 1 1 1 1 1 1 1 1 1 1 1 -9999 -9999 -9999 0.788023697563827 0.788023697563827 0.788023697563827 0.788023697563827 0.72992215934752 -9999 0.0963576950665498 0.0963576950665498 0.0980579687043384 0.0963576950665498 0.0963576950665498 0.195212667038602 0.29507717648309 0.728939188650673 0.788023697563827 0.788023697563827 0.788023697563827 0.788023697563827 0.788023697563827 0.788023697563827 0.788023697563827 0.788023697563827 0.851757392205308 0.978852846630004 1 1 1 1 0.809277118036184 0.893918865067347 0.978746579527643 0.957732260035599 0.851651125102946 0.851651125102946 0.830503971732951 1
1 1 1 1 1 1 1 1 1 1 1 1 1 1 1 1 1 1 1 1 1 1 1 1 1 1 1 1 0.872798278472942 0.788023697563827 0.788023697563827 0.788023697563827 0.788023697563827 0.788023697563827 0.749369039079727 0.373024096065461 0.0963576950665498 0.0963576950665498 0.0574108020509551 0.0769108153343429 0.0963576950665498 0.115565473818443 0.29507717648309 0.513828006694828 0.748625169363194 0.788023697563827 0.788023697563827 0.788023697563827 0.788023697563827 0.572832815281209 0.69065646502484 0.788023697563827 0.893653197311442 0.978852846630004 0.809356818362955 1 1 1 1 0.978985680507957 1 0.915251985866475 0.978985680507957 0.978985680507957 0.978985680507957 1
1 1 1 1 1 1 1 1 1 1 1 1 1 1 1 1 1 1 1 1 1 1 1 1 1 1 1 1 0.957493159055285 0.809356818362955 0.788023697563827 0.788023697563827 0.788023697563827 0.788023697563827 0.788023697563827 0.491751016179166 0.0963576950665498 0.0581015382163067 0.0386015249329189 0.0574108020509551 0.0581015382163067 0.0775484179485136 0.154538933609628 0.29507717648309 0.513828006694828 0.788023697563827 0.788023697563827 0.788023697563827 0.474535745596557 0.572832815281209 0.632209558725857 0.788023697563827 0.830025769772323 0.936744507319147 0.915491086846789 1 0.978852846630004 0.830344571079408 0.830344571079408 1 0.89413139927207 0.788023697563827 0.872957679126484 0.851704258654127 0.851704258654127 0.851597991551765
1 1 1 1 1 1 1 1 1 1 1 1 1 1 1 1 1 1 1 1 0.914986318110571 1 1 1 1 1 1 1 1 1 0.957732260035599 0.788023697563827 0.788023697563827 0.788023697563827 0.788023697563827 0.452565022183258 0.0775484179485136 0.0386015249329189 0.0386015249329189 0.0386015249329189 0 0.0386015249329189 0.0581015382163067 0.0967561967004065 0.254244042400574 0.455248266517893 0.454610663903722 0.454610663903722 0.474535745596557 0.788023697563827 0.592837597300816 0.788023697563827 0.788023697563827 0.830371137854999 0.978852846630004 0.788023697563827 0.788023697563827 0.788023697563827 0.788023697563827 0.788023697563827 0.788023697563827 0.788023697563827 0.788023697563827 0.788023697563827 0.788023697563827 0.788023697563827
1 1 1 1 1 1 1 1 1 1 1 1 1 1 1 1 1 1 1 1 1 1 1 1 1 0.87271857814617 0.788023697563827 0.809356818362955 0.788023697563827 0.830716505937674 0.788023697563827 0.788023697563827 0.788023697563827 0.788023697563827 0.788023697563827 0.135729656491592 0.0775484179485136 0.0386015249329189 0.0386015249329189 0.0193406126298451 0.0574108020509551 0.0193406126298451 0.0386015249329189 0.0581015382163067 0.0775484179485136 0.234929996546319 0.415956005419622 0.690470497595707 0.788023697563827 0.474535745596557 0.788023697563827 0.788023697563827 0.788023697563827 0.788023697563827 0.788023697563827 0.788023697563827 0.788023697563827 0.788023697563827 0.788023697563827 0.788023697563827 0.788023697563827 0.788023697563827 0.788023697563827 0.788023697563827 0.788023697563827 0.788023697563827
1 1 1 1 1 1 1 1 1 1 1 1 1 1 1 1 1 1 1 1 1 1 1 1 0.788023697563827 0.936266305358519 0.809356818362955 0.788023697563827 0.788023697563827 0.788023697563827 0.788023697563827 0.788023697563827 0.788023697563827 0.788023697563827 0.730559761961691 0.274647326054037 0.0388406259132329 0 0.0386015249329189 0.0386015249329189 0.0381498897478813 0 0.0193406126298451 0.0386015249329189 0.0581015382163067 0.135304588082144 0.335007040195531 0.572407746871762 0.788023697563827 0.788023697563827 0.473898142982386 0.788023697563827 0.788023697563827 0.788023697563827 0.788023697563827 0.788023697563827 0.788023697563827 0.788023697563827 0.788023697563827 0.788023697563827 0.788023697563827 0.788023697563827 0.788023697563827 0.788023697563827 0.788023697563827 0.788023697563827
1 1 1 1 1 1 1 1 1 1 1 1 1 1 1 0.936106904704976 1 1 1 1 1 1 1 1 0.788023697563827 0.788023697563827 0.748625169363194 0.788023697563827 0.788023697563827 0.788023697563827 0.51340293828538 0.493477856592545 0.788023697563827 0.788023697563827 0.72992215934752 0.315772694668048 0.0775484179485136 0 0 0 0 0.0193406126298451 0 0.0193406126298451 0.0193406126298451 0.0775484179485136 0.29507717648309 0.474216944289472 0.749076804548232 0.788023697563827 0.788023697563827 0.788023697563827 0.788023697563827 0.788023697563827 0.767912648441859 0.767912648441859 0.767912648441859 0.767912648441859 0.767912648441859 0.788023697563827 0.788023697563827 0.767912648441859 0.788023697563827 0.454610663903722 0.788023697563827 0.788023697563827
1 1 1 1 1 1 1 1 1 1 0.915198852315295 1 1 0.936266305358519 0.93634600568529 0.893759464413804 0.936266305358519 1 1 1 1 1 1 1 0.809356818362955 0.788023697563827 0.651257936824208 0.513296671183019 0.788023697563827 0.788023697563827 0.788023697563827 0.493477856592545 0.454610663903722 0.454610663903722 0.609893467229882 0.312956616455461 0.115565473818443 0.119205122074334 0.0386015249329189 0 0 0 0 0.0193406126298451 0.0193406126298451 0.0826492388618793 0.116946946149146 0.135729656491592 0.29507717648309 0.315427326585372 0.356738662628517 0.396376291809463 0.336601046730958 0.336069711219149 0.314656890093249 0.29507717648309 0.274780159931989 0.334528838234903 0.532371616056959 0.630270184107755 0.591615525623655 0.552296697749794 0.61092957147791 0.434499614781754 0.454610663903722 0.788023697563827
1 1 1 1 1 1 1 0.915198852315295 0.851704258654127 0.936452272787652 0.788023697563827 0.872798278472942 0.915437953295609 0.788023697563827 0.788023697563827 0.957838527137961 0.978852846630004 0.978852846630004 1 1 1 1 1 0.936106904704976 0.788023697563827 0.788023697563827 0.788023697563827 0.493477856592545 0.788023697563827 0.788023697563827 0.788023697563827 0.788023697563827 0.454610663903722 0.315427326585372 0.273797189235143 0.115565473818443 0.117504848436545 0.0574108020509551 0.0193406126298451 0.0193406126298451 0 0 0.0193406126298451 0 0.0193406126298451 0.0193406126298451 0.144656093089982 0.0581015382163067 0.0775484179485136 0.0967561967004065 0.0775484179485136 0.0775484179485136 0.0775484179485136 0.0775484179485136 0.0967561967004065 0.0967561967004065 0.0963576950665498 0.135304588082144 0.215429983262931 0.254244042400574 0.274780159931989 0.274780159931989 0.314231821683802 0.395844956297654 0.611646874418852 0.454610663903722
1 1 1 1 0.957599426157647 0.936585106665604 0.809356818362955 0.809356818362955 0.788023697563827 0.788023697563827 0.936585106665604 0.957838527137961 0.788023697563827 0.788023697563827 0.788023697563827 0.788023697563827 0.894184532823251 0.872957679126484 0.957360325177333 1 1 0.915092585212933 0.809383385138546 0.872798278472942 0.788023697563827 0.788023697563827 0.788023697563827 0.788023697563827 0.768337716851306 0.414999601498366 0.514439042533408 0.591801493052788 0.356260460667889 0.215695651018836 0.0775484179485136 0.0582875056454398 0.0388406259132329 0 0 0 0.0193406126298451 0 0 0.0193406126298451 0 0.0193406126298451 0.0193406126298451 0.0193406126298451 0.0616349193698361 0.0826492388618793 0.0193406126298451 0.0193406126298451 0.0193406126298451 0.0193406126298451 0.0581015382163067 0.0386015249329189 0.0193406126298451 0.0581015382163067 0.0775484179485136 0.134799819345926 0.154538933609628 0.174038946893016 0.255466114077734 0.29507717648309 0.315480460136553 0.709253207938153
1 1 0.978746579527643 0.851438590898223 0.809356818362955 0.788023697563827 0.788023697563827 0.788023697563827 0.788023697563827 0.788023697563827 0.788023697563827 0.788023697563827 0.788023697563827 0.788023697563827 0.788023697563827 0.788023697563827 0.788023697563827 0.788023697563827 0.788023697563827 0.788023697563827 0.788023697563827 0.788023697563827 0.788023697563827 0.788023697563827 0.788023697563827 0.788023697563827 0.788023697563827 0.788023697563827 0.416221673175527 0.116495310964108 0.196620706144895 0.236470869530565 0.236231768550251 0.0775484179485136 0.0581015382163067 0.0193406126298451 0 0 0 0 0 0 0 0 0 0.0193406126298451 0.0193406126298451 0.0193406126298451 0.0193406126298451 0.0193406126298451 0.0193406126298451 0.0193406126298451 0.0193406126298451 0.0193406126298451 0.0193406126298451 0.0193406126298451 0.0193406126298451 0.0193406126298451 0.0193406126298451 0.0581015382163067 0.0581015382163067 0.0963576950665498 0.115565473818443 0.154538933609628 0.19335299274727 0.274780159931989
1 0.957493159055285 0.809356818362955 0.809356818362955 0.788023697563827 0.788023697563827 0.788023697563827 0.788023697563827 0.788023697563827 0.788023697563827 0.788023697563827 0.788023697563827 0.788023697563827 0.788023697563827 0.788023697563827 0.788023697563827 0.788023697563827 0.788023697563827 0.788023697563827 0.894051698945299 0.788023697563827 0.788023697563827 0.788023697563827 0.788023697563827 0.788023697563827 0.788023697563827 0.788023697563827 0.630535851863659 0.176429956696156 0.0775484179485136 0.0775484179485136 0.0775484179485136 0.0775484179485136 0.0193406126298451 0.0193406126298451 0.0193406126298451 0.0193406126298451 0 0 0 0 0 0 0 0 0 0 0.0193406126298451 0.0193406126298451 0 0.0193406126298451 0.0193406126298451 0.0193406126298451 0.0193406126298451 0.0193406126298451 0.0193406126298451 0.0193406126298451 0.0193406126298451 0.0193406126298451 0.0193406126298451 0.0193406126298451 0.0193406126298451 0.0581015382163067 0.0963576950665498 0.115565473818443 0.173852979463882
1 1 1 0.957838527137961 0.788023697563827 0.788023697563827 0.788023697563827 0.788023697563827 0.788023697563827 0.768337716851306 0.748625169363194 0.7477750325443 0.689593794001222 0.688717090406737 0.748651736138785 0.788023697563827 0.788023697563827 0.788023697563827 0.788023697563827 0.788023697563827 0.788023697563827 0.788023697563827 0.788023697563827 0.788023697563827 0.788023697563827 0.788023697563827 0.591509258521293 0.274780159931989 0.0967561967004065 0.0386015249329189 0.0193406126298451 0.0193406126298451 0.0193406126298451 0.0193406126298451 0.0193406126298451 0 0 0 0 0 0 0 0 0 0 0 0 0 0 0 0 0.0193406126298451 0.0193406126298451 0.0193406126298451 0.0193406126298451 0.0193406126298451 0.0193406126298451 0.0193406126298451 0.0193406126298451 0.0193406126298451 0.0193406126298451 0.0193406126298451 0.0386015249329189 0.0574108020509551 0.0769108153343429 0.0963576950665498
1 1 0.936585106665604 0.872798278472942 0.788023697563827 0.788023697563827 0.788023697563827 0.768337716851306 0.668765441938312 0.4527244228368 0.333492733986876 0.256209983794267 0.275524029648522 0.294333306766558 0.374325868069392 0.768337716851306 0.788023697563827 0.788023697563827 0.788023697563827 0.788023697563827 0.788023697563827 0.788023697563827 0.788023697563827 0.768337716851306 0.728089051831779 0.416221673175527 0.157195611168672 0.0775484179485136 0.0581015382163067 0.0193406126298451 0.0193406126298451 0.0193406126298451 0.0193406126298451 0 0 0 0 0 0 0 0 0 0 0 0 0 0 0 0 0 0 0 0.0193406126298451 0.0193406126298451 0 0 0.0193406126298451 0.0193406126298451 0.0193406126298451 0.0193406126298451 0.0193406126298451 0.0193406126298451 0.0193406126298451 0.0193406126298451 0.0193406126298451 0.0386015249329189
1 1 0.851544858000584 0.788023697563827 0.788023697563827 0.788023697563827 0.788023697563827 0.708376504343668 0.333492733986876 0.154804601365532 0.135304588082144 0.0967561967004065 0.0775484179485136 0.154804601365532 0.154804601365532 0.374325868069392 0.590898222682713 0.708376504343668 0.768337716851306 0.788023697563827 0.768337716851306 0.649424829308467 0.473579341675301 0.355357190297814 0.135729656491592 0.116495310964108 0.0775484179485136 0.0193406126298451 0.0193406126298451 0.0193406126298451 0 0 0 0 0 0 0 0 0 0 0 0 0 0 0 0 0 0 0 0 0 0 0 0 0 0 0 0 0.0193406126298451 0 0 0 0.0193406126298451 0.0193406126298451 0.0193406126298451 0.0193406126298451
