data-raw/DATASET_PNE_1/DATASET_PNE/a_DATA/PFGS/ENVSUIT_A1B/HS_f30_H9_NardStri.asc
NCOLS 619 
NROWS 782 
XLLCORNER 876826 
YLLCORNER 1947424 
CELLSIZE 100 
NODATA_value -9999 
[rows 476 to 503 of 782, columns 372 to 433 of 619]
0.737559351298021 0.776160818893754 0.776160818893754 0.776160818893754 0.955540482210027 0.911050132576925 0.843620891656903 0.821144478016896 0.776160818893754 0.776160818893754 0.776160818893754 0.776160818893754 0.776160818893754 0.843497564284393 0.865511500277487 0.776160818893754 0.798668064376889 0.977492754516865 1 1 1 1 1 0.977801072948141 0.955417154837516 0.955417154837516 0.955417154837516 0.955417154837516 1 1 1 1 1 1 1 1 1 1 1 1 1 1 0.888049577603749 0.977523586359993 1 0.977523586359993 0.910001849910588 1 0.842850095578714 0.798421409631868 0.798452241474995 0.821051982487513 0.865449836591232 0.977523586359993 1 0.932848245668126 1 1 1 1 0.977523586359993 1
0.737559351298021 0.776160818893754 0.776160818893754 0.798791391749399 0.776160818893754 0.798544737004378 0.866251464512549 0.843775050872541 0.821144478016896 0.776160818893754 0.776160818893754 0.776160818893754 0.776160818893754 0.821021150644386 0.776160818893754 0.741290004316458 1 0.977523586359993 0.977616081889375 1 1 0.955417154837516 1 0.977801072948141 0.955417154837516 0.955417154837516 0.977801072948141 1 1 1 1 1 1 1 1 1 1 1 1 1 1 1 0.955232163778751 1 1 1 1 1 0.932385768021212 0.91009434543997 0.798452241474995 0.977523586359993 0.955139668249368 0.977523586359993 0.955232163778751 1 1 0.977616081889375 1 1 1 1
0.699297033976691 0.776160818893754 0.776160818893754 0.776160818893754 0.776160818893754 0.866251464512549 0.955540482210027 0.821175309860024 0.865943146081273 0.798359745945613 0.776160818893754 0.776160818893754 0.776160818893754 0.776160818893754 0.798760559906271 0.868964666707776 1 0.977616081889375 1 1 0.977801072948141 0.955417154837516 0.955417154837516 0.977801072948141 1 1 1 1 1 1 1 1 1 1 1 1 1 1 1 1 1 1 1 1 1 1 1 0.955139668249368 1 0.977369427144355 0.954893013504347 0.977523586359993 0.977523586359993 1 1 1 0.977616081889375 1 1 1 1 1
0.659554788185238 0.776160818893754 0.798421409631868 0.821021150644386 0.776160818893754 0.776160818893754 0.955540482210027 0.821175309860024 0.843775050872541 0.888327064191897 0.776160818893754 0.776160818893754 0.776160818893754 0.843312573225627 0.910341000184991 0.910310168341864 1 1 1 1 0.932786581981871 0.977801072948141 0.843528396127521 0.910556823086884 1 1 1 1 1 1 1 1 1 1 1 1 1 1 1 1 1 1 1 1 1 1 1 0.977523586359993 0.955139668249368 0.977523586359993 1 1 0.977523586359993 1 0.977369427144355 1 1 1 1 1 1 1
0.594653758401677 0.776160818893754 0.910680150459395 0.776160818893754 0.776160818893754 0.798544737004378 0.888758709995684 0.821175309860024 0.888481223407535 0.888327064191897 0.798668064376889 0.776160818893754 0.776160818893754 0.843312573225627 0.741290004316458 1 1 1 1 0.843250909539372 0.865603995806869 0.865634827649997 0.888018745760622 0.977739409261886 1 0.910649318616267 0.910649318616267 1 0.86572732317938 1 1 1 1 1 1 1 1 -9999 1 1 1 1 1 1 1 1 1 1 1 1 1 1 1 1 0.977616081889375 1 0.977523586359993 1 1 1 1 1
0.674878214219646 0.866035641610655 0.798637232533761 0.776160818893754 0.776160818893754 0.776160818893754 0.776160818893754 0.776160818893754 0.776160818893754 0.776160818893754 0.776160818893754 0.776160818893754 0.776160818893754 0.776160818893754 0.798760559906271 1 1 0.977616081889375 1 0.82071283221311 0.776160818893754 0.86572732317938 1 1 0.955417154837516 0.910649318616267 1 1 0.86572732317938 1 1 -9999 1 1 1 1 1 1 1 1 1 1 1 1 1 0.977616081889375 1 1 1 1 1 1 1 0.977616081889375 1 0.977616081889375 1 1 1 1 1 0.977739409261886
0.776160818893754 0.776160818893754 0.88829623234877 0.843775050872541 0.798791391749399 0.798544737004378 0.776160818893754 0.866282296355676 0.776160818893754 0.776160818893754 0.776160818893754 0.776160818893754 0.776160818893754 0.760467410741814 0.843250909539372 1 0.977616081889375 1 0.977801072948141 0.798421409631868 0.776160818893754 0.91086514151816 1 0.888049577603749 0.820866991428748 0.865542332120614 1 1 0.821236973546279 1 1 -9999 1 1 -9999 1 1 1 1 1 1 1 0.977739409261886 1 1 1 1 1 0.977616081889375 1 0.977616081889375 1 1 1 1 1 1 1 1 1 1 1
0.82095948695813 0.798668064376889 0.821144478016896 0.776160818893754 0.776160818893754 0.776160818893754 0.776160818893754 0.776160818893754 0.776160818893754 0.776160818893754 0.776160818893754 0.776160818893754 0.75695258062527 0.776160818893754 0.955417154837516 1 1 0.955417154837516 0.865603995806869 0.776160818893754 0.776160818893754 0.820866991428748 0.887802922858729 0.865511500277487 0.955417154837516 0.955417154837516 0.888018745760622 0.932909909354381 0.86572732317938 1 1 1 1 1 1 1 1 1 0.910649318616267 1 1 1 1 0.955355491151261 0.977739409261886 1 1 1 0.95498550903373 1 1 1 1 1 1 0.977616081889375 1 1 0.977369427144355 0.910649318616267 1 1
0.843343405068755 0.776160818893754 0.843528396127521 0.776160818893754 0.798544737004378 0.776160818893754 0.776160818893754 0.776160818893754 0.776160818893754 0.776160818893754 0.776160818893754 0.798760559906271 0.776160818893754 0.798452241474995 0.955417154837516 0.955417154837516 0.955417154837516 0.910279336498736 0.865634827649997 0.933156564099402 0.820866991428748 0.84315841400999 0.865511500277487 1 1 1 0.932940741197509 0.865542332120614 0.820866991428748 0.910556823086884 1 1 1 1 1 1 1 1 1 1 1 1 1 1 0.955355491151261 0.977616081889375 1 0.977369427144355 0.95498550903373 0.977369427144355 1 1 1 1 0.977616081889375 0.977369427144355 1 0.977369427144355 0.977369427144355 0.955355491151261 1 1
0.798637232533761 0.776160818893754 0.776160818893754 0.776160818893754 0.776160818893754 0.776160818893754 0.776160818893754 0.776160818893754 0.776160818893754 0.776160818893754 0.776160818893754 0.776160818893754 0.843312573225627 0.798452241474995 1 0.955417154837516 0.977801072948141 1 1 1 0.888049577603749 0.798668064376889 1 1 1 1 1 0.888234568662515 0.820866991428748 0.888234568662515 1 1 1 1 1 1 1 1 1 1 1 0.955139668249368 0.820866991428748 0.776160818893754 0.95498550903373 0.977369427144355 0.977369427144355 0.977369427144355 0.843312573225627 0.932786581981871 1 0.977369427144355 0.95498550903373 0.977616081889375 0.955355491151261 1 0.977369427144355 0.954893013504347 0.865542332120614 0.910464327557502 0.955355491151261 1
0.776160818893754 0.776160818893754 0.776160818893754 0.776160818893754 0.776160818893754 0.776160818893754 0.776160818893754 0.776160818893754 0.776160818893754 0.776160818893754 0.821144478016896 0.776160818893754 0.865511500277487 0.798452241474995 0.932909909354381 0.955417154837516 0.955417154837516 0.910649318616267 1 1 0.843250909539372 0.820866991428748 1 1 1 1 1 0.887802922858729 0.820866991428748 0.776160818893754 1 1 0.865542332120614 0.955417154837516 1 1 1 1 1 1 0.95510883640624 0.865758155022507 0.865758155022507 0.798668064376889 0.776160818893754 0.955170500092496 0.910001849910588 0.776160818893754 0.776160818893754 0.798421409631868 0.932385768021212 0.977400258987482 0.954769686131837 0.932385768021212 0.933156564099402 1 0.977369427144355 0.888018745760622 0.932879077511254 0.977616081889375 0.932385768021212 0.977400258987482
0.776160818893754 0.776160818893754 0.776160818893754 0.776160818893754 0.776160818893754 0.776160818893754 0.776160818893754 0.776160818893754 0.776160818893754 0.776160818893754 0.798359745945613 0.821021150644386 0.843250909539372 0.955417154837516 1 1 0.977801072948141 0.932786581981871 0.910649318616267 1 0.933156564099402 0.865758155022507 0.910310168341864 1 1 1 1 1 0.887802922858729 0.820866991428748 0.820866991428748 1 1 -9999 1 1 1 1 1 1 1 1 0.821051982487513 0.932786581981871 0.888388727878153 0.776160818893754 0.776160818893754 0.776160818893754 0.776160818893754 0.798668064376889 0.932385768021212 0.932755750138743 0.977400258987482 0.91009434543997 0.932478263550595 0.91009434543997 0.977400258987482 0.887895418388111 1 0.977616081889375 0.955355491151261 1
0.737559351298021 0.75695258062527 0.776160818893754 0.776160818893754 0.776160818893754 0.776160818893754 0.776160818893754 0.798668064376889 0.776160818893754 0.776160818893754 0.776160818893754 0.798421409631868 0.955417154837516 1 0.955417154837516 0.955417154837516 1 0.955417154837516 0.933125732256274 0.888018745760622 0.910525991243757 0.91086514151816 0.865758155022507 0.932786581981871 1 1 1 1 1 0.887802922858729 0.798668064376889 0.820866991428748 1 1 1 1 1 1 1 1 1 1 0.865758155022507 0.820866991428748 1 0.86572732317938 0.798668064376889 0.776160818893754 0.776160818893754 0.776160818893754 1 0.955355491151261 0.977616081889375 0.977616081889375 0.932478263550595 0.820651168526855 0.955139668249368 0.910495159400629 1 0.977616081889375 1 1
0.737559351298021 0.776160818893754 0.776160818893754 0.776160818893754 0.776160818893754 0.82095948695813 0.820866991428748 0.776160818893754 0.776160818893754 0.776160818893754 0.776160818893754 0.977801072948141 1 1 1 0.955417154837516 0.910618486773139 1 0.933156564099402 1 0.888018745760622 0.933156564099402 0.910310168341864 0.865758155022507 0.887802922858729 1 1 1 1 1 0.887802922858729 0.865758155022507 0.888049577603749 1 1 1 1 0.910279336498736 1 1 1 1 0.887987913917494 0.776160818893754 0.776160818893754 0.910525991243757 1 0.820866991428748 0.776160818893754 0.776160818893754 0.776160818893754 0.977616081889375 0.776160818893754 0.776160818893754 0.776160818893754 0.75695258062527 0.776160818893754 0.820651168526855 1 1 1 0.91086514151816
0.776160818893754 0.776160818893754 0.821144478016896 0.776160818893754 0.776160818893754 0.776160818893754 0.776160818893754 0.798668064376889 0.798421409631868 0.776160818893754 0.955417154837516 1 0.932909909354381 0.86572732317938 0.955540482210027 1 0.955540482210027 1 1 0.977739409261886 1 0.888018745760622 0.888234568662515 0.865758155022507 0.843250909539372 1 1 1 1 1 1 1 0.865511500277487 0.888388727878153 1 1 1 1 1 1 1 1 1 0.865758155022507 0.776160818893754 0.776160818893754 0.866035641610655 1 0.821144478016896 0.843343405068755 0.776160818893754 0.776160818893754 0.776160818893754 0.776160818893754 0.776160818893754 0.776160818893754 0.75695258062527 0.776160818893754 0.977708577418758 1 0.798668064376889 0.776160818893754
0.776160818893754 0.776160818893754 0.776160818893754 0.776160818893754 0.776160818893754 0.776160818893754 0.821144478016896 0.821144478016896 0.821051982487513 0.865388172904976 0.955447986680644 0.888018745760622 0.910525991243757 0.86572732317938 0.932848245668126 0.933156564099402 0.86572732317938 0.910556823086884 0.910649318616267 0.910556823086884 1 1 0.955355491151261 0.865758155022507 0.865758155022507 0.932786581981871 1 1 1 1 1 1 1 0.865758155022507 0.865758155022507 0.865511500277487 1 1 1 1 1 1 1 1 0.798668064376889 0.776160818893754 0.820866991428748 1 1 1 0.888573718936918 0.776160818893754 0.776160818893754 0.776160818893754 0.776160818893754 0.776160818893754 0.75695258062527 0.737559351298021 0.776160818893754 0.776160818893754 0.776160818893754 0.776160818893754
0.776160818893754 0.776160818893754 0.776160818893754 0.776160818893754 0.776160818893754 0.798668064376889 0.821144478016896 0.821051982487513 0.887926250231239 1 0.933156564099402 0.955417154837516 0.887802922858729 1 1 0.91086514151816 0.820866991428748 0.820866991428748 0.91086514151816 0.91086514151816 0.91086514151816 1 1 0.865758155022507 0.865758155022507 0.843250909539372 1 1 1 1 1 1 1 1 0.888388727878153 0.798359745945613 0.865758155022507 0.887802922858729 1 1 1 1 1 1 0.798668064376889 0.776160818893754 0.798668064376889 0.820866991428748 1 1 1 1 1 0.977739409261886 0.866282296355676 0.776160818893754 0.776160818893754 0.776160818893754 0.75695258062527 0.737559351298021 0.776160818893754 0.75695258062527
0.776160818893754 0.776160818893754 0.776160818893754 0.776160818893754 0.776160818893754 0.84315841400999 0.887926250231239 0.910649318616267 0.932940741197509 0.888049577603749 0.865542332120614 0.955324659308133 0.932940741197509 0.843250909539372 0.888388727878153 0.888388727878153 0.888234568662515 0.820866991428748 0.820866991428748 0.932940741197509 0.843343405068755 0.84315841400999 0.955417154837516 0.932879077511254 0.910649318616267 0.821051982487513 1 1 1 1 1 1 1 1 0.887802922858729 0.887802922858729 0.888388727878153 0.776160818893754 0.932786581981871 1 1 1 1 1 0.820866991428748 0.798421409631868 0.776160818893754 0.798668064376889 0.843466732441265 0.910525991243757 1 1 1 1 0.866282296355676 0.798544737004378 0.776160818893754 0.776160818893754 0.776160818893754 0.776160818893754 0.75695258062527 0.75695258062527
0.776160818893754 0.776160818893754 0.776160818893754 0.843250909539372 0.798668064376889 0.84340506875501 1 0.910680150459395 0.887802922858729 0.932940741197509 1 1 1 0.887802922858729 0.865758155022507 0.865758155022507 0.865758155022507 0.820866991428748 0.820651168526855 0.932786581981871 0.910310168341864 0.910433495714374 0.955417154837516 1 0.888018745760622 0.933033236726892 1 1 1 1 1 0.910525991243757 0.932817413824998 0.866035641610655 0.910525991243757 1 1 1 0.776160818893754 0.865758155022507 0.910310168341864 0.932940741197509 0.977523586359993 1 1 0.798421409631868 0.776160818893754 0.776160818893754 0.776160818893754 0.798760559906271 1 1 0.888758709995684 0.955447986680644 0.933156564099402 0.776160818893754 0.776160818893754 0.776160818893754 0.776160818893754 0.776160818893754 0.776160818893754 0.798544737004378
0.776160818893754 0.776160818893754 0.910649318616267 0.887802922858729 0.820866991428748 0.888018745760622 1 0.888049577603749 0.977523586359993 0.932940741197509 0.865511500277487 0.865758155022507 0.798668064376889 0.798668064376889 0.865758155022507 0.888388727878153 0.910649318616267 0.843466732441265 0.888018745760622 0.865511500277487 0.955139668249368 0.932786581981871 0.910310168341864 1 1 0.910618486773139 0.910495159400629 1 1 1 0.91086514151816 0.91086514151816 0.888234568662515 1 1 1 1 0.932786581981871 0.798668064376889 0.776160818893754 0.776160818893754 0.776160818893754 0.776160818893754 0.776160818893754 0.910649318616267 0.977616081889375 0.888018745760622 0.75695258062527 0.776160818893754 0.798668064376889 0.820866991428748 0.821391132761917 0.933249059628785 0.866282296355676 0.843682555343159 0.776160818893754 0.737559351298021 0.776160818893754 0.776160818893754 0.776160818893754 0.843528396127521 0.910957637047543
0.776160818893754 0.776160818893754 0.798668064376889 0.798668064376889 0.798668064376889 0.865542332120614 1 0.932940741197509 0.932509095393723 0.887802922858729 0.843250909539372 0.866097305296911 0.798668064376889 0.821267805389406 0.821391132761917 0.798760559906271 0.776160818893754 0.776160818893754 1 1 1 1 0.865511500277487 0.887987913917494 1 0.910495159400629 0.955447986680644 1 1 0.866374791885059 1 1 1 1 1 1 1 1 0.843435900598138 0.776160818893754 0.776160818893754 0.776160818893754 0.776160818893754 0.75695258062527 0.75695258062527 0.75695258062527 0.776160818893754 0.798668064376889 0.798421409631868 0.798668064376889 0.776160818893754 0.776160818893754 0.776160818893754 0.866282296355676 0.776160818893754 0.776160818893754 0.641148177838071 0.6558241351668 0.86585065055189 0.932786581981871 0.843651723500031 0.88841955972128
0.776160818893754 0.776160818893754 0.776160818893754 0.776160818893754 0.776160818893754 1 1 0.910680150459395 0.887802922858729 0.887802922858729 0.888388727878153 0.821391132761917 0.798791391749399 0.843590059813776 0.776160818893754 0.821391132761917 0.865511500277487 0.776160818893754 1 1 1 1 1 0.887987913917494 0.887987913917494 1 0.955324659308133 0.865943146081273 1 0.843898378245052 1 1 1 1 1 1 1 1 1 1 0.932817413824998 0.843466732441265 0.776160818893754 0.776160818893754 0.776160818893754 0.776160818893754 0.75695258062527 0.75695258062527 0.776160818893754 0.798668064376889 0.798668064376889 0.75695258062527 0.776160818893754 0.821051982487513 0.776160818893754 0.699297033976691 0.583276808287599 0.599031880125794 0.847690694949744 0.798668064376889 0.866035641610655 0.88841955972128
0.776160818893754 0.798421409631868 0.776160818893754 0.933156564099402 1 1 0.977616081889375 0.843250909539372 0.955139668249368 0.843220077696245 0.798760559906271 0.82095948695813 0.798791391749399 0.776160818893754 0.776160818893754 0.843590059813776 0.821391132761917 0.888388727878153 1 1 1 1 0.955509650366899 0.955447986680644 0.843466732441265 0.865943146081273 0.955324659308133 0.888573718936918 0.933156564099402 0.933156564099402 1 1 1 1 -9999 1 1 1 1 1 1 1 1 1 0.932909909354381 0.821391132761917 0.776160818893754 0.776160818893754 0.776160818893754 0.75695258062527 0.776160818893754 0.737559351298021 0.776160818893754 0.487790590121478 0.737559351298021 0.583276808287599 0.402417216501202 0.419189739162607 0.843343405068755 0.82095948695813 0.88841955972128 0.776160818893754
0.776160818893754 0.821267805389406 1 1 1 1 0.955417154837516 0.887802922858729 0.865511500277487 0.82095948695813 0.776160818893754 0.776160818893754 0.798544737004378 0.955447986680644 0.933249059628785 0.888111241290004 0.776160818893754 0.820866991428748 1 0.977708577418758 1 1 0.955447986680644 0.776160818893754 0.798668064376889 0.798668064376889 0.866097305296911 0.843497564284393 0.798791391749399 0.910957637047543 1 1 1 1 1 1 1 1 1 1 1 1 1 1 1 1 1 0.798791391749399 0.866097305296911 0.776160818893754 0.776160818893754 0.699297033976691 0.392551026700376 0.354134550163409 0.659616451871493 0.42221125978911 0.1322377751742 0.28436208916569 0.755842634272677 0.865542332120614 0.843250909539372 0.699297033976691
1 1 0.955417154837516 1 1 1 0.887802922858729 0.865511500277487 0.798760559906271 0.798760559906271 0.821391132761917 0.843775050872541 0.888481223407535 0.866066473453783 1 0.843435900598138 0.776160818893754 1 0.933002404883764 0.843590059813776 1 1 0.955447986680644 0.798791391749399 0.776160818893754 0.776160818893754 0.888357896035025 0.798791391749399 0.910957637047543 0.933249059628785 0.977739409261886 0.955447986680644 1 1 1 1 1 1 1 1 1 1 1 1 1 1 1 1 1 0.977739409261886 0.798544737004378 0.737559351298021 0.718135290127644 0.275328359129309 0.343990873774434 0.113584510082013 0.226953197262132 0.477184436085589 0.776160818893754 0.825060122094099 0.574428069309983 0.623728186470987
1 1 0.977616081889375 1 0.932940741197509 0.888018745760622 0.887802922858729 0.887802922858729 1 0.798760559906271 0.888450391564408 0.932724918295616 0.866282296355676 0.843435900598138 1 1 0.776160818893754 0.865788986865635 0.843466732441265 0.821175309860024 0.955447986680644 0.932909909354381 1 0.977739409261886 0.955540482210027 0.888357896035025 0.933156564099402 0.798791391749399 0.821175309860024 0.843775050872541 0.933249059628785 0.933156564099402 1 1 1 1 1 1 1 1 1 1 1 1 1 1 1 0.955447986680644 1 0.977739409261886 0.888481223407535 0.661466362459148 0.440617870136277 0.113337855336992 0.0939754578528705 0.0939754578528705 0.0943146081272739 0.695165566997595 0.776160818893754 0.786859468459025 0.659554788185238 0.623728186470987
0.910649318616267 0.865758155022507 0.843312573225627 0.888018745760622 0.776160818893754 0.798359745945613 0.865511500277487 1 1 0.798760559906271 0.776160818893754 0.776160818893754 0.821051982487513 0.798544737004378 1 0.955540482210027 0.776160818893754 0.756027625331442 0.887926250231239 0.977739409261886 1 0.798544737004378 0.8659739779244 0.933249059628785 0.977739409261886 0.910957637047543 0.933156564099402 0.955447986680644 0.933249059628785 0.933249059628785 0.910957637047543 0.888481223407535 0.910556823086884 1 1 1 1 1 1 1 1 1 1 1 1 1 1 0.977739409261886 0.977739409261886 0.955447986680644 0.75695258062527 0.584232595424555 0.188752543627058 0.132546093605476 0.0939754578528705 0.0564222729234754 0.0748905469568971 0.776160818893754 0.776160818893754 0.786859468459025 0.583276808287599 0.623728186470987
0.798760559906271 0.888388727878153 0.798359745945613 0.82095948695813 0.865511500277487 0.843220077696245 0.887802922858729 1 0.955324659308133 0.821391132761917 0.776160818893754 0.776160818893754 0.821051982487513 0.86585065055189 1 0.977739409261886 0.776160818893754 0.776160818893754 0.776160818893754 0.821144478016896 0.798760559906271 0.8659739779244 0.933249059628785 0.798791391749399 0.821175309860024 0.821175309860024 0.910957637047543 0.955447986680644 1 0.977739409261886 0.977739409261886 0.798791391749399 0.776160818893754 0.887926250231239 0.955447986680644 0.888481223407535 0.776160818893754 0.865943146081273 0.843744219029414 0.977708577418758 1 1 1 1 1 1 1 0.955447986680644 0.776160818893754 0.776160818893754 0.623728186470987 0.324628476290313 0.485694024788802 0.0939754578528705 0.0939754578528705 0.0564222729234754 0.232009619535056 0.776160818893754 0.776160818893754 0.74406487019794 0.584232595424555 0.662175494851082
