data-raw/DATASET_PNE_1/DATASET_PNE/a_DATA/PFGS/ENVSUIT_A1B/HS_f45_H8_notgraz.asc
NCOLS 619 
NROWS 782 
XLLCORNER 876826 
YLLCORNER 1947424 
CELLSIZE 100 
NODATA_value -9999 
[rows 182 to 207 of 782, columns 118 to 176 of 619]
0.296830594539642 0.39362663961947 -9999 -9999 -9999 0.198254555463791 -9999 0.198254555463791 0.345540761947632 0.374631393700838 0.394011855125427 0.394011855125427 0.403682161122561 0.466432886198163 0.413432167842984 0.394011855125427 0.345049291849136 0.227996066212654 0.21825934946537 0.187588006258011 0.178156793117523 0.0884407982230186 0.0481788478791714 0.0384554080665112 0.0190749447792768 0.00967030599713326 0 0 0 0 0 0 0 0 0 0 0 0 0 0 0 0 0 0 0 0 0 0 0 0 0 0 0 0 0 0 0 0 0
0.345580607652664 0.42445738054812 0.42445738054812 0.364575862884521 0.306075811386108 -9999 -9999 0.227996066212654 0.374631393700838 0.394011855125427 0.394011855125427 0.414255738258362 0.42392604239285 0.528824951499701 0.413432167842984 0.394011855125427 0.394011855125427 0.276905506849289 0.279615312814713 0.208403065800667 0.345540761947632 0.188597545027733 0.137881562113762 0.0579288527369499 0.0384554080665112 0.00967030599713326 0 0 0 0 0 0 0 0 0 0 0 0 0 0 0 0 0 0 0 0 0 0 0 0 0 0 0 0 0 0 0 0 0
0.364575862884521 0.47759092785418 0.488164493814111 0.394011855125427 0.394011855125427 -9999 0.345049291849136 0.374591529369354 0.436425715684891 0.404505729675293 0.403682161122561 0.487593309953809 0.465290496125817 0.51825138553977 0.413432167842984 0.394011855125427 0.394011855125427 0.417005389928818 0.368361622095108 0.267261773347855 0.374631393700838 0.374631393700838 0.374631393700838 0.148056641221046 0.0387742072343826 0.00967030599713326 0 0 0 0 0 0 0 0 0 0 0 0.0105735771358013 0 0 0 0 0 0 0 0 0 0 0 0 0 0 0 0 0 0 0 0 0
0.374206304550171 0.435150513425469 0.444634852930903 0.424683202058077 0.403682161122561 0.394011855125427 0.394011855125427 -9999 -9999 -9999 0.44527243822813 0.443200241774321 0.453880082815886 0.538442123681307 0.413432167842984 0.394011855125427 0.394011855125427 0.394011855125427 0.394011855125427 0.404505729675293 0.403682161122561 0.414362002164125 0.404505729675293 0.354892283678055 0.0481788478791714 0.00967030599713326 0 0 0 0 0 0 0 0 0 0 0.0307908933609724 0.00967030599713326 0.00967030599713326 0.0318137146532536 0 0 0 0 0 0 0 0 0 0 0 0 0 0 0 0 0 0 0
0.383996188640594 0.456403920426965 0.435309905558825 0.435363043099642 0.476528255268931 0.403682161122561 0.394011855125427 0.394011855125427 -9999 -9999 0.433543214574456 0.50677452608943 0.536502737551928 0.497104207053781 0.424948865547776 0.394011855125427 0.394011855125427 0.425745874643326 0.415198862552643 0.404704988002777 0.403682161122561 0.394011855125427 0.404704988002777 0.364961087703705 0.0387742072343826 0.00967030599713326 0 0 0 0 0 0 0 0 0 0 0.00967030599713326 0.0193007625639439 0.00967030599713326 0.0307908933609724 0 0 0 0 0 0 0 0 0 0 0 0 0 0 0 0 0 0 0
0.335392266511917 0.42445738054812 0.394011855125427 0.404638558626175 0.445856917649508 0.45544752292335 0.446003038436174 -9999 -9999 0.49504529684782 0.51734809204936 0.576140388846397 0.585890397429466 0.475080352276564 0.434752004221082 0.508501378819346 0.508501378819346 0.48942643404007 0.445830354467034 0.394011855125427 0.394011855125427 0.445830354467034 0.446999281644821 0.0676522925496101 0.00967030599713326 0.00967030599713326 0 0 0 0 0 0 0 0 0 0.00967030599713326 0.00967030599713326 0.0481788478791714 0.0287054013460875 0.0202173162251711 0 0 0 0 0 0 0 0 0 0 0 0 0 0 0 0 0 0 0
0.267314910888672 0.374591529369354 0.415198862552643 0.447012573480606 0.415012896060944 0.446003038436174 0.519074944779277 -9999 -9999 0.558991525322199 0.556109018623829 0.58320714533329 0.585890397429466 0.537379465997219 0.538442123681307 0.5076246522367 0.5076246522367 0.51825138553977 0.394011855125427 0.394011855125427 0.404505729675293 0.383996188640594 0.158059030771255 0.0821710377931595 0.00967030599713326 0 0 0 0 0 0 0 0.00967030599713326 0 0.00967030599713326 0.00967030599713326 0.0387742072343826 0.165125787258148 0.0577827356755733 0.0290507692843676 0.0202438831329346 0 0 0 0 0 0 0 0 0 0 0 0 0 0 0 0 0 0
0.218060091137886 0.257511764764786 0.354905545711517 0.394011855125427 0.394011855125427 0.436332732439041 0.488323915749788 0.538442123681307 0.537379465997219 0.585013672709465 0.632608070969582 0.614927887916565 0.574440106749535 0.547129470854998 0.557796020060778 0.547222454100847 0.537379465997219 0.452551744878292 0.5076246522367 0.394011855125427 0.374139904975891 0.227756962180138 0.0676522925496101 0.0511144772171974 0.00967030599713326 0 0 0 0 0 0.00967030599713326 0.00967030599713326 0.00967030599713326 0.00967030599713326 0.00967030599713326 0.0290507692843676 0.116349190473557 0.333213776350021 0.24309928715229 0.0879625976085663 0.0201641824096441 0 0 0 0 0 0 0 0 0 0 0 0 0 0 0 0 0 0
0.16857947409153 0.208217099308968 0.208190530538559 0.315932095050812 0.394011855125427 0.394011855125427 0.455407677218318 0.538442123681307 0.537379465997219 0.614170700311661 0.714460283517838 0.706397280097008 0.624797433614731 0.581666260957718 0.563082806766033 0.596889033913612 0.557796020060778 0.505552463233471 0.413432167842984 0.394011855125427 0.354719579219818 0.168473213911057 0.0387742072343826 0.0193007625639439 0.00967030599713326 0 0 0 0.00967030599713326 0.00967030599713326 0.00967030599713326 0.00967030599713326 0.00967030599713326 0.0307908933609724 0.0290507692843676 0.0870194733142853 0.272986888885498 0.394011855125427 0.363539755344391 0.135822638869286 0.0389070436358452 0.00967030599713326 0 0 0 0 0 0 0 0 0 0 0 0 0 0 0 0 0
0.05827422067523 0.168712303042412 0.188199043273926 0.267261773347855 0.384222000837326 0.394011855125427 0.446003038436174 0.538442123681307 0.537379465997219 0.595640406012535 0.706397280097008 0.682726263999939 0.73450493812561 0.755014479160309 0.755014479160309 0.634759977459908 0.586926490068436 0.443147104233503 0.413432167842984 0.394011855125427 0.286270290613174 0.137881562113762 0.0384554080665112 0.0193007625639439 0.00967030599713326 0.00967030599713326 0 0 0.00967030599713326 0.00967030599713326 0.00967030599713326 0.00967030599713326 0.0299938898533583 0.0290507692843676 0.0676522925496101 0.243524342775345 0.394011855125427 0.403682161122561 0.394011855125427 0.233256295323372 0.0387742072343826 0.00967030599713326 0 0 0 0 0 0 0 0 0 0 0 0 0 0 0 0 0
0.0485507808625698 0.0680242255330086 0.188199043273926 0.247655481100082 0.394011855125427 0.394011855125427 0.414189327508211 0.538442123681307 0.548046015202999 0.565686345100403 0.614927887916565 0.755014479160309 0.846948802471161 0.804734200239182 0.794877916574478 0.74517148733139 0.625594437122345 0.443147104233503 0.413432167842984 0.394011855125427 0.374139904975891 0.148123055696487 0.0481788478791714 0.0190749447792768 0.00967030599713326 0.00967030599713326 0.00967030599713326 0 0 0 0 0.00967030599713326 0.0387742072343826 0.244839400053024 0.373701542615891 0.394011855125427 0.394011855125427 0.403682161122561 0.403682161122561 0.302701830863953 0.0387742072343826 0 0 0 0 0 0 0 0 0 0 0 0 0 0 0 0 0 0
0.0190749447792768 0.05827422067523 0.178542017936707 0.208190530538559 0.374206304550171 0.394011855125427 0.394011855125427 0.465157683938742 0.517095733433962 0.516179166734219 0.514359347522259 0.696434736251831 0.794877916574478 0.815400749444962 0.794877916574478 0.764857470989227 0.593608051538467 0.443147104233503 0.413432167842984 0.394011855125427 0.383996188640594 0.237599954009056 0.0577827356755733 0.0384554080665112 0.0190749447792768 0.00967030599713326 0.00967030599713326 0.00967030599713326 0.00967030599713326 0.00967030599713326 0.00967030599713326 0.0384554080665112 0.244839400053024 0.39361335709691 0.394011855125427 0.394011855125427 0.403682161122561 0.394011855125427 0.394011855125427 0.213835969567299 0.0395446456968784 0 0 0 0 0 0 0 0 0 0 0 0 0 0 0 0 0 0
0.0190749447792768 0.0389203280210495 0.05827422067523 0.188199043273926 0.208190530538559 0.345248520374298 0.394011855125427 0.394011855125427 0.403682161122561 0.528824951499701 0.537379465997219 0.552309975028038 0.74517148733139 0.794877916574478 0.804734200239182 0.804734200239182 0.571836560964584 0.475000660866499 0.413432167842984 0.394011855125427 0.394011855125427 0.334914058446884 0.0976063311100006 0.0481788478791714 0.0384554080665112 0.00967030599713326 0.00967030599713326 0.00967030599713326 0.00967030599713326 0.00967030599713326 0.00967030599713326 0.0675327405333519 0.383371848613024 0.403682161122561 0.403682161122561 0.413432167842984 0.413432167842984 0.403682161122561 0.394011855125427 0.106599189341068 0.00967030599713326 0 0 0 0 0 0 0 0 0 0 0 0 0 0 0 0 0 0
0.0190749447792768 0.0190749447792768 0.0391461439430714 0.05827422067523 0.139063790440559 0.158550515770912 0.25715309381485 0.383996188640594 0.394011855125427 0.465901551768184 0.528824951499701 0.576259940862656 0.735208943486214 0.784636437892914 0.794492721557617 0.774713754653931 0.561967015266418 0.537379465997219 0.422836806625128 0.508501378819346 0.404704988002777 0.394011855125427 0.18846470117569 0.0577827356755733 0.0776281207799911 0.0579288527369499 0.0384554080665112 0.0384554080665112 0.0384554080665112 0.0481788478791714 0.0675327405333519 0.216997429728508 0.403682161122561 0.403682161122561 0.413432167842984 0.423036057502031 0.455726461485028 0.394011855125427 0.394011855125427 0.0975797697901726 0.00967030599713326 0.00967030599713326 0 0 0 0 0 0 0 0 0 0 0 0 0 0 0 0 0
0.0190749447792768 0.0190749447792768 0.00967030599713326 0.0485507808625698 0.0481788478791714 0.0785313919186592 0.188199043273926 0.3448765873909 0.394011855125427 0.394011855125427 0.486278261989355 0.567519463598728 0.653914630413055 0.774700462818146 0.764870762825012 0.734172850847244 0.593608051538467 0.525862742215395 0.465144392102957 0.444063659757376 0.477697202935815 0.394011855125427 0.3448765873909 0.117624402046204 0.168034851551056 0.147711277008057 0.0976063311100006 0.0675327405333519 0.0675327405333519 0.077402301132679 0.147777691483498 0.364748537540436 0.403682161122561 0.403682161122561 0.413432167842984 0.423036057502031 0.464241113513708 0.394011855125427 0.394011855125427 0.10751573741436 0.00967030599713326 0.00967030599713326 0 0 0 0 0 0 0 0 0 0 0 0 0 0 0 0 0
0.00967030599713326 0.00967030599713326 0.00967030599713326 0.00967030599713326 0.0190749447792768 0.0485507808625698 0.138133943080902 0.22754442691803 0.383996188640594 0.394011855125427 0.422836806625128 0.526752732694149 0.624797433614731 0.774700462818146 0.743617355823517 0.673720151185989 0.592213273048401 0.473034728318453 0.475837524980307 0.5076246522367 0.4457240793854 0.413963505998254 0.383996188640594 0.14781753718853 0.207845166325569 0.228142186999321 0.207885012030602 0.198028743267059 0.246938183903694 0.295621782541275 0.324978083372116 0.394011855125427 0.394011855125427 0.403682161122561 0.424112012609839 0.423036057502031 0.453667547553778 0.394011855125427 0.394011855125427 0.185090720653534 0.0384554080665112 0.00967030599713326 0 0 0 0 0 0 0 0 0 0 0 0 0 0 0 0 0
0.00967030599713326 0.00967030599713326 0.00967030599713326 0.00967030599713326 0.0190749447792768 0.0288249514997005 0.0881352797150612 0.227756962180138 0.394011855125427 0.394011855125427 0.413432167842984 0.546212896704674 0.603570580482483 0.784636437892914 0.754244059324265 0.744547173380852 0.601538226008415 0.534032046794891 0.516179166734219 0.486318107694387 0.475810941308737 0.445830354467034 0.394011855125427 0.237400710582733 0.308094888925552 0.328391909599304 0.356805086135864 0.394011855125427 0.394011855125427 0.446999281644821 0.394011855125427 0.394011855125427 0.446946144104004 0.394011855125427 0.413432167842984 0.495178129523993 0.43278606235981 0.413432167842984 0.40469169896096 0.394011855125427 0.155375793576241 0.0387742072343826 0.00967030599713326 0.0307908933609724 0 0 0 0 0 0 0 0 0 0 0 0 0 0 0
0.00967030599713326 0.00967030599713326 0.00967030599713326 0.00967030599713326 0.0190749447792768 0.0384554080665112 0.138133943080902 0.296538352966309 0.394011855125427 0.394011855125427 0.42304934002459 0.546212896704674 0.571703732013702 0.784636437892914 0.794492721557617 0.774713754653931 0.650713324546814 0.596676498651505 0.442057870328426 0.496944811195135 0.486450936645269 0.456403920426965 0.394011855125427 0.344823449850082 0.427525848150253 0.404505729675293 0.394011855125427 0.394011855125427 0.404505729675293 0.415278553962708 0.425772428512573 0.457612723112106 0.394011855125427 0.413432167842984 0.423036057502031 0.461531318724155 0.500318810343742 0.463417556136847 0.413432167842984 0.394011855125427 0.394011855125427 0.185648635029793 0.0780930370092392 0.0395446456968784 0.0202438831329346 0 0 0 0 0 0 0 0 0 0 0 0 0 0
0 0 0.00967030599713326 0.00967030599713326 0.0190749447792768 0.0481788478791714 0.168792009353638 0.325549274682999 0.394011855125427 0.394011855125427 0.42304934002459 0.545336201786995 0.571703732013702 0.784636437892914 0.784636437892914 0.764538675546646 0.68420073390007 0.562883540987968 0.463231585919857 0.486278261989355 0.50686752051115 0.466153927147388 0.403416493907571 0.374139904975891 0.457625985145569 0.456403920426965 0.446999281644821 0.425772428512573 0.445910045877099 0.415198862552643 0.394011855125427 0.403682161122561 0.413432167842984 0.423036057502031 0.452126678079367 0.530272841453552 0.561289548873901 0.481164164841175 0.423036057502031 0.413432167842984 0.394011855125427 0.333213776350021 0.146622031927109 0.0483780987560749 0.0201641824096441 0 0 0 0 0 0 0 0 0 0 0 0 0 0
0 0 0.00967030599713326 0.00967030599713326 0.00967030599713326 0.0787306427955627 0.207951441407204 0.383996188640594 0.394011855125427 0.413432167842984 0.516179166734219 0.596556946635246 0.60281340777874 0.764857470989227 0.784636437892914 0.743763446807861 0.694043725728989 0.583034455776215 0.463284723460674 0.516378421336412 0.4855742380023 0.443904247134924 0.404704988002777 0.394011855125427 0.456403920426965 0.445830354467034 0.456403920426965 0.446946144104004 0.476820476353168 0.486490782350302 0.422836806625128 0.422836806625128 0.463417556136847 0.492441758513451 0.63555696606636 0.68420073390007 0.703979700803757 0.540846437215805 0.432759497314692 0.413432167842984 0.394011855125427 0.394011855125427 0.282418102025986 0.0969554483890533 0.0290507692843676 0.0202438831329346 0 0 0 0 0 0 0 0 0 0 0 0 0
0 0 0.00967030599713326 0.00967030599713326 0.019420312717557 0.158550515770912 0.354719579219818 0.394011855125427 0.403761861845851 0.433543214574456 0.505552463233471 0.583964303135872 0.644576400518417 0.754695683717728 0.734690889716148 0.692808359861374 0.68420073390007 0.625594437122345 0.566629484295845 0.514518745243549 0.471214905381203 0.452060259878635 0.413432167842984 0.394011855125427 0.415278553962708 0.445910045877099 0.435177067294717 0.413432167842984 0.465144392102957 0.496054824441671 0.484484996646643 0.473034728318453 0.604394137859344 0.664727285504341 0.694043725728989 0.733415693044662 0.762971222400665 0.694043725728989 0.555378444492817 0.423036057502031 0.394011855125427 0.394011855125427 0.282803326845169 0.126099199056625 0.0290507692843676 0.0521107316017151 0 0 0 0 0 0 0 0 0 0 0 0 0
0 0 0 0.00967030599713326 0.0290507692843676 0.168792009353638 0.36435005068779 0.394011855125427 0.403761861845851 0.45345501974225 0.547129470854998 0.617398582398891 0.623429238796234 0.683470159769058 0.694043725728989 0.703900009393692 0.703900009393692 0.633444920182228 0.625594437122345 0.62592650949955 0.625594437122345 0.624199658632278 0.452060259878635 0.413432167842984 0.413432167842984 0.413432167842984 0.413432167842984 0.423036057502031 0.47377859801054 0.5250259116292 0.573390707373619 0.63555696606636 0.694043725728989 0.723678961396217 0.77314630150795 0.762971222400665 0.82533672451973 0.612922087311745 0.423036057502031 0.413432167842984 0.394011855125427 0.394011855125427 0.312943339347839 0.077402301132679 0.0384554080665112 0.00967030599713326 0 0 0 0 0 0 0 0 0 0 0 0 0
0 0 0 0.00967030599713326 0.019420312717557 0.107622005045414 0.266876548528671 0.394011855125427 0.403761861845851 0.432453978806734 0.463112019002438 0.547129470854998 0.616282775998116 0.645399957895279 0.694043725728989 0.703900009393692 0.6189925968647 0.68420073390007 0.644138053059578 0.664727285504341 0.703900009393692 0.703900009393692 0.654764756560326 0.491843998432159 0.471214905381203 0.471214905381203 0.490688353776932 0.551340311765671 0.583034455776215 0.63555696606636 0.694043725728989 0.713742986321449 0.762971222400665 0.8039770424366 0.813992708921432 0.78381285071373 0.723678961396217 0.615020856261253 0.433715898543596 0.424005733802915 0.415132433176041 0.394011855125427 0.312943339347839 0.077402301132679 0.0384554080665112 0.00967030599713326 0 0 0 0 0 0 0 0 0 0 0 0 0
0 0 0 0.00967030599713326 0.0202173162251711 0.0685821324586868 0.188199043273926 0.383996188640594 0.394011855125427 0.403761861845851 0.432453978806734 0.432453978806734 0.442057870328426 0.585930243134499 0.63555696606636 0.645134299993515 0.694043725728989 0.693366259336472 0.694043725728989 0.674238204956055 0.703900009393692 0.764153450727463 0.724741637706757 0.68420073390007 0.674238204956055 0.68420073390007 0.68420073390007 0.68420073390007 0.703900009393692 0.713742986321449 0.762971222400665 0.79331049323082 0.79331049323082 0.853431105613708 -9999 0.82533672451973 0.693392843008041 0.551446557044983 0.463417556136847 0.475824233144522 0.404585421085358 0.425825566053391 0.373595267534256 0.233641505241394 0.0675327405333519 0.00967030599713326 0.00967030599713326 0 0 0 0 0 0 0 0 0 0 0 0
0 0 0 0.00967030599713326 0.00967030599713326 0.019420312717557 0.0584734715521336 0.159387364983559 0.394011855125427 0.394011855125427 0.394011855125427 0.394011855125427 0.403761861845851 0.432653229683638 0.471214905381203 0.584097124636173 0.623601913452148 0.653795063495636 0.68420073390007 0.703900009393692 0.743178963661194 0.823742747306824 0.834369450807571 0.762971222400665 -9999 -9999 -9999 0.79331049323082 0.79331049323082 0.79331049323082 0.79331049323082 0.79331049323082 0.79331049323082 0.79331049323082 0.83480778336525 0.77314630150795 0.682008981704712 0.600130185484886 0.563109382987022 0.432759497314692 0.455726461485028 0.394011855125427 0.404585421085358 0.323118418455124 0.135822638869286 0.0481788478791714 0.00967030599713326 0 0 0 0 0 0 0 0 0 0 0 0
0 0 0 0.00967030599713326 0.00967030599713326 0.00967030599713326 0.00967030599713326 0.0387742072343826 0.149318560957909 0.266929686069489 0.374139904975891 0.394011855125427 0.394011855125427 0.403761861845851 0.442057870328426 0.471214905381203 0.594723828136921 0.591774940490723 0.684227302670479 0.703900009393692 0.744427621364594 0.773637801408768 0.802117377519608 0.884647071361542 0.894011855125427 -9999 -9999 0.894011855125427 -9999 -9999 -9999 0.855609565973282 0.79331049323082 0.665696978569031 0.703195989131927 0.702531814575195 0.713822692632675 0.703900009393692 0.593767434358597 0.595866218209267 0.423036057502031 0.403761861845851 0.394011855125427 0.363446772098541 0.263529121875763 0.0387742072343826 0.030937010422349 0 0 0 0 0 0 0 0 0 0 0 0
