data-raw/DATASET_PNE_1/DATASET_PNE/a_DATA/PFGS/ENVSUIT_A1B/HS_f30_P1_ubacPion.asc
NCOLS 619 
NROWS 782 
XLLCORNER 876826 
YLLCORNER 1947424 
CELLSIZE 100 
NODATA_value -9999 
[rows 330 to 362 of 782, columns 518 to 591 of 619]
0.678436851687201 0.820398831449257 1 1 1 1 1 1 1 1 1 1 1 1 1 1 1 0.94593335873661 0.80265887632838 0.434523053473898 0.278927981709641 0.278927981709641 0.260806977433422 0.208730259536814 0.156992252000508 0 0.0265040856937212 0.0265040856937212 0.0265040856937212 0.025784326178077 0 -9999 -9999 -9999 -9999 -9999 -9999 -9999 -9999 -9999 -9999 -9999 -9999 -9999 -9999 -9999 -9999 -9999 -9999 -9999 -9999 -9999 -9999 -9999 -9999 -9999 -9999 -9999 -9999 -9999 -9999 -9999 -9999 -9999 -9999 -9999 -9999 -9999 -9999 -9999 -9999 -9999 -9999 -9999
0.27029086752191 0.749142639400483 1 1 1 1 1 1 1 1 1 1 1 1 1 1 1 0.928193403615733 0.713662729158728 0.378508827638765 0.278927981709641 0.278927981709641 0.278927981709641 0.156865235615394 0 0 0.052754138617215 0 0 0 0 0 -9999 -9999 -9999 -9999 -9999 -9999 -9999 -9999 -9999 -9999 -9999 -9999 -9999 -9999 -9999 -9999 -9999 -9999 -9999 -9999 -9999 -9999 -9999 -9999 -9999 -9999 -9999 -9999 -9999 -9999 -9999 -9999 -9999 -9999 -9999 -9999 -9999 -9999 -9999 -9999 -9999 -9999
0.678436851687201 0.749142639400483 1 1 1 1 1 1 1 1 1 1 1 1 1 1 1 1 0.49557559591854 0.278927981709641 0.315678055802532 0.25280494517126 0.25280494517126 0.201024598839917 0.0262500529234938 0.0787501587704814 0 0.0522884118717981 0.025784326178077 0 0 0 -9999 0 0 -9999 -9999 -9999 -9999 -9999 -9999 -9999 -9999 -9999 -9999 -9999 -9999 -9999 -9999 -9999 -9999 -9999 -9999 -9999 -9999 -9999 -9999 -9999 -9999 -9999 -9999 -9999 -9999 -9999 -9999 -9999 -9999 -9999 -9999 -9999 -9999 -9999 -9999 -9999
0.767094288496549 0.749142639400483 0.856429146026504 1 1 1 1 1 1 1 1 1 1 1 1 1 0.982260044879123 0.678690884457428 0.456073500148186 0.391633854100512 0.408103645370253 0.25280494517126 0.25280494517126 0.123163554765231 0.201193954020069 0 0.025784326178077 0.025784326178077 0.025784326178077 0 0 0 0 0.0522884118717981 0.0522884118717981 0.130615182691901 -9999 0.0265040856937212 -9999 -9999 -9999 -9999 -9999 -9999 -9999 -9999 -9999 -9999 -9999 -9999 -9999 -9999 -9999 -9999 -9999 -9999 -9999 -9999 -9999 -9999 -9999 -9999 -9999 -9999 -9999 -9999 -9999 -9999 -9999 -9999 -9999 -9999 -9999 -9999
0.767094288496549 0.749142639400483 0.820398831449257 0.94593335873661 1 1 1 1 1 1 1 1 1 1 1 1 0.803547991024175 0.73271518692578 0.603412506880054 0.48452517041365 0.408103645370253 0.315932088572759 0.25280494517126 0.174943901096575 0.25280494517126 0.131207925822431 0 0.0783691096151403 0.025784326178077 0.025784326178077 0 0 0.0522884118717981 0.0785384647952919 0.104534484948558 0.052754138617215 0.052754138617215 0.104788517718786 0.182607222998433 -9999 -9999 -9999 -9999 -9999 -9999 -9999 -9999 -9999 -9999 -9999 -9999 -9999 -9999 -9999 -9999 -9999 -9999 -9999 -9999 -9999 -9999 -9999 -9999 -9999 -9999 -9999 -9999 -9999 -9999 -9999 -9999 -9999 -9999 -9999
0.784918921207503 0.767094288496549 0.767094288496549 1 1 1 1 1 1 1 1 1 1 1 1 1 0.838435158135399 1 0.786527795418942 0.603412506880054 0.427833523857911 0.278927981709641 0.278927981709641 0.278927981709641 0.25280494517126 0.260806977433422 0.025784326178077 0.130615182691901 0.025784326178077 0.025784326178077 0.025784326178077 0.0522884118717981 0.104534484948558 0.130615182691901 0.2086032431517 0.234683940895042 0.208433887971548 0.182437867818282 0.234683940895042 0.234683940895042 -9999 -9999 -9999 -9999 -9999 -9999 -9999 -9999 -9999 -9999 -9999 -9999 -9999 -9999 -9999 -9999 -9999 -9999 -9999 -9999 -9999 -9999 -9999 -9999 -9999 -9999 -9999 -9999 -9999 -9999 -9999 -9999 -9999 -9999
0.767094288496549 0.80265887632838 0.820398831449257 1 1 1 1 1 1 1 1 1 1 1 1 1 1 0.982133028494009 1 0.750793852406961 0.58380964477751 0.382319319192176 0.271603370168085 0.278927981709641 0.278927981709641 0.234683940895042 0.025784326178077 0.104788517718786 0.0522884118717981 0.0785384647952919 0.0522884118717981 0 0 0.156865235615394 0.234683940895042 0.260806977433422 0.25280494517126 0.25280494517126 0.25280494517126 0.278927981709641 0.234683940895042 -9999 -9999 -9999 -9999 -9999 -9999 -9999 -9999 -9999 -9999 -9999 -9999 -9999 -9999 -9999 -9999 -9999 -9999 -9999 -9999 -9999 -9999 -9999 -9999 -9999 -9999 -9999 -9999 -9999 -9999 -9999 -9999 -9999
0.483763072102968 0.820398831449257 1 1 1 1 1 1 1 1 1 1 1 1 1 1 1 1 0.982260044879123 0.642914602650409 0.491934459545281 0.390151996274186 0.316440154113214 0.278927981709641 0.25280494517126 0.130572843896863 0.234683940895042 0.234683940895042 0.234683940895042 0.23472627969008 0.156568864050129 0.0785384647952919 0.2086032431517 0.157288623565773 0.260806977433422 0.260806977433422 0.234683940895042 0.25280494517126 0.25280494517126 0.25280494517126 0.25280494517126 0.25280494517126 -9999 -9999 -9999 -9999 -9999 -9999 -9999 -9999 -9999 -9999 -9999 -9999 -9999 -9999 -9999 -9999 -9999 -9999 -9999 -9999 -9999 -9999 -9999 -9999 -9999 -9999 -9999 -9999 -9999 -9999 -9999 -9999
0.244506541343833 0.749142639400483 1 1 1 1 1 1 1 1 1 1 1 1 1 1 1 1 0.982133028494009 0.874084423557306 0.397137897455438 0.278927981709641 0.278927981709641 0.278927981709641 0.25280494517126 0.25280494517126 0.25280494517126 0.260806977433422 0.260806977433422 0.260806977433422 0.260806977433422 0.182607222998433 0.260806977433422 0.260806977433422 0.260806977433422 0.260806977433422 0.278927981709641 0.260806977433422 0.25280494517126 0.25280494517126 0.25280494517126 0.25280494517126 0.25280494517126 -9999 -9999 -9999 -9999 -9999 -9999 -9999 -9999 -9999 -9999 -9999 -9999 -9999 -9999 -9999 -9999 -9999 -9999 -9999 -9999 -9999 -9999 -9999 -9999 -9999 -9999 -9999 -9999 -9999 -9999 -9999
0.309919979677378 0.302764723315974 1 1 1 1 1 1 1 1 1 1 1 1 1 1 1 1 1 0.94593335873661 0.640247258563021 0.378508827638765 0.278927981709641 0.278927981709641 0.25280494517126 0.25280494517126 0.278927981709641 0.25280494517126 0.278927981709641 0.260806977433422 0.260806977433422 0.260806977433422 0.278927981709641 0.260806977433422 0.260806977433422 0.278927981709641 0.513400228629493 0.412676235234345 0.335069223929887 0.278927981709641 0.278927981709641 0.334899868749735 0.271434014987933 0.271434014987933 -9999 -9999 -9999 -9999 -9999 -9999 -9999 -9999 -9999 -9999 -9999 -9999 -9999 -9999 -9999 -9999 -9999 -9999 -9999 -9999 -9999 -9999 -9999 -9999 -9999 -9999 -9999 -9999 -9999 -9999
0.713874423133918 0.856429146026504 1 1 1 1 1 1 1 1 1 1 1 1 1 1 1 1 1 0.982133028494009 0.80265887632838 0.416740759557983 0.297557051526314 0.278927981709641 0.371480587662475 0.353020873025954 0.297557051526314 0.260806977433422 0.278927981709641 0.278927981709641 0.316355476523138 0.440450484779203 0.500148185782633 0.578940683348152 0.49557559591854 0.624962953554342 0.732842203310894 0.660612218976248 0.493585672551759 0.456073500148186 0.297557051526314 0.297726406706465 0.289809052034379 0.25280494517126 0.130361149921673 -9999 -9999 -9999 -9999 -9999 -9999 -9999 -9999 -9999 -9999 -9999 -9999 -9999 -9999 -9999 -9999 -9999 -9999 -9999 -9999 -9999 -9999 -9999 -9999 -9999 -9999 -9999 -9999 -9999
0.191244337186164 0.89207841144841 1 0.820398831449257 1 1 1 1 1 1 1 1 1 1 1 1 1 1 1 1 0.874084423557306 0.533087768322114 0.569922520005081 0.58380964477751 0.297557051526314 0.397137897455438 0.49557559591854 0.49557559591854 0.49557559591854 0.49557559591854 0.533087768322114 0.53135187772556 0.49557559591854 0.768025741987383 0.784791904822389 0.822134722045811 0.820398831449257 0.80265887632838 0.804648799695161 0.49557559591854 0.456073500148186 0.278927981709641 0.389728608323807 0.271434014987933 0.182395529023244 -9999 -9999 -9999 -9999 -9999 -9999 -9999 -9999 -9999 -9999 -9999 -9999 -9999 -9999 -9999 -9999 -9999 -9999 -9999 -9999 -9999 -9999 -9999 -9999 -9999 -9999 -9999 -9999 -9999
0.206697997374995 0.89207841144841 1 0.820398831449257 1 1 1 1 1 1 1 1 1 1 1 1 1 1 1 1 1 0.642914602650409 0.621067784410856 0.622253270671917 0.603116135314789 0.621067784410856 0.639188788687074 1 1 0.928024048435582 1 0.982133028494009 0.982133028494009 1 1 1 0.891993733858334 0.874084423557306 1 1 0.624666581989077 0.297557051526314 0.278927981709641 0.40052500105847 -9999 -9999 -9999 -9999 -9999 -9999 -9999 -9999 -9999 -9999 -9999 -9999 -9999 -9999 -9999 -9999 -9999 -9999 -9999 -9999 -9999 -9999 -9999 -9999 -9999 -9999 -9999 -9999 -9999 -9999
0.018248020661332 0.820398831449257 1 0.820398831449257 0.927727676870316 1 1 1 1 1 1 1 1 1 1 1 1 1 1 1 1 1 0.982133028494009 0.852660993268132 0.763029764172912 1 1 1 1 1 1 1 1 1 1 1 1 1 1 1 0.742707142554723 0.49557559591854 0.377281002582667 0.278927981709641 -9999 -9999 -9999 -9999 -9999 -9999 -9999 -9999 -9999 -9999 -9999 -9999 -9999 -9999 -9999 -9999 -9999 -9999 -9999 -9999 -9999 -9999 -9999 -9999 -9999 -9999 -9999 -9999 -9999 -9999
0.117701850205343 0.820398831449257 1 0.678436851687201 0.820398831449257 1 1 1 1 1 1 1 1 1 1 1 1 1 1 1 1 1 1 1 1 1 1 1 1 1 1 1 1 1 1 1 1 1 1 1 0.891993733858334 0.621237139591007 0.49557559591854 0.437444430331513 0.0961514035310555 -9999 -9999 -9999 -9999 -9999 -9999 -9999 -9999 -9999 -9999 -9999 -9999 -9999 -9999 -9999 -9999 -9999 -9999 -9999 -9999 -9999 -9999 -9999 -9999 -9999 -9999 -9999 -9999 -9999
0 0.820398831449257 1 0.767094288496549 0.749142639400483 0.94593335873661 1 1 1 1 1 1 1 1 1 1 1 1 1 1 1 1 1 1 1 1 1 1 1 1 1 1 1 1 1 1 1 1 1 1 1 0.891993733858334 0.713662729158728 0.624962953554342 0.332782928997841 -9999 -9999 -9999 -9999 -9999 -9999 -9999 -9999 -9999 -9999 -9999 -9999 -9999 -9999 -9999 -9999 -9999 -9999 -9999 -9999 -9999 -9999 -9999 -9999 -9999 -9999 -9999 -9999 -9999
0 0.767094288496549 0.820398831449257 0.678436851687201 0.154324907913121 0.492273169905585 0.927727676870316 0.964054363012829 1 0.982133028494009 1 1 1 1 1 1 1 1 1 1 1 1 1 1 1 1 1 1 1 1 1 1 1 1 1 1 1 1 1 1 1 0.94593335873661 0.874084423557306 0.642914602650409 0.513400228629493 -9999 -9999 -9999 -9999 -9999 -9999 -9999 -9999 -9999 -9999 -9999 -9999 -9999 -9999 -9999 -9999 -9999 -9999 -9999 -9999 -9999 -9999 -9999 -9999 -9999 -9999 -9999 -9999 -9999
0 0.388246750497481 0.820398831449257 0.678436851687201 0.400482662263432 0.678436851687201 0.820398831449257 0.820398831449257 0.856429146026504 0.89207841144841 1 1 1 1 1 1 1 1 1 1 1 1 1 1 1 1 1 1 0.642914602650409 0.892544138193827 0.874338456327533 1 1 1 1 1 1 1 1 1 1 0.982133028494009 0.928193403615733 0.822515771201152 0.696854227528685 -9999 -9999 -9999 -9999 -9999 -9999 -9999 -9999 -9999 -9999 -9999 -9999 -9999 -9999 -9999 -9999 -9999 -9999 -9999 -9999 -9999 -9999 -9999 -9999 -9999 -9999 -9999 -9999 -9999
0 0 0.678436851687201 0.767094288496549 0.767094288496549 0.767094288496549 0.820398831449257 0.820398831449257 0.820398831449257 0.838435158135399 1 1 1 1 1 1 1 1 1 1 1 1 1 1 1 1 1 0.460265040856937 0.423768999534273 0.590541513188535 0.731487361869681 0.94593335873661 1 1 1 1 1 1 1 1 1 1 1 0.857656971082603 0.732842203310894 0.786527795418942 -9999 -9999 -9999 -9999 -9999 -9999 -9999 -9999 -9999 -9999 -9999 -9999 -9999 -9999 -9999 -9999 -9999 -9999 -9999 -9999 -9999 -9999 -9999 -9999 -9999 -9999 -9999 -9999
0 0 0 0.191244337186164 0.820398831449257 0.820398831449257 0.820398831449257 0.820398831449257 0.820398831449257 0.820398831449257 0.94593335873661 1 1 1 1 1 1 1 1 1 1 1 1 1 1 1 1 0.423768999534273 0.434565392268936 0.40835767814048 1 1 1 1 1 1 1 1 1 1 1 1 1 0.660950929336551 0.78657013421398 0.750963207587112 -9999 -9999 -9999 -9999 -9999 -9999 -9999 -9999 -9999 -9999 -9999 -9999 -9999 -9999 -9999 -9999 -9999 -9999 -9999 -9999 -9999 -9999 -9999 -9999 -9999 -9999 -9999 -9999
1 0.642914602650409 0.400906050213811 0.696007451627927 0.180574960836615 0.80265887632838 0.820398831449257 0.820398831449257 0.820398831449257 0.820398831449257 0.94593335873661 1 1 1 1 1 1 1 1 1 1 1 1 1 1 1 0.538761166857191 0.434861763834201 1 1 1 1 1 1 1 1 1 1 1 1 0.982133028494009 1 1 1 0.73271518692578 0.96443541216817 1 -9999 -9999 -9999 -9999 -9999 -9999 -9999 -9999 -9999 -9999 -9999 -9999 -9999 -9999 -9999 -9999 -9999 -9999 -9999 -9999 -9999 -9999 -9999 -9999 -9999 -9999 -9999
0.660823912951437 0.892840509759092 0.59062619077861 0.96443541216817 1 0.135949870866675 0.749142639400483 0.678436851687201 0.767094288496549 0.820398831449257 0.964054363012829 1 1 1 1 1 1 1 1 1 1 1 1 1 1 1 1 1 1 1 1 1 1 1 1 1 1 1 1 1 1 1 1 1 1 0.803844362589441 1 -9999 -9999 -9999 -9999 -9999 -9999 -9999 -9999 -9999 -9999 -9999 -9999 -9999 -9999 -9999 -9999 -9999 -9999 -9999 -9999 -9999 -9999 -9999 -9999 -9999 -9999 -9999
0.67886023963758 0.96443541216817 1 1 1 0.927727676870316 0 0.165460011008087 0.642914602650409 0.749142639400483 0.767094288496549 1 1 0.973495914306279 1 1 1 1 0.982133028494009 0.982133028494009 1 1 1 1 1 1 1 1 1 1 1 1 1 1 1 1 1 1 1 1 1 0.982133028494009 1 1 1 1 1 -9999 -9999 -9999 -9999 -9999 -9999 -9999 -9999 -9999 -9999 -9999 -9999 -9999 -9999 -9999 -9999 -9999 -9999 -9999 -9999 -9999 -9999 -9999 -9999 -9999 -9999 -9999
1 1 1 1 1 1 0.330242601295567 0.0546593843939201 0.165460011008087 0.191456031161353 0.128540581735044 0.564630170625344 1 1 1 1 1 0.820398831449257 1 1 1 1 1 1 1 1 1 1 1 1 1 1 1 1 1 1 1 1 1 1 1 0.94593335873661 1 1 1 1 1 -9999 -9999 -9999 -9999 -9999 -9999 -9999 -9999 -9999 -9999 -9999 -9999 -9999 -9999 -9999 -9999 -9999 -9999 -9999 -9999 -9999 -9999 -9999 -9999 -9999 -9999 -9999
1 1 1 1 1 1 0.973495914306279 1 0.94593335873661 0.820398831449257 0.395444345653923 0 0.820398831449257 1 1 1 1 1 1 1 1 1 1 1 1 1 1 1 1 1 1 1 1 1 1 1 1 1 1 1 1 1 1 1 1 1 1 1 -9999 -9999 -9999 -9999 -9999 -9999 -9999 -9999 -9999 -9999 -9999 -9999 -9999 -9999 -9999 -9999 -9999 -9999 -9999 -9999 -9999 -9999 -9999 -9999 -9999 -9999
1 1 1 0.768449129937762 1 1 1 1 1 1 1 1 0.244718235319023 0.909818366569287 0.820398831449257 0.820398831449257 0.974215673821923 1 1 1 1 1 1 1 1 1 1 1 1 1 1 1 1 1 1 1 1 0.973495914306279 1 1 1 1 1 1 1 1 1 1 1 1 -9999 -9999 -9999 -9999 -9999 -9999 -9999 -9999 -9999 -9999 -9999 -9999 -9999 -9999 -9999 -9999 -9999 -9999 -9999 -9999 -9999 -9999 -9999 -9999
1 1 1 1 0.9111732080105 0.946695457047292 1 1 0.974003979846733 1 1 1 0.264532791396757 0.874338456327533 0.80265887632838 0.820398831449257 0.982133028494009 1 1 1 1 1 1 1 1 1 1 1 1 1 1 1 1 1 1 1 1 1 1 1 1 1 1 1 1 0.94593335873661 1 1 1 1 1 -9999 -9999 -9999 -9999 -9999 -9999 -9999 -9999 -9999 -9999 -9999 -9999 -9999 -9999 -9999 -9999 -9999 -9999 -9999 -9999 -9999 -9999 -9999
1 1 1 1 1 1 1 1 1 1 1 1 1 0.270968288242517 0.820398831449257 0.768364452347686 0.838435158135399 1 1 1 1 1 1 1 1 1 1 1 1 1 1 1 1 1 1 1 1 1 1 1 1 1 1 1 1 1 1 1 1 1 1 -9999 -9999 -9999 -9999 -9999 -9999 -9999 -9999 -9999 -9999 -9999 -9999 -9999 -9999 -9999 -9999 -9999 -9999 -9999 -9999 -9999 -9999 -9999
1 1 1 1 1 1 1 1 1 1 1 1 1 0.244718235319023 0.270968288242517 0.716203056861002 0.874338456327533 1 1 1 1 1 1 1 1 1 1 1 1 1 1 1 1 1 1 1 1 1 1 1 1 1 1 1 1 1 1 1 1 1 1 -9999 -9999 -9999 -9999 -9999 -9999 -9999 -9999 -9999 -9999 -9999 -9999 -9999 -9999 -9999 -9999 -9999 -9999 -9999 -9999 -9999 -9999 -9999
0.973749947076506 1 1 0.921842584360049 1 1 1 1 1 1 1 1 1 1 0.661543672467082 0 0.109826834328295 0.94593335873661 1 1 1 1 1 1 1 1 1 1 1 1 1 1 1 1 1 1 0.948050298488505 1 1 1 1 1 1 1 1 1 1 1 1 1 1 1 -9999 -9999 -9999 -9999 -9999 -9999 -9999 -9999 -9999 -9999 -9999 -9999 -9999 -9999 -9999 -9999 -9999 -9999 -9999 -9999 -9999 -9999
1 1 0.973749947076506 1 1 1 1 1 1 1 1 1 1 1 1 0.830433125873238 0.0546593843939201 0 0.646471061433592 1 1 0.974215673821923 1 1 1 1 1 1 1 1 0.974215673821923 0.974215673821923 0.974215673821923 1 0.974215673821923 0.921800245565011 0.585841906939328 0.708031669418688 0.974215673821923 1 1 1 1 0.981455607773403 0.981455607773403 1 1 1 1 1 1 1 -9999 -9999 -9999 -9999 -9999 -9999 -9999 -9999 -9999 -9999 -9999 -9999 -9999 -9999 -9999 -9999 -9999 -9999 -9999 -9999 -9999 -9999
0.912443371861637 0.974215673821923 0.948007959693467 1 1 0.947626910538126 1 1 1 1 1 1 1 1 1 1 1 0.662813836318218 0.165460011008087 0.165460011008087 0 0 0.091578813666963 0.217790761674923 0.19171006393158 1 1 1 1 0.974215673821923 0.974215673821923 1 1 0.920106693763496 0.716203056861002 0.662729158728143 0.610610102036496 0.662686819933105 0.664211016554469 0.938227698039714 1 1 1 1 1 1 1 1 1 1 1 1 1 1 0.973495914306279 -9999 -9999 -9999 -9999 -9999 -9999 -9999 -9999 -9999 -9999 -9999 -9999 -9999 -9999 -9999 -9999 -9999 -9999 -9999
1 1 1 0.974215673821923 0.786316101443753 0.860070282399763 1 1 1 1 1 1 1 0.974003979846733 1 0.948177314873619 1 1 0.901901011897201 0.165460011008087 0.165460011008087 0.165460011008087 0.091578813666963 0 0 0 0 0.664211016554469 0.90393327405902 0.708031669418688 0.752275710233287 0.742453109784496 0.662729158728143 0.250095262288835 0.531224861340446 0.610906473601761 0.627164570896312 0.440408145984165 0.505313518777256 0.663025530293408 0.505101824802066 0.566874126762352 0.974173335026885 1 1 1 1 1 1 1 1 1 1 1 1 -9999 -9999 -9999 -9999 -9999 -9999 -9999 -9999 -9999 -9999 -9999 -9999 -9999 -9999 -9999 -9999 -9999 -9999 -9999
