data-raw/DATASET_PNE_1/DATASET_PNE/a_DATA/PFGS/ENVSUIT_A1B/HS_f15_P3_ubac2.asc
NCOLS 619 
NROWS 782 
XLLCORNER 876826 
YLLCORNER 1947424 
CELLSIZE 100 
NODATA_value -9999 
[rows 392 to 419 of 782, columns 192 to 255 of 619]
0.924213111400604 0.957522004842758 0.954921305179596 0.966907829046249 0.990580826997757 0.990580826997757 0.966907829046249 0.772255927324295 0.632468670606613 0.320868894457817 0.320868894457817 0.311333015561104 0.320868894457817 0.34459188580513 0.404474519193172 0.526307016611099 0.60441118478775 0.746349036693573 0.92508003115654 0.943735003471375 0.849376499652863 1 1 0.990630835294724 1 0.981261670589447 1 0.754884630441666 0.749766618013382 0.597459316253662 0.714240461587906 0.955271393060684 1 1 1 0.990697532892227 0.878017455339432 0.737029880285263 0.595008671283722 0.538210183382034 0.311333015561104 0.302113890647888 0.211873166263103 0.276357017457485 0.138553619384766 0.191234335303307 0.159875974059105 0.0118865026161075 0.12423312664032 0.226543739438057 0.269371829926968 0.264287143945694 0.283175528049469 0.273756325244904 0.264287143945694 0.254734605550766 0.245448783040047 0.254734605550766 0.330421447753906 0.429814614355564 0.434065744280815 0.330471470952034 0.405808225274086 0.396389022469521
0.808065474033356 0.957622021436691 0.981295019388199 0.990580826997757 1 1 1 0.765154033899307 0.583222180604935 0.375616826117039 0.320868894457817 0.332788739353418 0.344675242900848 0.404507867991924 0.557248592376709 0.623266220092773 0.765170723199844 0.746449053287506 0.887219935655594 0.71790811419487 0.943735003471375 1 1 1 0.943735003471375 1 0.912526667118073 0.773339569568634 0.709439188241959 0.651973843574524 0.850226700305939 0.98811349272728 1 1 1 1 0.849976658821106 0.651790469884872 0.566734462976456 0.406858488917351 0.394755259156227 0.245082020759583 0.126667112112045 0.224243134260178 0.0118865026161075 0.0118865026161075 0 0 0 0.17177914083004 0.226910516619682 0.245415449142456 0.254967987537384 0.254734605550766 0.254734605550766 0.254734605550766 0.0981428399682045 0.245415449142456 0.245415449142456 0.27380633354187 0.321035623550415 0.320885583758354 0.311499729752541 0.283275544643402
0.810732871294022 0.952854096889496 0.954904645681381 0.990580826997757 1 1 1 1 0.803047478199005 0.499633237719536 0.351693782955408 0.375516809523106 0.420845568180084 0.660726189613342 0.746148973703384 0.765170723199844 0.896939188241959 0.774556547403336 0.981261670589447 0.896422356367111 1 1 1 0.988080143928528 1 0.931465029716492 0.687900125980377 0.739697247743607 0.645155370235443 0.740847557783127 0.945852220058441 1 1 1 0.976226985454559 0.966707795858383 0.831271648406982 0.660959601402283 0.557231932878494 0.418728321790695 0.302113905549049 0.245082020759583 0.155441448092461 0.0118865026161075 0 0 0 0 0 0 0.159875974059105 0.212023213505745 0.226543739438057 0.226543739438057 0.226543739438057 0.235829561948776 0.235829561948776 0.235829561948776 0.226543739438057 0.245415449142456 0.245415449142456 0.254734605550766 0.283275544643402 0.283275544643402
0.349126443266869 0.717558026313782 0.821852505207062 0.918928384780884 1 1 1 1 0.990580826997757 0.487746730446815 0.487746730446815 0.772205919027328 0.793561637401581 0.812566697597504 0.765170723199844 0.896939188241959 0.990697532892227 0.924946665763855 1 0.962473332881927 0.990697532892227 1 1 1 1 0.799113094806671 0.709439188241959 0.541494399309158 0.701970517635345 0.8230861723423 0.976327031850815 1 1 1 1 0.990714192390442 0.793628305196762 0.604511201381683 0.557298615574837 0.358979053795338 0.311333015561104 0.209272466599941 0.217057883739471 0.0118865026161075 0 0 0 0 0 0 0 0 0.226543739438057 0.226543739438057 0.226543739438057 0.226543739438057 0.226543739438057 0.226543739438057 0.226543739438057 0.226543739438057 0.226543739438057 0.23362897336483 0.245415449142456 0.245415449142456
0.406258340924978 0.508302204310894 0.821852505207062 0.918928384780884 1 1 1 1 1 0.549429833889008 0.611746460199356 0.582538694143295 0.840557485818863 0.68428248167038 0.765120685100555 0.981328368186951 0.962473332881927 1 1 0.943735003471375 1 1 1 1 0.799113094806671 0.614347159862518 0.5389603972435 0.508518934249878 0.671762496232986 0.841891199350357 1 1 1 1 1 0.990697532892227 0.755851566791534 0.595008671283722 0.416411034762859 0.371082283556461 0.335022665560246 0.297612689435482 0.21499066054821 0 0 0 0 0 0 0 0 0 0 0.0450286753475666 0.00921912491321564 0.00921912491321564 0.0211056284606457 0.0211056284606457 0.00921912491321564 0.214623898267746 0.226543739438057 0.226543739438057 0.226543739438057 0.226543739438057
0.439533866941929 0.679797947406769 0.850210070610046 0.966691106557846 1 1 1 0.940650850534439 1 0.990697532892227 0.68428248167038 0.65839222073555 0.705804884433746 0.821352362632751 0.886986523866653 1 0.971892505884171 1 1 1 1 1 1 0.895455449819565 0.614347159862518 0.611746460199356 0.472826078534126 0.560582831501961 0.570235401391983 0.955271393060684 1 1 1 1 0.953154176473618 0.906358361244202 0.680048018693924 0.566767811775208 0.394971989095211 0.323236189782619 0.316251002252102 0.299813285470009 0.226910516619682 0 0 0 0 0 0 0 0 0 0 0 0 0 0 0 0 0 0.00921912491321564 0.00921912491321564 0.0688516944646835 0.069118432700634
0.41771138086915 0.802680730819702 0.897022545337677 0.990580826997757 1 1 1 0.928747653961182 1 1 0.953087478876114 0.971892505884171 0.953087478876114 0.971892505884171 0.971892505884171 1 0.962473332881927 1 1 1 1 0.928814351558685 0.745115369558334 0.61683115363121 0.635569483041763 -9999 0.463506951928139 0.487396642565727 0.575320094823837 0.955271393060684 1 1 1 1 0.934449195861816 0.831138283014297 0.595008671283722 0.547762736678123 0.418628297746181 0.311333015561104 0.363947056233883 0.311699789017439 0.226910516619682 0 0 0 0 0 0 0 0 0 0 0 0 0 0 0 0 0 0 0 0 0
0.330371424555779 0.774373173713684 0.897022545337677 0.990580826997757 1 1 1 1 1 1 1 1 1 0.962473332881927 0.915427446365356 0.934449195861816 1 1 1 0.964223802089691 1 0.67599692940712 0.685549467802048 0.58462256193161 0.647455990314484 0.565150707960129 0.454087764024734 0.454087764024734 0.54896305501461 1 1 1 1 1 1 0.737029880285263 0.585472792387009 0.528657630085945 0.311333015561104 0.515003994107246 0.344658575952053 0.299813285470009 0.226910516619682 0 0 0 0 0 0 0 0 0 0 0 0 0 0 0 0 0 0 0 0 0
0.330371424555779 0.632418662309647 0.850210070610046 0.990580826997757 1 0.952520668506622 1 0.971892505884171 1 1 1 1 1 1 1 0.964223802089691 1 0.971892505884171 1 1 0.706371694803238 0.817818075418472 0.655358105897903 0.420712187886238 0.725893586874008 0.680514812469482 0.523022800683975 0.430298089981079 0.683832347393036 1 1 1 1 1 1 0.981044948101044 0.557231932878494 0.430514797568321 0.579354494810104 0.524489872157574 0.434349145740271 0.264287143945694 0.245415449142456 0.204804614186287 0 0 0 0 0 0 0 0 0 0 0 0 0 0 0 0 0 0 0 0
0.320868894457817 0.557065218687057 0.651673793792725 0.793461591005325 1 1 1 1 1 1 1 1 0.988013476133347 1 1 0.91552746295929 0.854494541883469 1 0.931515067815781 0.745032012462616 0.701186984777451 0.773389577865601 0.548596292734146 0.454021081328392 0.499149784445763 -9999 0.673612952232361 0.510419443249702 0.849459856748581 1 1 1 1 1 1 0.981044948101044 0.576053589582443 0.538210183382034 0.688616946339607 0.511953175067902 0.514887318015099 0.330454796552658 0.287976793944836 0.226543739438057 0.0211056284606457 0 0 0 0 0 0 0 0 0 0 0 0 0 0 0 0 0 0 0
0.375350095331669 0.783825695514679 0.831355035305023 0.887520015239716 1 0.981261670589447 1 1 1 1 1 1 1 0.971892505884171 0.7976293861866 0.924446523189545 1 0.871549069881439 0.666194319725037 0.66886168718338 0.536909848451614 0.777957439422607 0.558382242918015 0.444501876831055 0.466007620096207 -9999 -9999 0.606461703777313 0.908458918333054 1 1 1 1 1 1 0.981044948101044 0.952537328004837 0.933932393789291 0.849426537752151 0.714840605854988 0.583722338080406 0.434015735983849 0.302113890647888 0.255151361227036 0.178964391350746 0.0118865026161075 0 0 0 0 0 0 0 0 0 0 0 0 0 0 0 0 0 0
0.670362114906311 0.79774609208107 0.831355035305023 0.729494541883469 0.943735003471375 0.934232473373413 1 1 1 1 1 0.988213509321213 0.726593762636185 0.955271393060684 0.891204327344894 0.955271393060684 0.919295132160187 0.616947859525681 0.621298998594284 0.563216865062714 0.454087764024734 0.789793938398361 0.749966651201248 0.520355418324471 0.690817534923553 0.76345357298851 0.704821288585663 0.652807414531708 0.919478505849838 1 1 1 1 1 1 0.990464121103287 0.981044948101044 0.594941973686218 -9999 0.858612298965454 0.743081510066986 0.394655235111713 0.311333015561104 0.302113890647888 0.264537215232849 0.236129641532898 0.169761940836906 0 0 0 0 0 0 0 0 0 0 0 0 0 0 0 0 0
0.831088304519653 0.90632501244545 0.90629169344902 1 1 1 1 1 1 1 1 0.851210325956345 0.844425201416016 0.900640189647675 0.921862483024597 0.945852220058441 0.702203929424286 0.735446125268936 0.569885313510895 0.432698726654053 0.418411582708359 0.700270086526871 0.792361289262772 0.46840825676918 0.964490532875061 1 0.925030022859573 1 1 1 1 1 1 0.98811349272728 1 1 0.831121653318405 -9999 -9999 -9999 -9999 0.430514797568321 0.418644964694977 0.394638560712337 0.311333015561104 0.273856371641159 0.245682179927826 0.0882902070879936 0 0 0 0 0 0 0 0 0 0 0 0 0 0 0 0
0.990580826997757 0.990580826997757 1 1 1 1 1 1 1 1 1 0.936549752950668 0.87254935503006 0.860562801361084 0.922162592411041 0.883668959140778 0.735446125268936 0.623766332864761 0.56533408164978 0.477877423167229 0.425563484430313 0.681865155696869 0.825686872005463 0.945852220058441 0.981194972991943 1 1 1 1 1 1 0.925030022859573 0.940267413854599 0.976126968860626 1 1 0.934449195861816 -9999 -9999 -9999 -9999 -9999 0.430514797568321 0.406658433377743 0.335139364004135 0.29256135225296 0.264287143945694 0.204804614186287 0.0118865026161075 0 0 0 0 0 0 0 0 0 0 0 0 0 0 0
1 1 0.962473332881927 1 0.962473332881927 0.943735003471375 1 1 0.990697532892227 1 1 0.945852220058441 0.903124153614044 0.811099648475647 0.988213509321213 0.747449338436127 0.683465600013733 0.465707510709763 0.534542545676231 0.556581765413284 0.690967589616776 0.936549752950668 0.90632501244545 1 1 1 1 0.962489992380142 0.915594160556793 0.82193586230278 0.915594160556793 0.934449195861816 0.962473332881927 0.940267413854599 1 1 0.924913316965103 -9999 -9999 -9999 -9999 -9999 -9999 0.528357550501823 0.335139364004135 0.311333015561104 0.283342212438583 0.226910516619682 0 0 0 0 0 0 0 0 0 0 0 0 0 0 0 0
1 1 1 1 0.943735003471375 0.924946665763855 1 0.934515863656998 0.76928848028183 1 0.988213509321213 0.922162592411041 0.879434525966644 0.931581765413284 0.879184424877167 0.707371979951859 0.67416313290596 0.67933115363121 0.740614175796509 0.899106442928314 0.821302354335785 0.915594160556793 1 1 1 1 1 0.8126500248909 0.822035878896713 0.746082276105881 0.68945050239563 0.793294876813889 0.934449195861816 0.981328368186951 0.91549414396286 0.990464121103287 0.990464121103287 0.990464121103287 0.926563739776611 -9999 0.81898507475853 -9999 -9999 -9999 0.430514797568321 0.347025867551565 0.292894780635834 0.210039347410202 0.15797546505928 0 0 0 0 0 0 0 0 0 0 0 0 0 0 0
1 1 1 1 1 1 1 0.92523005604744 1 1 0.943468272686005 0.900973588228226 0.801847159862518 0.745532125234604 0.747449338436127 0.738063484430313 0.792578011751175 0.936549752950668 1 0.925030022859573 0.953087478876114 1 1 1 0.943735003471375 0.886603116989136 0.861096292734146 0.856961876153946 0.831355035305023 0.82181915640831 0.821719139814377 0.736846476793289 0.934449195861816 0.887520015239716 0.887520015239716 0.953004121780396 0.887103229761124 0.990464121103287 0.969041734933853 0.969041734933853 0.863546937704086 -9999 -9999 -9999 0.518538266420364 0.394521869719028 0.323219519108534 0.264287143945694 0.226543739438057 0.178981065750122 0.0238897036761045 0 0 0 0 0 0 0 0 0 0 0 0 0
1 1 1 1 1 1 1 1 0.931631773710251 0.820735543966293 0.934049099683762 0.811166316270828 0.814000397920609 0.722726076841354 0.695385426282883 1 0.915727525949478 0.934449195861816 1 1 0.934449195861816 0.924946665763855 0.934449195861816 0.906008273363113 0.859062403440475 0.878234207630157 0.65877565741539 0.746465712785721 0.651907175779343 0.812399983406067 0.784292489290237 0.774723261594772 0.85947921872139 0.81430047750473 0.922345966100693 0.874716609716415 0.884135782718658 0.980928242206573 0.980928242206573 0.980928242206573 0.870082020759583 0.887253284454346 0.793311566114426 0.604311138391495 0.547379299998283 0.430514797568321 0.346925839781761 0.302113890647888 0.255001336336136 0.236129641532898 0.226543739438057 0.166877835988998 0.0238897036761045 0 0 0 0 0 0 0 0 0 0 0
1 1 1 1 1 1 1 0.967091232538223 0.85621166229248 0.746832489967346 0.897806078195572 0.976427018642426 0.883668959140778 0.842024564743042 1 0.670862227678299 0.614080429077148 0.614080429077148 0.661359697580338 0.69888636469841 0.69888636469841 0.80253067612648 0.69888636469841 0.63290211558342 0.679997980594635 0.604594558477402 0.595008671283722 0.613847017288208 0.604344487190247 0.576053589582443 0.746349036693573 0.774673253297806 0.812283277511597 0.840607523918152 0.896955877542496 0.900923579931259 0.900923579931259 0.898572951555252 0.708272188901901 0.793578267097473 0.847192585468292 -9999 -9999 0.774673253297806 0.576103627681732 0.528357550501823 0.347142565995455 0.335139364004135 0.302113890647888 0.273856371641159 0.255068004131317 0.126300349831581 0.214757263660431 0.226543739438057 0.0330921560525894 0 0 0 0 0 0 0 0 0
1 1 1 1 1 1 0.990780860185623 0.915844231843948 0.763670325279236 0.751783818006516 0.907692044973373 0.976377040147781 0.879401177167892 1 0.755701541900635 0.614080429077148 0.614080429077148 0.63290211558342 0.614080429077148 0.611196309328079 0.736846476793289 0.793261557817459 0.589907318353653 0.604594558477402 0.604594558477402 0.526073634624481 0.585789561271667 0.557298615574837 0.547712713479996 0.547712713479996 0.604427844285965 0.727510690689087 0.765287429094315 0.765287429094315 0.793795019388199 0.868831694126129 0.913026809692383 0.894071757793427 0.846225678920746 0.741364389657974 0.809782594442368 0.894071757793427 0.866014271974564 0.793311566114426 0.765287429094315 0.566250994801521 0.430514797568321 0.347142565995455 0.3945552110672 0.382652036845684 0.302113890647888 0.273856371641159 0.255068004131317 0.226543739438057 0.226543739438057 0.202520668506622 0 0 0 0 0 0 0 0
1 1 1 1 1 0.990780860185623 0.906425058841705 0.727894097566605 0.662276595830917 0.943384885787964 0.924646556377411 0.964473873376846 0.919745266437531 1 0.670862227678299 0.623516291379929 0.727477312088013 0.727277278900146 0.765137374401093 0.708555608987808 0.661159634590149 0.604594558477402 0.499633237719536 0.571235656738281 0.478377565741539 0.495215386152267 0.418644964694977 0.418728321790695 0.528657630085945 0.528307542204857 0.547712713479996 0.566501051187515 0.556998521089554 0.537976786494255 0.594941973686218 0.774706602096558 0.849993348121643 0.894321829080582 0.894071757793427 0.882185250520706 0.54554545879364 0.821669101715088 0.97150906920433 0.97150906920433 0.943251520395279 0.632968813180923 0.547412633895874 0.430514797568321 0.430514797568321 0.406425043940544 0.323219519108534 0.335056006908417 0.29256135225296 0.273756325244904 0.245682179927826 0.226543739438057 0.166877835988998 0.0238897036761045 0 0 0 0 0 0
1 1 1 1 1 0.972059220075607 0.64620566368103 0.484879299998283 0.820385426282883 0.990780860185623 0.884435832500458 1 1 0.934449195861816 0.840157359838486 0.718258202075958 0.68945050239563 0.793461591005325 0.717958122491837 0.604461163282394 0.566767811775208 0.557298615574837 0.495215386152267 0.416394367814064 0.311333015561104 0.347175907343626 0.418644964694977 0.418644964694977 0.382985457777977 0.418628290295601 0.518805012106895 0.528657630085945 0.528657630085945 0.528657630085945 0.528307542204857 0.718124836683273 0.613780319690704 0.8125 0.866014271974564 0.851377040147781 0.894071757793427 0.583305567502975 0.980928242206573 0.97150906920433 0.962223261594772 0.943251520395279 0.566734462976456 0.547379299998283 0.528307542204857 0.430514797568321 0.430514797568321 0.382652036845684 0.311333015561104 0.311333015561104 0.302113890647888 0.273856371641159 0.245682179927826 0.226543739438057 0.214657247066498 0 0 0 0 0
1 1 1 0.990780860185623 0.799596548080444 0.66484397649765 0.496749147772789 0.674346506595612 0.921862483024597 0.978994399309158 0.919745266437531 1 0.877900779247284 1 0.943735003471375 0.689667254686356 0.660992920398712 0.497315943241119 0.632768750190735 0.382918775081635 0.3709322437644 0.418644964694977 0.311333015561104 0.299329832196236 0.323236189782619 0.335339415818453 0.311333015561104 0.359079081565142 0.311333015561104 0.323219519108534 0.430514797568321 0.418728321790695 0.518805012106895 0.430514797568321 0.430514797568321 0.547229245305061 0.576103627681732 0.604344487190247 0.774673253297806 0.819151788949966 0.866014271974564 0.755718201398849 0.900906890630722 0.962123245000839 0.97150906920433 0.774873286485672 0.689617246389389 0.566617757081985 0.557231932878494 0.566250994801521 0.528357550501823 0.418678306043148 0.418678306043148 0.323252860456705 0.394521869719028 0.335139364004135 0.302113890647888 0.255001336336136 0.236129641532898 0.166877835988998 0.0118865026161075 0 0 0
1 1 0.990780860185623 0.699669897556305 0.484879299998283 0.496749147772789 0.6532242000103 0.846792489290237 0.920345425605774 1 1 0.990780860185623 0.877784073352814 0.755734860897064 0.934449195861816 0.689667254686356 0.727477312088013 0.497315943241119 0.566767811775208 0.3709322437644 0.418644964694977 0.335339415818453 0.311333015561104 0.314017064869404 0.321152295917273 0.311683114618063 0.252500653266907 0.263953730463982 0.292394652962685 0.292394652962685 0.311333015561104 0.335222721099854 0.347142565995455 0.347142565995455 0.35904574021697 0.430514797568321 0.528357550501823 0.557231932878494 0.632702052593231 0.774673253297806 0.812283277511597 0.866014271974564 0.554764598608017 0.791060954332352 0.924696564674377 0.69926980137825 0.765287429094315 0.755901575088501 0.708505600690842 0.651907175779343 0.576103627681732 0.547379299998283 0.528357550501823 0.430514797568321 0.430514797568321 0.359245792031288 0.323036134243011 0.302113890647888 0.273756325244904 0.236129641532898 0.169761940836906 0 0 0
0.990780860185623 0.962623357772827 0.524873301386833 0.484879299998283 0.579421177506447 0.632301956415176 0.733378916978836 0.82105228304863 0.990780860185623 1 1 0.830688178539276 0.906008273363113 0.943735003471375 0.92523005604744 0.746332377195358 0.821602433919907 0.509235799312592 0.514053747057915 0.323236189782619 0.311333015561104 0.311333015561104 0.304464526474476 0.197152575477958 0.221609100699425 0.245415449142456 0.23362897336483 0.242948114871979 0.252500653266907 0.280608162283897 0.292394652962685 0.304281156510115 0.301947191357613 0.292394652962685 0.313666980713606 0.418528266251087 0.418678306043148 0.518805012106895 0.557231932878494 0.623316198587418 0.651473701000214 0.793578296899796 0.800363421440125 0.54554545879364 0.54554545879364 0.554764598608017 0.62346625328064 0.670662194490433 0.630468130111694 0.706054955720901 0.705938249826431 0.661293029785156 0.632968813180923 0.905491471290588 0.537676706910133 0.430514797568321 0.323252860456705 0.335139364004135 0.335139364004135 0.29282808303833 0.255068004131317 0.226543739438057 0.169761940836906 0.0237896777689457
0.885186046361923 0.634369149804115 0.674363166093826 0.60579489171505 0.627167239785194 0.738480269908905 0.868664979934692 0.882802098989487 1 0.990780860185623 0.708755671977997 0.614080429077148 0.614080429077148 0.699186474084854 0.849693238735199 0.91552746295929 0.840557485818863 0.580971598625183 0.525973588228226 0.406858488917351 0.311333015561104 0.326120292767882 0.242948114871979 0.221975862979889 0.169128432869911 0.145122036337852 0.19068418443203 0.226543739438057 0.2124233096838 0.27619031816721 0.264603881165385 0.292394652962685 0.292394652962685 0.292394652962685 0.29256135225296 0.313666980713606 0.3945552110672 0.430514797568321 0.430514797568321 0.566734462976456 0.613747000694275 0.613780319690704 0.819151788949966 0.554764598608017 0.566551059484482 0.585639506578445 0.554764598608017 0.542878121137619 0.554764598608017 0.687416642904282 0.554764598608017 0.566551059484482 0.924513190984726 0.792844742536545 0.518805012106895 0.518805012106895 0.528307542204857 0.418678306043148 0.335139364004135 0.335139364004135 0.302113890647888 0.261869817972183 0.255068004131317 0.226543739438057
0.456971853971481 0.466291010379791 0.750083357095718 0.604044407606125 0.724826633930206 0.915810883045197 0.972059220075607 0.990780860185623 0.990780860185623 0.699186474084854 0.708755671977997 0.566184341907501 0.578037470579147 0.566184341907501 0.614080429077148 0.91549414396286 0.840557485818863 0.602010518312454 0.535292744636536 0.40440783649683 0.311333015561104 0.387936785817146 0.254734605550766 0.226543739438057 0.216691121459007 0.0331421718001366 0 0 0.181014940142632 0.179081082344055 0.236129641532898 0.242948114871979 0.261919856071472 0.273706316947937 0.264287143945694 0.283142179250717 0.406425043940544 0.418528266251087 0.430514797568321 0.537676706910133 0.585606157779694 0.613746970891953 0.784259140491486 0.585639506578445 0.60444450378418 0.753400921821594 0.755901575088501 0.677730739116669 0.651790499687195 0.58542275428772 0.849476516246796 0.545428782701492 0.556998521089554 0.602093890309334 0.507652029395103 0.528657630085945 0.528657630085945 0.528307542204857 0.430514797568321 0.323252860456705 0.347142565995455 0.323252860456705 0.29256135225296 0.264537215232849
0.456971853971481 0.527624025940895 0.667644709348679 0.715507477521896 0.863797008991241 0.990780860185623 0.990780860185623 0.990780860185623 0.708755671977997 0.746265649795532 0.69888636469841 0.578037470579147 0.842958122491837 0.578037470579147 0.623299539089203 0.925096690654755 0.793578267097473 0.623299539089203 0.499633237719536 0.42818084359169 0.311333015561104 0.375933587551117 0.281024936586618 0.226543739438057 0.131201654672623 0 0 0 0 0.202754065394402 0.236129641532898 0.245415449142456 0.254734605550766 0.254734605550766 0.245415449142456 0.245448783040047 0.363713674247265 0.382635362446308 0.371148966252804 0.406808473169804 0.585606157779694 0.594925284385681 0.765487462282181 0.566551059484482 0.696802496910095 0.61399707198143 0.576103627681732 0.576103627681732 0.585606157779694 0.585606157779694 0.576103627681732 0.547679379582405 0.528657630085945 0.538176849484444 0.507652029395103 0.434732601046562 0.497799411416054 0.528657630085945 0.518805012106895 0.430514797568321 0.335139364004135 0.323219519108534 0.323252860456705 0.302113890647888
