data-raw/DATASET_PNE_1/DATASET_PNE/a_DATA/PFGS/ENVSUIT_A1B/HS_f45_P7_acer.asc
NCOLS 619 
NROWS 782 
XLLCORNER 876826 
YLLCORNER 1947424 
CELLSIZE 100 
NODATA_value -9999 
[rows 234 to 259 of 782, columns 0 to 58 of 619]
-9999 -9999 -9999 -9999 -9999 0.888497829437256 0.987672299146652 1 1 1 1 1 1 1 1 1 1 1 1 1 1 1 0.843646347522736 0.712629914283752 1 1 1 1 1 1 1 1 1 1 1 1 1 1 1 1 0.987672299146652 0.987672299146652 0.925462514162064 0.938029766082764 0.963053733110428 1 0.944700390100479 0.827946484088898 0.797597110271454 0.657532960176468 0.665106505155563 0.980301469564438 0.590605884790421 0.362976346164942 0.325514122843742 0.31602418422699 0.5 0.370734125375748 0.306331545114517
-9999 -9999 -9999 -9999 -9999 -9999 -9999 -9999 -9999 1 1 1 1 1 1 1 1 1 1 1 1 1 0.944497674703598 0.972267270088196 1 1 1 1 1 1 1 1 1 1 1 1 1 1 1 1 1 1 1 1 1 0.975326150655746 0.987672299146652 0.962961584329605 0.895039439201355 0.803659617900848 1 0.857835173606873 0.899056524038315 0.555944573134184 0.344033304601908 0.325514122843742 0.51883246190846 0.45343479514122 0.398264169692993
-9999 -9999 -9999 -9999 -9999 -9999 -9999 -9999 -9999 -9999 -9999 -9999 1 1 1 1 1 1 1 1 1 0.908306926488876 0.889327049255371 1 1 1 1 1 1 1 1 1 1 1 1 1 1 1 1 1 1 1 1 1 1 0.987672299146652 1 1 1 0.965983629226685 0.925886332988739 0.829107403755188 0.73426328599453 0.700339064002037 0.582792803645134 0.5 0.416709661483765 0.5 0.416709661483765
-9999 -9999 -9999 -9999 -9999 -9999 -9999 -9999 -9999 -9999 -9999 -9999 -9999 -9999 -9999 -9999 -9999 1 1 1 1 0.806847482919693 0.862073421478271 1 1 1 1 1 1 1 1 1 1 1 1 1 1 1 1 1 1 1 1 1 1 1 1 0.888553112745285 0.78368467092514 0.965983629226685 0.888516247272491 0.8105328977108 0.494508726522326 0.396900571882725 0.5 0.379321157932281 0.416709661483765 0.462832599878311 0.416709661483765
-9999 -9999 -9999 -9999 -9999 -9999 -9999 -9999 -9999 -9999 -9999 -9999 -9999 -9999 -9999 -9999 -9999 -9999 1 1 0.972267270088196 0.834359109401703 0.981591373682022 1 1 1 1 1 1 1 1 1 1 1 1 1 1 1 1 1 1 1 1 1 1 1 1 1 0.97536301612854 0.9874327480793 0.929018944501877 0.595618046820164 0.499576181173325 0.409228280186653 0.5 0.38862681388855 0.367048710584641 0.284808725118637 0.269366860389709
-9999 -9999 -9999 -9999 -9999 -9999 -9999 -9999 -9999 -9999 -9999 -9999 -9999 -9999 -9999 -9999 -9999 -9999 -9999 1 0.889972001314163 0.935339421033859 0.990823328495026 1 1 1 1 1 1 1 1 1 1 1 0.981536090373993 0.798186779022217 0.81602418422699 1 1 1 1 1 1 1 1 1 1 1 1 0.825182437896729 0.636341869831085 0.871802896261215 0.51282525062561 0.334893498569727 0.325514122843742 0.31602418422699 0.31602418422699 0.46288788318634 0.204908967018127
-9999 -9999 -9999 -9999 -9999 -9999 -9999 -9999 -9999 -9999 -9999 -9999 -9999 -9999 -9999 -9999 -9999 -9999 -9999 1 0.954079747200012 0.981591373682022 0.963256418704987 1 1 1 1 1 1 1 1 1 1 1 1 1 1 1 1 -9999 0.963809251785278 -9999 1 1 1 1 1 0.975326150655746 0.944460809230804 0.803659617900848 0.334893498569727 0.384425453841686 0.350353807210922 0.325514122843742 0.325514122843742 0.325514122843742 0.315637215971947 0.407956806942821 0.226947739720345
-9999 -9999 -9999 -9999 -9999 -9999 -9999 -9999 -9999 -9999 -9999 -9999 -9999 -9999 -9999 -9999 -9999 -9999 -9999 -9999 0.990823328495026 1 1 0.990768045186996 1 1 1 1 1 1 1 1 1 1 1 1 1 1 1 1 -9999 -9999 -9999 1 1 1 1 0.975326150655746 0.889069050550461 0.764502108097076 0.506394192576408 0.372060891240835 0.334893498569727 0.325514122843742 0.325514122843742 0.31602418422699 0.256947010755539 0.306257843971252 0.189374953508377
-9999 -9999 -9999 -9999 -9999 -9999 -9999 -9999 -9999 -9999 -9999 -9999 -9999 -9999 -9999 -9999 -9999 -9999 -9999 -9999 1 1 1 1 1 1 1 1 1 1 1 1 1 1 1 1 1 1 1 1 1 -9999 -9999 1 1 1 1 0.987672299146652 0.963201135396957 0.81602418422699 0.602122813463211 0.421408571302891 0.334893498569727 0.340716451406479 0.31602418422699 0.5 0.31602418422699 0.306147277355194 0.43519201874733
-9999 -9999 -9999 -9999 -9999 -9999 -9999 -9999 -9999 -9999 -9999 -9999 -9999 -9999 -9999 -9999 -9999 -9999 -9999 -9999 1 1 1 1 1 1 1 1 1 1 1 1 1 1 1 1 1 1 1 1 1 1 -9999 -9999 1 1 1 1 0.987672299146652 0.889419168233871 0.754514634609222 0.508845001459122 0.430787950754166 0.353412698954344 0.325514122843742 0.51883246190846 0.5 0.416709661483765 0.306257843971252
-9999 -9999 -9999 -9999 -9999 -9999 -9999 -9999 -9999 -9999 -9999 -9999 -9999 -9999 -9999 -9999 -9999 -9999 -9999 -9999 0.990823328495026 1 1 1 1 1 1 1 1 1 1 1 1 1 1 1 1 1 1 1 1 1 1 -9999 1 1 1 1 1 0.981683492660522 0.870863109827042 0.747346505522728 0.649738341569901 0.477740108966827 0.437016300857067 0.325514122843742 0.518648190423846 0.462832599878311 0.416709661483765
-9999 -9999 -9999 -9999 -9999 -9999 -9999 -9999 -9999 -9999 -9999 -9999 -9999 -9999 -9999 -9999 -9999 -9999 -9999 -9999 1 1 1 1 1 1 1 1 1 1 1 1 1 1 1 1 1 1 1 1 1 1 1 1 1 -9999 1 1 1 1 0.981683492660522 1 0.950486481189728 0.652244418859482 0.534458607435226 0.409099295735359 0.325403550639749 0.573708266019821 0.518648190423846
-9999 -9999 -9999 -9999 -9999 -9999 -9999 -9999 -9999 -9999 -9999 -9999 -9999 -9999 -9999 -9999 -9999 -9999 -9999 -9999 1 1 1 1 1 1 1 1 1 1 1 1 1 1 1 1 1 1 1 1 1 1 1 1 1 1 1 1 1 0.963053733110428 0.829973459243774 0.86177858710289 0.829107403755188 0.445013646036386 0.772333592176437 0.521762365475297 0.525152951478958 0.494619287550449 0.5
-9999 -9999 -9999 -9999 -9999 -9999 -9999 -9999 -9999 -9999 -9999 -9999 -9999 -9999 -9999 -9999 -9999 -9999 -9999 0.990823328495026 1 1 1 1 1 1 1 1 1 1 1 1 1 1 1 0.987727582454681 0.987727582454681 1 1 1 1 1 1 1 1 1 1 1 1 0.987672299146652 1 0.774194747209549 0.592780292034149 0.433975830674171 0.657754108309746 0.620015479624271 0.610028006136417 0.573081739246845 0.5
-9999 -9999 -9999 -9999 -9999 -9999 -9999 -9999 -9999 -9999 -9999 -9999 -9999 -9999 -9999 -9999 -9999 -9999 -9999 1 1 1 1 1 1 1 1 1 1 1 1 1 1 1 1 0.987727582454681 0.922919571399689 0.882767021656036 0.93528413772583 1 1 1 1 1 1 1 1 1 1 1 0.895039439201355 0.786559283733368 0.604518309235573 0.521209567785263 0.508845001459122 0.48702734708786 0.629081591963768 0.389419168233871 0.537701778113842
-9999 -9999 -9999 -9999 -9999 -9999 -9999 -9999 -9999 -9999 -9999 -9999 -9999 -9999 -9999 -9999 -9999 -9999 -9999 1 1 1 1 1 1 1 1 1 1 1 1 1 1 0.987672299146652 0.963016867637634 0.932096272706985 0.83170560002327 0.702808290719986 0.702808290719986 0.898245751857758 0.935118287801743 1 1 1 1 1 1 1 1 1 0.935118287801743 0.889419168233871 0.767708420753479 0.518556073307991 0.421924516558647 0.347368624061346 0.31602418422699 0.31602418422699 0.30354905128479
-9999 -9999 -9999 -9999 -9999 -9999 -9999 -9999 -9999 -9999 -9999 -9999 -9999 -9999 -9999 -9999 -9999 -9999 0.990823328495026 1 1 1 1 1 1 1 1 1 1 1 0.987672299146652 0.987672299146652 0.867269843816757 0.895205289125443 0.870291888713837 0.79112920165062 0.727445274591446 0.490123108029366 0.462224528193474 0.6747807264328 0.907404005527496 0.916580677032471 1 1 1 1 1 1 1 1 1 0.895039439201355 0.825035005807877 0.737359032034874 0.727445274591446 0.652262836694717 0.684915602207184 0.583695732057095 0.325403550639749
-9999 -9999 -9999 -9999 -9999 -9999 -9999 -9999 -9999 -9999 -9999 -9999 -9999 -9999 -9999 -9999 -9999 -9999 1 1 1 1 1 1 1 1 1 1 1 1 1 0.987727582454681 0.950744450092316 0.767284601926804 0.769385278224945 0.709460467100143 0.462224528193474 0.334893498569727 0.325514122843742 0.511903896927834 0.663982450962067 0.907404005527496 0.962998449802399 1 1 1 1 1 1 0.990823328495026 0.990823328495026 1 0.889419168233871 0.891667276620865 0.726634487509727 0.620015479624271 0.610028006136417 0.527788015082479 0.444405555725098
-9999 -9999 -9999 -9999 -9999 -9999 -9999 -9999 -9999 -9999 -9999 -9999 -9999 -9999 -9999 -9999 -9999 -9999 1 1 1 1 1 1 1 1 1 1 1 1 1 0.987727582454681 0.97536301612854 0.795477986335754 0.388000279664993 0.359512060880661 0.337841829285026 0.31602418422699 0.30354905128479 0.338062955066562 0.560901463031769 0.766879200935364 0.907404005527496 1 1 1 1 1 1 0.978550881147385 0.990823328495026 0.990823328495026 0.962648332118988 0.851293593645096 0.754993736743927 0.658141076564789 0.629505410790443 0.573597699403763 0.509342522360384
-9999 -9999 -9999 -9999 -9999 -9999 -9999 -9999 -9999 -9999 -9999 -9999 -9999 -9999 -9999 -9999 -9999 -9999 1 1 1 1 1 1 1 1 1 1 1 1 1 0.879486978054047 0.799052834510803 0.811380565166473 0.483120813965797 0.430732667446136 0.31602418422699 0.278635650873184 0.31602418422699 0.31602418422699 0.521209567785263 0.616072088479996 0.776037454605103 1 1 1 1 0.990823328495026 0.990823328495026 0.990823328495026 0.990823328495026 0.978256076574326 0.962648332118988 0.888497829437256 0.801300942897797 0.639069065451622 0.610028006136417 0.441807337105274 0.325514122843742
-9999 -9999 -9999 -9999 -9999 -9999 -9999 -9999 -9999 -9999 -9999 -9999 -9999 -9999 -9999 -9999 -9999 0.990823328495026 1 1 1 1 1 1 1 1 1 1 1 1 0.987727582454681 0.823800384998322 0.799052834510803 0.758458018302917 0.55395445972681 0.464767441153526 0.390432678163052 0.30354905128479 0.31602418422699 0.31602418422699 0.400457002222538 0.521209567785263 0.570262402296066 0.747254371643066 1 0.870199739933014 0.987635433673859 0.953563809394836 0.990823328495026 0.965928345918655 0.786835700273514 0.845452189445496 0.576693437993526 0.838929027318954 0.819801717996597 0.629081591963768 0.61951794475317 0.334801360964775 0.325514122843742
-9999 -9999 -9999 -9999 -9999 -9999 -9999 -9999 -9999 -9999 -9999 -9999 -9999 -9999 -9999 -9999 -9999 1 1 1 1 1 1 1 1 1 1 1 1 1 0.904584646224976 0.740417927503586 0.746351435780525 0.786319732666016 0.538383565843105 0.494840413331985 0.421648122370243 0.31602418422699 0.303751736879349 0.281694561243057 0.325514122843742 0.334893498569727 0.372245162725449 0.465246558189392 0.561104148626328 0.700191646814346 1 1 0.823929399251938 0.823929399251938 0.751197755336761 0.739772975444794 0.621876612305641 0.819801717996597 0.509637359529734 0.629081591963768 0.496922686696053 0.325514122843742 0.5
-9999 -9999 -9999 -9999 -9999 -9999 -9999 -9999 -9999 -9999 -9999 -9999 -9999 -9999 -9999 -9999 -9999 1 1 1 1 1 1 1 1 1 1 1 1 1 0.987727582454681 0.774507999420166 0.786725133657455 0.786725133657455 0.8982273042202 0.725639417767525 0.517855808138847 0.384517587721348 0.325514122843742 0.31602418422699 0.175609931349754 0.325514122843742 0.334893498569727 0.334893498569727 0.409615248441696 0.502635076642036 0.530386239290237 0.975399881601334 0.95374807715416 0.708023145794868 0.838929027318954 0.829623341560364 0.815029114484787 0.877017766237259 0.522038770839572 0.583106063306332 0.509342522360384 0.31602418422699 0.217457801103592
-9999 -9999 -9999 -9999 -9999 -9999 -9999 -9999 -9999 -9999 -9999 -9999 -9999 -9999 -9999 -9999 1 1 1 1 1 1 1 1 1 1 1 1 1 1 0.957193940877914 0.78071790933609 0.645592257380486 0.575661532580853 0.668073266744614 0.516860760748386 0.390266809612513 0.372042462229729 0.325514122843742 0.31602418422699 0.31602418422699 0.31602418422699 0.325514122843742 0.325514122843742 0.325514122843742 0.334893498569727 0.484097450971603 0.462224528193474 0.780423074960709 0.780423074960709 0.864542633295059 0.676918253302574 0.629081591963768 0.61951794475317 0.582424268126488 0.537701778113842 0.31602418422699 0.425757348537445 0.217457801103592
-9999 -9999 -9999 -9999 -9999 -9999 -9999 -9999 -9999 -9999 -9999 -9999 -9999 -9999 -9999 -9999 1 1 1 1 1 1 1 1 1 1 1 1 1 1 0.965983629226685 0.879579126834869 0.764944344758987 0.773844629526138 0.485129356384277 0.393638983368874 0.452439732849598 0.433865271508694 0.313038989901543 0.31602418422699 0.31602418422699 0.286319732666016 0.158675462007523 0.306147277355194 0.325514122843742 0.325514122843742 0.344070177525282 0.334893498569727 0.421832397580147 0.359714761376381 0.275576755404472 0.334211692214012 0.334893498569727 0.325514122843742 0.509342522360384 0.31602418422699 0.306147277355194 0.306331545114517 0.189374953508377
-9999 -9999 -9999 -9999 -9999 -9999 -9999 -9999 -9999 -9999 -9999 -9999 -9999 -9999 -9999 1 1 1 1 1 1 1 1 1 1 1 1 1 1 0.978716731071472 0.811527967453003 0.774507999420166 0.786725133657455 0.808671772480011 0.597460761666298 0.494840413331985 0.408915020525455 0.365556135773659 0.313038989901543 0.291276633739471 0.31602418422699 0.29625192284584 0.256947010755539 0.189282819628716 0.204908967018127 0.306147277355194 0.325514122843742 0.325514122843742 0.344070177525282 0.344070177525282 0.528138129040599 0.453619062900543 0.31602418422699 0.325514122843742 0.315637215971947 0.217457801103592 0.324906021356583 0.189374953508377 0.179977148771286
