data-raw/DATASET_PNE_1/DATASET_PNE/a_DATA/PFGS/ENVSUIT_A1B/HS_f15_P5_alpext.asc
NCOLS 619 
NROWS 782 
XLLCORNER 876826 
YLLCORNER 1947424 
CELLSIZE 100 
NODATA_value -9999 
[rows 308 to 335 of 782, columns 189 to 251 of 619]
0.0187214333564043 0.0187214333564043 0.056391317397356 0.238353967666626 0.247918993234634 0.171141445636749 0.0756727308034897 0.0187214333564043 0 0 0 0 0 0 0 0 0 0 0 0 0 0 0 0 0.00912613142281771 0.00912613142281771 0.00912613142281771 0 0 0 0 0 0 0 0 0.056391317397356 0.287541237659752 0.486318364739418 0.614371761679649 0.689151555299759 0.623936787247658 0.495353698730469 0.250098379328847 0.226836578920484 0.205905494280159 0.229242962785065 0.229424578137696 0.0964373275637627 0.056391317397356 0.0187214333564043 0.00912613142281771 0 0 0 0 0 0 0 0 0 0 0 0
0.0187214333564043 0.046826284378767 0.104186214506626 0.180010288953781 0.285967257805169 0.276371955871582 0.228834331035614 0.056391317397356 0.0187214333564043 0 0 0 0 0 0 0 0 0 0 0 0 0 0 0.00912613142281771 0.0187214333564043 0.0187214333564043 0.0187214333564043 0.0187214333564043 0.0187214333564043 0 0.0187214333564043 0.0187214333564043 0.0375639423727989 0.0470835715532303 0.0470835715532303 0.107954715378582 0.308457197621465 0.600357167422771 0.710506394505501 0.738505318760872 0.738505318760872 0.561930574476719 0.493144040927291 0.316433077678084 0.308396644890308 0.385764451697469 0.47471016831696 0.477086302824318 0.0963919209316373 0.056391317397356 0.0187214333564043 0.00912613142281771 0 0 0 0 0 0 0 0 0 0 0
0.0373520590364933 0.0945455059409142 0.180055689997971 0.38815570063889 0.428292514756322 0.416563244536519 0.31130248028785 0.0847685905173421 0.0468716882169247 0.0187214333564043 0 0 0 0 0 0 0 0 0 0 0 0 0 0.0187214333564043 0.056391317397356 0.056391317397356 0.0753851756453514 0.056391317397356 0.056391317397356 0.0187214333564043 0.056391317397356 0.0983594134449959 0.0867966189980507 0.0963919209316373 0.0847685905173421 0.298059763386846 0.497941702604294 0.619033217430115 0.738505318760872 0.766897708177567 0.766897708177567 0.766897708177567 0.766897708177567 0.738505318760872 0.719753608107567 0.614371761679649 0.553561151027679 0.532826825976372 0.240276050753891 0.180872961878777 0.0468565560877323 0.0187214333564043 0.00912613142281771 0 0 0 0 0 0 0 0 0 0
0.132896453142166 0.266897708177567 0.451508906669915 0.507355393841863 0.581998988986015 0.486333491280675 0.47471016831696 0.312210557051003 0.0658201426267624 0.0280443131923676 0.0187214333564043 0 0 0 0 0 0 0 0 0 0 0 0 0.0187214333564043 0.0847685905173421 0.251611826010048 0.338786807842553 0.287541237659752 0.105790480971336 0.0751732885837555 0.0963919209316373 0.229424578137696 0.261812509968877 0.273572059348226 0.352074950933456 0.528029188513756 0.546841412782669 0.544374495744705 0.556088626384735 0.642219334840775 0.766897708177567 0.766897708177567 0.776371955871582 0.776371955871582 0.766897708177567 0.747858464717865 0.729076489806175 0.672094911336899 0.309789033606648 0.0846777856349945 0.056391317397356 0.0187214333564043 0.00912613142281771 0.00912613142281771 0.00912613142281771 0 0 0 0 0 0 0 0
0.056391317397356 0.199715465307236 0.416563244536519 0.518903048709035 0.630505189299583 0.711202591657639 0.529875583946705 0.343887152150273 0.201652687974274 0.0945455059409142 0.0373520590364933 0.0187214333564043 0 0 0 0 0 0 0 0 0 0 0.0187214333564043 0.056391317397356 0.0963919209316373 0.293867470696568 0.462965758517385 0.298059763386846 0.269183041527867 0.268986281938851 0.298059763386846 0.415125461295247 0.466840211302042 0.405363671481609 0.389033496379852 0.457956224679947 0.479144603013992 0.584405362606049 0.699155494570732 0.907104164361954 0.94174712896347 0.785619139671326 0.785619139671326 0.785619139671326 0.776371955871582 0.766897708177567 0.747858464717865 0.729076489806175 0.5071283839643 0.194524315185845 0.182810184545815 0.056391317397356 0.056391317397356 0.0187214333564043 0.00912613142281771 0 0 0 0 0 0 0 0
0.056391317397356 0.2497200043872 0.414096327498555 0.52815025486052 0.651481673121452 0.754774957895279 0.754653871059418 0.399188775569201 0.37674424238503 0.25940611679107 0.0753246396780014 0.0187214333564043 0.0187214333564043 0 0 0 0 0 0 0.0095953019335866 0.0187214333564043 0.0187214333564043 0.0280443131923676 0.0847685905173421 0.240957108326256 0.387686522677541 0.649438515305519 0.66716106235981 0.403426475822926 0.513439476490021 0.562959715723991 0.532281987369061 0.535263486206532 0.651693552732468 0.544374495744705 0.59195750951767 0.677876323461533 0.965311616659164 0.976662516593933 0.394345743581653 0.26149467471987 0.574810065329075 0.785619139671326 0.766413420438766 0.776371955871582 0.776371955871582 0.776371955871582 0.757332682609558 0.729076489806175 0.277961075305939 0.354859702289104 0.133743983693421 0.257544577121735 0.209885880351067 0.0187214333564043 0 0 0 0 0 0 0 0
0.0658201426267624 0.297499773092568 0.472364308312535 0.597996182739735 0.649256899952888 0.756485164165497 0.796833842992783 0.546856567263603 0.399203930050135 0.451387824490666 0.28811636287719 0.056391317397356 0.0187214333564043 0.0187214333564043 0 0 0 0.0187214333564043 0.0187214333564043 0.0187214333564043 0.056391317397356 0.056391317397356 0.238353967666626 0.22933377046138 0.416396768763661 0.542164839804173 0.674259170889854 0.829373121261597 0.507325120270252 0.604065150022507 0.607334196567535 0.63059601187706 0.556088626384735 0.594379037618637 0.737657770514488 0.942034691572189 0.918666958808899 0.930199474096298 0.785619139671326 0.517329044640064 0.773965537548065 0.766897708177567 0.575173288583755 0.766897708177567 0.776371955871582 0.745255321264267 0.785619139671326 0.776371955871582 0.757332682609558 0.729076489806175 0.349199390038848 0.319974578917027 0.206071984954178 0.257544577121735 0.0468716882169247 0.0187214333564043 0.0117141390219331 0 0 0 0 0 0
0.266897708177567 0.439855304546654 0.495595844462514 0.624163813889027 0.739065289497375 0.642643094062805 0.822925806045532 0.798211097717285 0.591079711914062 0.516405839473009 0.451387824490666 0.182568025775254 0.123422220349312 0.0280443131923676 0.0187214333564043 0.0187214333564043 0.0187214333564043 0.0375639423727989 0.056391317397356 0.075415444560349 0.0847685905173421 0.22933377046138 0.409344074316323 0.311847331002355 0.492977578192949 0.681629687547684 0.83675879240036 0.778521060943604 0.776144921779633 0.747464969754219 0.776144921779633 0.776144921779633 0.729545652866364 0.897614806890488 0.942034691572189 0.918651819229126 0.906877160072327 0.965069472789764 0.795471757650375 0.785619139671326 0.556088626384735 0.410070538520813 0.497124444693327 0.459742095321417 0.544510707259178 0.757378101348877 0.545781992375851 0.315570427104831 0.277915669605136 0.259194233454764 0.586796626448631 0.566622264683247 0.361851863563061 0.217634779401124 0.075415444560349 0.056391317397356 0.0187214333564043 0 0 0 0 0 0
0.275978446006775 0.484093578532338 0.472364308312535 0.647531554102898 0.861897259950638 0.771286725997925 0.869373738765717 0.78776827454567 0.809758752584457 0.820019990205765 0.607606634497643 0.446211816743016 0.276493010111153 0.184520393610001 0.056391317397356 0.123422220349312 0.0658201426267624 0.0941671431064606 0.103762445040047 0.444350269623101 0.405651243403554 0.478448409587145 0.423328399658203 0.447649620473385 0.556224845349789 0.657111719250679 0.738217756152153 0.83046281337738 0.988452345132828 0.897614806890488 0.920906871557236 0.897614806890488 0.907089024782181 1 0.976844131946564 0.599630728363991 0.965069472789764 0.795471757650375 0.776144921779633 0.556028090417385 0.38282835483551 0.336244206875563 0.356252074241638 0.353754881769419 0.386233627796173 0.362669117748737 0.68113024532795 0.747979536652565 0.736325934529305 0.628583118319511 0.298877013847232 0.490873854607344 0.729076489806175 0.327057536691427 0.217786115594208 0.0659866193309426 0.056391317397356 0.0187214333564043 0.00912613142281771 0 0 0 0
0.218588247895241 0.507294865325093 0.495641263201833 0.607243396341801 0.880936533212662 0.838559806346893 0.928292512893677 0.824741959571838 0.834352403879166 0.869373738765717 0.760253667831421 0.492977578192949 0.498047651723027 0.463132234290242 0.439007786102593 0.26433998066932 0.270953771658242 0.359263864345849 0.416396768763661 0.516405839473009 0.523519095033407 0.669900432229042 0.556088626384735 0.569739982485771 0.642219334840775 0.7571662068367 0.776144921779633 0.897614806890488 0.930381089448929 0.930381089448929 0.907089024782181 1 1 0.965130001306534 0.847292423248291 0.906922549009323 0.795471757650375 0.776144921779633 0.666252985596657 0.630505189299583 0.273466112092137 0.275887635536492 0.240957108326256 0.205905494280159 0.273572059348226 0.320171318948269 0.421103626489639 0.798831611871719 0.729076489806175 0.73855072259903 0.628583118319511 0.26149467471987 0.58856737613678 0.645125150680542 0.468883361667395 0.30362927634269 0.075415444560349 0.056391317397356 0.0187214333564043 0.0187214333564043 0.00912613142281771 0 0
0.161288857460022 0.472470255568624 0.518903048709035 0.618775919079781 0.880936533212662 0.857720136642456 0.859975188970566 0.930244863033295 0.8251051902771 0.717755854129791 0.892484188079834 0.796833842992783 0.622589841485023 0.498047651723027 0.719874680042267 0.327178629115224 0.5214002430439 0.539697922766209 0.504691708832979 0.575279243290424 0.680343255400658 0.83675879240036 0.699155494570732 0.795698761940002 0.897614806890488 0.899824440479279 0.930381089448929 0.918651819229126 0.988391816616058 0.953521817922592 1 0.883660733699799 0.855071574449539 0.906816601753235 0.930199474096298 0.795471757650375 0.67061173915863 0.366588987410069 0.37576051056385 0.229242962785065 0.107954715378582 0.056391317397356 0.104307293891907 0.056391317397356 0.075415444560349 0.182810184545815 0.27709841914475 0.623558431863785 0.743197023868561 0.729076489806175 0.747979536652565 0.50030267983675 0.270847835578024 0.518933326005936 0.633501827716827 0.576928906142712 0.442034688778222 0.145458129234612 0.056391317397356 0.0468716882169247 0.0187214333564043 0.00912613142281771 0
0.103838123381138 0.285573747940361 0.507294865325093 0.757196485996246 0.861897259950638 0.717014253139496 0.805944859981537 1 0.988452345132828 0.801873654127121 0.799315899610519 0.829373121261597 0.749341651797295 0.775600075721741 0.502466920763254 0.535172697156668 0.523609884083271 0.703938007354736 0.658852204680443 0.846006006002426 0.848261028528214 0.815267741680145 0.920906871557236 0.930381089448929 0.930381089448929 0.930381089448929 0.907089024782181 1 0.965084612369537 1 0.444062724709511 0.883660733699799 0.965084612369537 0.953415870666504 0.785619139671326 0.416033551096916 0.448739275336266 0.308457197621465 0.0963919209316373 0.0659866193309426 0.0187214333564043 0.0187214333564043 0.0187214333564043 0.0187214333564043 0.0187214333564043 0.0659866193309426 0.0963919209316373 0.22710900194943 0.611844286322594 0.745194777846336 0.719450920820236 0.633168861269951 0.480673171579838 0.270847835578024 0.452522933483124 0.614386901259422 0.591064557433128 0.477116552181542 0.15317673701793 0.056391317397356 0.056391317397356 0.0187214333564043 0.0187214333564043
0.056391317397356 0.096301113255322 0.449193330481648 0.484184395521879 0.748872473835945 0.659714877605438 0.8251051902771 1 0.95344614982605 0.909177601337433 0.801873654127121 0.825029522180557 0.829373121261597 0.717589378356934 0.81113600730896 0.682477220892906 0.822744190692902 0.670536071062088 0.813481867313385 0.932560473680496 0.920906871557236 0.918818295001984 0.930381089448929 0.895374894142151 0.930199474096298 1 0.976738214492798 0.988391816616058 0.883660733699799 0.883660733699799 0.976617127656937 0.96516028046608 0.965069472789764 0.834579408168793 0.600205831229687 0.423631072044373 0.296848984435201 0.0847685905173421 0.056391317397356 0.0187214333564043 0.0095953019335866 0 0 0 0.0187214333564043 0.0187214333564043 0.056391317397356 0.0847685905173421 0.374534604139626 0.238671796396375 0.576959155499935 0.614371761679649 0.614371761679649 0.633168861269951 0.248282231390476 0.401685990393162 0.637542754411697 0.576928906142712 0.48642429895699 0.424720761366189 0.238490179181099 0.0658958107233047 0.0187214333564043
0.056391317397356 0.0848139971494675 0.457729217596352 0.530723143368959 0.755228996276855 0.600780948996544 0.700411662459373 0.953536957502365 0.98834639787674 0.976844131946564 0.944092988967896 0.8251051902771 0.846006006002426 0.764521598815918 0.836637705564499 0.8251051902771 0.976844131946564 0.948164165019989 0.930381089448929 0.930381089448929 0.895374894142151 0.930381089448929 0.918651819229126 1 0.98834639787674 1 0.883660733699799 0.864576071500778 0.883660733699799 0.930290281772614 0.97681388258934 0.988452345132828 0.805944859981537 0.557798840105534 0.406196095049381 0.308457197621465 0.0963919209316373 0.0375639423727989 0.0187214333564043 0.0095953019335866 0 0 0 0 0 0.0187214333564043 0.0187214333564043 0.056391317397356 0.0659866193309426 0.133743983693421 0.182810184545815 0.308502592146397 0.639661595225334 0.643203064799309 0.585676662623882 0.411916956305504 0.364031240344048 0.536126159131527 0.529588028788567 0.45379423815757 0.401443836279213 0.238490179181099 0.0373520590364933
0.219405516982079 0.276371955871582 0.460756124928594 0.518903048709035 0.670763090252876 0.680358380079269 0.805990248918533 0.953536957502365 0.988391816616058 0.96516028046608 0.907089024782181 0.965069472789764 0.976844131946564 0.976844131946564 0.932560473680496 0.930381089448929 0.907089024782181 0.941913604736328 0.895374894142151 0.895374894142151 0.883660733699799 1 0.930017858743668 0.953294783830643 0.988391816616058 0.883660733699799 0.883660733699799 0.883660733699799 0.976723074913025 0.988452345132828 0.840497016906738 0.766549617052078 0.439113736152649 0.445621572434902 0.308457197621465 0.0659866193309426 0.0187214333564043 0.0095953019335866 0 0 0 0 0 0 0 0 0.0187214333564043 0.0187214333564043 0.0373520590364933 0.056391317397356 0.0659866193309426 0.104231615550816 0.419105854816735 0.602718159556389 0.576202437281609 0.446786925196648 0.411916956305504 0.249023824930191 0.411916956305504 0.418863710947335 0.500348088331521 0.357145011425018 0.0658958107233047
0.247782793827355 0.484093578532338 0.437539728358388 0.518903048709035 0.81298241019249 0.703075349330902 0.8251051902771 0.965084612369537 0.965084612369537 0.918545871973038 0.907089024782181 0.907089024782181 0.907089024782181 0.930381089448929 0.907089024782181 0.907089024782181 0.895374894142151 0.895374894142151 0.895374894142151 0.97663226723671 0.906816601753235 0.918470203876495 0.895390003919601 0.895390003919601 0.883660733699799 0.89519327878952 0.941898465156555 0.976662516593933 1 0.708296746015549 0.551850944757462 0.612071312963963 0.516678266227245 0.440415285527706 0.0847685905173421 0.0187214333564043 0.0095953019335866 0 0 0 0 0 0 0 0 0 0 0.00912613142281771 0.0187214333564043 0.0187214333564043 0.0373520590364933 0.0659866193309426 0.075415444560349 0.104231615550816 0.290098992176354 0.509655835106969 0.518781965598464 0.411916956305504 0.229787811636925 0.393483078107238 0.430487033911049 0.448012828826904 0.248115748167038
0.418651821091771 0.507294865325093 0.613811790943146 0.597859978675842 0.840935915708542 0.857659608125687 0.8251051902771 0.953536957502365 0.953536957502365 1 0.918545871973038 0.895374894142151 0.9534612596035 0.895374894142151 0.895374894142151 0.883660733699799 0.883660733699799 0.883660733699799 0.895268946886063 0.883660733699799 0.941928744316101 0.976723074913025 0.619971543550491 0.733616858720779 0.918394535779953 0.930184334516525 0.96516028046608 0.976844131946564 0.838257104158401 0.699155494570732 0.598510757088661 0.549005672335625 0.394784644246101 0.252610710449517 0.0659866193309426 0.0187214333564043 0 0 0 0 0 0 0 0 0 0 0 0 0 0.00912613142281771 0.0187214333564043 0.0187214333564043 0.056391317397356 0.0659866193309426 0.104231615550816 0.133395892567933 0.500348088331521 0.500348088331521 0.383857494220138 0.24970487318933 0.383857494220138 0.364787966012955 0.405847996473312
0.486333491280675 0.528059452772141 0.702681854367256 0.805959969758987 0.771120250225067 0.834352403879166 0.824741959571838 0.965190529823303 0.930381089448929 0.988391816616058 0.918470203876495 0.98828586935997 1 0.883660733699799 0.883660733699799 0.906831741333008 0.883660733699799 0.883660733699799 0.918500483036041 0.522656410932541 0.453627750277519 0.895390003919601 0.883660733699799 0.883660733699799 0.895314335823059 0.953552067279816 0.829100698232651 0.688712656497955 0.764521598815918 0.782773852348328 0.859975188970566 0.613024801015854 0.323500933125615 0.0847685905173421 0.0280443131923676 0.0187214333564043 0 0 0 0 0 0 0 0 0 0 0 0 0 0 0 0.00912613142281771 0.0187214333564043 0.0187214333564043 0.056391317397356 0.0659866193309426 0.104231615550816 0.366619256325066 0.500348088331521 0.477146831341088 0.384008851833642 0.345612504519522 0.114053943194449
0.793867468833923 0.620743423700333 0.66555680334568 0.787859052419662 0.848261028528214 0.805430263280869 0.953658014535904 0.918651819229126 0.895374894142151 0.918636679649353 0.941580653190613 0.918470203876495 0.906816601753235 1 0.883660733699799 0.907104164361954 0.883660733699799 0.965190529823303 0.608348220586777 0.532176047563553 0.764385372400284 0.918470203876495 0.965008944272995 1 0.942004412412643 0.647077530622482 0.567621164023876 0.586796618998051 0.579365566372871 0.55843448638916 0.662726640701294 0.653312966227531 0.284650531597435 0.0659866193309426 0.0187214333564043 0.0095953019335866 0 0 0 0 0 0 0 0 0 0 0 0 0 0 0 0 0 0.00912613142281771 0.0187214333564043 0.0282410625368357 0.056391317397356 0.0659866193309426 0.40374427754432 0.450283020734787 0.337742537260056 0.277718931436539 0.210249111056328
0.848412394523621 0.642219334840775 0.87005478143692 0.944183796644211 0.918818295001984 0.918818295001984 0.907089024782181 0.895374894142151 0.883660733699799 0.97663226723671 0.895268946886063 0.883660733699799 0.883660733699799 0.883660733699799 0.895223528146744 0.94174712896347 0.98834639787674 0.742939740419388 0.503783643245697 0.577549427747726 0.895390003919601 0.98834639787674 0.988391816616058 0.930381089448929 0.920710116624832 0.590958625078201 0.571949616074562 0.478418126702309 0.449919797480106 0.459666438400745 0.579743929207325 0.498047651723027 0.142234456725419 0.056391317397356 0.0187214333564043 0.0095953019335866 0 0 0 0 0 0 0 0 0 0 0 0 0 0 0 0 0 0 0.00912613142281771 0.0187214333564043 0.0187214333564043 0.0375488102436066 0.0659866193309426 0.228879734873772 0.257589966058731 0.247964397072792 0.238399371504784
0.786618024110794 0.8251051902771 0.907089024782181 0.942034691572189 0.930381089448929 0.907089024782181 0.883660733699799 0.883660733699799 0.895208388566971 0.895268946886063 0.883660733699799 0.883660733699799 0.895223528146744 0.895223528146744 0.906756073236465 0.953400731086731 0.962587386369705 0.860625982284546 0.9534612596035 0.930290281772614 0.976738214492798 0.918651819229126 0.920906871557236 0.978978127241135 0.655779898166656 0.497169837355614 0.397856950759888 0.296848984435201 0.275917914696038 0.26005691010505 0.467718002386391 0.348306444473565 0.123286016285419 0.0470835715532303 0.0187214333564043 0 0 0 0 0 0 0 0 0 0 0 0 0 0 0 0 0 0 0 0 0 0 0.0187214333564043 0.0187214333564043 0.0468716882169247 0.123376816511154 0.171141445636749 0.180615678429604
0.95571631193161 0.918818295001984 0.930381089448929 0.907089024782181 0.883660733699799 0.883660733699799 0.883660733699799 0.930063247680664 0.895268946886063 0.883660733699799 0.883660733699799 0.883660733699799 0.883660733699799 0.895223528146744 0.930199474096298 0.976723074913025 0.608575224876404 0.883660733699799 0.906816601753235 0.976738214492798 0.930199474096298 0.853588402271271 0.73855072259903 0.764521598815918 0.553939528763294 0.411720186471939 0.296848984435201 0.308018294163048 0.142234456725419 0.075415444560349 0.075415444560349 0.123422220349312 0.0470835715532303 0.0187214333564043 0.0187214333564043 0 0 0 0 0 0 0 0 0 -9999 0 0 0 0 0 0 0 0 0 0 0 0 0 0.0187214333564043 0.0187214333564043 0.0187214333564043 0.0187214333564043 0.0761570334434509
0.930381089448929 0.907089024782181 0.883660733699799 0.895374894142151 0.883660733699799 0.883660733699799 0.976556599140167 0.988437205553055 0.883660733699799 0.895223528146744 0.883660733699799 0.883660733699799 0.883660733699799 0.883660733699799 0.930199474096298 0.892075538635254 0.930138945579529 0.941731989383698 0.918470203876495 1 0.965084612369537 0.677951991558075 0.636846572160721 0.656687960028648 0.528059437870979 0.308457197621465 0.252686378546059 0.238353967666626 0.056391317397356 0.0280291792005301 0.0187214333564043 0.0280443131923676 0.0187214333564043 0.0187214333564043 0 0 0 0 0 0 0 0 0 0 0 -9999 0 0 0 0 0 0 0 0 0 0 0 0 0 0 0.0095953019335866 0.0187214333564043 0.0187214333564043
0.883660733699799 0.883660733699799 0.883660733699799 0.883660733699799 0.883660733699799 0.9534612596035 0.895314335823059 0.883660733699799 0.906771183013916 0.918485343456268 0.895223528146744 0.883660733699799 0.883660733699799 0.883660733699799 0.958228647708893 0.836410671472549 0.906846880912781 0.941731989383698 1 1 0.8251051902771 0.610043287277222 0.516390703618526 0.474407494068146 0.354284586384892 0.27171051222831 0.0847685905173421 0.056391317397356 0.0187214333564043 0 0.0095953019335866 0.0187214333564043 0 0 0 0 0 0 0 -9999 0 0 0 0 -9999 -9999 -9999 0 0 0 0 0 0 0 0 0 0 0 0 0 0 0 0
0.895208388566971 0.883660733699799 0.906922549009323 1 0.988270729780197 0.883660733699799 0.941777408123016 0.953431010246277 0.953491538763046 0.965024054050446 0.883660733699799 0.976768463850021 0.988376677036285 0.976723074913025 0.918591290712357 0.883660733699799 0.918470203876495 1 0.976738214492798 0.944092988967896 0.834352403879166 0.614462569355965 0.465841338038445 0.323500933125615 0.286920723505318 0.0847685905173421 0.056391317397356 0.0187214333564043 0.0095953019335866 0 0 0 0 0 0 0 0 -9999 -9999 -9999 0 0 0 0 -9999 -9999 -9999 0 0 0 0 0 0 0 0 0 0 0 0 0 0 0 0
0.883660733699799 1 0.988270729780197 1 1 0.930123805999756 0.941777408123016 0.930123805999756 0.953309923410416 1 0.976768463850021 0.94197416305542 0.930320560932159 0.907028496265411 0.883660733699799 0.918470203876495 0.930199474096298 0.847912937402725 0.855571031570435 0.749281108379364 0.738475039601326 0.580833598971367 0.296848984435201 0.22933377046138 0.056391317397356 0.056391317397356 0.0187214333564043 0.0095953019335866 0 0 0 0 0 0 0 0 0 -9999 -9999 0 0 0 0 0 -9999 0 0 0 -9999 0 0 0 0 0 0 0 0 0 0 0 0 0 0
1 1 1 0.98828586935997 0.930123805999756 0.930123805999756 0.930123805999756 0.988467484712601 1 0.976768463850021 0.930320560932159 0.895374894142151 0.883660733699799 0.883660733699799 0.906816601753235 0.965205669403076 0.965084612369537 0.915503829717636 0.749281108379364 0.606062904000282 0.509413681924343 0.380558164790273 0.252716657705605 0.075415444560349 0.0470835715532303 0.0187214333564043 0.0187214333564043 0 0 0 0 0 0 0 0 0 -9999 0 0 0 0 0 0 0 0 0 0 -9999 0 0 0 0 0 0 0 0 0 0 0 0 0 0 0
1 1 1 0.97663226723671 0.98828586935997 0.97663226723671 0.988467484712601 0.988467484712601 0.941868215799332 0.941777408123016 0.976617127656937 0.883660733699799 0.883660733699799 0.918470203876495 1 0.930381089448929 0.965311616659164 0.8251051902771 0.857659608125687 0.593410402536392 0.642295002937317 0.544722579419613 0.453915295191109 0.132851049304008 0.0470835715532303 0.0187214333564043 0 0 0 0 0 0 0 0 0 0 0 0 0 0 0 0 0 0 0 0 0 -9999 0 0 0 0 0 0 0 0 0 0 0 0 0 0 0
