data-raw/DATASET_PNE_1/DATASET_PNE/a_DATA/PFGS/ENVSUIT_A1B/HS_f15_C2_VaccUli.asc
NCOLS 619 
NROWS 782 
XLLCORNER 876826 
YLLCORNER 1947424 
CELLSIZE 100 
NODATA_value -9999 
[rows 551 to 579 of 782, columns 320 to 383 of 619]
0 0 0 0 0 0 0 0 0 0.0107028996571898 0 0.0107939885929227 0.0107939885929227 0.0215424317866564 0.0107939885929227 0 0 0.0107939885929227 0 0.0107939885929227 0.0314407171681523 0.537665084004402 0.0296644903719425 0.111203886568546 0.0296037644147873 0.0493092462420464 0.0984818562865257 0.629406422376633 0.607955068349838 0.607772886753082 0.606892377138138 0.711036890745163 0.59711554646492 0.60790953040123 0.59711554646492 0.59711554646492 0.158600275404751 0.60790953040123 0.667086690664291 0.781099140644073 0.893183559179306 0.892485171556473 0.935539692640305 0.957051783800125 0.892303019762039 0.870942771434784 0.913754343986511 0.881660848855972 0.838940352201462 0.860391676425934 0.903506904840469 0.881873399019241 0.914847433567047 0.872582346200943 0.799605280160904 0.768969178199768 0.946333676576614 0.881660848855972 0.904235631227493 0.893350541591644 0.77270382642746 0.711674511432648 0.671307116746902 0.745787143707275
0 0 0 0 0 0 0.0214968882501125 0.0107028996571898 0.0107939885929227 0.0107939885929227 0.0214968882501125 0 0.0322453305125237 0.0323364203795791 0 0.0216183383017778 0.0107939885929227 0.0431607700884342 0.053104599006474 0.0422802502289414 0.0306664640083909 0.459010168910027 0 0.0503415800631046 0.120631550438702 0.0984818562865257 0.59711554646492 0.59711554646492 0.59711554646492 0.680461525917053 0.741536349058151 0.74056476354599 0.71269166469574 0.59711554646492 0.59711554646492 0.59711554646492 0.169880066998303 0.59711554646492 0.720919996500015 0.833475023508072 0.904660671949387 0.881660848855972 0.892667382955551 0.924836814403534 0.892621845006943 0.903461366891861 0.892621845006943 0.914012461900711 0.88179749250412 0.88179749250412 0.88179749250412 0.892621845006943 0.871185690164566 0.903218448162079 0.956945508718491 0.967936843633652 0.935539692640305 0.957036584615707 0.762000918388367 0.915697574615479 0.824897527694702 0.783437073230743 0.808349788188934 0.693897068500519
0 0 0 0 0 0 0 0 0.0107939885929227 0 0 0.0107939885929227 0.0107939885929227 0.0107939885929227 0.0107939885929227 0.0107939885929227 0.0422650659456849 0.0913617722690105 0.111720055341721 0.0797328101471066 0.0905723394826055 0.128358889371157 0 0 0.158630635589361 0.609230309724808 0.59711554646492 0.616836205124855 0.710854738950729 0.752133011817932 0.78193411231041 0.811553061008453 0.751222103834152 0.719872504472733 0.59711554646492 0.59711554646492 0.59711554646492 0.59711554646492 0.74056476354599 0.87580081820488 0.860209494829178 0.903127372264862 0.914073169231415 0.903233647346497 0.98920601606369 0.914073169231415 0.903279185295105 0.903233647346497 0.892621845006943 0.892621845006943 0.903233647346497 0.903233647346497 0.881964474916458 0.892621845006943 0.88179749250412 0.892621845006943 0.892409294843674 0.946257770061493 0.924669802188873 0.904023081064224 0.740337044000626 0.81735235452652 0.781448304653168 0.219735845923424
0.0214968882501125 0 0.0214968882501125 0 0 0 0 0 0.0107939885929227 0 0 0.0107939885929227 0.0107939885929227 0.0107939885929227 0.0314407171681523 0.0512372851371765 0.226719297468662 0.497631683945656 0.567526951432228 0.587293162941933 0.587293162941933 0.0896462723612785 0 0.0097920149564743 0.0591316223144531 0.60790953040123 0.616836205124855 0.722620338201523 0.74056476354599 0.751267671585083 0.77270382642746 0.793229103088379 0.765492647886276 0.74056476354599 0.68043115735054 0.59711554646492 0.59711554646492 0.618430241942406 0.729740411043167 0.903233647346497 0.892454832792282 0.881964474916458 0.903461366891861 0.957021415233612 1 0.989175647497177 0.935630798339844 0.924882352352142 0.957112491130829 0.967724293470383 0.935661137104034 0.935661137104034 0.914073169231415 0.914073169231415 0.903233647346497 0.892576277256012 0.967845767736435 0.957097321748734 0.903097033500671 0.892485171556473 0.751085489988327 0.735964775085449 0.238211625255644 0.127857902087271
0.0214968882501125 0 0 0 0 0.0107028996571898 0.0215879771858454 0.0323212370276451 0.0431607700884342 0.0431607700884342 0.053104599006474 0.12128434702754 0.0617580097168684 0.275087296962738 0.557598307728767 0.527614995837212 0.557476833462715 0.557476833462715 0.59711554646492 0.616729930043221 0.59711554646492 0.354091376066208 0 0.0493092462420464 0.0690299049019814 0.59711554646492 0.709154397249222 0.74056476354599 0.761925011873245 0.872384995222092 0.82281768321991 0.794185519218445 0.74319115281105 0.766282081604004 0.703825742006302 0.607772901654243 0.607772901654243 0.598026424646378 0.762016117572784 0.892409294843674 0.913890987634659 0.892621845006943 0.914073169231415 0.989175647497177 1 1 1 1 1 1 1 1 1 1 1 1 1 0.978639751672745 0.967618018388748 0.893320173025131 0.80176106095314 0.697570979595184 0.218582057394087 0.118035525083542
0 0 0 0 0.043024136684835 0.0323212370276451 0.0323212370276451 0.053104599006474 0.227326549589634 0.537665084004402 0.577546671032906 0.577546671032906 0.537665084004402 0.527614995837212 0.507651433348656 0.58976773917675 0.59711554646492 0.59711554646492 0.606892377138138 0.59711554646492 0.59711554646492 0.530119940638542 0.0493092462420464 0.0688629150390625 0.158038556575775 0.59711554646492 0.699529379606247 0.811644166707993 0.842826783657074 0.903339892625809 0.958402901887894 0.826400488615036 0.815591305494308 0.723303467035294 0.745726406574249 0.703825742006302 0.393168345093727 0.629330515861511 0.811628967523575 0.903248816728592 0.903233647346497 0.892621845006943 0.935661137104034 1 1 1 1 1 1 1 1 1 1 1 1 1 0.989297091960907 0.935645967721939 0.903233647346497 0.832078337669373 0.804417818784714 0.776362538337708 0.292910277843475 0.118035525083542
0 0 0 0.0107939885929227 0.0431607700884342 0.132154244929552 0.441141657531261 0.59706999361515 0.587323501706123 0.59711554646492 0.587293162941933 0.557476833462715 0.568316385149956 0.109139211475849 0.0788067430257797 0.0888264775276184 0.21748898550868 0.480522245168686 0.606892377138138 0.59711554646492 0.607772886753082 0.59711554646492 0.607955068349838 0.334552899003029 0.18790040910244 0.661575853824615 0.729740411043167 0.842158794403076 0.892454832792282 0.894139975309372 0.804463326931 0.814619690179825 0.784287244081497 0.647305309772491 0.600349172949791 0.732457876205444 0.711962968111038 0.640200406312943 0.78156977891922 0.914073169231415 0.914012461900711 0.914073169231415 0.98920601606369 1 1 1 1 1 1 1 1 1 1 1 0.98920601606369 0.957021415233612 0.935630798339844 0.957006216049194 0.903400629758835 0.832943677902222 0.825307428836823 0.746940970420837 0.250857755541801 0.088462121784687
0 0 0 0 0 0.0207378175109625 0.0503567652776837 0.439046591520309 0.452770620584488 0.587293162941933 0.587293162941933 0.58947928249836 0.128282979130745 0.128282979130745 0.119128584861755 0.177986949682236 0.295855484902859 0.266737509518862 0.59711554646492 0.550144210457802 0.59711554646492 0.62937605381012 0.629406422376633 0.137665097601712 0.197950512170792 0.690223187208176 0.801973581314087 0.872658282518387 0.87100350856781 0.89965084195137 0.967709124088287 0.76165172457695 0.784287244081497 0.712555021047592 0.622772127389908 0.554850459098816 0.752937614917755 0.672263562679291 0.82281768321991 0.892439633607864 0.903233647346497 0.914073169231415 1 1 1 1 1 1 1 1 1 1 1 1 0.957021415233612 0.946409612894058 0.914103537797928 0.914073169231415 0.738484919071198 0.813071191310883 0.772385001182556 0.530605733394623 0.249931678175926 0.088462121784687
0 0 0 0 0 0.0099438289180398 0.0306664640083909 0.0404736585915089 0.068938821554184 0.108319416642189 0.173037797212601 0.59711554646492 0.587247610092163 0.539623498916626 0.287202063947916 0.266737509518862 0.207772889174521 0.608881145715714 0.693881869316101 0.325003802776337 0.37312887609005 0.251647174358368 0.166980409994721 0.234598457813263 0.197950512170792 0.444253832101822 0.78275391459465 0.861955374479294 0.903112173080444 0.908577501773834 0.967648386955261 0.783042371273041 0.751525729894638 0.794944584369659 0.722362220287323 0.724229544401169 0.765401542186737 0.691073328256607 0.783315628767014 0.914073169231415 0.903233647346497 0.967724293470383 1 1 1 1 1 1 1 1 1 1 1 1 0.957021415233612 0.903157740831375 0.903233617544174 0.862076818943024 0.772658258676529 0.740245938301086 0.699013203382492 0.168726273812354 0.0982996821403503 0.0788067430257797
0 0 0 0 0 0.0216031577438116 0.0099438289180398 0.060103234834969 0.0884317606687546 0.228556248359382 0.618612408638 0.0982996821403503 0.618384689092636 0.578442394733429 0.451100647449493 0.228343703784049 0.207772889174521 0.379672080278397 0.721633523702621 0.704630345106125 0.650872930884361 0.219553664326668 0.220373466610909 0.245255813002586 0.218582057394087 0.330150298774242 0.772521644830704 0.860209494829178 0.881676018238068 0.908577501773834 0.946333676576614 0.896098375320435 0.827751636505127 0.817139834165573 0.815454661846161 0.805556386709213 0.805556386709213 0.679353266954422 0.804797321557999 0.957036584615707 0.903233647346497 1 1 1 1 1 1 1 1 1 1 1 0.967724293470383 0.914073169231415 0.957036584615707 0.871064215898514 0.881827831268311 0.72963410615921 0.551009565591812 0.511127978563309 0.31509031355381 0.108197964727879 0.0982996821403503 0.0788067430257797
0 0 0 0 0 0 0 0.0207378175109625 0.0905723422765732 0.068938821554184 0.354273557662964 0.640109300613403 0.59711554646492 0.618430241942406 0.678700476884842 0.688507676124573 0.690314263105392 0.74056476354599 0.732457876205444 0.703734636306763 0.683057546615601 0.229376041330397 0.208607867360115 0.220327913761139 0.239987858571112 0.441096112132072 0.782738745212555 0.914133906364441 0.871049046516418 0.978503108024597 0.946303308010101 1 0.837680280208588 0.827751636505127 0.827068477869034 0.835387885570526 0.815454661846161 0.804797321557999 0.844132393598557 0.989251554012299 0.903233647346497 1 1 1 1 1 1 1 1 1 1 1 0.978548645973206 0.946409583091736 1 0.957097321748734 0.903324723243713 0.853605568408966 0.755715787410736 0.328905427828431 0.283072704449296 0.127857902087271 0.158008202910423 0.0886442959308624
0 0 0 0 0 0 0 0 0.0198724754154682 0.0296644903719425 0.0996356457471848 0.650918483734131 0.59711554646492 0.62937605381012 0.62937605381012 0.674783676862717 0.761879473924637 0.761257022619247 0.704569607973099 0.701047539710999 0.500440254807472 0.263306498527527 0.218430244363844 0.229239415377378 0.229376041330397 0.689570367336273 0.835236072540283 0.93699711561203 0.828131169080734 0.95702138543129 0.978503108024597 1 0.89965084195137 0.879004091024399 0.879004091024399 0.906892359256744 0.926233470439911 0.905025035142899 1 0.967845767736435 0.903233647346497 1 1 1 1 1 1 1 1 1 1 1 1 0.914073169231415 0.892621845006943 0.978639751672745 0.924700170755386 0.863534212112427 0.708000630140305 0.550994388759136 0.218582057394087 0.167860933579504 0.148018822073936 0.0982996821403503
0 0 0 0 0 0 0 0 0 0.0099438289180398 0.500516176223755 0.367299221456051 0.607772886753082 0.693881899118423 0.721663892269135 0.755533635616302 0.828161537647247 0.795916199684143 0.755533635616302 0.71088507771492 0.240215578116477 0.241946265101433 0.241946265101433 0.207772889174521 0.229376041330397 0.727038115262985 0.783315628767014 0.8824502825737 0.871003478765488 0.956975847482681 1 0.946394413709641 0.989297091960907 0.989297091960907 0.989297091960907 0.989297091960907 0.989251554012299 0.989251554012299 0.935448616743088 0.924851983785629 0.914073169231415 1 1 1 1 1 1 1 1 1 1 1 1 1 0.924851983785629 0.946288138628006 0.946060419082642 0.90420526266098 0.718991965055466 0.682708352804184 0.237224840559065 0.187839680351317 0.177850306034088 0.207469251006842
0 0 0 0 0 0 0 0 0 0.0296644903719425 0.157947465777397 0.324578709900379 0.59711554646492 0.671413391828537 0.752041906118393 0.814725965261459 0.815621674060822 0.760209500789642 0.773614704608917 0.701958388090134 0.25099437776953 0.240215578116477 0.252649158239365 0.230393201112747 0.27249126508832 0.283148620277643 0.691969037055969 0.924851983785629 0.849582523107529 0.871200859546661 1 0.989297091960907 0.989297091960907 0.989297091960907 0.978639751672745 0.978503108024597 0.989297091960907 0.978639751672745 0.914073169231415 0.914073169231415 0.957112491130829 1 1 1 1 1 1 1 1 1 1 1 1 1 0.903400629758835 0.924851983785629 0.946060419082642 0.89341127872467 0.749051183462143 0.518900863826275 0.561742819845676 0.314847418107092 0.42447243258357 0.207469251006842
0 0 0 0 0 0 0 0 0 0.0982996821403503 0.354030676186085 0.363594964146614 0.461090043187141 0.689479291439056 0.783543348312378 0.815591305494308 0.805556386709213 0.45214818418026 0.783604055643082 0.74473962187767 0.240215578116477 0.261651732958853 0.262441158294678 0.261606195010245 0.272263535298407 0.293927419930696 0.462152719497681 0.938773334026337 0.903157740831375 0.871185690164566 1 1 0.978503108024597 0.967845767736435 0.978503108024597 1 0.935661137104034 0.914073169231415 0.914073169231415 1 1 1 1 1 1 1 1 1 1 1 1 1 1 1 0.903461366891861 0.892424464225769 0.892409294843674 0.88257172703743 0.729618936777115 0.486655529588461 0.539380587637424 0.424062561243773 0.148018822073936 0.59711554646492
0 0 0 0 0 0 0 0 0.0296644903719425 0.451055109500885 0.636465772986412 0.688538014888763 0.678791582584381 0.75295278429985 0.815621674060822 0.569591611623764 0.80549567937851 0.565204173326492 0.815439492464066 0.761970549821854 0.269530888646841 0.261651732958853 0.261651732958853 0.272263535298407 0.304402598179877 0.44733564555645 0.470836490392685 0.927068471908569 0.935448616743088 0.882010042667389 1 1 0.957021415233612 0.978548645973206 0.967724293470383 0.967724293470383 0.956975847482681 0.957021415233612 1 1 1 1 1 1 1 1 1 1 1 1 1 1 1 1 0.957021415233612 0.903233647346497 0.892561107873917 0.915819019079208 0.761727660894394 0.602262035012245 0.745665699243546 0.523288294672966 0.237801726907492 0.619462579488754
0 0 0 0 0 0.0198724754154682 0.0296644903719425 0.0296644903719425 0.151495367288589 0.616836205124855 0.892637014389038 0.892424464225769 0.935539692640305 0.862866252660751 0.947608917951584 0.847016870975494 0.784970372915268 0.41442234814167 0.375193573534489 0.804827690124512 0.488917544484138 0.27249126508832 0.2829664433375 0.2829664433375 0.315242130309343 0.672597527503967 0.721253991127014 0.946288138628006 0.860437244176865 0.914149075746536 0.967845767736435 1 0.967724293470383 1 0.978548645973206 1 1 1 1 1 1 1 1 1 1 1 1 0.946272969245911 1 1 1 1 1 1 0.957021415233612 0.914012461900711 0.967663586139679 0.926263839006424 0.77258238196373 0.707985430955887 0.750371932983398 0.743008971214294 0.431501433253288 0.560953408479691
0 0.0198724754154682 0.0394868664443493 0.0394868664443493 0.0296644903719425 0.0296644903719425 0.14275087416172 0.193456813693047 0.230970093049109 0.753089427947998 0.935478985309601 0.946151494979858 0.892454832792282 0.92451798915863 0.892485171556473 0.913951724767685 0.750948846340179 0.413936525583267 0.346576578915119 0.334902066737413 0.315242130309343 0.315242130309343 0.315242130309343 0.378169126808643 0.785850912332535 0.826324582099915 0.927068471908569 0.89234858751297 0.871352672576904 0.946212232112885 1 0.978548645973206 1 1 1 1 1 1 1 1 1 1 1 1 1 1 1 0.935524523258209 1 1 1 1 1 1 0.957021415233612 0.914012461900711 0.967845767736435 1 0.967678755521774 0.90326401591301 0.787080615758896 0.802975565195084 0.671428576111794 0.608729332685471
0.167284041643143 0.0394868664443493 0.068938821554184 0.128282979130745 0.128282979130745 0.158038556575775 0.315788678824902 0.518931224942207 0.692637026309967 0.935539692640305 0.93531197309494 0.946227431297302 0.978457570075989 0.849612861871719 0.881964474916458 0.935478985309601 0.967709124088287 0.502216480672359 0.345513876527548 0.373933516442776 0.325110051780939 0.334902066737413 0.393897071480751 0.702292382717133 0.828814327716827 0.91798996925354 0.946288138628006 0.881812661886215 0.924624264240265 0.946409583091736 0.978548645973206 1 1 1 1 1 1 1 1 1 1 1 0.978396832942963 1 1 1 1 0.989221185445786 1 1 1 1 1 1 1 0.978503108024597 0.978639751672745 0.978639751672745 0.914012461900711 0.924700170755386 0.827933818101883 0.882708370685577 0.711628973484039 0.63015028834343
0.0795658137649298 0.10019735712558 0.152406260371208 0.177986949682236 0.606892377138138 0.656292706727982 0.772142082452774 0.774525582790375 0.829193860292435 0.93531197309494 0.924700170755386 0.978457570075989 0.849719136953354 0.935767441987991 0.838970720767975 0.881843030452728 1 1 0.750948846340179 0.550554133951664 0.452026709914207 0.827751636505127 0.868422657251358 0.836784571409225 0.849339604377747 0.879945337772369 0.978685289621353 0.892621845006943 0.914073169231415 0.957112491130829 1 1 1 1 1 1 1 1 1 1 1 1 1 1 1 1 1 1 0.957249134778976 1 1 1 1 1 1 1 1 0.914073169231415 0.914073169231415 0.914027631282806 0.838742971420288 0.861181110143661 0.848550170660019 0.671443745493889
0.0492637008428574 0.131668438203633 0.151495367288589 0.207575526088476 0.650675594806671 0.768194913864136 0.829345673322678 0.861408829689026 0.9147107899189 0.935539692640305 0.946151524782181 0.914012461900711 0.892530739307404 0.935372710227966 0.989297091960907 0.871064215898514 0.856201618909836 0.83479580283165 0.956960678100586 0.969181716442108 0.979231834411621 1 0.989251554012299 0.967709124088287 0.946288138628006 0.935478955507278 0.914088368415833 0.914073169231415 0.946333676576614 0.98920601606369 1 1 1 1 1 1 1 1 1 1 1 1 1 1 1 1 1 1 1 1 1 1 1 1 1 1 1 0.978381663560867 0.935554891824722 0.967830568552017 0.913890987634659 0.88153937458992 0.879869431257248 0.692181572318077
0.0394868664443493 0.119128584861755 0.0689084529876709 0.197950512170792 0.657051771879196 0.820009112358093 0.905723392963409 0.924700170755386 0.924791246652603 0.913951724767685 0.860376507043839 0.903400659561157 0.92476087808609 1 1 0.978503108024597 0.989297091960907 0.978548645973206 0.860406845808029 0.849628061056137 0.838970720767975 0.849628061056137 0.871018677949905 0.924836814403534 0.903400629758835 0.935372710227966 0.946212232112885 0.914073169231415 0.967724293470383 1 1 1 1 1 1 1 1 1 1 1 1 1 1 1 1 1 1 1 1 1 1 1 1 1 1 1 1 1 1 1 0.935372710227966 0.95689994096756 0.875239104032516 0.636496141552925
0.0296644903719425 0.0888264775276184 0.0591316223144531 0.197950512170792 0.599559754133224 0.93543341755867 0.935539692640305 0.967769861221313 0.83881887793541 0.914012461900711 0.914012461900711 0.957021415233612 0.935463786125183 0.967845767736435 1 0.98920601606369 0.967845767736435 0.957021415233612 0.957036584615707 0.957036584615707 0.946212232112885 0.946212232112885 0.946212232112885 0.946181863546371 0.935463786125183 0.967724293470383 0.957021415233612 0.98920601606369 1 1 1 0.967724293470383 0.967724293470383 0.98920601606369 1 1 1 1 1 1 1 1 1 1 1 1 1 1 1 1 1 1 1 1 1 1 1 1 1 1 0.946181893348694 0.871003478765488 0.835281610488892 0.741430103778839
0.0296644903719425 0.0493547879159451 0.197950512170792 0.239957490004599 0.688689857721329 0.967587679624557 0.903081834316254 0.838970720767975 0.92476087808609 0.946364045143127 0.967724293470383 1 0.935585230588913 0.946364045143127 0.957021415233612 0.98920601606369 0.978548645973206 0.935661137104034 0.924851983785629 0.914073169231415 0.914073169231415 0.935554891824722 0.914073169231415 0.924851983785629 0.924851983785629 0.978548645973206 0.98920601606369 1 0.978548645973206 1 1 0.946409583091736 0.946409583091736 0.967845767736435 0.967845767736435 0.935661137104034 1 1 1 1 1 1 1 1 1 1 1 1 1 1 1 1 1 1 1 1 1 1 1 0.924593895673752 0.924624264240265 0.861120373010635 0.847760736942291 0.734886884689331
0 0.029482314363122 0.218430244363844 0.493259459733963 0.779262185096741 0.956763327121735 0.860391676425934 0.93543341755867 0.914073169231415 1 1 1 1 1 1 1 1 1 0.967724293470383 0.978381663560867 0.98920601606369 0.98920601606369 0.98920601606369 0.98920601606369 0.967724293470383 0.98920601606369 1 1 1 0.978548645973206 1 1 0.967845767736435 1 1 0.967845767736435 0.98920601606369 0.98920601606369 1 1 1 1 1 1 1 1 1 1 1 1 1 1 1 1 1 1 1 1 1 0.946318507194519 0.903461366891861 0.779398798942566 0.804493695497513 0.746485501527786
0.0196599364280701 0.108319416642189 0.470623970031738 0.836192488670349 0.881812661886215 0.92451798915863 0.935524493455887 0.967724293470383 0.967724293470383 1 1 1 1 1 1 1 1 1 1 1 1 0.98920601606369 1 1 1 1 1 1 0.978548645973206 0.924851983785629 1 0.967845767736435 0.989297091960907 1 1 1 0.967845767736435 1 0.946409583091736 0.98920601606369 0.98920601606369 0.978548645973206 0.946364045143127 1 0.989175647497177 1 1 1 1 1 1 1 1 1 1 1 1 1 1 0.935524523258209 0.903279185295105 0.843950182199478 0.828753620386124 0.681266114115715
0.208607867360115 0.315242156386375 0.69840595126152 0.851389110088348 0.946060419082642 0.860391676425934 0.924624264240265 0.914073169231415 1 1 1 1 1 1 1 1 1 1 0.98920601606369 1 1 0.967724293470383 0.935661137104034 0.914073169231415 0.924851983785629 0.914073169231415 0.967724293470383 0.98920601606369 0.957021415233612 0.903461366891861 1 0.957127660512924 0.946470320224762 0.978685289621353 0.967845767736435 0.978685289621353 1 1 1 0.967845767736435 0.967845767736435 0.989297091960907 0.98920601606369 1 1 0.989175647497177 1 1 1 1 1 1 1 1 1 1 1 1 1 0.989297091960907 0.903279185295105 0.924715340137482 0.794094443321228 0.721481710672379
0.344253845512867 0.387399420142174 0.697358459234238 0.924700170755386 0.860437244176865 0.849597692489624 0.946272969245911 0.946166694164276 1 1 1 1 1 1 1 1 1 1 1 0.98920601606369 0.924851983785629 0.935463786125183 0.924624264240265 0.935372710227966 0.935372710227966 0.957021415233612 0.946212232112885 0.935372710227966 0.946212232112885 0.967891305685043 0.978457570075989 0.949202984571457 0.898922115564346 0.989251554012299 0.989251554012299 0.978685289621353 0.935296803712845 0.935372710227966 1 0.967800199985504 1 0.978639751672745 1 1 0.98920601606369 0.98920601606369 1 1 1 1 1 1 1 1 1 1 1 1 1 1 1 0.903233647346497 0.833763480186462 0.763579785823822
0.699999988079071 0.699225753545761 0.978381663560867 0.86045241355896 0.924745708703995 0.849597692489624 0.924821615219116 0.957021415233612 0.914073169231415 0.967724293470383 1 1 1 1 1 1 1 1 0.957112491130829 0.914073169231415 0.924624264240265 0.946197062730789 0.903233647346497 0.957142859697342 0.903172940015793 0.849719166755676 0.946197062730789 0.849719166755676 0.871049046516418 0.989297091960907 1 0.94779109954834 0.908957034349442 0.893836319446564 0.803764998912811 0.918566882610321 0.881843030452728 0.871140122413635 1 0.935448616743088 0.989297091960907 0.967830568552017 0.903279185295105 0.989297091960907 1 0.967678755521774 1 1 1 1 1 1 0.989388197660446 1 1 1 1 1 1 1 1 0.903081834316254 0.937027484178543 0.824426889419556
