data-raw/DATASET_PNE_1/DATASET_PNE/a_DATA/PFGS/ENVSUIT_A1B/HS_f0_H1_alpines.asc
NCOLS 619 
NROWS 782 
XLLCORNER 876826 
YLLCORNER 1947424 
CELLSIZE 100 
NODATA_value -9999 
[rows 140 to 174 of 782, columns 234 to 311 of 619]
0 0 0 0 0 0 0 0 0 0 0 0 0 0 0 0 0 0 0 0 0 0 0 0 0 0 0 0 0 0 0 0.0434757588836139 0.0217234930225867 0.0217234930225867 0.0217522658610272 -9999 -9999 0 0 0 0 0 0 0 0 0 0.0772550712127751 0.0772550712127751 0 0 0 0 0.251963746223565 0 0 0 0 0 0 0 0 0 0 0 0 0 0 0 0 0 0 0 0 0 0 0 0 0.0191914832398216
0 0 0 0 0 0 0 0.043705941591138 0.0218961300532298 0 0 0 0 0 0 0 0 0 0 0 0 0 0 0 0 0 0 0 0 0.0217234930225867 0 0 0 0 0 0 0 0 0 0 0 0 0 0 0 0 0 0 0 0 0 0 0 0 0 0 0 0 0 0 0 0 0 0 0 0 0 0 0 0 0 0.0191914832398216 0.0191914832398216 0.0191914832398216 0.0191914832398216 0.0191914832398216 0.0191914832398216 0.0191914832398216
0.109423104589268 0 0.087526974536038 0.0435620773989354 0.0873831103438354 0.109423104589268 0.0873831103438354 0.131290461804057 0.131290461804057 0.0876132930513595 0.0874982016975975 0.109106603366422 0.0876708387282405 0.0876708387282405 0.0439648971371026 0.152985181988203 0.0658610271903323 0.0439361242986621 0 0 0 0 0.0218098115379082 0 0 0 0 0 0 0 0 0 0 0 0 0 0 0 0 0 0 0 0 0 0 0 0 0 0 0 0 0 0 0 0 0 0 0 0 0 0 0 0 0 0 0 0 0 0.0191914832398216 0.193324701481801 0.212775140267587 0.232311897568695 0.251963746223565 0.251963746223565 0.310257516904043 0.427679470579773 0.232311897568695 0.0780031650122285
0.0873543375053949 0.0873543375053949 0.0655445259674867 0.0217522658610272 0.0217522658610272 0 0 0.0217522658610272 0 0 0.131146597611854 0.109106603366422 0.196460940871817 0.196460940871817 0.218213206732844 0.196460940871817 0.196460940871817 0.196460940871817 0.196460940871817 0.196460940871817 0.131060279096533 0.131175370450295 0 0 0 0 0 0 0 0 0 0 0 0 0 0 0 0 0 0 0 0 0.115580492015537 0.193583657027766 0.0964465544525968 0.0191627104013811 0.154395051071788 0 0 0 0 0 0 0 0 0 0 0 0 0 0 0 0 0 0 0 0.0191914832398216 0.212775140267587 0.251963746223565 0.27132786649403 0.409236081139404 0.644281398359948 0.762508991512013 0.762508991512013 0.704387857862178 0.644655445259675 0.546166019277802 0.329938138397353
0.0217522658610272 0.0218961300532298 0.0436483959142569 0.0419795712847072 0.0435045317220544 0.0822327722629837 0.0435045317220544 0.0216084016688246 0 0.0217234930225867 0.0874118831822759 0.0655157531290462 0 0.0872680189900734 0.0872680189900734 0.13091641490433 0.0654006617752841 0.0654006617752841 0.13091641490433 0.0437922601064595 0.0220399942454323 0 0 0 0 0.0436483959142569 0.0216084016688246 0 0.0220399942454323 0 0 0 0.0872680189900734 0 0 0 0 0.193583657027766 0.388951230038843 0.388951230038843 0.193583657027766 0.193583657027766 0.388951230038843 0.408142713278665 0.408142713278665 0.212775140267587 0.388951230038843 0.388951230038843 0 0.0191627104013811 0.174018126888218 0.115580492015537 0 0 0 0 0 0 0 0 0 0 0 0 0.0191914832398216 0.0191914832398216 0.290663213926054 0.447388864911524 0.624802186735721 0.723665659617321 0.762508991512013 0.781786793267156 0.781786793267156 0.781786793267156 0.781786793267156 0.781786793267156 0.781786793267156 0.762508991512013
0.0656883901596892 0.0635879729535319 0.0392749244712991 0.176665228024745 0.256279671989642 0.25392029923752 0.234354769097971 0.0407998849086462 0.0627247878003165 0.058092360811394 0 0.0217522658610272 0.10899151201266 0.0217522658610272 0 0 0.0216084016688246 0.0216084016688246 0.0216084016688246 0.0578909509423105 0.290720759602935 0.388951230038843 0.408142713278665 0.310458926773126 0.193583657027766 0 0 0 0 0 0 0 0 0.193583657027766 0.212775140267587 0.212775140267587 0.212775140267587 0.487210473313192 0.606272478780032 0.606272478780032 0.526715580492016 0.606272478780032 0.626269601496188 0.684563372176665 0.645633721766652 0.684563372176665 0.606272478780032 0.408142713278665 0.193583657027766 0.212775140267587 0.212775140267587 0.212775140267587 0.193583657027766 0 0 0 0 0 0 0 0 0 0 0.0770824341821321 0.232311897568695 0.467472306143001 0.665544525967487 0.762508991512013 0.781786793267156 0.781786793267156 0.781786793267156 0.781786793267156 0.803596604805064 0.781786793267156 0.803596604805064 0.781786793267156 0.781786793267156 0.781786793267156
0.0218961300532298 0.0407998849086462 0.216429290749532 0.469543950510718 0.433520356783197 0.552121996834988 0.431563803769242 0.370133793698748 0.270953819594303 0.234383541936412 0.0407998849086462 0.0191914832398216 0.0407998849086462 0.0191914832398216 0.0770824341821321 0.0383541936412027 0.0191914832398216 0.0386131491871673 0.371169615882607 0.606272478780032 0.664911523521795 0.664911523521795 0.684563372176665 0.664911523521795 0.427852107610416 0.212775140267587 0.0770824341821321 0.232311897568695 0.232311897568695 0.212775140267587 0.212775140267587 0.212775140267587 0.212775140267587 0.388663501654438 0.310257516904043 0.527032081714861 0.684563372176665 0.781786793267156 0.781786793267156 0.781786793267156 0.781786793267156 0.781786793267156 0.781786793267156 0.781786793267156 0.781786793267156 0.781786793267156 0.781786793267156 0.625924327434901 0.408142713278665 0.232311897568695 0.408804488562797 0.487210473313192 0.428226154510142 0.135146022155086 0.193583657027766 0 0 0 0 0 0.0193065745935837 0.212775140267587 0.232311897568695 0.251963746223565 0.586189037548554 0.762508991512013 0.781786793267156 0.781786793267156 0.781786793267156 0.781786793267156 0.781786793267156 0.781786793267156 0.781786793267156 0.781786793267156 0.781786793267156 0.781786793267156 0.80339519493598 0.781786793267156
0 0.0435045317220544 0.0797007624802187 0.595943029779888 0.615220831535031 0.771399798590131 0.710919292188174 0.608459214501511 0.571601208459214 0.290663213926054 0.0797007624802187 0.0797007624802187 0.272996691123579 0.312271615594878 0.312271615594878 0.290663213926054 0.449144008056395 0.684563372176665 0.704042583800892 0.781786793267156 0.781786793267156 0.781786793267156 0.781786793267156 0.781786793267156 0.781786793267156 0.684563372176665 0.586361674579197 0.684563372176665 0.684563372176665 0.585325852395339 0.25167601783916 0.232311897568695 0.429693569270609 0.723665659617321 0.762508991512013 0.781786793267156 0.781786793267156 0.781786793267156 0.781786793267156 0.781786793267156 0.781786793267156 0.781786793267156 0.781786793267156 0.781786793267156 0.781786793267156 0.781786793267156 0.781786793267156 0.781786793267156 0.566565961732125 0.723665659617321 0.762508991512013 0.781786793267156 0.723665659617321 0.625924327434901 0.467472306143001 0.290922169472018 0 0 0 0 0.212775140267587 0.310257516904043 0.448712415479787 0.723665659617321 0.781786793267156 0.781786793267156 0.781786793267156 0.781786793267156 0.781786793267156 0.781786793267156 0.781786793267156 0.781786793267156 0.847302546396202 0.803654150481945 0.825463962019853 0.781786793267156 0.781786793267156 0.781786793267156
0 0 0.062696014961876 0.121018558480794 0.140181268882175 0.595971802618328 0.686404833836858 0.912789526686808 0.934455474032513 0.687009063444109 0.528758452021292 0.313739030355345 0.508473600920731 0.745360379801467 0.764666954395051 0.803826787512588 0.825435189181413 0.781786793267156 0.82529132498921 0.781786793267156 0.803539059128183 0.89100848798734 0.89103726082578 0.781786793267156 0.781786793267156 0.781786793267156 0.781786793267156 0.781786793267156 0.781786793267156 0.781786793267156 0.370191339375629 0.330053229751115 0.781786793267156 0.781786793267156 0.781786793267156 0.781786793267156 0.781786793267156 0.781786793267156 0.912818299525248 0.934570565386275 0.934570565386275 0.825492734858294 0.890979715148899 0.781786793267156 0.781786793267156 0.781786793267156 0.781786793267156 0.781786793267156 0.781786793267156 0.781786793267156 0.781786793267156 0.781786793267156 0.781786793267156 0.781786793267156 0.762508991512013 0.566537188893684 0.212775140267587 0.0383541936412027 0.116012084592145 0.232311897568695 0.311120702057258 0.624917278089483 0.781786793267156 0.781786793267156 0.781786793267156 0.781786793267156 0.781786793267156 0.781786793267156 0.781786793267156 0.781786793267156 0.869054812257229 0.869026039418789 0.956639332470148 0.956639332470148 0.868939720903467 0.84721622788088 0.781786793267156 0.781786793267156
0 0 0.0435045317220544 0.0407998849086462 0.0989785642353618 0.334311609840311 0.552121996834988 0.767083872824054 0.956380376924184 0.754193641202705 0.784203711696159 0.803826787512588 0.781786793267156 0.781786793267156 0.847273773557761 0.781786793267156 0.803625377643505 0.825492734858294 0.825492734858294 0.868968493741908 1 1 0.978391598331175 0.978391598331175 0.978391598331175 0.934570565386275 0.825492734858294 0.781786793267156 0.781786793267156 0.781786793267156 0.781786793267156 0.664364839591426 0.781786793267156 0.781786793267156 0.803682923320386 0.781786793267156 0.934570565386275 0.956466695439505 0.978391598331175 0.978391598331175 0.978391598331175 0.978391598331175 0.978391598331175 0.978391598331175 0.934570565386275 0.956495468277946 0.956495468277946 0.781786793267156 0.781786793267156 0.781786793267156 0.781786793267156 0.781786793267156 0.781786793267156 0.781786793267156 0.781786793267156 0.684764782045749 0.408516760178392 0.31068910948065 0.27132786649403 0.410185584807941 0.723665659617321 0.762508991512013 0.781786793267156 0.781786793267156 0.781786793267156 0.781786793267156 0.869054812257229 0.825463962019853 0.847302546396202 0.9348007480938 0.825435189181413 0.781786793267156 0.803682923320386 0.825492734858294 0.825435189181413 0.912674435333046 0.825492734858294 0.847302546396202
0.0217522658610272 0 0 0 0.0407998849086462 0.060336642209754 0.292562221263128 0.650208603078694 0.805812113364983 0.803826787512588 0.781786793267156 0.781786793267156 0.781786793267156 0.847245000719321 0.891152352179542 0.84721622788088 0.847245000719321 0.956495468277946 0.978391598331175 0.978391598331175 0.978391598331175 0.978391598331175 1 1 1 0.978391598331175 0.956495468277946 0.84721622788088 0.803682923320386 0.781786793267156 0.781786793267156 0.781786793267156 0.781786793267156 0.825463962019853 0.868997266580348 0.978391598331175 0.978391598331175 0.934570565386275 0.912703208171486 0.934426701194073 0.825435189181413 0.869141130772551 0.825435189181413 0.803682923320386 0.803682923320386 0.847245000719321 0.956495468277946 0.934570565386275 0.781786793267156 0.781786793267156 0.869256222126313 0.912818299525248 0.781786793267156 0.781786793267156 0.781786793267156 0.781786793267156 0.625924327434901 0.66404833836858 0.742598187311178 0.781786793267156 0.781786793267156 0.781786793267156 0.781786793267156 0.781786793267156 0.781786793267156 0.890778305279816 0.891066033664221 0.912875845202129 0.781786793267156 0.803682923320386 0.825435189181413 0.847360092073083 0.803682923320386 0.803682923320386 0.803682923320386 1 0.978391598331175 0.847302546396202
0 0 0 0 0 0.0842756437922601 0.0797007624802187 0.312271615594878 0.747460797007625 0.912875845202129 0.803539059128183 0.868623219680621 0.912616889656164 0.978190188462092 0.978391598331175 0.978391598331175 1 0.978391598331175 0.978391598331175 1 0.978391598331175 0.978391598331175 1 1 1 1 1 1 0.847158682203999 0.847072363688678 0.781786793267156 0.781786793267156 0.781786793267156 0.934455474032513 0.934570565386275 0.956495468277946 0.934426701194073 0.934484246870954 0.978276506977413 0.978276506977413 0.978276506977413 0.978276506977413 0.978276506977413 0.978276506977413 0.978276506977413 0.868910948065027 0.847302546396202 0.956495468277946 0.978391598331175 0.934570565386275 0.978391598331175 0.978391598331175 0.956495468277946 0.912818299525248 0.781786793267156 0.781786793267156 0.781786793267156 0.781786793267156 0.781786793267156 0.781786793267156 0.781786793267156 0.781786793267156 0.781786793267156 0.781786793267156 0.956466695439505 0.956495468277946 0.803682923320386 0.803682923320386 0.956236512731981 0.978276506977413 1 1 0.978276506977413 1 0.912530571140843 0.803682923320386 0.803682923320386 0.803682923320386
0 0 0 0 0 0.0871241547978708 0.0407998849086462 0.215566105596317 0.54999280679039 0.890950942310459 0.80339519493598 0.91290461804057 0.978391598331175 1 0.978391598331175 0.978391598331175 0.978391598331175 1 1 1 1 1 1 1 1 1 1 1 0.934138972809668 0.825463962019853 0.781786793267156 0.781786793267156 0.825492734858294 0.912818299525248 0.825492734858294 0.934426701194073 0.978276506977413 1 1 1 1 1 1 1 1 0.978276506977413 0.847360092073083 0.912818299525248 0.978391598331175 0.934570565386275 0.869198676449432 0.912818299525248 0.956495468277946 0.934570565386275 0.781786793267156 0.781786793267156 0.781786793267156 0.781786793267156 0.781786793267156 0.781786793267156 0.781786793267156 0.781786793267156 0.781786793267156 0.890979715148899 0.956466695439505 0.86911235793411 0.977960005754568 0.956236512731981 1 1 1 1 1 1 0.978276506977413 0.978276506977413 0.825607826212056 0.869026039418789
0 0 0 0 0.0216084016688246 0.0873831103438354 0.0407998849086462 0.273313192346425 0.686951517767228 0.847331319234642 0.869169903610991 0.978190188462092 1 0.978391598331175 0.978391598331175 1 1 1 1 1 1 0.977960005754568 0.977960005754568 0.977960005754568 1 1 1 1 0.956466695439505 0.89100848798734 1 0.868997266580348 0.825492734858294 0.934570565386275 0.934426701194073 1 1 1 1 1 1 1 1 1 1 1 0.978276506977413 0.869198676449432 0.868968493741908 0.825435189181413 0.956236512731981 0.978276506977413 0.847360092073083 0.869054812257229 0.825492734858294 0.781786793267156 0.781786793267156 0.781786793267156 0.781786793267156 0.781786793267156 0.781786793267156 0.781786793267156 0.781786793267156 0.847302546396202 0.869141130772551 0.803682923320386 1 0.978276506977413 1 1 1 1 1 1 1 0.978276506977413 0.912645662494605 0.978276506977413
0.062696014961876 0.0435045317220544 0.0871241547978708 0.0216084016688246 0.109135376204863 0.478377211911955 0.0989785642353618 0.292562221263128 0.68651992519062 0.80339519493598 0.912300388433319 1 0.978391598331175 0.978391598331175 0.978391598331175 1 1 1 1 1 1 1 1 1 1 1 1 1 1 0.956466695439505 1 0.934570565386275 0.978391598331175 1 0.956236512731981 1 1 1 1 1 1 1 1 1 1 1 1 0.978276506977413 1 0.956236512731981 1 1 0.978276506977413 0.803682923320386 0.978391598331175 0.825492734858294 0.781786793267156 0.781786793267156 0.781786793267156 0.781786793267156 0.825463962019853 0.934714429578478 0.869026039418789 0.803682923320386 0.825435189181413 0.934397928355632 1 1 1 1 1 1 1 1 1 1 1 1
0.27581642929075 0.13989354049777 0.0846209178535462 0.109020284851101 0.16458063587973 0.186476765932959 0.0989785642353618 0.334311609840311 0.766968781470292 0.847331319234642 0.781786793267156 1 1 0.978391598331175 0.978391598331175 1 1 1 1 1 1 1 1 1 1 1 1 1 1 1 1 0.978391598331175 0.978391598331175 1 0.912674435333046 1 1 1 1 1 1 1 1 1 1 1 1 1 1 1 1 1 1 0.956236512731981 0.912674435333046 0.956466695439505 0.956466695439505 0.912731981009927 1 0.956466695439505 1 0.978391598331175 0.825521507696734 0.868968493741908 0.978276506977413 1 1 1 1 1 1 1 1 1 1 1 1 1
0.641663070061862 0.433520356783197 0.295036685369012 0.220658898000288 0.164724500071932 0.0989785642353618 0.292562221263128 0.610473313192346 0.825435189181413 1 0.868910948065027 0.97807509710833 1 0.978391598331175 1 1 1 1 1 1 1 1 1 1 1 1 1 1 1 1 1 0.978391598331175 0.978391598331175 1 1 1 1 1 1 1 1 1 1 1 1 1 1 1 1 1 1 1 1 1 0.890950942310459 0.912818299525248 0.978391598331175 0.978391598331175 0.956466695439505 1 1 0.847273773557761 0.82529132498921 0.978276506977413 1 1 1 1 1 1 1 1 1 1 1 1 1 1
0.821550855991944 0.581527837721191 0.413782189613005 0.273284419507984 0.121018558480794 0.334311609840311 0.552121996834988 0.67135663933247 0.890807078118256 1 1 0.934138972809668 1 1 1 1 1 1 1 1 1 1 1 1 1 1 1 1 1 1 0.978391598331175 0.978391598331175 0.977960005754568 1 1 1 1 1 1 1 1 1 1 1 1 1 1 1 1 1 1 1 1 1 0.934484246870954 0.890950942310459 0.977960005754568 0.978391598331175 0.978391598331175 1 1 0.82529132498921 0.934484246870954 1 1 1 1 1 1 1 1 1 1 1 1 1 1 1
0.880592720471875 0.573989354049777 0.474924471299094 0.374046899726658 0.198964177816142 0.532844195079845 0.688418932527694 0.890807078118256 0.868623219680621 0.890490576895411 1 0.934138972809668 1 0.978391598331175 1 0.978391598331175 1 1 1 1 1 1 1 1 1 1 1 1 1 1 0.978391598331175 0.934426701194073 1 1 1 1 1 1 1 1 1 1 1 1 1 1 1 1 1 1 1 1 1 1 0.978276506977413 0.890835850956697 0.956236512731981 0.977960005754568 1 1 1 0.934397928355632 0.912588116817724 1 1 1 1 1 1 1 1 1 1 1 1 1 1 1
0.978190188462092 0.593468565674004 0.494202273054237 0.516155948784348 0.413782189613005 0.666781758020429 0.912703208171486 0.868623219680621 0.978190188462092 1 0.934685656740037 0.97810386994677 1 1 1 0.978391598331175 1 1 1 1 1 1 1 1 1 1 1 1 1 1 1 1 1 1 1 1 1 1 1 1 1 1 1 1 1 1 1 1 1 1 1 1 1 1 1 1 1 0.956236512731981 1 1 1 0.978276506977413 1 1 1 1 1 1 1 1 1 1 1 1 1 1 1 1
1 0.797611854409437 0.615220831535031 0.810789814415192 0.571601208459214 0.771457344267012 0.978190188462092 0.890576895410732 0.912329161271759 0.978190188462092 1 1 1 1 1 1 1 1 1 1 1 1 1 1 1 1 1 1 1 0.977960005754568 0.977960005754568 1 1 1 1 1 1 1 1 1 1 1 1 1 1 1 1 1 1 1 1 1 1 1 1 1 1 1 1 1 1 1 1 1 1 1 1 1 1 1 1 1 1 1 1 1 -9999 1
0.978190188462092 0.978190188462092 0.673687239246152 0.771543662782333 0.734397928355632 0.978190188462092 0.978190188462092 0.934138972809668 0.978190188462092 0.978391598331175 1 1 1 1 1 1 1 1 1 1 1 1 1 1 1 1 1 1 1 1 1 1 1 1 1 1 1 1 1 1 1 1 1 1 1 1 1 1 1 1 1 1 1 1 1 1 1 1 1 1 1 1 1 1 1 1 1 1 1 1 1 1 1 1 1 1 -9999 -9999
0.956294058408862 1 0.793209610128039 0.890807078118256 0.978190188462092 1 1 0.912329161271759 1 0.978391598331175 1 1 1 1 1 1 1 1 1 1 1 1 1 1 1 1 1 1 1 1 1 1 1 1 1 1 1 1 1 1 1 1 1 1 1 1 1 1 1 1 1 1 1 1 1 1 1 1 1 1 1 1 1 1 1 1 1 1 1 1 1 1 1 1 -9999 -9999 -9999 -9999
0.803654150481945 1 0.978190188462092 1 0.978190188462092 1 0.956294058408862 1 0.978391598331175 0.978391598331175 1 1 1 1 1 1 1 1 1 1 1 1 1 1 1 1 1 1 1 1 1 1 1 1 1 1 1 1 1 1 1 1 1 1 1 1 1 1 1 1 1 1 1 1 1 1 1 1 1 1 1 1 1 1 1 1 1 1 1 1 1 1 1 -9999 -9999 -9999 -9999 -9999
0.956294058408862 1 0.978190188462092 0.890490576895411 1 1 0.956294058408862 1 0.978391598331175 0.978391598331175 1 1 1 1 1 1 1 1 1 1 1 1 1 1 1 1 1 1 1 1 1 1 1 1 1 1 1 1 1 1 1 1 1 1 1 1 1 1 1 1 1 1 1 1 1 1 1 1 1 1 1 1 1 1 1 1 1 1 1 1 1 1 1 -9999 -9999 -9999 -9999 -9999
0.97810386994677 1 1 0.978161415623651 1 0.825406416342972 1 1 0.978391598331175 0.978391598331175 1 1 1 1 1 1 1 1 1 1 1 1 1 1 1 1 1 1 1 1 1 1 1 1 1 1 1 1 1 1 1 1 1 1 1 1 1 1 1 1 1 1 1 1 1 1 1 1 1 1 1 1 1 1 1 1 -9999 1 1 1 1 1 -9999 -9999 -9999 -9999 -9999 -9999
1 1 1 1 0.934369155517192 1 1 1 0.978391598331175 1 1 1 1 1 1 1 1 1 1 1 1 1 1 1 1 1 1 1 1 1 1 1 1 1 1 1 1 1 1 1 1 1 1 1 1 1 1 1 1 1 1 1 1 1 1 1 1 1 1 1 -9999 1 1 -9999 1 1 1 -9999 1 1 1 1 -9999 -9999 -9999 -9999 -9999 -9999
0.97810386994677 1 1 1 0.847158682203999 0.956380376924184 1 0.934714429578478 1 1 1 1 1 1 1 1 1 1 1 1 1 1 1 1 1 1 1 1 1 1 1 1 1 1 1 1 1 1 1 1 1 1 1 1 1 1 1 1 1 1 1 1 1 1 1 1 1 1 1 1 -9999 1 -9999 -9999 1 1 1 -9999 1 1 1 -9999 -9999 -9999 -9999 -9999 -9999 -9999
0.847245000719321 1 1 0.97807509710833 0.912760753848367 0.956380376924184 0.956466695439505 0.890893396633578 1 1 1 1 1 1 1 1 1 1 1 1 1 1 1 1 1 1 1 1 1 1 1 1 1 1 1 1 1 1 1 1 1 1 1 1 1 1 1 1 1 1 1 1 1 1 1 1 1 1 1 1 -9999 1 -9999 -9999 -9999 1 1 -9999 1 1 1 1 -9999 -9999 -9999 -9999 -9999 -9999
0.825492734858294 0.934685656740037 0.97810386994677 0.977960005754568 0.934138972809668 0.934455474032513 0.847532729103726 0.956466695439505 1 1 1 1 1 1 1 1 1 1 1 1 1 1 1 1 1 1 1 1 1 1 1 1 1 1 1 1 1 1 1 1 1 1 1 1 1 1 1 1 1 1 1 1 1 1 -9999 1 1 1 1 1 1 1 -9999 -9999 -9999 -9999 -9999 -9999 -9999 1 1 1 -9999 -9999 -9999 -9999 -9999 -9999
1 0.934685656740037 0.934685656740037 0.868623219680621 0.890605668249173 0.97810386994677 0.803654150481945 0.978391598331175 1 1 1 1 1 1 1 1 1 1 1 1 1 1 1 1 1 1 1 1 1 1 1 1 1 1 1 1 1 1 1 1 1 1 1 1 1 1 1 1 1 1 -9999 1 1 1 -9999 1 1 1 1 1 -9999 -9999 -9999 -9999 -9999 1 1 -9999 1 -9999 1 -9999 -9999 -9999 -9999 -9999 -9999 -9999
1 1 0.934685656740037 0.956495468277946 0.912645662494605 1 0.803654150481945 1 1 1 1 1 1 1 1 1 1 1 1 1 1 1 1 1 1 1 1 1 1 1 1 1 1 1 1 1 1 1 1 1 1 1 1 1 1 1 1 1 1 1 -9999 1 -9999 -9999 1 1 1 1 1 1 -9999 -9999 -9999 -9999 -9999 1 1 -9999 1 -9999 1 -9999 -9999 -9999 -9999 -9999 -9999 -9999
1 1 0.803654150481945 1 0.934455474032513 0.956380376924184 0.825492734858294 1 1 1 1 1 1 1 1 1 1 1 1 1 1 1 1 1 1 1 1 1 1 1 1 1 1 1 1 1 1 1 1 1 1 1 1 1 1 1 1 1 1 -9999 -9999 -9999 -9999 -9999 1 1 -9999 1 1 1 -9999 -9999 -9999 -9999 -9999 -9999 1 -9999 -9999 -9999 -9999 -9999 -9999 -9999 -9999 -9999 -9999 -9999
1 1 0.803654150481945 0.978391598331175 0.956380376924184 0.97810386994677 0.956466695439505 1 1 1 1 1 1 1 1 1 1 1 1 1 1 1 1 1 1 1 1 1 1 1 1 1 1 1 1 1 1 1 1 1 1 1 1 1 1 1 1 1 1 -9999 -9999 -9999 -9999 -9999 -9999 1 -9999 1 1 -9999 -9999 -9999 -9999 -9999 -9999 -9999 1 -9999 -9999 -9999 -9999 -9999 -9999 -9999 -9999 -9999 -9999 -9999
1 1 0.847388864911523 0.781786793267156 0.956380376924184 1 1 1 1 1 1 1 1 1 1 1 1 1 1 1 1 1 1 1 1 1 1 1 1 1 1 1 1 1 1 1 1 1 1 1 1 1 1 1 1 1 1 1 -9999 -9999 -9999 -9999 -9999 -9999 -9999 1 -9999 -9999 1 -9999 -9999 -9999 -9999 -9999 -9999 -9999 1 -9999 -9999 -9999 -9999 -9999 -9999 -9999 -9999 -9999 -9999 -9999
