data-raw/DATASET_PNE_1/DATASET_PNE/a_DATA/PFGS/ENVSUIT_A1B/HS_f90_C6_VaccMyrt.asc
NCOLS 619 
NROWS 782 
XLLCORNER 876826 
YLLCORNER 1947424 
CELLSIZE 100 
NODATA_value -9999 
[rows 390 to 415 of 782, columns 285 to 341 of 619]
0 0 0 0 0 0.203999129272009 0 0.121839723854837 0.203999129272009 0.203999129272009 0.203999129272009 0.353515564262836 0.203999129272009 0.521690456199272 0.390676991012843 0.316105358086886 0.203999129272009 0.203999129272009 0.203999129272009 0.203999129272009 0.521690456199272 0.48412476288211 0.59672855054887 0.521845943340486 0.24837515937432 0.241720309730385 0.615044935783811 0.559442734085891 0.503685045246758 0.503685045246758 0.596293186553472 0.485244270298846 0.372889262058028 0.241720309730385 0.223403924495444 0.24212457629754 0.353982025686476 0.372733774916814 0.541095251422707 0.615044935783811 0.241720309730385 0.410206175949249 0.428926827751345 0.573778648505769 0.531112976956806 0.628603414497621 0.628603414497621 0.628603414497621 0.58954504462481 0.649500886276705 0.611188854681718 0.571446341387567 0.633330223590509 0.611188854681718 0.611188854681718 0.65245514195976 0.670895916907672
0 0 0 0 0 0.203999129272009 0.203999129272009 0.163199303417607 0.203999129272009 0.203999129272009 0.203999129272009 0.577323755325435 0.334950399601953 0.203999129272009 0.203999129272009 0.203999129272009 0 0 0.0203377180707156 0.0203377180707156 0.223403924495444 0.59672855054887 0.633610100444693 0.596324283981715 0.596324283981715 0.503747240103244 0.503747240103244 0.577883509033803 0.614765058929627 0.652175265105576 0.652175265105576 0.614765058929627 0.522530086761825 0.241720309730385 0.241720309730385 0.223403924495444 0.223403924495444 0.223403924495444 0.223403924495444 0.241720309730385 0.241720309730385 0.522530086761825 0.538887334017477 0.573778648505769 0.570979879963927 0.670025188916877 0.688745840718973 0.688745840718973 0.670025188916877 0.670025188916877 0.649500886276705 0.629909506483814 0.629909506483814 0.611188854681718 0.670895916907672 0.694125695804957 0.694125695804957
0 0 0 0 0.203999129272009 0.203999129272009 0.203999129272009 0.203999129272009 0.203999129272009 0.203999129272009 0.203999129272009 0.577323755325435 0.558820785521037 0.0203377180707156 0.0203377180707156 0.0203377180707156 0.0203377180707156 0.0600802313648661 0.223403924495444 0.223403924495444 0.0992940883788911 0.241720309730385 0.633610100444693 0.596324283981715 0.596324283981715 0.373013651770999 0.316820598936468 0.559380539229406 0.63171315732189 0.63171315732189 0.613147992661007 0.59430295114594 0.555337873557857 0.555337873557857 0.335385763597351 0.241720309730385 0.241720309730385 0.223403924495444 0.241720309730385 0.241720309730385 0.316820598936468 0.575862176198028 0.573778648505769 0.471685791585036 0.55247691015953 0.670025188916877 0.707404297664583 0.707404297664583 0.707404297664583 0.688745840718973 0.688745840718973 0.668221538078801 0.629909506483814 0.611188854681718 0.670895916907672 0.811238610566906 0.718008520695338
0 0 0 0 0.203999129272009 0.203999129272009 0.203999129272009 0.203999129272009 0.203999129272009 0.203999129272009 0.203999129272009 0.577323755325435 0.577323755325435 0.0390583698728115 0.0203377180707156 0.141057934508816 0.223403924495444 0.223403924495444 0.241720309730385 0.354230805112417 0.241720309730385 0.372640482632086 0.596324283981715 0.596324283981715 0.577479242466648 0.297757875423702 0.559380539229406 0.63171315732189 0.568336598563299 0.591068818608701 0.591068818608701 0.572628043660789 0.572628043660789 0.533320894362036 0.555337873557857 0.596324283981715 0.596324283981715 0.596324283981715 0.522530086761825 0.555337873557857 0.555337873557857 0.555337873557857 0.471685791585036 0.53266784836894 0.570979879963927 0.670025188916877 0.707404297664583 0.707404297664583 0.707404297664583 0.707404297664583 0.688745840718973 0.707404297664583 0.688745840718973 0.732437727399944 0.709207948502659 0.709207948502659 0.690362906987592
0 0 0 0 0 0.203999129272009 0.203999129272009 0.203999129272009 0.203999129272009 0.222719781074105 0.372267313493174 0.558820785521037 0.61908760145536 0.229436825574525 0.0772460117548279 0.23447460894984 0.241720309730385 0.372733774916814 0.409833006810337 0.559069564946979 0.559069564946979 0.596324283981715 0.596324283981715 0.614765058929627 0.466212644214324 0.597692570824393 0.690487296700563 0.64909661970955 0.569114034269366 0.527816649563081 0.470410797027086 0.552165935877103 0.511055135740274 0.513107566004292 0.513107566004292 0.575862176198028 0.596324283981715 0.555337873557857 0.555337873557857 0.555337873557857 0.49385825792207 0.551761669309948 0.571446341387567 0.611188854681718 0.670025188916877 0.707404297664583 0.707404297664583 0.707404297664583 0.707404297664583 0.707404297664583 0.707404297664583 0.707404297664583 0.688745840718973 0.670025188916877 0.651460024255994 0.653077090524614 0.653077090524614
0 0 0 0 0 0.0816618465652891 0.203999129272009 0.203999129272009 0.203999129272009 0.222719781074105 0.521690456199272 0.558820785521037 0.642348477780888 0.435395092825823 0.377242902012004 0.177099853842087 0.241720309730385 0.298037752277887 0.54065988742731 0.596324283981715 0.596324283981715 0.596324283981715 0.540939764281494 0.503685045246758 0.559380539229406 0.651460024255994 0.688745840718973 0.668221538078801 0.591068818608701 0.591068818608701 0.591068818608701 0.591068818608701 0.552165935877103 0.533320894362036 0.552165935877103 0.473644929564325 0.453245016637124 0.453245016637124 0.453245016637124 0.473644929564325 0.552165935877103 0.551761669309948 0.611188854681718 0.628603414497621 0.688745840718973 0.707404297664583 0.707404297664583 0.707404297664583 0.707404297664583 0.707404297664583 0.707404297664583 0.707404297664583 0.707404297664583 0.707404297664583 0.727866405448269 0.690362906987592 0.727866405448269
0 0 0 0 0 0.0203999129272009 0.183537021488323 0.203999129272009 0.203999129272009 0.203999129272009 0.409366545386697 0.503218583823118 0.577323755325435 0.398264763504058 0.416923220449669 0.326522996548186 0.596324283981715 0.442609696178126 0.522530086761825 -9999 -9999 -9999 0.596324283981715 0.596324283981715 0.596324283981715 0.668221538078801 0.586528594085269 0.586528594085269 0.668221538078801 0.589016388344684 0.490872904810772 0.490250956245918 0.591068818608701 0.471810181298007 0.453245016637124 0.453245016637124 0.453245016637124 0.453245016637124 0.473644929564325 0.533320894362036 0.570606710825015 0.572223777093634 0.629909506483814 0.668221538078801 0.670025188916877 0.707404297664583 0.707404297664583 0.707404297664583 0.727866405448269 0.707404297664583 0.727866405448269 0.727866405448269 -9999 -9999 -9999 0.727866405448269 0.751096184345555
0 0 0 0 0 0 0.0203999129272009 0.163199303417607 0.203999129272009 0.203999129272009 0.222719781074105 0.297602388282489 0.558820785521037 0.615293715209752 0.398264763504058 0.396025748670585 0.270485430854868 0.453898062630221 -9999 -9999 -9999 -9999 0.40152999346954 0.596324283981715 0.353608856547564 0.592343813166651 0.668221538078801 0.607426065864353 0.607426065864353 0.566128681158068 0.627639394222098 0.490872904810772 0.490250956245918 0.490250956245918 0.471685791585036 0.453182821780639 0.471685791585036 0.551761669309948 0.551761669309948 0.551761669309948 0.570606710825015 0.629909506483814 0.629909506483814 0.668221538078801 0.670025188916877 0.707404297664583 0.707404297664583 0.707404297664583 0.727866405448269 0.727866405448269 -9999 -9999 -9999 -9999 -9999 0.727866405448269 0.727866405448269
0 0 0 0 0 0 0 0.0203999129272009 0.163199303417607 0.203999129272009 0.222719781074105 0.222719781074105 0.503218583823118 0.577323755325435 0.615293715209752 0.230058774139379 0.0600802313648661 0.121497652144168 0.223403924495444 0.223403924495444 0.223403924495444 0.241720309730385 0.241720309730385 0.260565351245452 0.540939764281494 0.573778648505769 0.609789470410797 0.591068818608701 0.628976583636533 0.648101502005784 0.668221538078801 0.668221538078801 0.570979879963927 0.471685791585036 0.471685791585036 0.471685791585036 0.552881176726685 0.570606710825015 0.570606710825015 0.589327362627111 0.629909506483814 0.629909506483814 0.628603414497621 0.688745840718973 0.670025188916877 0.707404297664583 0.727866405448269 0.727866405448269 -9999 -9999 -9999 -9999 -9999 -9999 -9999 -9999 -9999
0 0 0 0 0 0 0 0 0.163199303417607 0.203999129272009 0.203999129272009 0.222719781074105 0.503218583823118 0.577323755325435 0.59672855054887 0.223403924495444 0.0584631650962465 0.0802002674378829 0.162204185713841 0.223403924495444 0.223403924495444 0.203999129272009 0.241720309730385 0.241720309730385 0.260565351245452 0.515937431974376 0.591068818608701 0.569114034269366 0.507572223777094 0.648101502005784 0.668221538078801 0.668221538078801 0.607426065864353 0.628603414497621 0.58954504462481 0.649500886276705 0.611188854681718 0.629909506483814 0.629909506483814 0.629909506483814 0.629909506483814 0.628603414497621 0.670025188916877 0.707404297664583 0.707404297664583 0.707404297664583 0.707404297664583 -9999 -9999 -9999 -9999 -9999 -9999 -9999 -9999 -9999 -9999
0 0 0 0 0 0 0 0.0203999129272009 0.203999129272009 0.203999129272009 0.203999129272009 0.203999129272009 0.353515564262836 0.577323755325435 0.59672855054887 0.59672855054887 0.203999129272009 0 0.0203377180707156 0.0607954722144479 0.102092856920733 0.203999129272009 0.223403924495444 0.241720309730385 0.241720309730385 0.346674130049445 0.451565755512019 0.55039338246727 0.591068818608701 0.569114034269366 0.548216562490282 0.627888173648039 0.668221538078801 0.668221538078801 0.668221538078801 0.628603414497621 0.628603414497621 0.668221538078801 0.649500886276705 0.668221538078801 0.688745840718973 0.688745840718973 0.670025188916877 0.707404297664583 0.707404297664583 0.707404297664583 -9999 0.727866405448269 -9999 0.727866405448269 -9999 -9999 0.746960226389278 -9999 -9999 0.746960226389278 -9999
0 0 0 0 0 0 0 0.203999129272009 0.0405199490002177 0.203999129272009 0.203999129272009 0.203999129272009 0.203999129272009 0.558820785521037 0.577323755325435 0.446807848990888 0.0811020928569207 0.0607021799297198 0.0607021799297198 0 0.0607954722144479 0.203999129272009 0.203999129272009 0.223403924495444 0.241720309730385 0.196908915632677 0.592748079733806 0.570606710825015 0.569114034269366 0.488727182262027 0.527816649563081 0.589576142053052 0.668221538078801 0.668221538078801 0.687190969306838 0.707404297664583 0.688745840718973 0.670025188916877 0.670025188916877 0.688745840718973 0.707404297664583 0.707404297664583 0.707404297664583 0.707404297664583 0.707404297664583 0.707404297664583 0.727866405448269 0.746960226389278 0.746960226389278 -9999 0.746960226389278 0.746960226389278 0.746960226389278 0.766458313897441 0.766458313897441 0.766458313897441 0.746960226389278
0.203999129272009 0 0 0 0 0 0 0 0 0.0203999129272009 0.203999129272009 0.203999129272009 0.203999129272009 0.278539664769724 0.577323755325435 0.203999129272009 0.0403644618590043 0.0607021799297198 0.0403644618590043 0.101626395497092 0.101626395497092 0.203999129272009 0.203999129272009 0.223403924495444 0.223403924495444 0.200733899306527 0.573903038218739 0.551761669309948 0.55039338246727 0.589327362627111 0.629909506483814 0.629909506483814 0.668221538078801 0.668221538078801 0.686879995024412 0.686879995024412 0.60518705103088 0.707404297664583 0.688745840718973 0.670025188916877 0.707404297664583 0.707404297664583 0.707404297664583 0.707404297664583 0.707404297664583 0.727866405448269 0.746960226389278 0.746960226389278 0.770190005286563 0.746960226389278 0.746960226389278 0.766458313897441 0.766458313897441 0.766458313897441 0.766458313897441 0.793699661038032 0.793699661038032
0.203999129272009 0 0 0 0 0 0 0 0 0 0 0.163199303417607 0.203999129272009 0.203999129272009 0.203999129272009 0.203999129272009 0.0201200360730168 0.0201200360730168 0.0811020928569207 0.101626395497092 0.101626395497092 0.203999129272009 0.203999129272009 0.223403924495444 0.241720309730385 0.195074167366359 0.494542401343409 0.533320894362036 0.533320894362036 0.570606710825015 0.591068818608701 0.629909506483814 0.629909506483814 0.668221538078801 0.668221538078801 0.627888173648039 0.686879995024412 0.707404297664583 0.707404297664583 0.707404297664583 0.707404297664583 0.707404297664583 0.707404297664583 0.727866405448269 0.727866405448269 0.727866405448269 0.746960226389278 0.746960226389278 0.770407687284262 0.746960226389278 0.746960226389278 0.746960226389278 0.746960226389278 0.746960226389278 0.746960226389278 0.746960226389278 0.746960226389278
0 0 0 0 0 0 0 0 0 0 0 0 0.163199303417607 0.203999129272009 0.203999129272009 0.203999129272009 0.0201200360730168 0.0811020928569207 0.0201200360730168 0.101626395497092 0.203999129272009 0.203999129272009 0.223403924495444 0.223403924495444 0.241720309730385 0.555337873557857 0.434742046832727 0.453245016637124 0.533320894362036 0.453245016637124 0.510464284603663 0.629909506483814 0.629909506483814 0.569114034269366 0.629909506483814 0.584787138103679 0.64654663059365 0.668221538078801 0.707404297664583 0.687190969306838 0.707404297664583 0.707404297664583 0.707404297664583 0.707404297664583 0.727866405448269 0.727866405448269 0.746960226389278 0.726498118605591 0.746960226389278 0.774605840097024 0.793637466181547 0.746960226389278 0.746960226389278 0.746960226389278 0.727866405448269 0.727866405448269 0.89156326771776
0 0 0.203999129272009 0 0 0 0 0 0 0 0 0 0 0.0405199490002177 0.203999129272009 0.0201200360730168 0 0.0811020928569207 0.203999129272009 0.203999129272009 0.203999129272009 0.223403924495444 0.223403924495444 0.223403924495444 0.557359206393631 0.394159902976024 0.453245016637124 0.494542401343409 0.513107566004292 0.512423422582952 0.551761669309948 0.570606710825015 0.611188854681718 0.629909506483814 0.569114034269366 0.629909506483814 0.668221538078801 0.668221538078801 0.64654663059365 0.707404297664583 0.707404297664583 0.707404297664583 0.707404297664583 0.707404297664583 0.707404297664583 0.727866405448269 0.746960226389278 0.746960226389278 0.727866405448269 0.727866405448269 0.727866405448269 0.821531859315235 0.727866405448269 0.727866405448269 0.727866405448269 0.727866405448269 0.797866716422552
0.203999129272009 0.203999129272009 0 0 0 0 0 0 0 0 0 0 0 0 0 0 0.0811020928569207 0.101626395497092 0.203999129272009 0.203999129272009 0.223403924495444 0.223403924495444 0.182728488354013 0.221258201946699 0.434742046832727 0.474142488416208 0.355101533103212 0.414497621046739 0.513107566004292 0.453245016637124 0.533320894362036 0.572223777093634 0.490250956245918 0.611188854681718 0.629909506483814 0.629909506483814 0.668221538078801 0.64654663059365 0.686879995024412 0.64654663059365 0.687190969306838 0.707404297664583 0.707404297664583 0.707404297664583 0.727866405448269 0.727866405448269 0.746960226389278 0.746960226389278 0.727866405448269 0.727866405448269 0.727866405448269 0.844792735640763 0.868084709394533 0.821531859315235 0.751313866343253 0.727866405448269 0.821531859315235
0.203999129272009 0.203999129272009 0 0 0 0 0 0 0 0 0 0 0 0 0.0201200360730168 0.0201200360730168 0.203999129272009 0.203999129272009 0.222719781074105 0.223403924495444 0.223403924495444 0.223403924495444 0.0992940883788911 0.140000621948565 0.474142488416208 0.434742046832727 0.453245016637124 0.453245016637124 0.513107566004292 0.513107566004292 0.453245016637124 0.572223777093634 0.591068818608701 0.527816649563081 0.611188854681718 0.611188854681718 0.629909506483814 0.649500886276705 0.688745840718973 0.686879995024412 0.686879995024412 0.707404297664583 0.707404297664583 0.707404297664583 0.727866405448269 0.727866405448269 0.727866405448269 0.746960226389278 0.727866405448269 0.727866405448269 0.727866405448269 0.727866405448269 0.727866405448269 0.751096184345555 0.891718754858973 0.891718754858973 0.727866405448269
0.203999129272009 0.203999129272009 0.203999129272009 0.203999129272009 0 0 0 0 0 0 0 0.203999129272009 0 0.0819417234194732 0.0405199490002177 0.0811020928569207 0.203999129272009 0.222719781074105 0.223403924495444 0.223403924495444 0.223403924495444 0.578007898746774 0.557359206393631 0.382871536523929 0.513107566004292 0.513107566004292 0.453245016637124 0.453245016637124 0.453245016637124 0.453245016637124 0.533320894362036 0.572223777093634 0.570606710825015 0.527816649563081 0.527816649563081 0.589327362627111 0.629909506483814 0.566875019435893 0.686879995024412 0.666666666666667 0.707404297664583 0.707404297664583 0.727866405448269 0.727866405448269 0.727866405448269 0.727866405448269 0.727866405448269 0.746960226389278 0.727866405448269 0.727866405448269 0.727866405448269 0.727866405448269 0.707404297664583 0.707404297664583 0.727866405448269 0.751096184345555 0.915010728612744
0.203999129272009 0.203999129272009 0.203999129272009 0.203999129272009 0 0 0 0 0 0 0 0 0.0614174207793016 0.203999129272009 0.203999129272009 0.203999129272009 0.203999129272009 0.24212457629754 0.223403924495444 0.223403924495444 0.541033056566222 0.200733899306527 0.360356998476226 0.596324283981715 0.555337873557857 0.573903038218739 0.471810181298007 0.551761669309948 0.552165935877103 0.533320894362036 0.513107566004292 0.490250956245918 0.589327362627111 0.589327362627111 0.570606710825015 0.609789470410797 0.629909506483814 0.668221538078801 0.727866405448269 0.727866405448269 0.707404297664583 0.727866405448269 0.751407158627982 0.774636937525267 0.727866405448269 0.727866405448269 0.727866405448269 0.746960226389278 0.727866405448269 0.727866405448269 0.727866405448269 0.727866405448269 0.727866405448269 0.707404297664583 0.707404297664583 0.707404297664583 0.727866405448269
0.203999129272009 0.203999129272009 0.203999129272009 0.203999129272009 0.203999129272009 0 0 0 0 0 0 0 0 0.203999129272009 0.203999129272009 0.203999129272009 0.428087197188793 0.578225580744473 0.59672855054887 0.223403924495444 0.335914419877476 0.41033056566222 0.596324283981715 0.633610100444693 0.656839879341979 0.596324283981715 0.611188854681718 0.55039338246727 0.490250956245918 0.551761669309948 0.570606710825015 0.570389028827316 0.611188854681718 0.589327362627111 0.609789470410797 0.629909506483814 0.668221538078801 0.668221538078801 0.727866405448269 0.727866405448269 0.707404297664583 0.727866405448269 0.727866405448269 0.727866405448269 0.727866405448269 0.727866405448269 0.727866405448269 0.746960226389278 0.746960226389278 0.727866405448269 0.727866405448269 0.727866405448269 0.707404297664583 0.707404297664583 0.707404297664583 0.707404297664583 0.707404297664583
0.203999129272009 0.203999129272009 0.203999129272009 0.203999129272009 0.203999129272009 0.203999129272009 0 0 0 0 0 0 0 0.203999129272009 0.203999129272009 0.222719781074105 0.577323755325435 0.59672855054887 0.615293715209752 0.615293715209752 0.633610100444693 0.633610100444693 0.614889448642597 0.633610100444693 0.656839879341979 0.656839879341979 0.633330223590509 0.629909506483814 0.629909506483814 0.592343813166651 0.592343813166651 0.611188854681718 0.611188854681718 0.611188854681718 0.629909506483814 0.668221538078801 0.688745840718973 0.707404297664583 0.707404297664583 0.687004384737382 0.687004384737382 0.707404297664583 0.727866405448269 0.727866405448269 0.727866405448269 0.727866405448269 0.727866405448269 0.746960226389278 0.746960226389278 0.727866405448269 0.891345585720061 0.727866405448269 0.727866405448269 0.727866405448269 0.844917125353733 0.727866405448269 0.707404297664583
0.372267313493174 0.203999129272009 0.203999129272009 0.203999129272009 0.203999129272009 0.203999129272009 -9999 0 0 0 0 0 0.122492769847934 0.203999129272009 0.203999129272009 0.203999129272009 0.558820785521037 0.615293715209752 0.59672855054887 0.615293715209752 0.633610100444693 0.633610100444693 0.633610100444693 0.656839879341979 0.656839879341979 0.65245514195976 0.652175265105576 0.633330223590509 0.652175265105576 0.611188854681718 0.611188854681718 0.652175265105576 0.652175265105576 0.652175265105576 0.670895916907672 0.709207948502659 0.709207948502659 0.707404297664583 0.687004384737382 0.707404297664583 0.707404297664583 0.727866405448269 0.707404297664583 0.727866405448269 0.727866405448269 0.727866405448269 0.746960226389278 0.770252200143048 0.746960226389278 0.798084398420251 0.891718754858973 0.891718754858973 0.915010728612744 0.891718754858973 0.891469975433032 0.727866405448269 0.707404297664583
0.446870043847374 0.203999129272009 0.203999129272009 0.203999129272009 0.203999129272009 0.203999129272009 0 0 0 0 0 0 0 0.203999129272009 0.203999129272009 0.222719781074105 0.503218583823118 0.59672855054887 0.59672855054887 0.615044935783811 0.633610100444693 0.633610100444693 0.633610100444693 0.633610100444693 0.656839879341979 0.675684920857045 0.670895916907672 0.633330223590509 0.633330223590509 0.670895916907672 0.652175265105576 0.670895916907672 0.633485710731723 0.670895916907672 0.650433809123986 0.709207948502659 0.727866405448269 0.751531548340952 0.751407158627982 0.727866405448269 0.727866405448269 0.707404297664583 0.727866405448269 0.727866405448269 0.727866405448269 0.727866405448269 0.727866405448269 0.727866405448269 0.727866405448269 0.727866405448269 0.727866405448269 0.727866405448269 0.798084398420251 0.938209410081786 0.915010728612744 0.727866405448269 0.707404297664583
0.409366545386697 0.203999129272009 0.203999129272009 0.203999129272009 0.203999129272009 0.203999129272009 0 0 0 0 0 0 0 0.142737195633921 0.203999129272009 0.203999129272009 0.484373542308051 0.59672855054887 0.59672855054887 0.633610100444693 0.633610100444693 0.633610100444693 0.633610100444693 0.633610100444693 0.652050875392605 0.698728115184874 0.652050875392605 0.740834033025469 0.652050875392605 0.652175265105576 0.709207948502659 0.652175265105576 0.670895916907672 0.652050875392605 0.629909506483814 0.688745840718973 0.727866405448269 0.727866405448269 0.727866405448269 0.727866405448269 0.707404297664583 0.707404297664583 0.727866405448269 0.727866405448269 0.727866405448269 0.727866405448269 0.751313866343253 0.727866405448269 0.727866405448269 0.727866405448269 0.709301240787387 0.709301240787387 0.727866405448269 0.67179774232671 0.653077090524614 0.653077090524614 0.612868115806823
0.521690456199272 0.222719781074105 0.222719781074105 0.203999129272009 0.203999129272009 0.203999129272009 0 0 0 0 0 0 0 0.0203999129272009 0.203999129272009 0.203999129272009 0.540100133718941 0.578225580744473 0.59672855054887 0.615044935783811 0.633610100444693 0.656839879341979 0.652050875392605 0.652050875392605 0.652050875392605 0.652050875392605 0.652050875392605 0.652050875392605 0.652050875392605 0.709207948502659 0.872811518487421 0.690362906987592 0.652050875392605 0.613023602948036 0.694125695804957 0.668221538078801 0.587990173212675 0.648070404577542 0.666791056379638 0.727866405448269 0.707404297664583 0.727866405448269 0.727866405448269 0.726498118605591 0.727866405448269 0.727866405448269 0.709301240787387 0.709301240787387 0.709301240787387 0.709301240787387 0.727866405448269 0.727866405448269 0.690642783841776 0.653077090524614 0.653077090524614 0.614765058929627 0.614765058929627
