data-raw/DATASET_PNE_1/DATASET_PNE/a_DATA/PFGS/ENVSUIT_A1B/HS_f0_C2_VaccUli.asc
NCOLS 619 
NROWS 782 
XLLCORNER 876826 
YLLCORNER 1947424 
CELLSIZE 100 
NODATA_value -9999 
[rows 561 to 593 of 782, columns 296 to 369 of 619]
0 0 0 0 0 0 0 0 0 0 0 0 0 0 0 0 0 0 0 0 0.021587976316988 0 0 0 0 0 0 0 0 0 0 0.0198876575072112 0.18114467891301 0.137877637771368 0.514498254136936 0.871231212995294 0.785243661758008 0.806558372551996 0.806558372551996 0.806558372551996 0.765507818430241 0.785243661758008 0.785243661758008 0.785243661758008 0.84979505085775 0.439107332624867 0.41721572794899 0.4406558372552 0.460330954911189 0.614361621375436 0.828480340063762 0.892637012296948 0.935539699407925 1 0.978503112190679 1 0.978503112190679 0.978503112190679 0.957279489904357 0.871018673144072 0.871018673144072 0.849703962350083 0.849703962350083 1 1 1 1 1 1 1 1 1 1 1
0 0 0 0 0 0 0 0 0 0 0 0 0 0 0 0 0 0 0 0 0 0 0 0 0 0 0 0 0 0 0 0 0.0397449521785335 0.0593289813268559 0.199271291938667 0.892849552148171 0.785243661758008 0.80646728404433 0.806922726582663 0.709609837558828 0.785243661758008 0.785243661758008 0.871443752846516 0.785243661758008 0.707423713374829 0.526613025656596 0.41721572794899 0.395901017155002 0.439107332624867 0.785243661758008 0.84979505085775 0.935691513587369 0.871018673144072 0.93566115075148 1 1 1 1 1 0.978503112190679 0.892667375132837 0.871747381205405 1 1 1 1 1 1 1 1 1 1 1 1
0 0 0 0 0 0 0 0 0 0 0 0 0 0 0 0 0 0 0 0 0 0 0 0 0 0 0 0 0 0 0 0 0 0.0198876575072112 0.748808258691362 0.557795658114468 0.806558372551996 0.84979505085775 0.785243661758008 0.84979505085775 0.914285714285714 0.84979505085775 0.84979505085775 0.785243661758008 0.460786397449522 0.483892515560953 0.483892515560953 0.395901017155002 0.439107332624867 0.812630939729771 0.785243661758008 0.828146348868984 0.914224988613936 0.935570062243813 1 1 1 1 1 1 1 1 1 1 1 1 1 1 1 1 1 1 1 1
0 0 0 0 0 0 0 0 0 0 0 0 0 0 0 0 0 0 0 0 0 0 0 0 0 0 0 0 0 0 0 0 0 0.0593289813268559 0.315894944587824 0.493578260209504 0.785243661758008 0.785243661758008 0.785243661758008 0.828237437376651 0.849855776529528 0.920145741612266 0.806862000910885 0.806862000910885 0.482344010930621 0.460786397449522 0.505298314862608 0.460786397449522 0.503658721724609 0.503658721724609 0.84979505085775 0.849703962350083 0.89260664946106 0.957158038560802 1 1 1 1 1 1 1 1 1 1 1 1 1 1 1 1 1 1 1 1
0 0 0 0 0 0 0 0 0 0 0 0 0 0 0 0 0 0 0 0 0 0 0.0198876575072112 0.0198876575072112 0 0 0 0 0 0 0 0 0 0.196599362380446 0.532867769849704 0.532503415819037 0.590830423561561 0.785243661758008 0.806922726582663 0.84979505085775 0.871018673144072 0.641961439198421 0.82854106573554 0.84979505085775 0.460786397449522 0.503658721724609 0.524882344010931 0.503567633216942 0.524882344010931 0.546531045999696 0.78251100652801 0.978412023683012 0.892424472445726 0.957127675724913 1 1 1 1 1 1 1 1 1 1 1 1 1 1 1 1 1 1 1 1
0 0 0 0 0 0 0 0 0 0 0 0 0 0 0 0 0 0 0 0 0.0214057993016548 0 0 0 0 0 0 0 0 0 0 0 0.0593289813268559 0.629360862304539 0.785243661758008 0.849734325185972 0.785243661758008 0.787126157583118 0.849855776529528 0.725459237892819 0.87268862911796 0.701928040078943 0.870988310308183 0.806862000910885 0.499711553059056 0.503658721724609 0.503658721724609 0.524882344010931 0.589160467587673 0.608471231212995 0.78251100652801 0.956915135873691 0.935570062243813 0.978776377713678 1 1 1 1 1 1 1 1 1 1 1 1 1 1 1 1 1 1 1 1
0 0 0 0 0 0 0 0 0 0 0 0 0 0 0 0 0 0 0 0 0 0.0198876575072112 0.0198876575072112 0 0 0 0 0 0 0.0397449521785335 0.0593289813268559 0.0593289813268559 0.302990739335054 0.785243661758008 0.914285714285714 0.892637012296948 0.892637012296948 0.806922726582663 0.956915135873691 0.935691513587369 0.937179292545924 0.648064369212084 0.628419614391984 0.849764688021861 0.616456657051769 0.503658721724609 0.546288143312585 0.546288143312585 0.589160467587673 0.784089873994231 0.935266433884925 0.914073174434492 0.935630787915591 0.978776377713678 1 1 1 1 1 1 1 1 1 1 1 1 1 1 1 1 1 0.892545923789282 1 1
0 0 0 0 0 0 0 0 0 0 0 0 0 0 0 0 0 0 0 0 0 0 0.0198876575072112 0 0 0.0397449521785335 0.0789737361469561 0.0789737361469561 0.0593289813268559 0.0593289813268559 0.285501745863064 0.386913617731896 0.442295430393199 0.935721876423258 0.892637012296948 0.91386063458327 0.914285714285714 0.978412023683012 0.871018673144072 0.849461059662972 0.935266433884925 0.686746622134507 0.589160467587673 0.589160467587673 0.589160467587673 0.589160467587673 0.589160467587673 0.598967663579778 0.871018673144072 0.914073174434492 0.956915135873691 0.914042811598603 0.95746166691969 1 1 1 1 1 1 1 1 1 1 1 1 1 1 1 1 1 1 0.871049035979961 1 1
0 0 0 0 0 0 0 0 0 0 0 0 0 0 0 0 0 0 0.021587976316988 0 0 0 0 0 0.157340215576135 0.0789737361469561 0.137877637771368 0.256565963260969 0.256565963260969 0.316077121603158 0.475998178229847 0.726491574313041 0.785243661758008 0.978594200698345 0.91386063458327 0.935691513587369 0.956915135873691 0.892424472445726 0.935630787915591 0.914073174434492 0.956915135873691 0.804159708516775 0.589160467587673 0.628419614391984 0.589160467587673 0.589160467587673 0.648064369212084 0.771823288295127 0.978503112190679 0.956915135873691 0.914073174434492 0.978381660847123 1 1 1 1 1 1 1 1 1 1 1 1 1 1 0.956793684530135 1 1 1 1 0.978442386518901 1 1
0 0 0 0 0 0 0 0 0 0 0 0 0 0 0 0 0 0 0 0 0 0 0 0.0198876575072112 0.118323971458934 0.181175041748899 0.304812509488386 0.355973887961136 0.785243661758008 0.785243661758008 0.849734325185972 0.957370578412024 0.892637012296948 0.91386063458327 0.892637012296948 0.956915135873691 0.892697737968726 0.978776377713678 0.892697737968726 0.914012448762714 1 1 0.935266433884925 0.861940185213299 0.725459237892819 0.978503112190679 0.956915135873691 0.956915135873691 1 1 0.978776377713678 1 1 1 1 1 1 1 1 1 1 1 1 1 1 1 1 1 1 1 1 1 0.914498254136936 1
0 0 0 0 0 0 0 0 0 0 0 0 0 0 0 0 0 0 0 0.039623500834978 0 0 0.0198876575072112 0.0198876575072112 0.0985274024593897 0.244117200546531 0.302990739335054 0.375800819796569 0.785243661758008 0.849734325185972 0.849734325185972 0.892637012296948 0.871018673144072 0.892637012296948 0.935539699407925 0.935630787915591 0.914316077121603 1 1 0.93566115075148 1 1 0.978412023683012 1 1 1 1 0.956915135873691 0.914073174434492 0.93566115075148 0.957279489904357 1 1 1 1 1 1 1 1 1 1 1 1 1 1 1 1 1 1 1 1 1 1 1
0 0 0 0 0 0 0 0 0 0 0 0 0 0 0 0 0 0 0.0198876575072112 0.666676787611963 0.0198876575072112 0 0.0198876575072112 0.0397449521785335 0.0789737361469561 0.238257173219979 0.13781691209959 0.395901017155002 0.806558372551996 0.849734325185972 0.871079398815849 0.892637012296948 0.892819189312282 0.935630787915591 0.892728100804615 0.978776377713678 1 1 1 1 1 0.978503112190679 0.914012448762714 0.914012448762714 0.892697737968726 0.914012448762714 0.914012448762714 0.957279489904357 1 1 1 1 1 1 1 1 1 1 1 1 1 1 1 1 1 1 1 1 1 1 1 1 1 1
0 0 0 0 0 0 0 0 0 0 0 0 0 0 0 0 0 0.333110672536815 0.197601335964779 0.765750721117352 0.0789737361469561 0 0 0.0198876575072112 0.0593289813268559 0.17765295278579 0.118263245787157 0.395901017155002 0.687991498405951 0.935509336572036 0.892637012296948 0.935539699407925 0.871170487323516 1 1 1 1 1 1 1 1 1 1 1 1 1 1 1 1 1 1 1 1 1 1 1 1 1 1 1 1 1 1 1 1 1 1 1 1 1 1 1 1 1
0 0 0 0 0 0 0 0 0 0 0 0 0 0 0 0 0.628328525884318 0.765750721117352 0.765750721117352 0.785243661758008 0.137877637771368 0.0397449521785335 0 0.0593289813268559 0.0593289813268559 0.0987095794747229 0.395901017155002 0.460270229239411 0.785243661758008 0.978412023683012 0.935539699407925 0.892697737968726 1 1 1 1 1 1 1 1 1 1 1 1 1 1 1 1 1 1 1 1 1 1 1 1 1 1 1 1 1 1 1 1 1 1 1 1 1 1 1 1 1 1
0 0 0 0 0 0 0 0 0 0 0 0 0 0 0 0 0.039623500834978 0.0592986184909671 0.118323971458934 0.118323971458934 0 0.0593289813268559 0 0.0195840291483225 0 0.0589646272961895 0.41721572794899 0.631364809473205 0.84979505085775 0.978412023683012 0.914316077121603 1 1 1 1 1 1 1 1 1 1 1 1 1 1 1 1 1 1 1 1 1 1 1 1 1 1 1 1 1 1 1 1 1 1 1 1 1 1 1 1 1 1 1
0 0 0 0 0 0 0 0 0 0 0 0 0 0 0 0 0.0198876575072112 0.0198876575072112 0.0593289813268559 0.137877637771368 0 0 0.0393198724760893 0.0790648246546227 0.0393198724760893 0.216638834067102 0.649096705632306 0.978594200698345 0.892637012296948 0.956915135873691 0.978685289206012 1 1 1 1 1 1 1 1 1 1 1 1 1 1 1 1 1 1 1 1 1 1 1 1 1 1 1 1 1 1 1 1 1 1 1 1 1 1 1 1 1 1 1
0 0 0 0 0 0 0 0 0 0 0 0 0 0 0 0 0.0594807955063003 0.0198876575072112 0.0593289813268559 0.202611203886443 0.0790648246546227 0.0393198724760893 0.13781691209959 0.196963716411113 0.41721572794899 0.51331410353727 0.828115986033095 0.892637012296948 0.978412023683012 0.914316077121603 1 1 1 1 1 1 1 1 1 1 1 1 0.978412023683012 1 1 1 1 1 1 1 1 1 1 1 1 0.93566115075148 0.93566115075148 0.978776377713678 0.978776377713678 0.978776377713678 1 1 1 1 1 1 1 1 1 1 1 1 1 1
0 0 0 0 0 0 0 0 0 0 0 0 0 0 0 0.0198876575072112 0.0594807955063003 0.0593289813268559 0.157613481099135 0.17765295278579 0.461454379839077 0.316077121603158 0.176924244724457 0.41721572794899 0.51331410353727 0.534932442690147 0.785243661758008 0.892637012296948 0.935630787915591 0.871170487323516 1 1 1 1 1 1 1 1 1 1 1 1 1 1 1 1 1 1 1 1 1 1 1 0.978503112190679 1 1 1 1 1 0.978776377713678 0.956884773037802 1 1 1 1 1 1 1 1 1 1 1 1 1
0 0 0 0 0 0 0 0 0 0 0 0 0 0 0 0.0198876575072112 0.0397449521785335 0.549567329588584 0.157613481099135 0.17765295278579 0.33593441627448 0.41721572794899 0.440716562926977 0.688173675421284 0.806558372551996 0.785243661758008 1 0.914042811598603 0.892728100804615 0.871170487323516 1 1 1 1 1 1 1 1 1 1 1 1 1 1 1 1 1 0.957279489904357 0.89260664946106 0.914194625778048 1 0.914194625778048 0.914073174434492 1 1 0.957279489904357 0.978776377713678 0.871018673144072 0.956915135873691 1 0.93566115075148 0.935812964930925 1 1 1 0.93566115075148 0.93566115075148 1 1 1 1 1 1 1
0 0 0 0 0 0 0 0 0 0 0 0 0 0 0 0.0198876575072112 0 0.31358736906027 0.335873690602702 0.296402003947169 0.216638834067102 0.41721572794899 0.481979656899954 0.785243661758008 0.806558372551996 0.871018673144072 0.956915135873691 0.935539699407925 0.892728100804615 0.957279489904357 0.957279489904357 1 1 1 1 1 1 1 1 1 1 1 1 1 0.978351298011234 0.914316077121603 0.914012448762714 0.914073174434492 0.871352664338849 0.87132230150296 0.892424472445726 0.871109761651738 0.892424472445726 1 0.978776377713678 0.935539699407925 1 0.894124791255503 0.956854410201913 0.978412023683012 0.978412023683012 0.892697737968726 1 0.913921360255048 1 1 1 1 1 1 1 1 1 1
0 0 0 0 0 0 0 0 0 -9999 0 0 0 0 0.0198876575072112 0.0198876575072112 0 0.157613481099135 0.335873690602702 0.415727948990436 0.395901017155002 0.41721572794899 0.503658721724609 0.785243661758008 0.84979505085775 0.871079398815849 0.935539699407925 0.935691513587369 1 1 0.95746166691969 0.871170487323516 0.871170487323516 1 1 1 1 1 1 1 1 1 1 1 0.914073174434492 0.892424472445726 0.849703962350083 0.828480340063762 0.84979505085775 0.785243661758008 0.849461059662972 0.828237437376651 0.871018673144072 1 0.91413390010627 1 0.978351298011234 0.892515560953393 0.892242295430393 0.892637012296948 0.849703962350083 0.935570062243813 1 0.849703962350083 0.914376802793381 0.978776377713678 0.978776377713678 0.871352664338849 1 1 1 1 1 1
0 0.0214968878093214 0 0 0 0 0 0 0 0 0 0 0 0.0198876575072112 0.0198876575072112 0.0593289813268559 0.157613481099135 0.376074085319569 0.415727948990436 0.554455746166692 0.726582662820707 0.501776225899499 0.481949294064066 0.914103537270381 0.871018673144072 0.956915135873691 0.892637012296948 0.871018673144072 0.892637012296948 0.892637012296948 0.871018673144072 0.914224988613936 0.914376802793381 0.957279489904357 1 1 1 1 1 1 1 1 0.978776377713678 0.95718840139669 0.871352664338849 0.84979505085775 0.806922726582663 0.828237437376651 0.828176711704873 0.785243661758008 0.828237437376651 0.795172309093669 0.935266433884925 0.956763321694246 1 0.849339608319417 0.935782602095036 0.914164262942159 0.639775315014422 0.785243661758008 0.849703962350083 0.914467891301048 0.849703962350083 0.849703962350083 0.849703962350083 0.935782602095036 0.849703962350083 0.871352664338849 1 0.935570062243813 1 1 1 1
0 0 0 0 0 0 0 0 0 0 0 0.021587976316988 0.0198876575072112 0.0790344618187339 0.237437376650979 0.316411112797935 0.355973887961136 0.415727948990436 0.532776681342037 0.726582662820707 0.806558372551996 0.631668437832094 0.89260664946106 0.914285714285714 0.785243661758008 0.785243661758008 0.82854106573554 0.828237437376651 0.892637012296948 0.892637012296948 0.849461059662972 0.828146348868984 0.871018673144072 0.914042811598603 0.871170487323516 0.935812964930925 1 1 1 1 1 1 0.914194625778048 0.89260664946106 0.849703962350083 0.935357522392591 0.842750872931532 0.836162137543647 0.67457112494307 0.631668437832094 0.640200394716867 0.540579930165477 0.892515560953393 0.892515560953393 0.957006224381357 0.849673599514195 1 0.687262790344618 0.567754668286018 0.785243661758008 0.849703962350083 0.849703962350083 0.849703962350083 0.785243661758008 0.828115986033095 0.957006224381357 0.785243661758008 0.849703962350083 0.95746166691969 1 1 1 1 1
0 0 0 0 0 0 0 0 0 0 0 0 0.0198876575072112 0.0985274024593897 0.489145286169728 0.395901017155002 0.474510399271292 0.610050098679217 0.726582662820707 0.806558372551996 0.828237437376651 0.610657355396994 0.610657355396994 0.610657355396994 0.610657355396994 0.460452406254744 0.573523607104904 0.728890238348262 0.828237437376651 0.828419614391984 0.828176711704873 0.785243661758008 0.785243661758008 0.849461059662972 0.871018673144072 0.914224988613936 0.935812964930925 1 1 1 1 1 0.93566115075148 0.914073174434492 0.849703962350083 0.828237437376651 0.540853195688477 0.523424927888265 0.599119477759223 0.523424927888265 0.43877334143009 0.460452406254744 0.728890238348262 0.894428419614392 1 0.89260664946106 0.540913921360255 0.957006224381357 1 0.828115986033095 0.806801275239107 0.892515560953393 0.785243661758008 0.892728100804615 0.798876575072112 0.703567633216942 0.785243661758008 0.785243661758008 0.95746166691969 0.978685289206012 1 1 1 1
0 0 0 0 0 0 0 0 0 0 0 0 0.0397449521785335 0.0789737361469561 0.235281615302869 0.236526491574313 0.316077121603158 0.33593441627448 0.415727948990436 0.571367845756794 0.481584940033399 0.589433733110672 0.503658721724609 0.610657355396994 0.481584940033399 0.41721572794899 0.481949294064066 0.415727948990436 0.395901017155002 0.532776681342037 0.785243661758008 0.806558372551996 0.849734325185972 0.785243661758008 0.892637012296948 0.935448610900258 0.892667375132837 0.871170487323516 0.95746166691969 0.957279489904357 0.957279489904357 0.957036587217246 0.89260664946106 0.849703962350083 0.828146348868984 0.84979505085775 0.534932442690147 0.41721572794899 0.397540610293001 0.41721572794899 0.806558372551996 0.460391680582966 0.515621679064825 0.515621679064825 0.828237437376651 0.691301047517838 0.176924244724457 0.703324730529831 1 0.978685289206012 0.80646728404433 0.871291938667071 0.849673599514195 0.935570062243813 0.610657355396994 0.589160467587673 0.785243661758008 0.828480340063762 0.849703962350083 0.978685289206012 1 1 1 1
0 0 0 0 0 0 0 0 0 0 0 0 0.0198876575072112 0.0397449521785335 0.216213754364658 0.395901017155002 0.315894944587824 0.481676028541066 0.455624715348414 0.415727948990436 0.566236526491574 0.481584940033399 0.438803704265978 0.41721572794899 0.395901017155002 0.395901017155002 0.57118566874146 0.415727948990436 0.828571428571429 0.415727948990436 0.356034613632913 0.785243661758008 0.806558372551996 0.806801275239107 0.828115986033095 0.87132230150296 0.849703962350083 0.87132230150296 0.892728100804615 0.914073174434492 0.892424472445726 0.849703962350083 0.828480340063762 0.806922726582663 0.785243661758008 0.785243661758008 0.551965993623804 0.41721572794899 0.256596326096857 0.395901017155002 0.834097464703203 0.894610596629725 0.892667375132837 0.853863670866859 0.196599362380446 0.138059814786701 0.377561864278124 0.740337027478366 0.806558372551996 0.913617731896159 0.892303021102171 0.870957947472294 0.785243661758008 0.793289813268559 0.524609078487931 0.935478973736147 0.785243661758008 0.828480340063762 0.91440716562927 1 1 1 1 1
0 0 0 0 0 0 0 0 0 0 0 0 0 0.0198876575072112 0.118323971458934 0.296584180962502 0.395901017155002 0.357522392591468 0.600060725671778 0.806558372551996 0.59058752087445 0.41721572794899 0.41721572794899 0.397540610293001 0.23661758008198 0.33593441627448 0.315894944587824 0.335873690602702 0.138302717473812 0.118749051161378 0.0592075299833004 0.0592075299833004 0.395901017155002 0.494003339911948 0.765507818430241 0.785243661758008 0.785243661758008 0.806922726582663 0.849461059662972 0.849461059662972 0.828146348868984 0.806922726582663 0.849400333991195 0.748201001973584 0.805343859116441 0.672354637923182 0.415727948990436 0.377622589949901 0.216942462425991 0.138302717473812 0.181509032943677 0.138302717473812 0.216942462425991 0.256505237589191 0.33593441627448 0.196963716411113 0.336875664187035 0.636374677394869 0.551996356459693 0.849430696827084 0.806558372551996 0.785243661758008 0.849430696827084 0.438439350235312 0.548079550630029 0.892971003491726 0.806801275239107 0.849703962350083 0.978685289206012 1 1 1 1 1
0 0 0 0 0 0 0 0 0 0 0 0 0 0 0.0397449521785335 0.118323971458934 0.157613481099135 0.725611052072264 0.551783816608471 0.513192652193715 0.435160163959314 0.415727948990436 0.459025352967967 0.316077121603158 0.196963716411113 0.0986184909670563 0.0790648246546227 0.0592075299833004 0.0197358433277668 0.0197358433277668 0 0 0.138302717473812 0.415727948990436 0.63121299529376 0.849855776529528 0.765507818430241 0.728890238348262 0.806558372551996 0.806922726582663 0.785243661758008 0.612205860027326 0.544648550174586 0.587672688629118 0.567845756793685 0.41721572794899 0.23661758008198 0.520570821314711 0.157613481099135 0.0592075299833004 0.0808258691361773 0.0790648246546227 0.0592075299833004 0.118657962653712 0.158099286473357 0.0592075299833004 0.178078032488234 0.278245028085623 0.380173068164567 0.655563989676636 0.871443752846516 0.447791103689085 0.427812357674207 0.569485349931684 0.914285714285714 0.956975861545468 0.871018673144072 0.849703962350083 1 1 1 1 1 1
0 0 0 0 0 0 0 0 0 0 0 0 0 0 0.0198876575072112 0.0397449521785335 0.0397449521785335 0.118323971458934 0.549051161378473 0.725611052072264 0.296584180962502 0.199271291938667 0.549263701229695 0.785243661758008 0.0790648246546227 0.0592075299833004 0.0198876575072112 0.0198876575072112 0.0593289813268559 0.0397449521785335 0 0 0.0592075299833004 0.335873690602702 0.435160163959314 0.513465917716715 0.707271899195385 0.707271899195385 0.667739486868073 0.655199635645969 0.540974647032033 0.601487778958555 0.610657355396994 0.41721572794899 0.546045240625474 0.397662061636557 0.812873842416882 0.785243661758008 0.216578108395324 0.118506148474267 0.039623500834978 0.0592075299833004 0.0592075299833004 0.138059814786701 0.157613481099135 0.138059814786701 0.0592075299833004 0.138059814786701 0.157613481099135 0.481159860330955 0.51143160771216 0.30174586306361 0.196963716411113 0.347077577045696 0.785243661758008 0.881099134659177 0.84979505085775 0.935782602095036 1 1 1 1 1 1
0 0 0 0 0 0 0 0 0 0 0 0 0 0 0.021587976316988 0 0 0 0.0397449521785335 0.488932746318506 0.118323971458934 0.0198876575072112 0.159678153939578 0.725611052072264 0.725611052072264 0.0789737361469561 0.0397449521785335 0 0 0 0 0 0 0.157613481099135 0.395901017155002 0.417549719143768 0.395901017155002 0.513465917716715 0.494003339911948 0.513465917716715 0.609898284499772 0.650675573098527 0.648641263093973 0.87320479732807 0.894610596629725 0.785243661758008 0.356095339304691 0.236678305753757 0.138059814786701 0.0197358433277668 0 0 0 0.039623500834978 0.0988613936541673 0.177592227114012 0.0790648246546227 0.0790648246546227 0.157613481099135 0.157613481099135 0.157613481099135 0.28237437376651 0.118263245787157 0.914103537270381 0.935509336572036 0.980537422195233 0.806801275239107 0.849703962350083 0.892940640655837 1 1 1 1 1
0 0 0 0 0 0 0 0 0 0.021587976316988 0 0 0 0 0 0 0 0 0 0.236708668589646 0.0397449521785335 0 0.118323971458934 0.0789737361469561 0.468954000303628 0.0397449521785335 0.0198876575072112 0 0 0 0 0 0 0.0790648246546227 0.296584180962502 0.239168058296645 0.0986184909670563 0.316259298618491 0.256505237589191 0.395901017155002 0.395901017155002 0.415727948990436 0.454865644451192 0.785243661758008 0.725611052072264 0.336268407469258 0.118506148474267 0.0790648246546227 0 0 0 0 0 0 0 0 0.0197358433277668 0.0197358433277668 0.0592075299833004 0.0592075299833004 0.0393198724760893 0.0393198724760893 0.716411112797935 0.914316077121603 0.935509336572036 0.978503112190679 0.785243661758008 0.849703962350083 0.978685289206012 1 1 1 1 1
0 0 0 0 0 0 0 0 0 0 0.021587976316988 0 0 0 0.0429937756186428 0.021587976316988 0 0 0 0.0198876575072112 0.0397449521785335 0 0.0397449521785335 0 0.0397449521785335 0 0 0 0 0 0 0 0 0 0.157613481099135 0.157613481099135 0.0197358433277668 0.0197358433277668 0.0790648246546227 0.157613481099135 0.0988613936541673 0.157613481099135 0.216578108395324 0.296007287080613 0.177592227114012 0.157613481099135 0.0197358433277668 0 0 0 0 0 0 0 0 0.0790648246546227 0.138059814786701 0.0197358433277668 0.0393198724760893 0.0807955063002884 0.078761196295734 0.103749810232276 0.306482465462274 0.850159404888417 1 1 0.892515560953393 0.871200850159405 0.871352664338849 0.828146348868984 1 1 1 1
0 0 0 0 0 0 0 0 0 0 0 0 0 0 0 0 0 0 0 0 0 0 0 0 0 0 0 0 0 0 0 0 0 0 0.0198876575072112 0.0790648246546227 0 0.0197358433277668 0.039623500834978 0 0 0 0 0.0594807955063003 0.0594807955063003 0.0397449521785335 0 0 0 0 0 0 0 0 0 0 0.138484894489145 0.705875208744497 0.315591316228936 0.0393198724760893 0.212995293760437 0.127189919538485 0.12542887505693 0.879095187490512 1 0.892211932594504 0.957006224381357 1 1 0.936055867618035 0.978685289206012 1 1 1
