data-raw/DATASET_PNE_1/DATASET_PNE/a_DATA/PFGS/ENVSUIT_A1B/HS_f15_P1_ubacPion.asc
NCOLS 619 
NROWS 782 
XLLCORNER 876826 
YLLCORNER 1947424 
CELLSIZE 100 
NODATA_value -9999 
[rows 420 to 447 of 782, columns 252 to 314 of 619]
0.919302254915237 0.880223542451859 0.843155920505524 0.69492781162262 0.685951992869377 0.51291333232075 0.408061319962144 0.242961168289185 0.153308779001236 0.00897582434117794 0 0 0 0 -9999 0 0.104386299848557 0.0651805773377419 0 0 0 0 0 0 0.00897582434117794 0 0.288475394248962 0.297048985958099 0.324844390153885 0.39574071764946 0.5 0.612409502267838 0.802701205015182 0.969071507453918 1 1 1 0.921715557575226 0.840171039104462 0.987001985311508 0.921715557575226 0.908654063940048 0.974046319723129 0.973940461874008 0.920106679201126 0.68631187081337 0.670392483472824 0.43331640958786 0.580507218837738 0.591409459710121 0.552055548876524 0.467631995677948 0.340806121006608 0.142681732773781 0.00897582434117794 0 0 0 0 0 0 0 0
0.735255509614944 0.689889490604401 0.875121712684631 0.794127613306046 0.713387534022331 0.630403488874435 0.485033236443996 0.324569195508957 0.29148143529892 0.144121259450912 0.0918540135025978 0 0 0 0.065434604883194 0.104386299848557 0.0392057225108147 0.0522672422230244 0 0 0 0 0 0 0.0445827506482601 0 0 0.270820111036301 0.301600396633148 0.39574071764946 0.53890935331583 0.633600071072578 0.820292979478836 0.9869384765625 1 1 0.921715557575226 0.934480726718903 0.85795333981514 0.908654063940048 0.908654063940048 0.947965621948242 0.96504932641983 0.898450404405594 0.766988456249237 0.728925868868828 0.644248276948929 0.671726152300835 0.410326421260834 0.5 0.570959813892841 0.552013196051121 0.42673271894455 0.299250591546297 0.0128921633586287 0.0130403488874435 0 0 0 0 0 0 0
0.786167919635773 0.610483095049858 0.623713962733746 0.743088185787201 0.77194207906723 0.69492781162262 0.630403488874435 0.39574071764946 0.328718394041061 0.261336207389832 0.155722081661224 0.0177611242979765 0 0 0 0 0 0 0.0390998758375645 0.0130403488874435 0 0 0 0 0.0177611242979765 0.0704940930008888 0.0360303148627281 0.179368302226067 0.292730420827866 0.39574071764946 0.578369110822678 0.646725088357925 0.764151751995087 0.9869384765625 1 1 0.921715557575226 0.960646092891693 0.862928152084351 0.882721543312073 0.895761877298355 0.987107843160629 0.982133030891418 0.789152801036835 0.662750333547592 0.644544646143913 0.508975824341178 0.527202675119042 0.62674118578434 0.43331640958786 0.508975824341178 0.552161388099194 0.481497943401337 0.310512721538544 0.170328974723816 0.0128921633586287 0 0 0.0130615178495646 0 0 0 0
0.816609501838684 0.816101431846619 0.592044539749622 0.592044539749622 0.794127613306046 0.727274656295776 0.630403488874435 0.460730761289597 0.369596511125565 0.310872614383698 0.144184768199921 0.0534103885293007 0.00897582434117794 0 0 0 0 0 0.0131038567051291 0.0131038567051291 0 0 0.0519073642790318 0 0 0.0259113423526287 0.0887421146035194 0.317371606826782 0.310512721538544 0.395613686181605 0.591261275112629 0.685951992869377 0.955226719379425 1 1 1 0.908675223588943 0.700961083173752 0.987001985311508 0.921715557575226 0.947965621948242 0.974046319723129 0.901498794555664 0.638977095484734 0.592870146036148 0.557559590786695 0.537025272846222 0.563931576907635 0.582624159753323 0.564481988549232 0.491024166345596 0.469812449067831 0.564884193241596 0.388585455715656 0.283923953771591 0.0887421146035194 0.0887421146035194 0 0 0 -9999 0 0
0.685951992869377 0.685951992869377 0.816609501838684 0.621406495571136 0.551843855530024 0.754075109958649 0.65847410261631 0.526038359850645 0.369596511125565 0.355899900197983 0.270820111036301 0.0978026166558266 0.0177611242979765 0 0 0 0 0 0 0.06524408608675 0.06524408608675 0.0912612751126289 0.0258054956793785 0 0 0.0887421146035194 0.134997248649597 0.317371606826782 0.395825386047363 0.460688441991806 0.578284434974194 0.739531725645065 0.9869384765625 1 1 1 0.921715557575226 0.636182740330696 0.882721543312073 0.882721543312073 0.974046319723129 0.96504932641983 0.737139597535133 0.579977981746197 0.583915494382381 0.565159402787685 0.499703619629145 0.499957658350468 0.499597795307636 0.592933654785156 0.486747950315475 0.406939327716827 0.499936487525702 -9999 0.279922932386398 0.0887421146035194 0.0266734417527914 0 0 -9999 -9999 0 0
0.630403488874435 0.685951992869377 0.65847410261631 0.969113856554031 0.476247921586037 0.538930520415306 0.718002453446388 0.617278464138508 0.408865744248033 0.369596511125565 0.292751610279083 0.144121259450912 0.0177611242979765 0 0 0 0 0 0 0 0 0 0 0 0 0 0.304479449987411 0.408717572689056 0.369596511125565 0.447775095701218 0.620707906782627 0.667598113417625 0.9869384765625 1 1 0.973749935626984 0.973855793476105 0.661331966519356 0.908654063940048 0.92190608382225 0.987107843160629 0.929061353206635 0.666518479585648 0.501397177577019 0.552161388099194 0.434671252965927 0.373724550008774 0.382721543312073 0.421757906675339 0.421757906675339 0.473517096601427 0.473622918128967 -9999 -9999 0.300478428602219 0.116558700799942 0.0266734417527914 0 0 -9999 -9999 0 0
0.5 0.668868288397789 0.685951992869377 0.744845256209373 0.600639313459396 0.538951691240072 0.613552644848824 0.663766458630562 0.486747950315475 0.369596511125565 0.279626578092575 0.153351113200188 0.0362208373844624 0 0 0 0 0 0 0 0 0.130403488874435 0 0 0.0219526644796133 0.252360373735428 0.395825386047363 0.369596511125565 0.421757906675339 0.546318642795086 0.667598113417625 0.829565167427063 1 1 0.921715557575226 0.908654063940048 0.756234377622604 0.934628903865814 0.882721543312073 0.934904098510742 0.977899134159088 0.805686086416245 0.604005247354507 0.512680482119322 0.526101861149073 0.433930296450853 0.346056133508682 0.3330157995224 0.373724550008774 0.382721543312073 0.369596511125565 0.369596511125565 -9999 -9999 0.161099120043218 0.0713408663868904 0.00897582434117794 0 0 -9999 -9999 0 0
0.408865749835968 0.509314535185695 0.68186628818512 0.690842121839523 0.613552644848824 0.591197766363621 0.578072741627693 0.509314535185695 0.509399212896824 0.369596511125565 0.288496553897858 0.162538632750511 0.0177611242979765 0 0 0 0 0 0 0 0.0781362429261208 0.0909648984670639 0 0.0490706637501717 0.298340313136578 0.399847567081451 0.369596511125565 0.382721543312073 0.557665437459946 0.592870146036148 0.703988313674927 0.982133030891418 1 1 1 0.96879631280899 0.716965168714523 0.882721543312073 0.895761877298355 0.934904098510742 0.937190383672714 0.678627371788025 0.531351894140244 0.539099872112274 0.434904092922807 0.323510736227036 0.157330960035324 0.291587293148041 0.286675985902548 0.261463224887848 0.315762728452682 0.382594521157444 0.309454262256622 0.299017727375031 0.15578558947891 0.0266734417527914 0 0 0 0 0 0 0
0.336000680923462 0.487086653709412 0.559210803359747 0.68186628818512 0.596786484122276 0.526017189025879 0.5 0.5 0.5 0.421779066324234 0.323637753725052 0.144184768199921 0.0266734417527914 0.0389093533158302 0 0 0 0 0 0 0.0258054956793785 0 0.039057538844645 0.265464246273041 0.318218380212784 0.382721543312073 0.395761877298355 0.470235832035542 0.594457849860191 0.686777591705322 0.794826209545135 0.982133030891418 0.991003006696701 1 0.960646092891693 0.587852984666824 0.842118620872498 0.921715557575226 0.92190608382225 0.974046319723129 0.906304240226746 0.629747226834297 0.52584782242775 0.460942450910807 0.355899900197983 0.157330960035324 0 0.0448579527437687 0.130170627497137 0.157860197126865 0.24711038172245 0.315127640962601 0.282251566648483 0.116558700799942 0.0266734417527914 0 0 0 0 0 0 0 0
0.039734959602356 0.473834633827209 0.505842739716172 0.555548500269651 0.598331853747368 0.509314535185695 0.5 0.5 0.408738732337952 0.372412041760981 0.323637753725052 0.135124266147614 0.0390151999890804 0.0131250265985727 0 0 0 0 0 0.0781362429261208 0 0 0.0548922494053841 0.346056133508682 0.382721543312073 0.369596511125565 0.434882938861847 0.522206697613001 0.583005212247372 0.794233441352844 0.991130024194717 1 1 1 0.986747950315475 0.629768416285515 -9999 0.947965621948242 0.934904098510742 0.977941483259201 0.722024634480476 0.592870146036148 0.565053552389145 0.434904092922807 0.310512721538544 0.129662558436394 0 0 0 0 0 0.116558700799942 0.0887421146035194 0.0534103885293007 0.00897582434117794 0 0 0 0 0 0 0 0
0.15703459084034 0.157500311732292 0.473834633827209 0.487086653709412 0.487086653709412 0.408865749835968 0.382721543312073 0.39574071764946 0.376370714046061 -9999 0.144544646143913 0.0887421146035194 0.0129133323207498 0.0911977663636208 0 0 0 0 0 0.0909648984670639 0 0.0361784994602203 0.26535838842392 0.37385156750679 0.369596511125565 0.448134988546371 0.5 0.53687709197402 0.619310721755028 0.719865366816521 0.894301205873489 1 1 1 0.986747950315475 0.797091335058212 0.934713572263718 0.934904098510742 -9999 -9999 0.72329480946064 0.561264235526323 0.51289214938879 0.382721543312073 0.319933116436005 0.0539184547960758 0 0 0 0.104513317346573 0.117744188755751 0 0.00897582434117794 0 0 0 0 0 0 0 0 0 -9999
0.325606495141983 0.322981506586075 0.389199376106262 0.369596511125565 0.369596511125565 0.333523869514465 0.336529910564423 0.299229443073273 0.238494426012039 -9999 -9999 -9999 0 0.130403488874435 0 0 0 0 0 0.0709386542439461 0.0722934901714325 0.243151694536209 0.346056133508682 0.382721543312073 0.364812225103378 0.421757906675339 0.421757906675339 0.449256943538785 0.600385278463364 0.644248276948929 0.821690171957016 0.880392909049988 0.9869384765625 1 0.934713572263718 0.986896157264709 0.947055339813232 0.947965621948242 0.974025160074234 0.860599517822266 0.711291745305061 0.570663452148438 -9999 -9999 -9999 -9999 0 0 0 0 0.130551673471928 0.104619164019823 0 0 0 0 0 0 0 0 0 0 -9999
0 0.153308779001236 0.270523726940155 0.261336207389832 0.270439058542252 0.0726322010159492 0.113213941454887 0.0128921633586287 0.10233286768198 0.0273931995034218 -9999 -9999 0 0.0781362429261208 0 0 0 0 0 0 0.20648629963398 0.318535923957825 0.369596511125565 0.319192171096802 0.126233115792274 0.395761877298355 0.382488674484193 0.449108771979809 0.554574698209763 0.644248276948929 0.662750333547592 0.824103474617004 1 1 0.947838604450226 0.895761877298355 0.854439228773117 0.934713572263718 0.94802913069725 0.860599517822266 0.684194922447205 0.501757048070431 0.447796255350113 0.369596511125565 0.296752601861954 0 0 0 0 0 0 0.143443837761879 0 0 0 0 0 0 0 0 0 0 0
0 0.0177611242979765 0.113065749406815 0.148460984230042 0.155954957008362 0.0699013471603394 0.0128921633586287 0.0128921633586287 0.0389093533158302 0.0260171890258789 0.0389093533158302 0 0 0 0 0 0 0 0 0.0709386542439461 0.153351113200188 0.412993788719177 0.390448361635208 0.0990092754364014 0.0956645086407661 0.421757906675339 0.395613706670702 0.382488674484193 0.46623482182622 0.540793422609568 0.626000255346298 0.836297035217285 1 0.974003970623016 0.974194496870041 0.921652048826218 0.884330421686172 0.921652048826218 0.960942447185516 0.877365678548813 0.697341129183769 0.486345745623112 0.448007950559258 0.377725571393967 0.121025443077087 0 0.0258054956793785 0.0781362429261208 0 0 0 0.0261653754860163 0.0784749537706375 0 0 0 0 0 0 0 0 0 -9999
0 0.0177611242979765 0.0260171890258789 0 0.0259960200637579 0 0 0 0 0 0 0.0651805773377419 0.0131038567051291 0 0 0 0 0 0.026546424254775 0.106714934110641 0.179452985525131 0.360620677471161 0.0892078429460526 0.0230746436864138 0 0.108196787536144 0.382721543312073 0.408865749835968 0.382488674484193 0.436428304761648 0.558702729642391 0.644248276948929 0.97811084985733 1 0.947965621948242 0.987086653709412 0.797430038452148 0.973072528839111 0.987107843160629 0.916169196367264 0.607646383345127 0.525487966835499 0.434671252965927 0.408590550534427 0.302447184920311 0 0 0 0 0 0 0 0 0 0 0 0 0 0 0 0 0 -9999
0 0 0 0.143443837761879 0.18288242444396 0.0912612751126289 0.130403488874435 0 0.0131038567051291 0.06524408608675 0.0392692312598228 0 0 0 0 0 0 0.026546424254775 0.0978449583053589 0.138786569237709 0.162538632750511 0.30153688788414 0.178479194641113 0 0 0 0.219124436378479 0.369596511125565 0.421630896627903 0.418053261935711 0.458169259130955 0.641453921794891 0.87175577878952 1 0.934904098510742 0.987086653709412 0.884309232234955 0.987086653709412 0.934904098510742 0.982133030891418 0.589652396738529 0.49947077780962 0.447775109671056 0.369596511125565 0.36951183155179 0.0717642605304718 0 0 0 0 0 0 0 0 0 0 0 0 0 0 0 0 -9999
0 0 0 0.0782844349741936 0.0782844349741936 0.143570855259895 0 0 0 0.0130403488874435 0 0 0 0 0 0 0 0.00878529995679855 0.115796603262424 0.148016422986984 0 0.0497904233634472 0.275223344564438 0.0794064104557037 0.059591855853796 0 0 0.147995263338089 0.274715274572372 0.447775095701218 0.42702909745276 0.648439809679985 0.974025160074234 1 0.934904098510742 0.973982810974121 0.853338420391083 0.919365763664246 0.925907105207443 0.947880953550339 0.576760232448578 0.549345873296261 0.382721543312073 0.369596511125565 0.369596511125565 0.224755495786667 0.106905460357666 0.0887421146035194 0 0 0 0 0 0 0 0 0 0 0 0 0 0 0
0.0913882926106453 0.130318813025951 0.143846057355404 0.0525424461811781 0 0.0263770688325167 0 0 0.0525424461811781 0 0 0 0.0261653754860163 0 0 0 0 0 0.0978026166558266 0.106714934110641 0.0130403488874435 0.0328337363898754 0.0695626437664032 0.0892078429460526 0.0794064104557037 0.00994961708784103 0 0.0794064104557037 0.247195050120354 0.447711586952209 0.548562593758106 0.579977981746197 0.955819457769394 0.991003006696701 0.934904098510742 0.934904098510742 0.823320209980011 0.969135016202927 0.916952461004257 0.855264842510223 0.621893391013145 0.536284349858761 0.382721543312073 0.369596511125565 0.333142817020416 0.18775138258934 0.0887421146035194 0.127905499190092 0 0 0 0.0523095801472664 0 0 0 -9999 0 0 0 0 0 0 0
0.0782844349741936 0 0 0 0 0 0 0 0 0 0.0131250265985727 0.0395020954310894 0 0 0 0 0 0.0177611242979765 0.197362288832664 0.0596553608775139 0.0130403488874435 0.0558025315403938 0.0358821302652359 0.0328337363898754 0.0757229328155518 0.059591855853796 0.152462005615234 0.336995631456375 0.360620677471161 0.360599517822266 0.52584782242775 0.579977981746197 0.694440916180611 0.916169196367264 0.934904098510742 0.947055339813232 0.836381733417511 0.895634859800339 0.903107672929764 0.855137825012207 0.591282442212105 0.567996114492416 0.382721543312073 0.369596511125565 0.342266827821732 0.18775138258934 0.0887421146035194 0.101740124635398 0 0.0652229115366936 0.0523095801472664 0.0261653754860163 0 0 0 0 0 0 0 0 0 0 0
0.130403488874435 0.0653287619352341 0 0 0 0 0 0 0 0 0 0 0 0 0 0.0392057225108147 0.0129133323207498 0.0889114663004875 0.197362288832664 0.0130403488874435 0.0657098069787025 0.0626825839281082 0.0757229328155518 0.0757229328155518 0.266035825014114 0.342266827821732 0.36828401684761 0.269465267658234 0.407828450202942 0.382721543312073 0.48693847283721 0.544413387775421 0.626698836684227 0.964244902133942 0.974003970623016 0.919365763664246 0.585757225751877 0.869596511125565 0.779922932386398 0.770820111036301 0.550086796283722 0.555188611149788 0.413946397602558 0.369596511125565 0.369596511125565 0.115775436162949 0.127905499190092 0 0.117553668096662 0.143443839624524 0.0523095801472664 0 0 0 0 0 0 0 0 0 0 0 0
0.130403488874435 0.130403488874435 0.130403488874435 0.078580804169178 0 0 0 0 0 0 0 0 0 0 0 0.195880435407162 0 0.0129980100318789 0.106714934110641 0 0 0.0887421146035194 0.106714934110641 0.142787590622902 0.215483292937279 0.107752233743668 0.0668106153607368 0.0900334492325783 0.346056133508682 0.360599517822266 0.538909338414669 0.531309526413679 0.648355141282082 0.955290228128433 0.991003006696701 0.90645244717598 0.729984328150749 0.869596511125565 0.761759608983994 0.875291079282761 0.549938607960939 0.486218720674515 0.422879885882139 0.369596511125565 0.369596511125565 0.206465139985085 0 0.0128921633586287 0.0392268933355808 0.0131250265985727 0 0 0 0 0 0 0 0 0 0 0 0 0
0.0391422174870968 0.0649265423417091 0.130403488874435 0.117341972887516 0.0912612751126289 0.0912612751126289 0 0 0 0 0 0 0 0 0 0.195880435407162 0.130403488874435 0.0800414904952049 0 0 0.0798086300492287 0.0978449583053589 0.106714934110641 0.00878529995679855 0 0 0.0887421146035194 0.107498198747635 0.330602485686541 0.408865744248033 0.499703619629145 0.538147255778313 0.675451964139938 0.9869384765625 1 0.937190383672714 0.73383717238903 0.860536009073257 0.842033952474594 0.815042972564697 0.647635370492935 0.467737838625908 0.413946397602558 0.369596511125565 0.369596511125565 0.125068798661232 0 0.0389940291643143 0.0262288842350245 0 0 0 0 0 0 0 0 0 0 0 0 0 0
0.211969181895256 0.0637198835611343 0.0610525412485003 0.143105126917362 0.0392268933355808 0.0130403488874435 0.0258054956793785 0.10415343940258 0.0131038567051291 0 0 0 0.039375077933073 0 0 0.117405481636524 0.195880435407162 0 0.0443287193775177 0.0709386542439461 0.0887421146035194 0 0 0.052097886800766 0 0 0 0.125682711601257 0.308480450883508 0.474173333495855 0.486811462789774 0.582624152302742 0.681337043642998 0.9869384765625 0.9869384765625 0.928235739469528 0.65237732231617 0.860536009073257 0.851263821125031 0.644248276948929 0.657288625836372 0.417481686919928 0.369596511125565 0.369596511125565 0.283542901277542 0.0266734417527914 0 0.0652229115366936 0 0 0 0 0 0 0 0 0 0 0 0 0 0 0
0.382700353860855 0.323637748137116 0.278589272871614 0.193721160292625 0.153816841542721 0.0910072382539511 0.0521190566942096 0.130403488874435 0.104513317346573 0 0 0 0 0 0 0 0.130445824936032 0.143803715705872 0 0.00878529995679855 0.026546424254775 0 0.0389940291643143 0.0784749537706375 0 0 0.00897582434117794 0.116558700799942 0.348829317837954 0.48704431951046 0.538909338414669 0.600152432918549 0.67164146900177 0.935031116008759 0.920276045799255 0.788009643554688 0.599009275436401 0.805855453014374 0.851263821125031 0.752254545688629 0.654240250587463 0.471442468464375 0.369596511125565 0.369596511125565 0.252127528190613 0.0711503475904465 0 0.0261865444481373 0.0131250265985727 0 0 0 0 0 0 0 0 0 0 0 0 0 0
0.408865749835968 0.382636874914169 0.39574071764946 0.369596511125565 0.351793050765991 0.305410891771317 0.0361784994602203 0 0.117341972887516 0 0 0 0 0 0 0 0 0.143443839624524 0.0652229115366936 0 0 0 0 0.0130615178495646 0.0781362429261208 0 0 0.125873237848282 0.402768950909376 0.434904098510742 0.460773114115 0.657330960035324 0.680913671851158 0.78896227478981 0.815254658460617 0.742897674441338 0.603899411857128 0.68775138258934 0.823172032833099 0.563084810972214 0.473686430603266 0.408717563375831 0.369596511125565 0.369596511125565 0.228481307625771 0.0887421146035194 0.0128921633586287 0.0261865444481373 0.0131250265985727 0 0 0 0 0 0 0 0 0 0 0 0 0 0
0.49422075599432 0.408632874488831 0.39574071764946 0.408632881008089 0.408865749835968 0.351793050765991 0.270439058542252 0.0259960200637579 0 0 0.0652229115366936 0 0 0 0 0 0 0.0654346067458391 0.104407466948032 0.117532493546605 0.0131250265985727 0 0 0 0.10415343940258 0 0 0.278356403112411 0.345802094787359 0.499703619629145 0.488272145390511 0.6493289321661 0.671810835599899 0.779922932386398 0.860536009073257 0.599009275436401 0.666031584143639 0.769126564264297 0.599326811730862 0.564799524843693 0.516745001077652 0.462995886802673 0.444832563400269 0.373407006263733 0.170583009719849 0.0887421146035194 0 0.0652229115366936 0.0131250265985727 0 0 0 0 0 0 0 0 0 0 0 0.06524408608675 0.0261653754860163 0
0.509314535185695 0.5 0.5 0.416105687618256 0.353867650032043 0.358207374811172 0.297768741846085 0.134997248649597 0 0 0 0.0389940291643143 0 0.0131250265985727 0 0 0 0 0 0 0 0 0 0 0.117680680006742 0 0.107053640298545 0.27446123957634 0.373724550008774 0.473686430603266 0.466467674821615 0.653478130698204 0.653478130698204 0.779922932386398 0.68775138258934 0.603899411857128 0.715081080794334 0.752254545688629 0.512913338840008 0.47381345089525 0.565434604883194 0.452749907970428 0.360408991575241 0.256234377622604 0.0978026166558266 0.0887421146035194 0.0259536821395159 0.156695879995823 0 0 0 0 0 0 0 0.00897582434117794 0 0.0177611242979765 0.0532410331070423 0 0 0.0392692312598228 0
0.487107843160629 0.5 0.416232705116272 0.429357707500458 0.328062146902084 0.300859481096268 0.291735470294952 0.254837214946747 0.129662558436394 0.0889114663004875 0.026546424254775 0 0 0.0130615178495646 0 0 0 0 0 0 0 0 0 0.0261442065238953 0.0783691108226776 0.0892501771450043 0.364134818315506 0.306786894798279 0.369596511125565 0.499703619629145 0.485625982284546 0.567255169153214 0.725094199180603 0.869596511125565 0.661818861961365 0.68775138258934 0.643380329012871 0.645137384533882 0.53880350664258 0.382594525814056 0.369596511125565 0.27446123957634 0.0978449583053589 0.0887421146035194 0.0887421146035194 0 0.0652229115366936 0.0652229115366936 0 0 0 0 0 0 0 0.0978026166558266 0.0622591972351074 0.0887421146035194 0.0887421146035194 0 0 0 0
