data-raw/DATASET_PNE_1/DATASET_PNE/a_DATA/PFGS/ENVSUIT_A1B/HS_f0_H5_poorGrass.asc
NCOLS 619 
NROWS 782 
XLLCORNER 876826 
YLLCORNER 1947424 
CELLSIZE 100 
NODATA_value -9999 
[rows 168 to 195 of 782, columns 0 to 64 of 619]
-9999 -9999 -9999 -9999 -9999 -9999 -9999 -9999 -9999 -9999 -9999 -9999 -9999 -9999 -9999 -9999 -9999 -9999 -9999 -9999 -9999 -9999 -9999 -9999 -9999 -9999 -9999 1 1 1 1 1 1 1 1 1 1 1 1 1 1 1 1 1 1 1 1 1 1 1 1 1 1 1 1 1 0.937555583788591 0.91640198195909 1 1 1 1 1 1 1
-9999 -9999 -9999 -9999 -9999 -9999 -9999 -9999 -9999 -9999 -9999 -9999 -9999 -9999 -9999 -9999 -9999 -9999 -9999 -9999 -9999 -9999 -9999 -9999 -9999 -9999 1 0.878160335408462 1 1 1 1 1 1 1 1 1 1 1 1 1 1 1 1 1 1 1 1 1 1 1 1 1 1 1 1 1 1 1 1 1 1 1 1 1
-9999 -9999 -9999 -9999 -9999 -9999 -9999 -9999 -9999 -9999 -9999 -9999 -9999 -9999 -9999 -9999 -9999 -9999 -9999 -9999 -9999 -9999 -9999 -9999 -9999 -9999 1 0.958073942319909 0.939651886672596 1 1 1 1 1 1 1 1 1 1 1 1 1 1 1 1 1 1 1 1 1 1 1 0.969571846017025 1 1 1 1 1 1 1 1 1 1 1 1
-9999 -9999 -9999 -9999 -9999 -9999 -9999 -9999 -9999 -9999 -9999 -9999 -9999 -9999 -9999 -9999 -9999 -9999 -9999 -9999 -9999 -9999 -9999 -9999 -9999 0.978846398170499 1 0.979418117138864 1 1 1 1 1 1 1 1 1 1 1 1 1 1 1 1 1 1 1 1 1 1 1 1 1 1 1 1 1 1 1 1 1 1 1 1 1
-9999 -9999 -9999 -9999 -9999 -9999 -9999 -9999 -9999 -9999 -9999 -9999 -9999 -9999 -9999 -9999 -9999 -9999 -9999 -9999 -9999 -9999 -9999 -9999 0.936920340490408 0.936920340490408 0.936920340490408 1 0.969952991995935 0.969952991995935 1 1 1 1 1 1 1 1 1 0.969698894676661 0.969698894676661 1 1 1 1 0.969698894676661 0.9084614407318 0.878414432727735 0.878414432727735 1 1 1 1 1 1 1 1 1 1 1 1 1 1 1 1
-9999 -9999 -9999 -9999 -9999 -9999 -9999 -9999 -9999 -9999 -9999 -9999 -9999 -9999 -9999 -9999 -9999 -9999 -9999 -9999 -9999 -9999 -9999 -9999 0.875492313556092 0.91640198195909 0.91640198195909 0.936920340490408 1 0.969952991995935 1 1 1 1 1 0.878414432727735 0.878414432727735 0.909033159700165 0.939080167704231 0.826578579595985 0.80599669673485 0.9084614407318 1 0.969190700038115 0.816033540846144 0.969698894676661 0.938889594714776 0.949117011815525 0.978655825181044 0.918180663194003 0.939080167704231 1 1 1 1 1 1 1 1 1 0.939270740693686 0.847287511116758 1 1 1
-9999 -9999 -9999 -9999 -9999 -9999 -9999 -9999 -9999 -9999 -9999 -9999 -9999 -9999 -9999 -9999 -9999 -9999 -9999 -9999 -9999 -9999 -9999 -9999 0.814318383941049 0.814318383941049 0.814318383941049 0.814318383941049 0.916338457629272 0.936920340490408 0.969952991995935 1 0.9084614407318 0.878414432727735 0.887117265912845 0.979418117138864 0.979418117138864 0.936920340490408 0.936920340490408 0.979418117138864 0.92777283699657 0.969190700038115 0.908779062380892 0.969508321687206 0.957502223351544 0.936920340490408 0.936920340490408 0.936920340490408 0.978846398170499 0.936920340490408 0.957502223351544 0.909033159700165 1 0.969190700038115 1 1 1 1 1 1 0.887498411891755 0.90884258671071 1 0.969190700038115 1
-9999 -9999 -9999 -9999 -9999 -9999 -9999 -9999 -9999 -9999 -9999 -9999 -9999 -9999 -9999 -9999 -9999 -9999 -9999 -9999 -9999 -9999 -9999 0.814318383941049 0.814318383941049 0.814318383941049 0.814318383941049 0.814318383941049 0.814318383941049 0.896582391055774 0.91640198195909 0.936920340490408 1 1 0.936920340490408 0.916338457629272 0.916338457629272 0.814318383941049 0.855037479354593 0.895947147757591 0.936920340490408 1 1 1 0.936920340490408 0.814318383941049 0.936920340490408 0.814318383941049 0.876000508194639 0.855037479354593 0.895947147757591 0.978846398170499 0.866535383051709 0.969190700038115 1 1 1 1 1 0.878414432727735 0.704357769025537 0.826197433617075 0.978655825181044 0.725701943844492 1
-9999 -9999 -9999 -9999 -9999 -9999 -9999 -9999 -9999 -9999 -9999 -9999 -9999 -9999 -9999 -9999 -9999 -9999 -9999 -9999 -9999 -9999 0.814318383941049 0.814318383941049 0.834773218142549 0.814318383941049 0.814318383941049 0.814318383941049 0.814318383941049 0.814318383941049 0.814318383941049 0.814318383941049 0.936920340490408 0.978655825181044 0.814318383941049 0.814318383941049 0.814318383941049 0.814318383941049 0.814318383941049 0.855037479354593 0.874857070257909 1 0.978655825181044 0.855037479354593 0.936920340490408 0.814318383941049 0.936920340490408 0.91640198195909 0.784271375936984 0.91640198195909 0.855037479354593 1 1 0.978655825181044 0.786621776140262 0.90922373268962 0.90922373268962 1 1 0.786621776140262 0.887498411891755 0.887498411891755 0.92701054503875 0.704357769025537 0.725701943844492
-9999 -9999 -9999 -9999 -9999 -9999 -9999 -9999 -9999 -9999 -9999 -9999 -9999 -9999 -9999 -9999 -9999 -9999 -9999 -9999 -9999 -9999 -9999 0.978655825181044 0.834773218142549 0.834773218142549 0.834773218142549 0.814318383941049 0.814318383941049 0.814318383941049 0.936920340490408 0.978655825181044 0.978655825181044 0.978655825181044 0.978655825181044 0.958073942319909 0.814318383941049 0.814318383941049 0.814318383941049 0.814318383941049 0.91640198195909 0.91640198195909 0.91640198195909 0.936920340490408 0.91640198195909 0.885338584677932 0.91640198195909 0.91640198195909 0.814318383941049 0.91640198195909 0.814318383941049 0.957502223351544 1 1 0.938889594714776 0.725701943844492 0.704357769025537 0.765277601321306 0.878414432727735 0.91830771185364 0.91754541989582 0.948354719857706 0.82638800660653 0.735421166306696 0.704357769025537
-9999 -9999 -9999 -9999 -9999 -9999 -9999 -9999 -9999 -9999 -9999 -9999 -9999 -9999 -9999 -9999 -9999 -9999 -9999 -9999 -9999 -9999 1 1 1 1 0.937746156778046 0.855355101003685 0.834773218142549 0.834773218142549 0.814318383941049 0.834773218142549 0.834773218142549 0.958073942319909 0.978655825181044 0.978655825181044 0.936920340490408 0.814318383941049 0.814318383941049 0.814318383941049 0.91640198195909 0.814318383941049 0.91640198195909 0.885592681997205 0.885338584677932 0.91640198195909 0.91640198195909 0.91640198195909 0.91640198195909 0.91640198195909 0.91640198195909 0.91640198195909 0.91640198195909 1 1 0.969698894676661 0.969698894676661 1 1 0.978655825181044 0.936920340490408 0.723732689620125 0.814699529919959 0.82600686062762 0.735421166306696
-9999 -9999 -9999 -9999 -9999 -9999 -9999 -9999 -9999 -9999 -9999 -9999 -9999 -9999 -9999 -9999 -9999 -9999 -9999 -9999 -9999 -9999 1 1 1 1 1 1 1 1 1 0.978655825181044 0.855355101003685 0.834773218142549 0.834773218142549 0.814318383941049 0.814318383941049 0.814318383941049 0.814318383941049 0.814318383941049 0.958073942319909 0.958073942319909 0.814318383941049 0.855291576673866 0.91640198195909 0.91640198195909 0.91640198195909 0.91640198195909 0.91640198195909 0.91640198195909 0.91640198195909 0.91640198195909 0.91640198195909 0.91640198195909 1 0.909033159700165 1 0.969698894676661 0.969698894676661 0.969698894676661 0.763753017405666 0.672150933807648 0.672150933807648 0.692669292338966 0.763753017405666
-9999 -9999 -9999 -9999 -9999 -9999 -9999 -9999 -9999 -9999 -9999 -9999 -9999 -9999 -9999 -9999 -9999 -9999 -9999 -9999 -9999 -9999 1 1 1 1 1 1 1 1 1 1 1 0.978655825181044 0.937746156778046 0.855355101003685 0.814318383941049 0.814318383941049 0.814318383941049 0.814318383941049 0.978655825181044 0.978655825181044 0.978655825181044 0.958073942319909 0.958073942319909 0.91640198195909 0.91640198195909 0.91640198195909 0.91640198195909 0.91640198195909 0.91640198195909 0.91640198195909 0.885592681997205 0.91640198195909 0.91640198195909 0.91640198195909 0.91640198195909 0.845953500190573 0.825435141659256 0.672150933807648 0.732689620124508 0.763753017405666 0.763753017405666 0.733261339092873 0.845572354211663
-9999 -9999 -9999 -9999 -9999 -9999 -9999 -9999 -9999 -9999 -9999 -9999 -9999 -9999 -9999 -9999 -9999 -9999 -9999 1 1 1 1 1 1 1 1 1 1 1 1 1 1 1 1 1 0.978655825181044 0.937746156778046 1 0.969952991995935 0.814318383941049 0.814318383941049 0.793800025409732 0.793800025409732 0.814318383941049 0.814318383941049 0.814318383941049 0.814318383941049 0.814318383941049 0.91640198195909 0.91640198195909 0.91640198195909 0.79424469571846 0.79424469571846 0.91640198195909 0.91640198195909 0.91640198195909 0.91640198195909 0.855355101003685 0.854529284716046 0.855355101003685 0.855355101003685 0.794181171388642 0.855863295642231 0.825053995680346
-9999 -9999 -9999 -9999 -9999 -9999 -9999 -9999 -9999 -9999 -9999 -9999 -9999 -9999 1 1 0.939334265023504 0.834773218142549 0.978655825181044 1 1 1 1 1 1 1 1 1 1 0.307965950959217 0.243996950832169 0.21369584550883 0.305297929106848 0.640642866217761 0.630351924787193 1 1 0.184665226781857 0 0.168974717316732 0.814318383941049 0.814318383941049 0.814318383941049 0.814318383941049 0.814318383941049 0.814318383941049 0.91640198195909 0.91640198195909 0.978655825181044 0.936920340490408 0.91640198195909 0.885592681997205 0.804154491170118 0.172786177105832 0.172786177105832 0.855355101003685 0.885592681997205 0.855355101003685 0.855355101003685 0.824291703722526 0.825053995680346 0.855863295642231 0.855863295642231 0.845572354211663 0.735421166306696
-9999 -9999 -9999 -9999 -9999 -9999 -9999 -9999 -9999 -9999 -9999 -9999 -9999 1 1 0.936920340490408 0.787257019438445 0.756003049167831 1 1 1 1 1 1 1 1 1 0.696734849447338 0.292211917164274 0.214902807775378 0.122601956549358 0.0611104052852242 0.0611104052852242 0.153665353830517 1 0.091602083598018 0.091602083598018 0.473955024774489 0.855355101003685 0.814318383941049 0.814318383941049 0.814318383941049 0.814318383941049 0.936920340490408 1 0.978655825181044 0.958073942319909 0.969190700038115 1 1 1 0.732689620124508 0.855355101003685 0.885592681997205 0.885592681997205 0.824291703722526 0.855355101003685 0.885592681997205 0.855355101003685 0.88616440096557 0.875873459535002 0.82600686062762 0.756765341125651 0.725701943844492 0.725701943844492
-9999 -9999 -9999 -9999 -9999 -9999 -9999 -9999 -9999 -9999 -9999 -9999 1 1 1 0.814318383941049 0.817558124761784 0.725701943844492 1 1 1 1 1 1 1 1 1 0.556981323847033 0.214013467157921 0.214902807775378 0.0611104052852242 0.246537924024902 0.561428026934316 0.661224749078897 1 0.609770041926058 1 0.978655825181044 0.814318383941049 0.814318383941049 0.814318383941049 0.814318383941049 0.814318383941049 1 1 1 1 0.978655825181044 1 1 0.958073942319909 0.79462584169737 0.732689620124508 0.91640198195909 0.91640198195909 0.672150933807648 0.91640198195909 0.763753017405666 0.763753017405666 0.978655825181044 0.847351035446576 0.725701943844492 0.725701943844492 0.725701943844492 0.725701943844492
-9999 -9999 -9999 -9999 -9999 -9999 -9999 -9999 -9999 1 1 1 1 0.96976241900648 0.756765341125651 0.834773218142549 0.756003049167831 1 1 1 1 1 1 1 1 1 0.856180917291323 0.276203786050057 0.243996950832169 0.21369584550883 0.59230085122602 1 1 1 1 0.978655825181044 0.855355101003685 0.814318383941049 0.814318383941049 0.814318383941049 0.814318383941049 0.814318383941049 0.876000508194639 1 1 1 1 0.969698894676661 0.90884258671071 1 1 0.845572354211663 0.845572354211663 0.866662431711345 0.763753017405666 0.867107102020074 0.847351035446576 0.847351035446576 0.82600686062762 0.756765341125651 0.725701943844492 0.755748951848558 1 1 1
-9999 -9999 -9999 -9999 -9999 -9999 -9999 -9999 1 1 1 1 0.908524965061619 0.817558124761784 0.78706644644899 0.978655825181044 1 1 1 1 1 1 1 0.692224622030238 0.723288019311396 0.723288019311396 0.446957184601702 0.560729259306314 0.635433871172659 1 1 1 0.978655825181044 0.937746156778046 0.855355101003685 0.814318383941049 0.814318383941049 0.814318383941049 0.814318383941049 0.814318383941049 0.814318383941049 0.814318383941049 0.895947147757591 0.936920340490408 0.979418117138864 1 0.969698894676661 0.939270740693686 0.938889594714776 1 0.969698894676661 0.847351035446576 0.847351035446576 0.847351035446576 0.847351035446576 0.847351035446576 0.756765341125651 0.725701943844492 0.725701943844492 0.725701943844492 0.725701943844492 1 1 1 1
-9999 -9999 -9999 -9999 -9999 -9999 -9999 -9999 1 1 1 1 0.939334265023504 0.817939270740694 0.756003049167831 0.78706644644899 1 1 1 1 1 1 0.415893787320544 0.274869775123872 0.121903188921357 0.214013467157921 0.526553169864058 0.773853385846779 1 1 0.937746156778046 0.855355101003685 0.834773218142549 0.814318383941049 0.814318383941049 0.814318383941049 0.814318383941049 0.814318383941049 0.814318383941049 0.814318383941049 0.814318383941049 0.855037479354593 0.936920340490408 1 1 1 0.969698894676661 1 0.90922373268962 1 0.9084614407318 0.786812349129717 0.786812349129717 0.756765341125651 0.756765341125651 0.725701943844492 0.725701943844492 0.725701943844492 0.725701943844492 0.704357769025537 1 1 1 1 1
-9999 -9999 -9999 -9999 -9999 -9999 -9999 1 1 1 1 0.938953119044594 0.817939270740694 0.939715411002414 0.96976241900648 1 1 1 1 1 1 1 0.230085122601957 0.152776013213061 0.182950069876763 0.230085122601957 0.401473764451785 1 1 0.875492313556092 0.834773218142549 0.814318383941049 0.814318383941049 0.814318383941049 0.814318383941049 0.814318383941049 0.814318383941049 0.814318383941049 0.814318383941049 0.814318383941049 0.855037479354593 0.916465506288909 0.936920340490408 1 0.969952991995935 1 1 1 1 0.969698894676661 0.969698894676661 0.755748951848558 0.786240630161352 0.755748951848558 0.786812349129717 0.755748951848558 1 1 1 1 1 1 1 1 1
-9999 -9999 -9999 -9999 -9999 -9999 -9999 -9999 1 1 1 1 0.978655825181044 0.978655825181044 1 1 1 1 1 1 1 0.969127175708296 0.278045991614788 0.0908397916401982 0.0908397916401982 0.168720619997459 1 1 1 0.834773218142549 0.814318383941049 0.814318383941049 0.814318383941049 0.814318383941049 0.814318383941049 0.814318383941049 0.896582391055774 0.91640198195909 0.936920340490408 0.916465506288909 0.936920340490408 0.936920340490408 1 0.969952991995935 1 1 1 1 1 1 1 1 0.969698894676661 0.938889594714776 0.908016770423072 1 1 1 1 1 1 1 1 1 1
-9999 -9999 -9999 -9999 -9999 -9999 -9999 -9999 1 1 1 1 1 0.855926819972049 1 1 1 1 1 1 1 0.123364248507178 0.339219921229831 0.107927836361326 0.107927836361326 0.230402744251048 1 1 0.937746156778046 0.814318383941049 0.814318383941049 0.814318383941049 0.814318383941049 0.916338457629272 0.936920340490408 0.936920340490408 0.936920340490408 0.978846398170499 0.978846398170499 1 1 1 1 0.939651886672596 1 1 1 1 1 1 1 1 1 1 1 1 1 1 1 1 1 1 1 1 1
-9999 -9999 -9999 -9999 -9999 -9999 -9999 -9999 -9999 1 1 1 1 0.878859103036463 0.978655825181044 1 1 1 1 1 1 0.579723033921992 0.183331215855673 0.153220683521789 0.121903188921357 0.622729005208995 1 1 0.937746156778046 0.814318383941049 0.814318383941049 0.814318383941049 0.936920340490408 0.936920340490408 1 1 1 1 1 1 1 0.969698894676661 0.969698894676661 1 1 1 1 1 1 1 1 1 1 1 1 1 1 1 1 1 1 1 1 1 1
-9999 -9999 -9999 -9999 -9999 -9999 -9999 -9999 -9999 1 1 1 1 0.938953119044594 0.847605132765849 1 1 1 1 1 1 1 0.137911320035574 0.123364248507178 0.305297929106848 0.683394740185491 1 1 0.978655825181044 0.814318383941049 0.814318383941049 0.91640198195909 0.936920340490408 1 1 1 1 1 1 1 1 1 1 1 1 1 1 1 1 1 1 1 1 1 1 1 1 1 1 1 1 1 1 1 0.916465506288909
-9999 -9999 -9999 -9999 -9999 -9999 -9999 -9999 -9999 -9999 1 1 1 1 0.908906111040529 1 1 1 1 1 1 1 0.484182441875238 0.212997077880828 0.499301232371998 1 1 1 1 0.834773218142549 0.814318383941049 0.814318383941049 0.936920340490408 0.936920340490408 1 1 1 1 1 1 1 1 1 1 1 1 1 1 1 1 1 1 1 1 1 1 1 1 1 1 1 1 1 0.958137466649727 0.876064032524457
-9999 -9999 -9999 -9999 -9999 -9999 -9999 -9999 -9999 -9999 -9999 1 1 1 0.978655825181044 0.978655825181044 1 1 1 1 1 1 1 0.682568923897853 0.661224749078897 0.734531825689239 1 1 1 0.937746156778046 0.834773218142549 0.814318383941049 0.814318383941049 0.936920340490408 1 1 1 1 1 1 1 1 1 1 1 1 1 1 1 1 1 1 1 1 1 1 1 1 1 1 1 1 0.958137466649727 0.876064032524457 0.732880193113963
-9999 -9999 -9999 -9999 -9999 -9999 -9999 -9999 -9999 -9999 -9999 1 1 1 1 0.78706644644899 1 1 1 1 1 1 1 0.702960233769534 0.621458518612629 0.684792275441494 1 1 1 1 0.834773218142549 0.814318383941049 0.814318383941049 0.91640198195909 0.978846398170499 1 1 1 1 1 1 1 1 1 1 1 1 1 1 1 1 1 1 1 1 1 1 1 1 1 1 0.774488629144963 0.855926819972049 0.763308347096938 0.58054885020963
