data-raw/DATASET_PNE_1/DATASET_PNE/a_DATA/PFGS/ENVSUIT_A1B/HS_f30_H9_NardStri.asc
NCOLS 619 
NROWS 782 
XLLCORNER 876826 
YLLCORNER 1947424 
CELLSIZE 100 
NODATA_value -9999 
[rows 448 to 475 of 782, columns 496 to 557 of 619]
0.955170500092496 0.843220077696245 0.82095948695813 1 1 1 0.776160818893754 0.776160818893754 0.776160818893754 0.955293827465006 0.910834309675033 0.933341555158167 1 0.888573718936918 0.554418203120183 0.554418203120183 0.516186717641981 0.324844299192206 0.477523586359993 0.113337855336992 0.113337855336992 0.0372448664981193 0.018591601405932 0 0 0 0 0 0 0 0 0 0 0 0 0 0 0 0 0 0 0 0 0 0 0 0 0 0 0 0 0 0 0 0 0 0 0 0 0 0 0
0.776160818893754 0.776160818893754 0.821051982487513 0.798668064376889 0.798668064376889 0.776160818893754 0.776160818893754 0.776160818893754 0.776160818893754 0.910710982302522 0.88854288709379 0.888512055250663 1 0.764383054819017 0.554418203120183 0.0942221125978911 0.018591601405932 0.227292347536536 0.246315594746254 0.132052784115434 0.0372448664981193 0.018591601405932 0.018591601405932 0 0 0 0 0 0 0 0 0 0 0 0 0 0 0 0 0 0 0 0 0 0 0 0 0 0 0 0 0 0 0 0 0 0 0 0 0 0 0
0.776160818893754 0.776160818893754 0.776160818893754 0.776160818893754 0.776160818893754 0.776160818893754 0.776160818893754 0.776160818893754 0.776160818893754 0.776160818893754 0.798544737004378 0.8432817413825 0.573626441388666 0.419559721280138 0.018591601405932 0.018591601405932 0.018591601405932 0.018591601405932 0.018591601405932 0.018591601405932 0 0 0 0 0 0 0 0 0 0 0 0 0 0 0 0 0 0 0 0 0 0 0 0 0 0 0 0 0 0 0 0 0 0 0 0 0 0 0 0 0 0
0.776160818893754 0.776160818893754 0.776160818893754 0.737775174199914 0.737775174199914 0.776160818893754 0.776160818893754 0.776160818893754 0.776160818893754 0.75695258062527 0.515600912622557 0.458161188875871 0.132546093605476 0.018591601405932 0.018591601405932 0 0.018591601405932 0 0 0 0 0 0 0 0 0 0 0 0 0 0 0 0 0 0 0 0 0 0 0 0 0 0 0 0 0 0 0 0 0 0 0 0 0 0 0 0 0 0 0 0 0
0.776160818893754 0.776160818893754 0.75695258062527 0.718721095147068 0.699297033976691 0.75695258062527 0.776160818893754 0.717117839304434 0.560307085157551 0.496762656471604 0.381544058703829 0.0596596164518715 0 0 0 0 0 0 0 0 0 0 0 0 0 0 0 0 0 0 0 0 0 0 0 0 0 0 0 0 0 0 0 0 0 0 0 0 0 0 0 0 0 0 0 0 0 0 0 0 0 0
0.776160818893754 0.755719306900167 0.798452241474995 0.656348276499969 0.580440278719862 0.541653820065364 0.496762656471604 0.267342911759265 0.364000739964235 0.018591601405932 0.018591601405932 0 0 0 0 0 0 0 0 0 0 0 0 0 0 0 0 0 0 0 0 0 0 0 0 0 0 0 0 0 0 0 0 0 0 0 0 0 0 0 0 0 0 0 0 0 0 0 0 0 0 0
0.61808595917864 0.676604797434791 0.595486218166122 0.438737127705494 0.151261022383918 0.0374606894000123 0.152155145834618 0.0188690879940803 0 0.0188690879940803 0 0 0 0 0 0 0 0 0 0 0 0 0 0 0 0 0 0 0 0 0 0 0 0 0 0 0 0 0 0 0 0 0 0 0 0 0 0.057038909786027 0.0948695813035703 0.0948695813035703 0 0 0 0 0 0 0 0 0 0 0 0
0.616791021767281 0.535024973792933 0.515600912622557 0.112567059258802 0.0936054757353395 0.018591601405932 0 0 0 0 0 0 0 0 0 0 0 0 0 0 0 0 0 0 0 0 0 0 0 0 0 0 0 0 0 0 0 0 0 0 0 0 0 0 0.113738669297651 0.113738669297651 0.0756921748782142 0.0756921748782142 0.382592341370167 0.573626441388666 0.057038909786027 0 0 0 0 0 0 0 0 0 0 0
0.16972929641734 0.458099525189616 0.169667632731085 0.018591601405932 0.018591601405932 0 0 0 0 0 0 0 0 0 0 0 0 0 0 0 0 0 0 0 0 0 0 0 0 0 0 0 0 0 0 0 0.0896281679718814 0 0.018591601405932 0.018591601405932 0 0 0.018591601405932 0.018591601405932 0.554418203120183 0.573626441388666 0.53557994696923 0.306561016217549 0.0756921748782142 0.516125053955725 0.458901153110933 0.057038909786027 0.018591601405932 0 0 0 0 0 0 0 0 0.038447308380095
0.0372448664981193 0.438737127705494 0.477400258987482 0.018591601405932 0 0 0 0 0 0 0 0 0 0 0 0 0 0 0 0 0 0 0 0 0 0 0 0 0 0 0 0 0 0 0.193161497194302 0 0 0.018591601405932 0.0372448664981193 0.151230190540791 0.151230190540791 0.515600912622557 0.439446260097429 0.0941604489116359 0.554418203120183 0.554418203120183 0.401708084109268 0.306252697786274 0.228494789418511 0.306561016217549 0.516186717641981 0.458901153110933 0.287352777949066 0.057038909786027 0.018591601405932 0 0.018591601405932 0 0 0.0756921748782142 0.554418203120183 0.0762163162113831
0.055713140531541 0.018591601405932 0 0 0 0 0 0 0 0 0 0 0 0 0 0 0 0 0 0 0 0 0 0 0 0 0 0 0 0 0 0 0 0.108497255965962 0.170900906456188 0.0567922550410064 0.018591601405932 0.189523339705248 0.535024973792933 0.554418203120183 0.554418203120183 0.554418203120183 0.554418203120183 0.53557994696923 0.516402540543874 0.516402540543874 0.554418203120183 0.554418203120183 0.401708084109268 0.53557994696923 0.421039649750262 0.248936301412098 0.113337855336992 0.0756921748782142 0.152247641364001 0.306561016217549 0.554418203120183 0.554418203120183 0.497286797804773 0.573626441388666 0.573626441388666 0.057038909786027
0 0 0 0 0 0 0 0 0 0 0 0 0 0 0 0 0 0 0 0 0 0 0 0 0 0 0 0 0 0 0 0 0.193161497194302 0.209379046679411 0.383424801134612 0.385243879879139 0.573626441388666 0.656841585990011 0.634642658938151 0.573626441388666 0.573626441388666 0.554418203120183 0.554418203120183 0.53557994696923 0.382654005056422 0.441604489116359 0.479281001418265 0.516402540543874 0.516402540543874 0.306252697786274 0.32567675895665 0.53557994696923 0.497286797804773 0.325985077387926 0.363877412591725 0.554418203120183 0.573626441388666 0.554418203120183 0.573626441388666 0.573626441388666 0.573626441388666 0.057038909786027
0 0 0 0 0 0 0 0 0 0 0 0 0 0 0 0 0 0 0 0 0 0 0 0 0 0 0 0 0 0 0 0 0.15200098661898 0.383424801134612 0.38817290497626 0.596226182401184 1 1 0.573626441388666 0.554418203120183 0.554418203120183 0.573626441388666 0.573626441388666 0.498458407843621 0.536319911204292 0.798544737004378 0.776160818893754 0.519578220386015 0.519578220386015 0.554418203120183 0.554418203120183 0.554418203120183 0.554418203120183 0.53557994696923 0.440001233273725 0.554418203120183 0.554418203120183 0.554418203120183 0.573626441388666 0.573626441388666 0.573626441388666 0.0756921748782142
0 0 0 0 0 0 0 0 0 0 0 0 0 0 0 0 0 0 0 0 0 0 0 0 0 0 0 0 0 0 0 0.067151754331874 0 0.0566380958253684 0.477585250046248 1 1 0.823271875192699 0.573626441388666 0.890238638465808 0.776160818893754 0.776160818893754 0.776160818893754 0.776160818893754 0.820805327742492 0.888327064191897 0.866035641610655 0.84340506875501 0.479281001418265 0.573626441388666 0.573626441388666 0.573626441388666 0.573626441388666 0.573626441388666 0.554418203120183 0.32567675895665 0.53557994696923 0.573626441388666 0.573626441388666 0.573626441388666 0.573626441388666 0.057038909786027
0 0 0 0 0 0 0 0 0 0 0 0 0 0 0 0 0 0 0 0 0 0 0 0 0 0.0447678362212493 0.238052660788062 0 0 0 0 0.0896281679718814 0 0.344453351421348 0.402016402540544 0.955232163778751 1 0.910402663871246 0.798359745945613 0.776160818893754 0.821144478016896 0.866035641610655 0.821144478016896 0.776160818893754 0.820805327742492 0.865696491336252 0.821051982487513 0.955509650366899 0.866035641610655 0.776160818893754 0.595887032126781 0.596226182401184 0.573626441388666 0.554418203120183 0.573626441388666 0.573626441388666 0.573626441388666 0.573626441388666 0.554418203120183 0.573626441388666 0.573626441388666 0.573626441388666
0 0 0 0 0 0 0 0 0 0 0 0 0 0 0 0 0 0 0 0 0 0 0 0.170900906456188 0.383424801134612 0.305882715668743 0.0188690879940803 0 0.0222605907381143 0.067151754331874 0 0 0.018591601405932 0.385243879879139 0.405623728186471 0.977369427144355 1 0.977369427144355 0.776160818893754 0.798544737004378 1 0.798421409631868 0.888327064191897 0.910834309675033 0.888234568662515 0.820805327742492 -9999 0.933033236726892 0.955509650366899 0.843435900598138 0.776160818893754 0.595887032126781 0.573626441388666 0.53557994696923 0.516402540543874 0.573626441388666 0.573626441388666 0.573626441388666 0.573626441388666 0.573626441388666 0.573626441388666 0.573626441388666
0 0 0 0 0 0 0 0 0 0 0 0 0 0 0 0 0.305882715668743 0.383424801134612 0.383424801134612 0.0567922550410064 0.018591601405932 0.018591601405932 0.190078312881544 0.0374606894000123 0.0757230067213418 0.190479126842203 0.018591601405932 0 0 0 0 0 0.018591601405932 0.450175741505827 0.443577727076525 0.86585065055189 1 1 0.776160818893754 0.933002404883764 0.933002404883764 0.977492754516865 0.888234568662515 -9999 -9999 1 -9999 -9999 1 -9999 0.920238021828945 0.776160818893754 0.776160818893754 0.557501387432941 0.4973176296479 0.516402540543874 0.573626441388666 0.573626441388666 0.573626441388666 0.573626441388666 0.573626441388666 0.573626441388666
0 0 0 0 0 0 0 0 0 0 0 0 0.190078312881544 0.45587963248443 0.494851082197694 0.494851082197694 0.450083245976445 0.0565456002959857 0.537799839674416 0.472374668557686 0.405623728186471 0.540112227908984 0.405623728186471 0.440463710920639 0.424523648023679 0.46608497255966 0.443577727076525 0.0566380958253684 0.018591601405932 0.0372448664981193 0.018591601405932 0.0372448664981193 0.018591601405932 0.142412283406302 0.477585250046248 0.843651723500031 0.910587654930012 0.887802922858729 0.776160818893754 0.888111241290004 0.933002404883764 0.977801072948141 0.843559227970648 -9999 -9999 -9999 -9999 -9999 -9999 -9999 -9999 -9999 0.911019300733798 0.808565086020842 0.573626441388666 0.573626441388666 0.868101375100203 0.780754763519763 0.656841585990011 0.573626441388666 0.573626441388666 0.573626441388666
0.018591601405932 0.018591601405932 0.018591601405932 0.190078312881544 0.383424801134612 0.344453351421348 0.383424801134612 0.383424801134612 0.325214281309737 0.414349139791577 0.383424801134612 0.383424801134612 0.383424801134612 0.529290250971203 0.742831596472837 0.592680520441512 0.543534562496146 0.562896959980268 0.421378800024665 0.543534562496146 0.698279583153481 0.676080656101622 0.720540173891595 0.720540173891595 0.588024912129247 0.600635135968428 0.596257014244312 0.477585250046248 0.018591601405932 0.0747980514275143 0.0563297773940926 0.151384349756428 0.018591601405932 0.0950854042054634 0.458161188875871 0.718042794598261 0.86585065055189 0.823271875192699 0.573626441388666 0.776160818893754 0.866066473453783 0.866066473453783 0.910834309675033 0.910433495714374 0.910433495714374 0.977801072948141 -9999 -9999 -9999 -9999 -9999 -9999 -9999 -9999 0.853548745143985 0.776160818893754 0.640685700191158 0.935283961275205 1 0.595825368440525 0.573626441388666 0.573626441388666
0.438737127705494 0.383424801134612 0.403588826540051 0.403588826540051 0.402016402540544 0.382592341370167 0.457976197817106 0.554418203120183 0.380711598939385 0.442251957822039 0.698341246839736 0.720632669420978 0.742831596472837 0.742831596472837 0.694672257507554 0.75695258062527 0.738114324474317 0.776160818893754 0.75695258062527 0.668927668496023 0.720571005734723 0.763828081642721 0.741320836159586 0.776160818893754 0.955293827465006 1 0.890639452426466 0.596226182401184 0.382314854782019 0.0563297773940926 0.0941604489116359 0.515600912622557 0.554418203120183 0.228494789418511 0.285965345008325 0.595825368440525 0.888142073133132 0.86585065055189 0.805111919590553 0.776160818893754 0.798544737004378 0.955509650366899 0.977801072948141 0.933033236726892 0.843343405068755 1 1 0.955324659308133 -9999 -9999 -9999 -9999 -9999 -9999 0.882376518468274 0.955509650366899 0.760035764938028 0.595887032126781 0.955078004563113 0.699512856878584 0.595825368440525 0.573626441388666
0.653573410618487 0.720540173891595 0.720632669420978 0.676080656101622 0.623913177529753 0.630942837762841 0.604550780045631 0.736511068631683 0.755719306900167 0.642998088425726 0.623913177529753 0.776160818893754 0.776160818893754 0.864309058395511 0.821051982487513 0.776160818893754 0.776160818893754 0.776160818893754 0.776160818893754 0.894678423876179 0.865881482395018 0.955232163778751 0.843435900598138 0.977801072948141 0.933002404883764 1 0.977708577418758 0.845902448048344 0.618425109453043 0.17151754331874 0.018591601405932 0.496762656471604 0.573626441388666 0.496762656471604 0.266664611210458 0.573626441388666 0.573626441388666 0.955262995621878 0.780847259049146 0.573626441388666 0.798544737004378 0.888327064191897 0.977801072948141 0.910649318616267 0.977708577418758 1 0.980822593574644 1 1 -9999 -9999 -9999 -9999 -9999 -9999 -9999 -9999 0.737775174199914 0.868101375100203 0.912807547635198 0.679102176728125 0.573626441388666
0.720571005734723 0.720571005734723 0.736326077572917 0.722852562126164 0.646297095640377 0.776160818893754 0.642998088425726 0.68082875994327 0.623913177529753 0.75695258062527 0.776160818893754 0.776160818893754 0.888234568662515 0.977523586359993 0.933033236726892 0.977523586359993 0.865943146081273 0.933033236726892 0.955324659308133 0.977523586359993 1 1 0.977801072948141 0.977801072948141 1 1 1 0.868409693531479 0.977523586359993 0.576617130172042 0.018591601405932 0.151384349756428 0.573626441388666 0.53557994696923 0.496762656471604 0.573626441388666 0.573626441388666 0.573626441388666 0.780847259049146 0.573626441388666 0.776160818893754 0.866035641610655 0.933033236726892 1 1 0.888142073133132 1 0.961737682678671 1 -9999 -9999 -9999 -9999 -9999 -9999 0.910834309675033 0.955509650366899 0.88854288709379 0.800887957082074 0.640685700191158 0.787260282419683 0.573626441388666
0.720571005734723 0.920268853672073 0.888265400505642 0.87247949682432 0.798668064376889 0.776160818893754 0.776160818893754 0.776160818893754 0.776160818893754 0.776160818893754 0.776160818893754 1 1 0.977801072948141 0.865603995806869 0.977801072948141 0.933033236726892 0.955232163778751 0.955232163778751 1 1 0.955201331935623 1 1 1 1 1 0.932940741197509 0.84787568600851 0.618455941296171 0.0563297773940926 0.018591601405932 0.573626441388666 0.573626441388666 0.53557994696923 0.573626441388666 0.573626441388666 0.573626441388666 0.614139483258309 0.616667694394771 0.654529197755442 0.767466239131775 0.977523586359993 1 1 1 1 1 0.885182216192884 1 -9999 -9999 -9999 -9999 -9999 1 0.933033236726892 0.910834309675033 0.890300302152063 0.701455262995622 0.616667694394771 0.573626441388666
0.822809397545785 1 0.955170500092496 0.910618486773139 0.798668064376889 0.798668064376889 0.776160818893754 0.776160818893754 0.820651168526855 0.776160818893754 0.821051982487513 1 1 1 1 0.977801072948141 0.977801072948141 0.843559227970648 0.977369427144355 1 1 1 1 1 1 1 1 0.82364185731023 0.638681630387865 0.595825368440525 0.189739162607141 0.15187765924647 0.573626441388666 0.573626441388666 0.573626441388666 0.573626441388666 0.573626441388666 0.573626441388666 0.573626441388666 0.865943146081273 0.782635505950546 0.703983474132084 0.856724424986126 1 1 1 1 1 1 0.942344453351421 1 0.776160818893754 1 1 1 0.977523586359993 0.955509650366899 0.955509650366899 0.776160818893754 0.596226182401184 0.659123142381452 0.573626441388666
0.913855830301535 1 0.977492754516865 0.932909909354381 0.932909909354381 0.821051982487513 0.776160818893754 0.843590059813776 0.977400258987482 0.843682555343159 1 1 1 1 1 1 1 1 1 1 1 1 1 1 0.977801072948141 1 1 0.82364185731023 0.703798483073318 0.554418203120183 0.381482395017574 0.573626441388666 0.573626441388666 0.573626441388666 0.573626441388666 0.573626441388666 0.573626441388666 0.573626441388666 0.496762656471604 0.890546956897083 0.865912314238145 0.735370290435962 0.752851945489301 0.955324659308133 0.843559227970648 1 1 1 1 0.980822593574644 0.942344453351421 1 0.865696491336252 0.942344453351421 1 1 0.977708577418758 0.955509650366899 0.776160818893754 0.573626441388666 0.93509897021644 0.573626441388666
1 1 1 1 0.910618486773139 0.932909909354381 0.977801072948141 0.910433495714374 1 0.933033236726892 0.977708577418758 1 1 0.932817413824998 1 1 1 0.977708577418758 1 1 1 1 1 0.977801072948141 0.977801072948141 1 1 0.845840784362089 0.707899118209287 0.496762656471604 0.573626441388666 0.573626441388666 0.573626441388666 0.573626441388666 0.573626441388666 0.573626441388666 0.573626441388666 0.573626441388666 0.596226182401184 0.554418203120183 1 0.865912314238145 0.75695258062527 0.955232163778751 0.980822593574644 0.933033236726892 1 1 1 0.955201331935623 0.961737682678671 0.942344453351421 0.843435900598138 1 1 1 1 0.955509650366899 0.84340506875501 0.638928285132885 0.890300302152063 0.595825368440525
1 0.910001849910588 0.977801072948141 1 1 0.977369427144355 0.977801072948141 0.93253992723685 0.932940741197509 0.843250909539372 1 0.977369427144355 1 0.932879077511254 1 0.84340506875501 0.977708577418758 1 1 1 1 1 0.977801072948141 0.977801072948141 1 1 0.977523586359993 0.868039711413948 0.618425109453043 0.554418203120183 0.573626441388666 0.573626441388666 0.573626441388666 0.53557994696923 0.573626441388666 0.573626441388666 0.573626441388666 0.573626441388666 0.53557994696923 0.681815378923352 1 1 0.933002404883764 0.88854288709379 0.977523586359993 0.942529444410187 1 1 1 1 1 0.942344453351421 1 1 1 0.977523586359993 1 0.955232163778751 0.843651723500031 0.890300302152063 0.681383733119566 0.594067953382253
0.955201331935623 1 0.932786581981871 1 1 0.954769686131837 1 1 0.798668064376889 1 0.977708577418758 0.977708577418758 0.955078004563113 1 1 0.977708577418758 0.955417154837516 1 1 1 1 1 0.977801072948141 0.977801072948141 1 1 0.868348029845224 0.641055682308688 0.573626441388666 0.573626441388666 0.573626441388666 0.573626441388666 0.596226182401184 0.53557994696923 0.573626441388666 0.573626441388666 0.596226182401184 0.53557994696923 0.573626441388666 1 1 1 1 0.910803477831905 0.933033236726892 0.885737189369181 0.888142073133132 1 1 1 1 0.942344453351421 1 1 0.904390454461368 0.977523586359993 1 0.955509650366899 0.977492754516865 0.910618486773139 0.868101375100203 0.868101375100203
