data-raw/DATASET_PNE_1/DATASET_PNE/a_DATA/PFGS/ENVSUIT_A1B/HS_f0_H8_notgraz.asc
NCOLS 619 
NROWS 782 
XLLCORNER 876826 
YLLCORNER 1947424 
CELLSIZE 100 
NODATA_value -9999 
[rows 203 to 231 of 782, columns 264 to 329 of 619]
0.936266305358519 0.936558539890014 0.936558539890014 0.979012247283547 0.957652559708828 0.894025132169709 0.915437953295609 0.830557105284132 0.851810525756489 0.978666879200871 0.915305119417656 0.788023697563827 0.788023697563827 0.851757392205308 0.872904545575304 0.894051698945299 0.915305119417656 0.915305119417656 0.830424271406179 0.788023697563827 0.788023697563827 0.767673547461545 0.767673547461545 0.767673547461545 0.747376530910443 0.747376530910443 0.747376530910443 0.747376530910443 0.747376530910443 0.767673547461545 0.767673547461545 0.788926967933902 0.851438590898223 0.915066018437342 0.936160038256157 0.936160038256157 0.936053771153795 0.957413458728514 0.978666879200871 0.978666879200871 0.978666879200871 0.978666879200871 0.978666879200871 0.978666879200871 1 1 1 1 1 1 1 1 1 1 1 1 -9999 -9999 -9999 -9999 -9999 -9999 -9999 -9999 1 1
0.957652559708828 0.936266305358519 0.915756754602694 0.979012247283547 0.957918227464733 0.851810525756489 0.893918865067347 0.788023697563827 0.788023697563827 0.809170850933822 0.78882070083154 0.767673547461545 0.767673547461545 0.767673547461545 0.767673547461545 0.809967854201536 0.767673547461545 0.767673547461545 0.767673547461545 0.767673547461545 0.767673547461545 0.64785738954863 0.587046040222098 0.605828750564544 0.585611434340214 0.605828750564544 0.667198002178476 0.686937116442177 0.767673547461545 0.767673547461545 0.851438590898223 0.851438590898223 0.851438590898223 0.893679764087033 1 0.978666879200871 0.957413458728514 0.957413458728514 0.978666879200871 1 1 0.978666879200871 0.978666879200871 0.957519725830876 0.894025132169709 1 1 1 1 1 1 0.957865093913552 1 0.894078265720889 1 1 -9999 -9999 -9999 -9999 -9999 -9999 1 1 1 1
0.936505406338833 0.957652559708828 0.936558539890014 0.872771711697351 0.915225419090885 0.809277118036184 0.809277118036184 0.788023697563827 0.767673547461545 0.686937116442177 0.627321272017215 0.527802130655402 0.567439759836349 0.607103955792885 0.647060386280917 0.647060386280917 0.627321272017215 0.608007226162961 0.546956775856114 0.546956775856114 0.527031694163279 0.447118833187216 0.545814404505725 0.566297388485959 0.566297388485959 0.727823384075875 0.747934433197843 0.767673547461545 0.788687866953588 0.788687866953588 0.831088440795941 0.851438590898223 0.851438590898223 0.851438590898223 0.893812597964985 0.978666879200871 0.978666879200871 0.978666879200871 1 0.978666879200871 1 0.957519725830876 0.978666879200871 1 1 1 1 1 1 1 1 0.915172285539704 0.872638877819399 1 0.978852846630004 -9999 -9999 -9999 -9999 -9999 -9999 -9999 -9999 1 1 1
0.95775882681119 0.809170850933822 0.809170850933822 0.788023697563827 0.809277118036184 0.788023697563827 0.767673547461545 0.6067851544858 0.527031694163279 0.429106559336893 0.290162322998858 0.290162322998858 0.290162322998858 0.291384394676018 0.310831274408225 0.506654977285407 0.4872080975532 0.467522116840679 0.427778220557371 0.290162322998858 0.310034271140512 0.507133179246035 0.545814404505725 0.566297388485959 0.566297388485959 0.566297388485959 0.747482798012805 0.767673547461545 0.851438590898223 0.851438590898223 0.87269201137058 0.978666879200871 0.978666879200871 0.978666879200871 1 1 1 1 1 1 1 1 1 1 1 1 1 1 1 1 0.978852846630004 0.978613745649691 1 1 1 -9999 -9999 -9999 -9999 -9999 -9999 -9999 -9999 -9999 -9999 0.978746579527643
0.830424271406179 0.809277118036184 0.851810525756489 0.788023697563827 0.809170850933822 0.767673547461545 0.506548710183045 0.290162322998858 0.154910868467894 0.0195000132833878 0.212853006030658 0.135198320979783 0.135198320979783 0.193592093727584 0.212853006030658 0.212853006030658 0.350336069711219 0.154406099731676 0.329879652506575 0.369517281687522 0.545814404505725 0.566297388485959 0.566297388485959 0.686937116442177 0.767673547461545 0.788023697563827 0.788023697563827 0.915066018437342 0.957307191626152 1 1 1 1 1 1 0.936903907972689 1 -9999 1 0.873249913657979 0.851916792858851 0.851916792858851 1 0.851916792858851 0.851916792858851 -9999 -9999 0.979012247283547 0.936850774421509 0.957865093913552 0.978613745649691 1 1 1 1 1 1 1 1 -9999 1 -9999 -9999 -9999 -9999 0.89413139927207
0.851677691878537 0.809277118036184 0.788023697563827 0.767673547461545 0.626843070056587 0.506548710183045 0.213038973459791 0.0195000132833878 0 0.0192609123030738 0.0575702027044978 0.174942217263091 0.212853006030658 0.409473712175553 0.487765999840599 0.526580058978242 0.408836109561383 0.527031694163279 0.566297388485959 0.625567864828246 0.64605084880848 0.767673547461545 0.767673547461545 0.788023697563827 0.809277118036184 0.915066018437342 1 1 1 0.979012247283547 0.957918227464733 0.979012247283547 1 1 0.979012247283547 0.915756754602694 0.936850774421509 -9999 0.979012247283547 0.936850774421509 0.851916792858851 1 1 0.936850774421509 0.957679126484419 -9999 -9999 -9999 1 1 1 1 1 1 1 1 -9999 -9999 -9999 -9999 1 -9999 -9999 1 0.915119151988523 0.936266305358519
0.957572859382057 0.788023697563827 0.647060386280917 0.506548710183045 0.309609202731065 0.155176536223799 0.0195000132833878 0 0.0575702027044978 0.0575702027044978 0.0578093036848118 0.370208017852873 0.448208070986424 0.526580058978242 0.545814404505725 0.56512845035998 0.605350548603916 0.767673547461545 0.767673547461545 0.809170850933822 0.809170850933822 0.809170850933822 0.830424271406179 0.872957679126484 1 1 0.957918227464733 0.979012247283547 0.979012247283547 0.979012247283547 0.979012247283547 0.979012247283547 0.915491086846789 0.894157966047661 0.9363194389097 0.851916792858851 0.957865093913552 -9999 0.979012247283547 0.979012247283547 1 1 1 0.979012247283547 1 -9999 -9999 -9999 1 1 1 1 -9999 -9999 -9999 -9999 1 -9999 -9999 -9999 1 -9999 1 0.978746579527643 0.978746579527643 0.915172285539704
0.830318004303818 0.607103955792885 0.311282909593263 0.135835923593953 0.0195000132833878 0 0.0192609123030738 0.0575702027044978 0.038309290401424 0.038309290401424 0.0578093036848118 0.467522116840679 0.52588932281289 0.58656783826147 0.767673547461545 0.78882070083154 0.851571424776175 0.809170850933822 0.830424271406179 0.809277118036184 0.872957679126484 1 1 1 0.978905980181185 0.979012247283547 0.894397067027975 0.873249913657979 0.894157966047661 0.957679126484419 0.979012247283547 0.915491086846789 0.851916792858851 0.851916792858851 -9999 0.979012247283547 0.979012247283547 1 -9999 1 1 1 1 1 1 -9999 -9999 -9999 1 -9999 -9999 -9999 -9999 -9999 -9999 -9999 1 -9999 -9999 -9999 -9999 -9999 -9999 -9999 0.893812597964985 0.978666879200871
0.507664514757844 0.27188438139263 0.0195000132833878 0.0192609123030738 0 0.0192609123030738 0.0575702027044978 0.038309290401424 0.212853006030658 0.270795143593422 0.3884859594591 0.62583353258415 0.767673547461545 0.809170850933822 0.893971998618528 0.872957679126484 0.809277118036184 0.788023697563827 0.851810525756489 0.978746579527643 0.978905980181185 1 0.873063946228846 0.915491086846789 0.851916792858851 0.894397067027975 0.851916792858851 0.915491086846789 0.957679126484419 0.957679126484419 0.957679126484419 0.936505406338833 0.915172285539704 1 -9999 1 1 1 -9999 1 1 1 1 1 1 -9999 -9999 -9999 1 1 -9999 -9999 -9999 -9999 -9999 -9999 -9999 1 -9999 -9999 -9999 -9999 0.978746579527643 -9999 1 1
0.311282909593263 0.0195000132833878 0.0192609123030738 0.0192609123030738 0.03807018942111 0.0575702027044978 0.0771499163146569 0.0578093036848118 0.290162322998858 0.447118833187216 0.626710236178635 0.809170850933822 0.788023697563827 0.788023697563827 0.851810525756489 0.893573496984671 0.936160038256157 0.830185170425865 1 1 0.894264233150023 0.851916792858851 0.830663372386493 0.873249913657979 0.936558539890014 0.957918227464733 0.979012247283547 0.9363194389097 0.978613745649691 1 1 1 1 1 -9999 -9999 1 1 -9999 1 1 1 1 1 1 1 -9999 1 0.978985680507957 1 -9999 -9999 -9999 -9999 1 -9999 1 1 1 1 1 1 0.936425706012061 0.978905980181185 1 0.978746579527643
0.09696873090513 0.0192609123030738 0.0192609123030738 0.03807018942111 0.0575702027044978 0.0575702027044978 0.212853006030658 0.447809569352568 0.447118833187216 0.767673547461545 0.788023697563827 0.788023697563827 0.788023697563827 0.788023697563827 0.893679764087033 1 1 1 1 1 0.894397067027975 0.957918227464733 0.979012247283547 0.979012247283547 1 0.979012247283547 0.979012247283547 1 1 0.979012247283547 1 1 1 1 -9999 -9999 1 1 -9999 0.978985680507957 1 0.957732260035599 0.978985680507957 1 1 -9999 -9999 0.978985680507957 1 1 -9999 -9999 -9999 -9999 1 1 1 0.978746579527643 0.978746579527643 1 1 0.957572859382057 0.978905980181185 1 0.978666879200871 -9999
0.0192609123030738 0.0192609123030738 0.03807018942111 0.0575702027044978 0.0578093036848118 0.155176536223799 0.506654977285407 0.607103955792885 0.767673547461545 0.788023697563827 0.788023697563827 0.788023697563827 0.809170850933822 0.915066018437342 0.936399139236471 0.936505406338833 1 0.957493159055285 0.9363194389097 0.979012247283547 0.979012247283547 1 1 0.979012247283547 0.979012247283547 1 1 1 -9999 -9999 1 1 1 1 -9999 -9999 1 1 -9999 1 1 0.978746579527643 0.978746579527643 1 -9999 -9999 -9999 -9999 1 1 1 1 1 1 1 1 1 1 1 1 0.957572859382057 0.978905980181185 1 1 0.978666879200871 -9999
0.0192609123030738 0.0192609123030738 0.0575702027044978 0.194043728912622 0.251853032597434 0.527031694163279 0.686937116442177 0.788023697563827 0.788023697563827 0.809170850933822 0.788023697563827 0.788023697563827 0.893971998618528 0.95775882681119 0.894157966047661 0.979012247283547 0.957652559708828 1 1 0.957679126484419 1 1 0.979012247283547 1 1 1 1 1 -9999 1 0.978985680507957 0.978985680507957 0.978985680507957 0.978985680507957 -9999 -9999 1 1 1 0.915145718764114 1 1 0.978746579527643 1 -9999 -9999 -9999 -9999 0.978746579527643 1 1 1 1 1 1 1 1 0.978746579527643 1 0.978666879200871 0.978905980181185 0.978640312425281 0.957519725830876 1 -9999 0.957599426157647
0 0.0575702027044978 0.058181238543078 0.174490582078053 0.486836162694934 0.767673547461545 0.788023697563827 0.788023697563827 0.788023697563827 0.788023697563827 0.788023697563827 0.87271857814617 0.915756754602694 0.830530538508541 0.957652559708828 1 1 1 1 1 1 0.979012247283547 1 1 1 1 1 1 0.978985680507957 0.936478839563242 0.915145718764114 0.957652559708828 1 1 1 1 1 1 1 1 1 1 1 1 1 1 1 1 1 1 1 1 0.978746579527643 0.936266305358519 0.978746579527643 0.978746579527643 1 1 -9999 1 0.957572859382057 0.936213171807338 0.978666879200871 0.978666879200871 -9999 0.915119151988523
0.03807018942111 0.0192609123030738 0.174543715629234 0.271353045880821 0.546823941978162 0.788023697563827 0.788023697563827 0.788023697563827 0.788023697563827 0.830503971732951 0.809277118036184 0.873143646555618 0.873143646555618 0.979012247283547 0.979012247283547 1 1 1 1 0.979012247283547 0.979012247283547 1 1 1 1 1 0.978985680507957 0.978985680507957 0.894157966047661 0.978746579527643 1 1 1 1 -9999 1 1 1 1 -9999 1 1 1 -9999 1 1 1 1 1 1 0.978746579527643 0.978746579527643 0.978746579527643 1 1 -9999 -9999 -9999 1 1 1 1 0.915172285539704 0.978666879200871 -9999 1
0 0.0388406259132329 0.0968358970271778 0.36879997874658 0.666586966339895 0.788023697563827 0.788023697563827 0.830185170425865 0.830185170425865 0.872532610717037 1 0.936292872134109 0.9363194389097 0.957679126484419 1 1 1 1 1 -9999 -9999 -9999 -9999 -9999 1 1 1 1 1 1 1 1 1 -9999 -9999 1 1 1 1 1 1 1 1 -9999 -9999 1 1 1 1 0.915145718764114 -9999 -9999 -9999 1 1 0.978746579527643 -9999 1 1 1 1 -9999 1 1 -9999 1
0.0192609123030738 0.0388406259132329 0.350043835179724 0.447118833187216 0.767673547461545 0.788023697563827 0.788023697563827 0.915437953295609 0.936531973114423 0.979012247283547 1 1 1 1 1 1 1 1 1 -9999 -9999 -9999 -9999 -9999 -9999 -9999 0.978985680507957 1 1 1 1 1 1 1 1 1 1 1 1 1 1 1 -9999 -9999 -9999 0.978746579527643 1 1 1 1 -9999 -9999 -9999 -9999 1 1 -9999 -9999 1 1 -9999 -9999 -9999 1 0.936266305358519 -9999
0.0192609123030738 0.0771499163146569 0.369490714911931 0.486171993305173 0.767673547461545 0.788023697563827 0.788023697563827 0.894184532823251 0.957679126484419 1 1 1 1 1 -9999 -9999 -9999 1 1 1 1 -9999 -9999 -9999 -9999 -9999 -9999 -9999 1 -9999 1 1 1 1 1 1 0.978746579527643 0.957493159055285 0.936399139236471 1 1 1 -9999 -9999 -9999 1 1 1 1 1 1 -9999 -9999 -9999 1 -9999 -9999 1 1 -9999 -9999 -9999 -9999 1 0.915278552642066 -9999
0.0192609123030738 0.135278021306554 0.447889269679339 0.506203342100369 0.767673547461545 0.788023697563827 0.788023697563827 0.788023697563827 1 0.957679126484419 1 1 -9999 -9999 -9999 -9999 -9999 1 1 1 1 0.957997927791504 0.978985680507957 -9999 -9999 -9999 -9999 -9999 -9999 -9999 1 1 1 1 1 1 1 1 -9999 1 1 1 1 1 1 1 1 1 1 1 1 1 1 1 1 1 1 1 1 1 1 1 -9999 -9999 1 0.915119151988523
0.0192609123030738 0.135278021306554 0.467256449084775 0.584867564623682 0.767673547461545 0.788023697563827 0.788023697563827 0.788023697563827 0.894184532823251 0.873037379453256 0.851438590898223 -9999 -9999 -9999 -9999 -9999 -9999 1 1 1 1 1 1 1 -9999 -9999 -9999 -9999 -9999 1 1 1 1 1 1 1 0.936399139236471 0.978985680507957 -9999 1 1 1 1 1 1 1 1 1 1 1 1 1 1 1 1 1 1 1 1 1 1 1 -9999 -9999 1 0.830424271406179
0.0192609123030738 0.115778008023166 0.309609202731065 0.486171993305173 0.767673547461545 0.788023697563827 0.788023697563827 0.978666879200871 1 1 0.851438590898223 0.851438590898223 0.915172285539704 0.936292872134109 0.979012247283547 1 1 1 1 1 1 1 1 0.978985680507957 0.978985680507957 1 1 1 1 1 1 1 1 1 0.957732260035599 0.915145718764114 0.978985680507957 -9999 1 1 1 1 1 1 1 1 1 1 1 1 1 1 1 1 1 1 1 1 1 1 1 1 1 -9999 0.915172285539704 1
0.0192609123030738 0.0388406259132329 0.174145213995377 0.427539119577057 0.566084854281236 0.748758003241147 0.809277118036184 0.872506043941447 0.978666879200871 1 1 1 1 1 1 1 1 1 1 1 1 1 1 1 0.978985680507957 0.978985680507957 1 -9999 -9999 -9999 1 1 1 0.957493159055285 0.894157966047661 0.978985680507957 1 1 1 1 1 1 1 1 1 1 1 1 1 1 1 1 1 1 1 1 1 1 1 1 1 1 1 -9999 0.809409951914136 1
0.0192609123030738 0.0192609123030738 0.194043728912622 0.270795143593422 0.447118833187216 0.767673547461545 0.788023697563827 0.788023697563827 0.788023697563827 0.978666879200871 1 1 1 1 1 1 1 1 1 1 1 1 1 1 1 1 -9999 -9999 -9999 -9999 1 0.957493159055285 0.936478839563242 0.957732260035599 1 1 1 1 1 1 1 1 1 1 1 1 1 1 1 1 1 1 1 1 1 1 1 1 1 1 1 1 1 0.915119151988523 0.809409951914136 0.87266544459499
0 0.0192609123030738 0 0.0770702159878855 0.309609202731065 0.506150208549188 0.767673547461545 0.788023697563827 0.788023697563827 0.788023697563827 0.788023697563827 1 0.788023697563827 0.788023697563827 1 1 1 1 1 1 1 1 1 1 1 -9999 -9999 -9999 -9999 -9999 1 0.915145718764114 0.978985680507957 1 1 1 1 1 1 1 1 1 1 1 1 1 1 1 1 1 1 1 1 1 1 1 1 1 1 1 1 -9999 -9999 -9999 0.788023697563827 0.809409951914136
0 0.0192609123030738 0.0192609123030738 0.0388406259132329 0.0966499295980447 0.309609202731065 0.447118833187216 0.646369650115565 0.788023697563827 0.788023697563827 0.788023697563827 0.788023697563827 0.788023697563827 0.809356818362955 0.80903801705587 0.893786031189395 0.830663372386493 1 1 1 1 -9999 -9999 -9999 -9999 -9999 -9999 -9999 -9999 -9999 1 0.978985680507957 1 1 1 1 1 1 1 1 1 1 1 1 1 1 1 1 1 0.979012247283547 1 1 1 1 1 1 1 1 1 1 1 -9999 -9999 -9999 0.809409951914136 0.851412024122632
0 0 0.0192609123030738 0.0192609123030738 0 0.0966499295980447 0.309609202731065 0.447118833187216 0.666586966339895 0.788023697563827 0.788023697563827 0.788023697563827 0.788023697563827 0.788023697563827 1 1 0.915172285539704 0.979012247283547 1 1 1 1 1 -9999 -9999 -9999 1 -9999 -9999 1 0.978985680507957 1 1 1 1 1 1 1 1 1 1 1 1 1 1 1 1 1 0.979012247283547 0.9363194389097 1 1 1 1 1 1 1 1 1 1 1 1 1 0.872506043941447 0.830397704630589 0.851412024122632
0 0 0 0.0192609123030738 0.0388406259132329 0.135968757471906 0.350043835179724 0.486968996572886 0.546372306793125 0.767673547461545 0.788023697563827 0.788023697563827 0.788023697563827 0.788023697563827 1 1 1 0.915172285539704 1 1 1 1 1 -9999 -9999 1 0.894157966047661 0.978985680507957 0.978985680507957 0.936478839563242 0.978985680507957 1 1 1 1 1 1 1 1 1 1 1 1 1 1 1 1 0.957865093913552 0.979012247283547 1 1 1 1 1 1 1 1 1 1 1 1 1 1 1 0.788023697563827 0.788023697563827
0 0 0 0.0192609123030738 0.0192609123030738 0.0388406259132329 0.232193618660503 0.270795143593422 0.447118833187216 0.605350548603916 0.788023697563827 0.788023697563827 0.788023697563827 0.788023697563827 0.978666879200871 1 1 0.978640312425281 1 1 1 1 -9999 -9999 -9999 1 0.978985680507957 0.894157966047661 0.978985680507957 0.978985680507957 1 1 1 1 1 1 1 1 1 1 1 0.979012247283547 1 1 1 1 0.979012247283547 0.936558539890014 0.872532610717037 1 1 1 1 1 1 1 1 1 1 1 1 1 1 1 1 0.830663372386493
0 0 0 0 0.0192609123030738 0.0192609123030738 0 0.0770702159878855 0.309609202731065 0.486171993305173 0.767673547461545 0.788023697563827 0.788023697563827 0.788023697563827 0.978666879200871 0.978666879200871 0.978640312425281 0.978640312425281 1 0.979012247283547 1 1 -9999 -9999 -9999 -9999 -9999 0.978985680507957 1 -9999 1 1 1 1 1 1 1 1 0.957519725830876 0.893786031189395 0.915384819744428 0.915145718764114 0.979012247283547 1 1 1 0.979012247283547 0.809277118036184 1 1 1 1 1 0.979012247283547 1 1 1 1 1 0.957732260035599 1 1 1 1 0.957599426157647 0.936266305358519
