data-raw/DATASET_PNE_1/DATASET_PNE/a_DATA/PFGS/ENVSUIT_A1B/HS_f15_C2_VaccUli.asc
NCOLS 619 
NROWS 782 
XLLCORNER 876826 
YLLCORNER 1947424 
CELLSIZE 100 
NODATA_value -9999 
[rows 406 to 434 of 782, columns 512 to 575 of 619]
0.989251554012299 1 1 1 1 1 0.989297091960907 0.892621845006943 0.989388197660446 0.892621845006943 0.892621845006943 0.892621845006943 0.892621845006943 0.892621845006943 0.882875353097916 0.812889009714127 0.832852602005005 0.802884459495544 0.740139663219452 0.637088194489479 0.59711554646492 0.60790953040123 0.499256119132042 0.214285716414452 0.204493701457977 0.262911796569824 -9999 0.514300897717476 0.493866696953773 0.25311978161335 0.106983453035355 0.335053898394108 0.44779109954834 0.34132382273674 0.185365110635757 0.121208440512419 0.591741323471069 0.376316986978054 0.16130256652832 0.107529983855784 0.139350235462189 0 0.0429026857018471 0 0.128950964659452 0.150296039879322 0.0965690016746521 0 0.0215424317866564 0 0 0 0.043191134929657 0.0539851225912571 0.0539851225912571 0.096675269305706 0.107378169894218 0.107378169894218 0.0429026857018471 0.0429026857018471 0.0644602999091148 0.0858509168028831 0.0858509168028831 0
1 1 1 1 1 1 1 1 1 1 1 1 0.935645967721939 0.892621845006943 0.892621845006943 0.892621845006943 0.882875353097916 0.882875353097916 0.853089421987534 0.667618036270142 0.616547763347626 0.618612408638 0.598041594028473 0.587247610092163 0.214285716414452 0.214285716414452 -9999 0.36397448182106 0.311310157179832 0.29202976077795 0.311310157179832 0.421830877661705 0.356687404215336 0.29646272584796 0.337042659521103 0.273113697767258 0.239395778626204 0.521815687417984 0.386048279702663 0.107438895851374 0.129026871174574 0.12904205173254 0.118430241942406 0.0645513888448477 0 0 0.0644147545099258 0 0 0 0 0 0.0323667824268341 0.096675269305706 0.096675269305706 0.107378169894218 0.107378169894218 0.0429026857018471 0.0429026857018471 0.0429026857018471 0.0750721096992493 0.0538333095610142 0.0858509168028831 0
1 1 1 1 1 1 1 1 0.84965842962265 0.881812661886215 0.989190816879272 0.989190816879272 1 1 0.892621845006943 0.903430998325348 0.860437244176865 0.831243336200714 0.729770749807358 0.626385316252708 0.626385316252708 0.60790953040123 0.618657976388931 0.598041594028473 0.57765294611454 0.588295131921768 0.52076818048954 0.429892212152481 0.214285716414452 0.214285716414452 0.410080470144749 0.331273727118969 0.272567179054022 0.233763474971056 0.223895554430783 0.256323067471385 0.311871856451035 0.117200545966625 0.492621824145317 0.354880832135677 0.0966600906103849 0.19344162940979 0.182829819619656 0.129133142530918 0.0539851207286119 0.0750569310039282 0.107408534735441 0.0859116464853287 0.0108395321294665 0 0 0 0.0539851225912571 0.107378169894218 0.107378169894218 0.107378169894218 0.043100044131279 0.0322908759117126 0.0537118576467037 0.0644602999091148 0.0537118576467037 0.0646272972226143 0.0431759543716908 0
1 0.989297091960907 0.978487938642502 0.935478985309601 1 1 0.989160478115082 0.989160478115082 0.989160478115082 1 1 0.989190816879272 1 1 1 0.892621845006943 0.796675264835358 0.696341276168823 0.719690293073654 0.646121174097061 0.636177331209183 0.59711554646492 0.640109300613403 0.60790953040123 0.618657976388931 0.509245485067368 0.292530734091997 0.471261568367481 0.529907390475273 0.510201901197433 0.578700467944145 0.693988159298897 0.68301197886467 0.583938077092171 0.273219980299473 0.356550790369511 0.30007591843605 0.039016243070364 0.117200545966625 0.288780931383371 0.0822984650731087 0 0.0859571881592274 0.161196291446686 0.139608319848776 0.128950964659452 0 0.107241537421942 0 0 0.0965690016746521 0 0.0754061043262482 0.0858509168028831 0.0858509168028831 0.0965538173913956 0.0644602999091148 0.0322908759117126 0.0537118576467037 0.0644299387931824 0.0752391070127487 0.0750721096992493 0.0323667824268341 0
0.989175647497177 1 1 1 0.98920601606369 1 0.957082122564316 0.989297091960907 1 1 0.978518307209015 0.978487938642502 0.989190816879272 0.989190816879272 1 0.892621845006943 0.850220143795013 0.758630633354187 0.781660854816437 0.721421003341675 0.646121174097061 0.606892377138138 0.59711554646492 0.628434807062149 0.59711554646492 0.518991947174072 0.253544867038727 0.243768021464348 0.420525260269642 0.400576896965504 0.42099591344595 0.489631079137325 0.52187641710043 0.570608764886856 0.243570675142109 0.214285716414452 0.278806746006012 0.194899037480354 0.00982237700372934 0.365841798484325 0.29039016738534 0.20879004150629 0.0431455904617906 0.10757552459836 0.107545159757137 0.0860027335584164 0.096720814704895 0.12904205173254 0.0108395321294665 0.0108091691508889 0 0 0 0.0645817518234253 0.0966904489323497 0.0966904489323497 0.0750721096992493 0.0537118576467037 0.0536511316895485 0.0858509168028831 0.0858509168028831 0.0536511316895485 0.0431759543716908 0
1 1 1 0.989190816879272 0.978396832942963 0.978396832942963 1 1 1 1 0.989297091960907 0.989297091960907 1 0.989190816879272 1 0.892621845006943 0.892621845006943 0.882875353097916 0.75032639503479 0.772233158349991 0.646121174097061 0.616547763347626 0.616547763347626 0.666828602552414 0.606892377138138 0.606892377138138 0.59711554646492 0.362183090299368 0.381797470152378 0.292803999036551 0.312312122434378 0.313283749856055 0.293411254882812 0.401654787361622 0.444102015346289 0.077986940741539 0.185243666172028 0.225110068917274 0.00982237700372934 0.00982237700372934 0.153226047754288 0.363686043769121 0.29075450450182 0.0754971951246262 0.11824806407094 0.128996508195996 0.0108395321294665 0.0323819639161229 0.0861090049147606 0.0215576142072678 0 0 0 0.0107484441250563 0.096675269305706 0.107378169894218 0.0750721096992493 0.0537118576467037 0.0536511316895485 0.0750417485833168 0.0750417485833168 0.0429026857018471 0.0750721096992493 0.0216183383017778
1 1 1 1 1 1 1 1 1 1 1 0.989297091960907 1 0.989190816879272 1 0.892621845006943 0.892621845006943 0.862866252660751 0.760255068540573 0.783103078603745 0.761636555194855 0.790572345256805 0.829133123159409 0.737725824117661 0.616547763347626 0.59711554646492 0.59711554646492 0.587520882487297 0.548459082841873 0.587247610092163 0.587247610092163 0.430453926324844 0.323121287859976 0.313086371868849 0.441111266613007 0.233717933297157 0.0196751169860363 0.19495977461338 0.214285716414452 0.039016243070364 0.175618648529053 0.279626548290253 0.632822215557098 0.492712914943695 0.297024451196194 0.172081373631954 0.0216790642589331 0.0108395321294665 0.128950964659452 0 0 0 0 0 0.0323667824268341 0.0858964622020721 0.0644602999091148 0.0644602999091148 0.0429026857018471 0.0750417485833168 0.0429026857018471 0.0429026857018471 0.0644602999091148 0.0216183383017778
1 1 1 1 1 1 1 1 1 1 1 0.924730539321899 0.989190816879272 1 1 0.913890987634659 0.892621845006943 0.799316823482513 0.707165628671646 0.882875353097916 0.882875353097916 0.892621845006943 0.892621845006943 0.882875353097916 0.737801730632782 0.646121174097061 0.616547763347626 0.59711554646492 0.617595255374908 0.606892377138138 0.606892377138138 0.56755730509758 0.519052684307098 0.509260669350624 0.510414458811283 0.32318202778697 0.225079700350761 0.0683315619826317 0.214285716414452 0.136480942368507 0.00982237700372934 0.00982237700372934 0.311871856451035 0.6113101541996 0.375421285629272 0.0750721134245396 0.11824806779623 0.0108395321294665 0.0858964622020721 0.0107028996571898 0 0 0 0 0.0108395321294665 0.0323667824268341 0.0858509168028831 0.0644602999091148 0.0429026857018471 0.0535144992172718 0.0429026857018471 0.0429026857018471 0.0216335207223892 0
1 1 1 1 1 1 1 1 1 1 1 0.989175647497177 0.989190816879272 1 0.989160478115082 0.892621845006943 0.882602095603943 0.882602095603943 0.892621845006943 0.892621845006943 0.892621845006943 0.892621845006943 0.892621845006943 0.882875353097916 0.872263550758362 0.840974658727646 0.656824052333832 0.616547763347626 0.616547763347626 0.616547763347626 0.616547763347626 0.606892377138138 0.59711554646492 0.59711554646492 0.618612408638 0.588355854153633 0.609898284077644 0.325064512901008 0.225079700350761 0.234856531023979 0.214285716414452 0.00982237700372934 0.00982237700372934 0.414164260029793 0.300303637981415 0.240397751331329 0.12904205173254 0.0861849077045918 0.0108395321294665 0.0539243966341019 0.0107028996571898 0 0 0 0 0.0108395321294665 0.0323667824268341 0.0322453305125237 0.0429026857018471 0.0750721096992493 0.0644602999091148 0.0429026857018471 0.0108395321294665 0
1 1 1 1 1 1 1 1 1 1 0.989297091960907 0.989190816879272 1 0.978579014539719 0.903279185295105 0.903279185295105 0.978366494178772 0.989160478115082 1 1 1 0.978548645973206 0.967754662036896 0.903370261192322 0.892621845006943 0.882875353097916 0.882875353097916 0.746257781982422 0.626385316252708 0.616547763347626 0.616547763347626 0.616547763347626 0.616547763347626 0.627250641584396 0.669409438967705 0.617686361074448 0.60790953040123 0.618657976388931 0.512372851371765 0.579535439610481 0.54965840280056 0.361469559371471 0.342037342488766 0.503825724124908 0.542477607727051 0.511704862117767 0.123941093683243 0.0754820071160793 0.0861545503139496 0.0322908759117126 0.0215120688080788 0 0 0 0 0 0.0323819629848003 0.0216335207223892 0.0429026857018471 0.0537118576467037 0.0537118576467037 0.0429026857018471 0.0108395321294665 0
1 1 1 1 1 1 1 1 1 1 0.978472739458084 1 1 1 0.989190816879272 0.989190816879272 0.989190816879272 0.989190816879272 1 1 1 1 1 1 0.946439951658249 0.892621845006943 0.892621845006943 0.862835884094238 0.698178231716156 0.627250641584396 0.616547763347626 0.616547763347626 0.616547763347626 0.637088194489479 0.697267353534698 0.646971315145493 0.638044625520706 0.618612408638 0.500425077974796 0.510293006896973 0.618657976388931 0.629360854625702 0.552224069833755 0.350645206868649 0.275831174105406 0.640504032373428 0.344223462045193 0.118202520534396 0.0643084868788719 0.0753757432103157 0.0753301978111267 0 0 0 0.0428571440279484 0 0.0107484441250563 0.0108395321294665 0.0214513428509235 0.0322453305125237 0.0429026857018471 0.0429026857018471 0.0108395321294665 0.0107788071036339
1 1 1 1 1 1 1 1 1 1 1 0.989297091960907 0.989190816879272 0.989297091960907 1 0.989190816879272 0.989190816879272 0.989190816879272 0.989190816879272 0.967648386955261 0.989190816879272 1 1 1 1 0.946439951658249 0.892621845006943 0.882875353097916 0.688249588012695 0.701518133282661 0.64783664047718 0.626385316252708 0.616547763347626 0.646121174097061 0.716168224811554 0.736222863197327 0.696386843919754 0.679262191057205 0.60790953040123 0.420100189745426 0.4295734167099 0.608744502067566 0.608790040016174 0.542280256748199 0.254410203546286 0.680674046278 0.46178837120533 0.107514802366495 0.0859571862965822 0.0322301499545574 0.0753757432103157 0.0108091691508889 0 0 0 0.0321846045553684 0 0 0.0108395321294665 0.0214968882501125 0.0429026857018471 0.053681492805481 0.0322908759117126 0.0538029447197914
1 1 1 1 1 1 1 1 1 1 1 0.96757248044014 0.989297091960907 1 1 1 1 1 1 0.989297091960907 1 0.989190816879272 0.989190816879272 1 1 0.946227431297302 0.892621845006943 0.882875353097916 0.74252313375473 0.698178231716156 0.74252313375473 0.722954288125038 0.679945334792137 0.718005180358887 0.666646420955658 0.797768354415894 0.777637779712677 0.685592859983444 0.67756187915802 0.606892377138138 0.352436602115631 0.273144074715674 0.420236825942993 0.539927124977112 0.534234076738358 0.659222722053528 0.611112803220749 0.0752846524119377 0.0538788512349129 0.0753301978111267 0.0324426889419556 0.12904205173254 0.0538788512349129 0.0107028996571898 0 0 0 0 0 0.0108395321294665 0.0429026857018471 0.053681492805481 0.0536511316895485 0.0858661010861397
1 1 1 1 1 1 1 1 1 1 1 1 1 1 1 1 1 1 1 1 1 1 1 0.946379214525223 1 1 0.913982093334198 0.860406875610352 0.686473339796066 0.74174889922142 0.722954288125038 0.722954288125038 0.722954288125038 0.676575064659119 0.690860792994499 0.658676192164421 0.686427801847458 0.787065446376801 0.696341276168823 0.675724923610687 0.616547763347626 0.449946880340576 0.567511767148972 0.608790040016174 0.499332010746002 0.492287844419479 0.691392123699188 0.317185364663601 0.185380294919014 0.0861090049147606 0.0214817058295012 0.0108243506401777 0.0215272512286901 0.0323060564696789 0 0 0 0 0.032199788838625 0.0108395321294665 0.0429026857018471 0.0429026857018471 0.0642629414796829 0
1 1 1 1 1 1 1 1 1 1 1 1 1 1 1 1 1 1 1 1 1 1 1 0.989190816879272 1 1 0.903370261192322 0.79706996679306 0.757901936769485 0.712129965424538 0.722954288125038 0.722954288125038 -9999 0.722954288125038 0.712129965424538 0.722954288125038 0.703810527920723 0.762395620346069 0.808380156755447 0.755457729101181 0.665796279907227 0.637179300189018 0.628389239311218 0.608744502067566 0.529102772474289 0.50303627550602 0.588902369141579 0.365689985454082 0.356171257793903 0.286761812865734 0.161257021129131 0.0108243506401777 0 0 0 0 0 0 0.096720814704895 0 0.0642629414796829 0.0429026857018471 0.0429026857018471 0.0216335207223892
1 1 1 1 1 1 1 1 1 1 1 1 1 1 1 1 1 1 1 1 1 1 1 0.989190816879272 1 1 0.903370261192322 0.838925182819366 0.872066169977188 0.82219523191452 0.722954288125038 -9999 -9999 0.679945334792137 0.658676192164421 0.701472595334053 0.751206934452057 0.752451777458191 0.728647351264954 0.787778973579407 0.685592859983444 0.697267353534698 0.739562779664993 0.63913768529892 0.628434807062149 0.509124025702477 0.466464251279831 0.33607105910778 0.223364196717739 0.053681492805481 0.107469260692596 0.0861090049147606 0.0320631563663483 0.0320631563663483 0.0108091691508889 0 0 0 0 0 0.0322453305125237 0.0858509168028831 0.0429026857018471 0.0642629414796829
1 1 1 1 1 1 1 1 1 1 1 1 1 1 1 1 1 1 1 1 1 1 1 1 1 1 0.892621845006943 0.892621845006943 0.852178514003754 0.82219523191452 0.762395620346069 -9999 0.618855312466621 0.597054824233055 0.685714304447174 0.755488097667694 0.755488097667694 0.849810242652893 0.852178514003754 0.766236513853073 0.655898004770279 0.626385316252708 0.697267353534698 0.698330044746399 0.668528914451599 0.588765740394592 0.509989365935326 0.275967810302973 0.43145589530468 0.0742978611961007 0.0431000459939241 0.0858812779188156 0.0429330505430698 0.0108243506401777 0.0431304089725018 0 0 0.0321846045553684 0 0 0 0.0429026857018471 0.0429026857018471 0.0965538173913956
1 1 1 1 1 1 1 1 1 1 1 1 1 1 1 1 1 1 1 1 1 1 1 1 0.989190816879272 0.989190816879272 0.978548645973206 0.903370261192322 0.871216058731079 0.747199028730392 0.708076506853104 0.658660992980003 0.626385316252708 0.626385316252708 0.675724923610687 0.695506304502487 0.776089280843735 0.787065446376801 0.812266558408737 0.745468348264694 0.655898004770279 0.402019113302231 0.558099299669266 0.719811737537384 0.680279329419136 0.638272359967232 0.828708052635193 0.626461207866669 0.435828149318695 0.15342340990901 0.0646576583385468 0.0861090049147606 0.107499621808529 0.0323516018688679 0.118172157555819 0.118141796439886 0.0107028996571898 0 0 0 0 0.0536663122475147 0.0965538173913956 0.0429026857018471
1 1 1 1 1 1 1 1 1 1 1 1 1 1 1 1 1 1 1 1 1 1 1 0.989297091960907 1 0.989190816879272 0.9677394926548 0.903324723243713 0.849795073270798 0.696341276168823 0.708076506853104 0.626385316252708 0.626385316252708 0.616547763347626 0.616547763347626 0.626385316252708 0.685592859983444 0.969029903411865 0.765477478504181 0.736086249351501 0.675724923610687 0.626385316252708 0.616547763347626 0.646121174097061 0.490405328571796 0.0784727493301034 0.869257628917694 0.748732358217239 0.380218602716923 0.601654767990112 0.281023235991597 0.16351904720068 0.075102474540472 0.096720814704895 0.150265675038099 0.0107028996571898 0 0.010611810721457 0.0643388479948044 0 0 0 0.0857750102877617 0.0429026857018471
1 1 1 1 1 1 1 1 1 1 1 1 1 1 1 1 1 1 0.98920601606369 1 1 1 0.989297091960907 0.967648386955261 1 1 1 0.914073169231415 0.892621845006943 0.716987997293472 0.697297692298889 0.626385316252708 0.626385316252708 0.59711554646492 0.59711554646492 0.548443913459778 0.636329144239426 0.685592859983444 0.898481845855713 0.728541076183319 0.646121174097061 0.626385316252708 0.626385316252708 0.636177331209183 0.41126462072134 0.0884924838319421 0.667709141969681 0.889646261930466 0.889646261930466 0.728844702243805 0.402702286839485 0.561864271759987 0.621921956539154 0.129148319363594 0.107393350452185 0.0753301978111267 0.096720814704895 0 0.0536359511315823 0.0536359511315823 0 0 0 0.0535144992172718
1 1 1 1 1 1 1 1 1 1 1 1 1 1 1 1 1 1 1 1 1 0.989297091960907 1 0.989190816879272 1 1 0.978548645973206 0.892621845006943 0.840048581361771 0.771367847919464 0.676575064659119 0.626385316252708 0.616547763347626 0.60790953040123 0.587520882487297 0.587520882487297 0.617686361074448 0.64792774617672 0.667663604021072 0.698330044746399 0.687490522861481 0.656915158033371 0.678503125905991 0.628389239311218 0.362517077475786 0.206907548941672 0.646121174097061 0.637179300189018 0.879034459590912 0.889646261930466 0.79913467168808 0.617504179477692 0.503021091222763 0.662122339010239 0.201214514672756 0.0753453746438026 0.0860634595155716 0.11812661215663 0 0.0429330505430698 0.0536359511315823 0 0.0213602557778358 0.0429482311010361
1 1 1 1 1 1 1 1 1 1 1 1 1 1 1 1 1 1 1 1 0.96769392490387 1 1 1 1 1 0.935630798339844 0.892621845006943 0.850660383701324 0.718870490789413 0.646121174097061 0.626385316252708 0.59711554646492 0.60790953040123 0.528859868645668 0.263367244042456 0.529816284775734 0.618657976388931 0.628434807062149 0.63913768529892 0.63913768529892 0.64792774617672 0.669470176100731 0.606892377138138 0.166631245054305 0.412099603563547 0.675724923610687 0.479914978146553 0.599058747291565 0.616729930043221 0.809670567512512 0.647867009043694 0 0.512767568230629 0.622999846935272 0.0860482808202505 0.107454074546695 0.0432366766035557 0.118339153006673 0 0 0 0 0
1 1 1 1 1 1 1 1 1 1 1 1 1 1 0.989388197660446 1 1 1 1 1 1 1 1 1 0.989190816879272 0.892621845006943 0.903370261192322 0.882875353097916 0.872066169977188 0.65686959028244 0.647032022476196 0.616547763347626 0.60790953040123 0.618657976388931 0.32260512933135 0.0196143928915262 0.00982237700372934 0.303734637796879 0.450007602572441 0.578609362244606 0.598041594028473 0.598041594028473 0.60790953040123 0.598041594028473 0.547851845622063 0.557841196656227 0.616547763347626 0.606892377138138 0.671200841665268 0.627539083361626 0.528677716851234 0.530666455626488 0.00982237700372934 0.00982237700372934 0.648398369550705 0.662122339010239 0.379899807274342 0.0752542912960052 0.139836043119431 0.0107028996571898 0 0.0106573551893234 0.0752087458968163 0
1 1 1 1 1 1 1 1 1 1 1 1 1 1 1 1 1 1 1 1 1 0.989190816879272 1 0.989190816879272 1 0.892621845006943 0.882875353097916 0.882875353097916 0.850630015134811 0.695931404829025 0.616547763347626 0.587520882487297 0.60790953040123 0.60790953040123 0.0976013327017426 0.00982237700372934 0.00982237700372934 0.0390769690275192 0.0390769690275192 0.234902077354491 0.391240306198597 0.45091849565506 0.362122349441051 0.58844693005085 0.628434807062149 0.65978442132473 0.617686361074448 0.617686361074448 0.616729930043221 0.606892377138138 0.399863362312317 0.0411568246781826 0.00982237700372934 0.00982237700372934 0.154121758416295 0 0.60256564617157 0.118187341839075 0.0646880194544792 0.12904205173254 0.0859116464853287 0 0.128723245114088 0.0216183383017778
1 1 1 1 1 1 1 1 1 1 1 1 1 1 1 1 1 1 1 1 1 1 1 1 0.892621845006943 0.892621845006943 0.882875353097916 0.822043418884277 0.748990446329117 0.636329144239426 0.616547763347626 0.60790953040123 0.618657976388931 0.559905856847763 0.372567169368267 0.126506760716438 0.00982237700372934 0.00982237700372934 0.00982237700372934 0.00982237700372934 0.224108093418181 0.312084399163723 0.371383026242256 0.233763479627669 0.371717013418674 0.617640793323517 0.617640793323517 0.568862915039062 0.460938222706318 0.352618806064129 0.18512221518904 0 0 0.0196143928915262 0.581387564539909 0 0.172020651400089 0.118202520534396 0.12904205173254 0.0860634595155716 0.118217699229717 0.107317443937063 0.0860482752323151 0.128723245114088
1 1 1 1 1 1 1 1 1 1 1 1 1 1 1 1 1 1 1 1 1 0.978487908840179 0.956945478916168 1 0.892621845006943 0.882875353097916 0.882875353097916 0.70982238650322 0.636329144239426 0.616547763347626 0.617686361074448 0.629497498273849 0.60790953040123 0.49060270190239 0.224108093418181 0.224108093418181 0.077986940741539 0.00982237700372934 0.00982237700372934 0.00982237700372934 0.257400929927826 0.234886901453137 0.273827236145735 0.341020189225674 0.404357053339481 0.44955213367939 0.709837555885315 0.468422651290894 0.146956124342978 0.0402307575568557 0.00982237700372934 0 0.00982237700372934 0.0196143928915262 0.688705027103424 0 0.0536966770887375 0.0642781220376492 0.0966600850224495 0.12904205173254 0.107423713430762 0.0753150135278702 0.0752087440341711 0.0967511786147952
1 1 1 1 1 1 1 1 1 1 1 1 1 1 0.989388197660446 1 1 1 1 1 0.989190816879272 0.978579014539719 0.946166694164276 1 0.892621845006943 0.882875353097916 0.882875353097916 0.709032952785492 0.636329144239426 0.626385316252708 0.60790953040123 0.587369054555893 0.579611346125603 0.263124335557222 0.078123576939106 0.00982237700372934 0.00982237700372934 0 0 0 0.0410960987210274 0.130757553502917 0.167678762227297 0.225292237475514 0.305343866348267 0.155639895237982 0.411522701382637 0.41064216196537 0.00982237700372934 0.00982237700372934 0 0.00982237700372934 0.020616365596652 0.020616365596652 0.710323363542557 0.639061793684959 0.394929394125938 0.0850614849478006 0 0.0645362064242363 0.0858509168028831 0.0968422628939152 0.0860179122537374 0.118217699229717
1 1 1 1 1 1 1 1 1 1 1 1 1 1 1 1 1 1 0.978487908840179 0.956824034452438 1 0.989190816879272 1 1 0.892621845006943 0.882875353097916 0.882875353097916 0.728677719831467 0.626385316252708 0.606892377138138 0.59711554646492 0.50065279006958 0.214513429440558 0.0196751169860363 0.00982237700372934 0 0 0 0 0 0.0213602557778358 0.0216638837009668 0.0746014900505543 0.0744193103164434 0.33159251883626 0.0701836962252855 0.098375590518117 0.234006368555129 0.136389859952033 0.00982237700372934 0 0.020616365596652 0.020616365596652 0.020616365596652 0.26371640805155 0.647912546992302 0.570517674088478 0.72102627158165 0.414558984339237 0.0420980723574758 0.190678611397743 0.315105520188808 0.0431607691571116 0.10751480050385
1 1 1 1 1 1 1 1 1 1 1 1 1 1 1 1 1 0.978685289621353 1 1 1 1 1 1 0.903279185295105 0.882875353097916 0.852922409772873 0.676742076873779 0.626385316252708 0.59711554646492 0.58856837451458 0.459723696112633 0.165917717851698 0.00982237700372934 0.0216335207223892 0.0322453305125237 0 0 0.010611810721457 0.010611810721457 0 0 0.0538333095610142 0.0646728426218033 0.0959465615451336 0.211978137493134 0.0850614849478006 0.31345073133707 0.45677849650383 0.0304539240896702 0.00982237700372934 0.0402307575568557 0.0402307575568557 0.00982237700372934 0.020616365596652 0.0294367698952556 0 0.0196143928915262 0.688705027103424 0.731835424900055 0.648352801799774 0.515166237950325 0.277470782399178 0.12885987572372
