data-raw/DATASET_PNE_1/DATASET_PNE/a_DATA/PFGS/ENVSUIT_A1B/HS_f0_C5_CallVulg.asc
NCOLS 619 
NROWS 782 
XLLCORNER 876826 
YLLCORNER 1947424 
CELLSIZE 100 
NODATA_value -9999 
[rows 192 to 223 of 782, columns 142 to 212 of 619]
0 0.7578125 0.696240234375 0.639306640625 0.69599609375 0.838671875 0.78134765625 0 0.68828125 0.67734375 0.51494140625 0.255224609375 0 0.258935546875 0 0.486474609375 0.461865234375 0.517333984375 0.627001953125 0.714208984375 0.714208984375 0.714208984375 0.714208984375 0.714208984375 0.88603515625 0.79931640625 0.85693359375 1 0.914306640625 1 1 0.714208984375 0.36064453125 0.1048828125 0.053271484375 0.053271484375 0.035791015625 0.344140625 0.411572265625 0.018212890625 0.018212890625 0.411572265625 0.62041015625 0.458544921875 0.486181640625 1 0.97138671875 1 1 1 1 1 0.94384765625 1 0.943017578125 0.828955078125 0.886279296875 1 0.942919921875 0.943017578125 0.77158203125 0.714208984375 0.69638671875 0.714208984375 0.896484375 0.743115234375 0.829345703125 0.772216796875 0.345361328125 0.536962890625 0.743115234375
0 0.59970703125 0.70068359375 0.628564453125 0.56650390625 0.63330078125 0 0 0.751806640625 0.5931640625 0.050048828125 0.050048828125 0.2724609375 0 0 0.413916015625 0.873583984375 0.88193359375 0.473876953125 0.714208984375 0.714208984375 0.714208984375 0.714208984375 0.714208984375 0.771533203125 0.781494140625 0.79931640625 0.91474609375 1 1 1 1 0.60087890625 0.411572265625 0.24267578125 0.581494140625 0.60087890625 0.486181640625 0.276123046875 0 0 0 0.7080078125 0.679150390625 0.555322265625 0.47685546875 1 0.94248046875 1 1 1 1 1 1 0.972216796875 0.971630859375 0.971630859375 0.8861328125 0.8291015625 0.971630859375 0.9251953125 0.69638671875 0.679248046875 0.679248046875 0.57490234375 0.743115234375 0.743310546875 0.679248046875 0.3060546875 0.019384765625 0.69638671875
0 0.050048828125 0.137353515625 0.4130859375 0.30234375 0 0.016650390625 0 0.583984375 0.522705078125 0.25556640625 0 0.34365234375 0 0.375048828125 0.468359375 0.854296875 0.6490234375 0.535791015625 0.69599609375 0.714208984375 0.714208984375 0.714208984375 0.714208984375 0.714208984375 0.771533203125 0.79931640625 0.79931640625 1 0.914306640625 0.914306640625 1 1 1 0.429443359375 0.122509765625 0.36064453125 0.411572265625 0.377197265625 0.377197265625 0.411572265625 0.466162109375 0.292822265625 0.36064453125 0.679150390625 0.52353515625 0.573193359375 1 1 1 0.942529296875 1 1 1 1 1 1 1 1 1 1 0.913916015625 0.679248046875 0.679248046875 0.4484375 0.857958984375 0.679248046875 0.019384765625 0.2083984375 0.343701171875 0.6068359375
0 0 0 0 0 0 0 0 0.090625 0.5033203125 0.03349609375 0 0 0 0.447607421875 0.693212890625 0.45068359375 0.4845703125 0.535791015625 0.535791015625 0.714208984375 0.714208984375 0.714208984375 0.714208984375 0.714208984375 0.714208984375 0.714208984375 0.79931640625 1 0.943017578125 1 0.885400390625 1 1 0.679150390625 0.1048828125 0.189990234375 0.344140625 0.411572265625 0.486181640625 0.486181640625 0.466162109375 0.679150390625 0.679150390625 0.188232421875 0.188232421875 0 0.01748046875 0.924853515625 1 1 1 1 1 1 1 1 0.942236328125 1 1 1 1 1 0.5716796875 0.783056640625 1 0.416748046875 0.267626953125 0.267626953125 0.2279296875 0.2279296875
0 0 0 0 0 0 0 0 0 0.5033203125 0.375048828125 0 0 0 0.447607421875 0.64677734375 0.134912109375 0.4859375 0.59296875 0.553515625 0.714208984375 0.714208984375 0.714208984375 0.714208984375 0.714208984375 0.714208984375 0.714208984375 0.714208984375 0.79931640625 0.82822265625 0.943017578125 1 1 1 1 0.466162109375 0.39384765625 0.36064453125 0.466162109375 0.486181640625 0.440673828125 0.411572265625 0.440673828125 0.466162109375 0.679150390625 0.5033203125 0.20791015625 0 0 0.035107421875 0.37158203125 0 0.168994140625 0.924853515625 1 1 0.982177734375 0.924853515625 0.857373046875 0.88515625 0.97138671875 0.857373046875 0.72509765625 0.6509765625 0.708837890625 0.982177734375 0.45146484375 0.304833984375 0.304833984375 0.08798828125 0
0 0 0 0 0 0 0 0 0 0.051171875 0.411181640625 0 0 0.340380859375 0.447607421875 0.496826171875 0.170947265625 0.27216796875 0.541650390625 0.6216796875 0.69599609375 0.714208984375 0.714208984375 0.714208984375 0.678173828125 0.714208984375 0.714208984375 0.714208984375 0.714208984375 0.79931640625 0.85693359375 1 1 1 1 0.679150390625 0.411572265625 0.344140625 0.39384765625 0.36064453125 0.36064453125 0.292822265625 0.39384765625 0.466162109375 0.39384765625 0.053271484375 0.18837890625 0.262939453125 0.31953125 0.168994140625 0 0 0 0 0 0.68154296875 0.936181640625 0.822119140625 0.085791015625 0 0.7650390625 0.97138671875 0.211376953125 0.71806640625 0.73701171875 0.658935546875 0.2279296875 0.304833984375 0.2279296875 0.2083984375 0.105029296875
0 0 0 0 0 0 0 0 0 0 0 0 0 0 0.447607421875 0.375048828125 0.450048828125 0.6490234375 0.665380859375 0.710888671875 0.714208984375 0.714208984375 0.714208984375 0.714208984375 0.69599609375 0.714208984375 0.714208984375 0.714208984375 0.714208984375 0.714208984375 1 0.91474609375 1 0.94267578125 1 1 0.44775390625 0.411572265625 0.39384765625 0.27470703125 0.1048828125 0 0 0.39384765625 0.309521484375 0.18837890625 0.245654296875 0.583154296875 0.671630859375 0.39609375 0.245654296875 0.18837890625 0 0.245654296875 0.459765625 0.085791015625 0.085791015625 0.54755859375 0.64326171875 0 0 1 0.708056640625 0.782177734375 0.75380859375 0.64326171875 0.2083984375 0.416748046875 0.416748046875 0.125048828125 0
0 0 0 0 0 0 0 0 0 0 0 0 0 0 0.203955078125 0.411181640625 0.375048828125 0.61787109375 0.78564453125 0.873583984375 0.93212890625 0.69599609375 0.714208984375 0.69599609375 0.642529296875 0.6609375 0.714208984375 0.714208984375 0.714208984375 0.714208984375 0.714208984375 0.82822265625 0.971728515625 1 1 1 0.839453125 0.189990234375 0.086669921875 0.086669921875 0 0 0 0 0 0.245654296875 0.4970703125 0.4970703125 0.56533203125 0.35830078125 0.64326171875 0.79990234375 1 1 1 1 1 1 0.857373046875 0.8 0.051123046875 -9999 0.8390625 0.50849609375 0 0 0 0 0.468701171875 0.245654296875 0
0 0 0 0 0 0 0 0 0 0 0 0 0 0 0 0.050048828125 0.340380859375 0.450048828125 0.64677734375 0.7126953125 0.873583984375 0.74306640625 0.714208984375 0.69599609375 0.642529296875 0.69599609375 0.714208984375 0.714208984375 0.714208984375 0.714208984375 0.714208984375 0.714208984375 0.771533203125 0.91474609375 1 1 1 0.27470703125 0 0.03505859375 0 0 0 0.12119140625 0.411572265625 0.64326171875 0.64326171875 0.416748046875 0.416748046875 0.742919921875 1 1 0.97138671875 0.97138671875 1 1 1 1 0.971630859375 1 1 0.771630859375 -9999 0.222900390625 0.35419921875 0.48486328125 0.2279296875 0.08564453125 0 0 0
0 0 0 0 0 0 0 0 0 0 0 0 0 0 0 0 0 0 0 0.03349609375 0.4556640625 0.93212890625 0.69599609375 0.535791015625 0.467822265625 0.535791015625 0.59921875 0.714208984375 0.678173828125 0.714208984375 0.714208984375 0.679150390625 0.7537109375 0.82841796875 1 1 1 0.526806640625 0.1380859375 0 0.051611328125 0.086669921875 0.39384765625 0.603955078125 0.522900390625 0.50576171875 0.707958984375 0.707958984375 1 0.943017578125 0.943017578125 1 1 0.943017578125 0.943017578125 0.943017578125 0.97138671875 0.97138671875 0.94384765625 0.91513671875 1 1 1 1 1 0.97138671875 0.679248046875 0.64326171875 0.571435546875 0 0
0 0 0 0 0 0 0 0 0 0 0 0 0 0 0 0.03349609375 0.152490234375 0.016845703125 0 0.361181640625 0.51630859375 0.7646484375 0.535791015625 0.535791015625 0.535791015625 0.69599609375 0.6609375 0.714208984375 0.714208984375 0.714208984375 0.714208984375 0.714208984375 0.79931640625 0.82841796875 0.97138671875 0.971630859375 0.88564453125 0.50576171875 0.27470703125 0.103564453125 0.239794921875 0.39384765625 0.48330078125 0.48330078125 0.48330078125 0.48330078125 0.466162109375 0.69638671875 0.943017578125 0.943017578125 0.91474609375 0.85732421875 0.800634765625 0.800634765625 0.800634765625 0.771533203125 0.91474609375 0.943017578125 0.943017578125 0.943017578125 0.943017578125 0.943017578125 0.971630859375 0.943017578125 1 0.971630859375 0.714208984375 0.679248046875 0.679248046875 0.416748046875 0
0 0 0 0 0 0 0 0 0 0 0 0 0 0 0.10068359375 0 0 0 0 0 0 0.1931640625 0.553369140625 0.535791015625 0.5705078125 0.69599609375 0.714208984375 0.714208984375 0.714208984375 0.714208984375 0.714208984375 0.714208984375 0.79931640625 0.82841796875 0.828955078125 0.69638671875 0.523193359375 0.32431640625 0.39384765625 0.375732421875 0.290283203125 0.411572265625 0.62099609375 0.659765625 0.659765625 0.659765625 0.679150390625 0.800439453125 0.943017578125 0.82841796875 0.800634765625 0.714208984375 0.714208984375 0.714208984375 0.714208984375 0.714208984375 0.714208984375 0.829541015625 0.91474609375 0.743115234375 0.772216796875 0.771533203125 0.91474609375 0.943017578125 1 0.80048828125 0.714208984375 0.714208984375 0.714208984375 0.714208984375 0.64326171875
0 0 0 0 0 0 0 0 0 0 0 0 0 0.2552734375 0 0 0 0 0 0 0 0.078515625 0.467822265625 0.535791015625 0.69599609375 0.69599609375 0.714208984375 0.714208984375 0.714208984375 0.714208984375 0.714208984375 0.714208984375 0.75302734375 0.79931640625 0.714208984375 0.659765625 0.375732421875 0.051318359375 0 0 0.486474609375 0.69638671875 0.679150390625 0.679150390625 0.679150390625 0.69638671875 0.714208984375 0.91474609375 0.88603515625 0.714208984375 0.714208984375 0.714208984375 0.714208984375 0.714208984375 0.714208984375 0.714208984375 0.714208984375 0.714208984375 0.714208984375 0.714208984375 0.714208984375 0.743115234375 0.679150390625 0.91474609375 0.943017578125 0.77138671875 0.714208984375 0.714208984375 0.714208984375 0.69638671875 0.69638671875
0 0 0 0 0 0 0 0 0 0 -9999 0 0 0 0 0 0 0 0 0 0 0.25537109375 0 0.615380859375 0.68935546875 0.588232421875 0.714208984375 0.714208984375 0.714208984375 0.714208984375 0.714208984375 0.714208984375 0.771533203125 0.88603515625 0.679150390625 0.659765625 0.306787109375 0.35751953125 0.22197265625 0.584912109375 0.74306640625 0.91474609375 0.714208984375 0.679150390625 0.69638671875 0.69638671875 0.69638671875 0.714208984375 0.714208984375 0.714208984375 0.714208984375 0.714208984375 0.714208984375 0.6609375 0.69599609375 0.714208984375 0.714208984375 0.714208984375 0.714208984375 0.714208984375 0.714208984375 0.6609375 0.772216796875 0.74267578125 0.91513671875 0.828955078125 0.743115234375 0.714208984375 0.714208984375 0.743115234375 0.80048828125
-9999 -9999 -9999 0 0 0 0 0 0 0 0 0 0 0 0 0 0 0 0 0 0 0.067822265625 0 0.501123046875 0.535791015625 0.467822265625 0.428857421875 0.69599609375 0.714208984375 0.714208984375 0.714208984375 0.714208984375 0.79931640625 0.79931640625 0.4298828125 0.659765625 0.375732421875 0.4298828125 0.679150390625 0.914306640625 0.74306640625 0.85732421875 0.85732421875 0.679150390625 0.679150390625 0.679150390625 0.679150390625 0.714208984375 0.714208984375 0.714208984375 0.714208984375 0.714208984375 0.714208984375 0.69599609375 0.678759765625 0.69599609375 0.69599609375 0.714208984375 0.714208984375 0.714208984375 0.6609375 0.678759765625 0.714208984375 0.772216796875 0.91513671875 0.799853515625 0.77158203125 0.77158203125 0.77158203125 0.942919921875 0.886279296875
0 -9999 -9999 0 -9999 -9999 -9999 0 0 0 0 0 0 0 0 0.221826171875 0.34052734375 0 0 0.255224609375 0.646728515625 0.71982421875 0.732861328125 0.5294921875 0.714208984375 0.714208984375 0.714208984375 0.714208984375 0.714208984375 0.714208984375 0.714208984375 0.714208984375 0.771533203125 0.69638671875 0.4298828125 0.39384765625 0.375732421875 0.4298828125 0.74306640625 0.771533203125 0.714208984375 0.714208984375 0.714208984375 0.714208984375 0.679150390625 0.64287109375 0.714208984375 0.714208984375 0.714208984375 0.714208984375 0.714208984375 0.714208984375 0.69599609375 0.6603515625 0.678759765625 0.714208984375 0.69599609375 0.69599609375 0.714208984375 0.714208984375 0.714208984375 0.714208984375 0.714208984375 0.714208984375 0.94384765625 0.94384765625 0.94384765625 1 1 0.91474609375 1
0 -9999 -9999 0 -9999 -9999 0 0 0 0 0 0.050732421875 0.151171875 0 0 0 0 0.39345703125 0.067138671875 0 0 0.69501953125 0.74306640625 0.714208984375 0.714208984375 0.69599609375 0.714208984375 0.714208984375 0.714208984375 0.714208984375 0.714208984375 0.714208984375 0.85732421875 0.4298828125 0.4298828125 0.39384765625 0.35751953125 0.69638671875 0.771533203125 0.714208984375 0.714208984375 0.714208984375 0.714208984375 0.714208984375 0.714208984375 0.714208984375 0.714208984375 0.714208984375 0.714208984375 0.714208984375 0.69599609375 0.714208984375 0.58837890625 0.535791015625 0.535791015625 0.69599609375 0.69599609375 0.69599609375 0.69599609375 0.678759765625 0.69599609375 0.714208984375 0.678759765625 0.714208984375 0.714208984375 0.714208984375 0.77177734375 0.714208984375 0.714208984375 0.858251953125 0.91474609375
0 0 0 0 -9999 0 0 0 0 0 0 0 0 0.34052734375 0.34052734375 0 0 0 0 0 0 0.805126953125 0.74306640625 0.714208984375 0.69599609375 0.714208984375 0.714208984375 0.6609375 0.6609375 0.6609375 0.714208984375 0.714208984375 0.679150390625 0.4298828125 0.642626953125 0.4298828125 0.39384765625 0.714208984375 0.714208984375 0.714208984375 0.714208984375 0.714208984375 0.714208984375 0.714208984375 0.714208984375 0.714208984375 0.714208984375 0.714208984375 0.69599609375 0.714208984375 0.69599609375 0.678759765625 0.69599609375 0.69599609375 0.331201171875 0.589208984375 0.69599609375 0.69599609375 0.588623046875 0.5529296875 0.678759765625 0.69599609375 0.69599609375 0.714208984375 0.714208984375 0.714208984375 0.714208984375 0.714208984375 0.6609375 0.6609375 0.742822265625
0 0 0 0 0 0 0 0 0 0 0 0 0 0 0.357421875 0.03349609375 0.152490234375 0.411181640625 0 0 0 0.805126953125 0.74306640625 0.714208984375 0.678173828125 0.714208984375 0.616748046875 0.553369140625 0.58955078125 0.6609375 0.679150390625 0.679150390625 0.58740234375 0.4298828125 0.375634765625 0.35751953125 0.375634765625 0.714208984375 0.714208984375 0.714208984375 0.714208984375 0.69599609375 0.714208984375 0.714208984375 0.714208984375 0.714208984375 0.714208984375 0.678759765625 0.678759765625 0.69599609375 0.678759765625 0.69599609375 0.69599609375 0.782177734375 0.6466796875 0.617822265625 0.724853515625 0.5642578125 0.588623046875 0.6595703125 0.69599609375 0.69599609375 0.678759765625 0.714208984375 0.69599609375 0.678759765625 0.606689453125 0.6609375 0.678759765625 0.6609375 0.8865234375
0 0 0 0 0 0 0 0 0 0 0 0 0 0 0 0.375146484375 0.344140625 0.255224609375 0.375048828125 0 0 0.759130859375 0.74306640625 0.714208984375 0.69599609375 0.714208984375 0.6609375 0.550537109375 0.379345703125 0.64287109375 0.60634765625 0.679150390625 0.679150390625 0.679150390625 0.60634765625 0.58740234375 0.60634765625 0.69638671875 0.714208984375 0.714208984375 0.714208984375 0.69599609375 0.535791015625 0.69599609375 0.69599609375 0.69599609375 0.69599609375 0.606787109375 0.707373046875 0.69599609375 0.589208984375 0.571484375 0.736328125 0.628125 0.3052734375 0.169775390625 0.3052734375 0.535791015625 0.753466796875 0.69599609375 0.69599609375 0.69599609375 0.69599609375 0.69599609375 0.67099609375 0.535791015625 0.553369140625 0.553369140625 0.6609375 0.607958984375 0.9140625
0 0 0 0 0 0 0 0 0 0 0 0 0 0 0.050048828125 0.358935546875 0.137548828125 0.4423828125 0.478515625 0.288720703125 0 0.7443359375 0.74306640625 0.714208984375 0.714208984375 0.714208984375 0.553369140625 0.550537109375 0.5220703125 0.396923828125 0.2880859375 0.137548828125 0.2724609375 0.60634765625 0.679150390625 0.625732421875 0.6630859375 0.714208984375 0.714208984375 0.714208984375 0.69599609375 0.69599609375 0.606103515625 0.642236328125 0.69599609375 0.724609375 0.753466796875 0.564404296875 0.688916015625 0.69599609375 0.571484375 0.535791015625 0.501171875 0.558154296875 0 0 0.10009765625 0.501171875 0.33994140625 1 0.60009765625 0.69599609375 0.69599609375 0.57119140625 0.915576171875 0.5716796875 0.535791015625 0.553369140625 0.553369140625 0.6609375 0.9427734375
0 0 0 0 0 -9999 0 0 0 0 0 0 0 0 0 0 0.204296875 0.474072265625 0.559033203125 0.559033203125 0.718212890625 0.692578125 0.69599609375 0.714208984375 0.714208984375 0.714208984375 0.535791015625 0.33994140625 0.33994140625 0.33994140625 0.2703125 0 0 0 0.35751953125 0.35751953125 0.64658203125 0.714208984375 0.714208984375 0.69599609375 0.5705078125 0.6244140625 0.678759765625 0.535791015625 0.624853515625 0.8171875 0.77578125 0.416650390625 0.387158203125 0.571484375 0.3234375 0.68740234375 0.6869140625 0.308203125 0 0.01669921875 0.01669921875 0.167822265625 1 0.63115234375 0.821484375 0.60009765625 0.535791015625 0.915576171875 0.915576171875 0.5716796875 0.5201171875 0.553369140625 0.607958984375 0.678759765625 0.6609375
0 0 0 0 0 -9999 0 0 0 0 0 0 0 0 0 0 0 0.359423828125 0.67763671875 0.924169921875 0.69599609375 0.69599609375 0.723779296875 0.714208984375 0.714208984375 0.714208984375 0.714208984375 0.408056640625 0.201708984375 0.101025390625 0.238720703125 0.22119140625 0.016552734375 0 0.1197265625 0.10283203125 0.289990234375 0.6609375 0.69599609375 0.69599609375 0.6609375 0.535791015625 0.535791015625 0.7177734375 0.427197265625 0.393994140625 0.393994140625 0.30771484375 0.35888671875 0.54755859375 0.570361328125 0.54755859375 0.4517578125 0.271435546875 0 0 0 0 0 0 0 0 0.056640625 1 0.94384765625 0.800927734375 0.06845703125 0.553369140625 0.678759765625 0.714208984375 0.714208984375
0 0 0 0 0 0 0.017236328125 0.240234375 0 0 0 0 0 0 0 0 0.2046875 0.43193359375 0.839453125 0.953076171875 0.724609375 0.69599609375 0.714208984375 0.714208984375 0.714208984375 0.714208984375 0.714208984375 0.571240234375 0 0 0 0 0 0 0 0 0.0859375 0.64287109375 0.6609375 0.6609375 0.5705078125 0.535791015625 0.535791015625 0.641064453125 0.434521484375 0.35888671875 0 0 0.187255859375 0.255712890625 0.371240234375 0.050048828125 0 0 0 0 0 0 0 0 0 0 0.143115234375 0.535791015625 0.688818359375 0.5716796875 0.06845703125 0.6609375 0.714208984375 0.714208984375 0.714208984375
0 0 0 0 0 0 0.017236328125 0.186572265625 0 0 0 0 0 0 0 0 0.101171875 0.781494140625 0.054345703125 0 0.057177734375 0.535791015625 0.69599609375 0.714208984375 0.714208984375 0.714208984375 0.714208984375 0.552294921875 0.051611328125 0.120654296875 0 0 0 0 0 0 0.37783203125 0.63505859375 0.553369140625 0.5705078125 0.57080078125 0.535791015625 0.652734375 0.61220703125 0.393994140625 0 0.271435546875 0 0 0 0.01669921875 0.01669921875 0.271435546875 0 0 0 0 0 0 0 0.39658203125 0.535791015625 0.571484375 0.535791015625 0.69599609375 0.64287109375 0.5716796875 0.69599609375 0.714208984375 0.714208984375 0.714208984375
0 0 0 0 0 0 0 0 0 0 0 0 0 0 0 0 0.308203125 0.55576171875 0 0.3677734375 0.6783203125 0.59296875 0.535791015625 0.5529296875 0.69599609375 0.714208984375 0.714208984375 0.589794921875 0.35751953125 0 -9999 -9999 -9999 -9999 0 0.184814453125 0.550439453125 0.58173828125 0.6244140625 0.69599609375 0.677880859375 0.624267578125 0.688916015625 0.758203125 0.35888671875 0.133935546875 0.358154296875 0 0 0 0 0 0 0 0 0 0 0 0.52978515625 0.4845703125 0.501123046875 0.606787109375 0.678759765625 0.69599609375 0.714208984375 0.660107421875 0.64287109375 0.69599609375 0.678759765625 0.714208984375 0.915234375
0 0.108154296875 0 0 0 0 0 0 0 0 0 0 0 0 0 0 0 0.288720703125 0.0177734375 0 0.529833984375 0.535791015625 0.5529296875 0.66005859375 0.606787109375 0.678173828125 0.714208984375 0.58955078125 -9999 -9999 -9999 -9999 -9999 -9999 0.33994140625 0.553369140625 0.69599609375 0.69599609375 0.69599609375 0.69599609375 0.60703125 0.6419921875 0.594482421875 0.35888671875 0 0 0 0 0 0 0 0.050048828125 0 0 0 0 0 0 0.536865234375 0.6466796875 0.535791015625 0.6603515625 0.69599609375 0.69599609375 0.69599609375 0.64287109375 0.5716796875 0.6609375 0.6609375 0.58955078125 0.465576171875
0 0 0 0 0 -9999 0 0 0 0 0 0 0 0 0 0.039453125 0.423681640625 0.596337890625 0.255126953125 0.22763671875 0.899169921875 0.69599609375 0.69599609375 0.714208984375 0.714208984375 0.714208984375 0.714208984375 0.6609375 -9999 -9999 -9999 -9999 -9999 0 0.62509765625 0.69599609375 0.69599609375 0.69599609375 0.69599609375 0.677880859375 0.55361328125 0.494775390625 0.3767578125 0.393994140625 0.375048828125 0.30654296875 0 0 0 0 0.01669921875 0.01669921875 0 0 0 0 0 0.345458984375 0.729345703125 0.69599609375 0.5890625 0.69599609375 0.69599609375 0.678759765625 0.625732421875 0.5716796875 0.514697265625 0.379345703125 0.553369140625 0.464453125 0.33994140625
0 0 0 0 0 0 0.017236328125 0 0 0 0 0 0.29033203125 0.375830078125 0.47607421875 0.61494140625 0.710302734375 0.75673828125 0.8228515625 0.051171875 0.74765625 0.838134765625 0.714208984375 0.714208984375 0.714208984375 0.714208984375 0.714208984375 0.3484375 -9999 -9999 -9999 -9999 -9999 0.33994140625 0.714208984375 0.714208984375 0.69599609375 0.69599609375 0.535791015625 0.535791015625 0.388330078125 0.544287109375 0.570654296875 0.53388671875 0.411181640625 0.271240234375 0.084033203125 0.01669921875 0 0 0 0 0 0 0 0 0.345458984375 0.33994140625 0.571484375 0.69599609375 0.678759765625 0.69599609375 0.64287109375 0.53681640625 0.01689453125 0 0.117578125 0.535791015625 0.714208984375 0.6609375 0.553369140625
0 0 0 0 0 0 0.0544921875 0 0 0 0.152294921875 0.06728515625 0.050048828125 0.411181640625 0.016845703125 0 0 0.61787109375 0.7484375 0 0 0.8412109375 0.714208984375 0.714208984375 0.714208984375 0.714208984375 0.714208984375 0.168994140625 -9999 -9999 -9999 -9999 0 0.6609375 0.714208984375 0.69599609375 0.678759765625 0.535791015625 0.535791015625 0.854296875 0.757177734375 0.615576171875 0.439892578125 0 0 0 0 0 0 0 0 0 0 0 0.050048828125 0.01669921875 0 0.2767578125 0.535791015625 0.69599609375 0.724462890625 0.589892578125 0.5716796875 0.03359375 0.535791015625 0.743310546875 0.714208984375 0.69599609375 0.69599609375 0.714208984375 0.58173828125
0 0 0 0 0.017236328125 0 0 0.108154296875 0 0 0 0 0 0 0 0.143701171875 0.1458984375 0.03349609375 0.497998046875 0.322314453125 0.79921875 0.830810546875 0.714208984375 0.714208984375 0.714208984375 0.714208984375 0.714208984375 0.69638671875 -9999 -9999 -9999 -9999 0 0.714208984375 0.69599609375 0.69599609375 0.642529296875 0.69599609375 0.67841796875 0.83671875 0.152490234375 0 0 0 0 0 0 0 0 0 0 0 0 0 0 0.30771484375 0.28876953125 0.46806640625 0.535791015625 0.678759765625 0.678759765625 0.553369140625 0.0177734375 0.624609375 0.69599609375 0.714208984375 0.714208984375 0.69599609375 0.678759765625 0.678759765625 0.667919921875
0 0 0 0 0 0 0 0 0 0 0 0 0.017822265625 0.017822265625 0 0.224560546875 0.09052734375 0 0.050048828125 0.288720703125 0.69599609375 0.69599609375 0.714208984375 0.69599609375 0.677880859375 0.6609375 0.6609375 0.714208984375 -9999 -9999 -9999 -9999 -9999 0.714208984375 0.69599609375 0.642529296875 0.535791015625 0.5181640625 0.553662109375 0.512646484375 0.32421875 0 0 0 0 0 0 0 0 0 0 0 0 0 0 0.35888671875 0.35888671875 0.501123046875 0.535791015625 0.64287109375 0.64287109375 0.275537109375 0 0.69599609375 0.69599609375 0.678759765625 0.5529296875 0.535791015625 0.678759765625 0.535791015625 0.589892578125
