data-raw/DATASET_PNE_1/DATASET_PNE/a_DATA/PFGS/ENVSUIT_A1B/HS_f30_H4_undergrowth.asc
NCOLS 619 
NROWS 782 
XLLCORNER 876826 
YLLCORNER 1947424 
CELLSIZE 100 
NODATA_value -9999 
[rows 416 to 441 of 782, columns 413 to 471 of 619]
0.166672435875247 0.0374537021011458 0.0374537021011458 0.0374537021011458 0.221918377237011 0.312679566617052 0.312679566617052 0.111634186022361 0.0561459379002388 0.111703416525321 0.0561459379002388 0.0190037730624113 0 0 0.0190037730624113 0 0.0190037730624113 0.0190037730624113 0.0190037730624113 0.0374537021011458 0.0561459379002388 0.0374537021011458 0 0.0564228599120773 0.0374537021011458 0.0190037730624113 0.1119111080342 0.221918377237011 0 0.0374537021011458 0.246668282045069 0.356190937727163 0.597770777804701 0.573263179757001 0.498459621309149 0.552632489875039 0.63287064280522 0.533663332064108 0.592128491813493 0.712347260202845 0.552632489875039 0.752639412925335 0.82699297310395 0.674305098826543 0.5455017480702 0.496036553705563 0.612932257952854 0.672539721001073 0.653570563190142 0.672539721001073 0.672539721001073 0.672539721001073 0.712589566963204 0.712589566963204 0.674651251341341 0.714701097303472 0.733670255114403 0.733670255114403 0.739416386860051
0.0751150957111703 0 0 0.0751150957111703 0.0374537021011458 0.350617882238915 0.0374537021011458 0.0374537021011458 0.0561459379002388 0.0751150957111703 0.0374537021011458 0.0374537021011458 0 0 0 0.0374537021011458 0.0374537021011458 0.0374537021011458 0.0374537021011458 0.0564228599120773 0.0564228599120773 0 0 0.0374537021011458 0.0932534874865866 0.203468448198276 0.276437398317699 0.263837446779051 0.263837446779051 0.399321541070996 0.616739935615632 0.529924884904289 0.561459379002388 0.707431894492714 0.750458652082107 0.552632489875039 0.707224202983835 0.592128491813493 0.533663332064108 0.752639412925335 0.752639412925335 0.758420159922462 0.580532382567759 0.428606043822908 0.593963100141923 0.672539721001073 0.674651251341341 0.674651251341341 0.733670255114403 0.758420159922462 0.758420159922462 0.758420159922462 0.714701097303472 0.758420159922462 0.73945100211153 0.837931392571567 0.837931392571567 0.93706947280972 0.962061684378137
0.0184499290387345 0.0374537021011458 0.0751150957111703 0.0751150957111703 0.221918377237011 0.0808266122053377 0 0.0374537021011458 0.0751150957111703 0.0561459379002388 0.0374537021011458 0.0190037730624113 0 0 0 0.0374537021011458 0.0374537021011458 0.0564228599120773 0.0374537021011458 0 0 0 0.0374537021011458 0.240229845269826 0.190799266156669 0.0922842604451521 0.239156772473952 0.369379348540967 0.58562082453529 0.536571013188411 0.634012946104053 0.732112568797812 0.651355187095434 0.577313164180138 0.552632489875039 0.552632489875039 0.612274568174738 0.713558794004639 0.733670255114403 0.777354702481914 0.540932534874866 0.555782477759701 0.575963169372426 0.573747793277718 0.712589566963204 0.733670255114403 0.777389317733393 0.777389317733393 0.752639412925335 0.802277683547371 0.802277683547371 0.87586970819343 0.837931392571567 1 1 1 0.981030842189069 0.962061684378137 0.962061684378137
0.0374537021011458 0.0751150957111703 0.0751150957111703 0.167087818893004 0.167087818893004 0.0751150957111703 0.0374537021011458 0.0751150957111703 0.0751150957111703 0.0374537021011458 0.0190037730624113 0 0 0 0.0190037730624113 0.0374537021011458 0.0374537021011458 0 0 0 0 0.0374537021011458 0.142337914084946 0.358614005330749 0 0 0.257295164249368 0.61012842258299 0.738516390321576 0.646301360379383 0.725916438782928 0.577313164180138 0.552632489875039 0.552632489875039 0.552632489875039 0.552632489875039 0.612274568174738 0.73252795181557 0.752639412925335 0.758420159922462 0.555782477759701 0.59607463048219 0.712589566963204 0.712589566963204 0.782927757970162 0.777389317733393 0.802104607289972 0.802104607289972 0.82699297310395 0.851846723666448 0.82699297310395 0.777527778739313 0.82692374260099 0.975077018934543 0.931427186818512 0.714078022776836 0.888019661462841 0.863442832912181 0.0744920211845339
0.0564228599120773 0.0564228599120773 0.0564228599120773 0.0751150957111703 0.0751150957111703 0 0.0751150957111703 0.0751150957111703 0.0561459379002388 0.0190037730624113 0 0 0 0 0 0.0374537021011458 0.0374537021011458 0.0374537021011458 0 0 0 0.16608397660009 0.313302641143688 0.462148222506837 0.301637301394995 0.560143999446156 0.676832012184569 0.725916438782928 0.799993076949704 0.775000865381287 0.552632489875039 0.552632489875039 0.552632489875039 0.552632489875039 0.607982276991242 0.612274568174738 0.73252795181557 0.752639412925335 0.752639412925335 0.696043476755859 0.575963169372426 0.752639412925335 0.712589566963204 0.692408875350479 0.752639412925335 0.752639412925335 0.733670255114403 0.614109176503167 0.478832773720101 0.458894388867735 0.439925231056804 0.0744920211845339 0.147599432309876 0.0560420921457995 0.0560420921457995 0.0560420921457995 0.0560420921457995 0.147599432309876 0.0560420921457995
0.0374537021011458 0 0.0751150957111703 0.0751150957111703 0.0374537021011458 0 0.0374537021011458 0.0564228599120773 0.0561459379002388 0 0 0 0.0190037730624113 0.0374537021011458 0.0374537021011458 0.0374537021011458 0.0564228599120773 0.0564228599120773 0.0564228599120773 0 0.0922842604451521 0.380836996780782 0.380836996780782 0.628682197376164 0.763404756135553 0.725916438782928 0.799993076949704 0.799993076949704 0.737893315794939 0.626951434802174 0.627020665305133 0.738377929315656 0.416975319325695 0.368306275745093 0.0190037730624113 0.558378621620686 0.73252795181557 0.752639412925335 0.696043476755859 0.640693689639655 0.752639412925335 0.752639412925335 0.733670255114403 0.752639412925335 0.752639412925335 0.733670255114403 0.733670255114403 0.777389317733393 0.777389317733393 0.733670255114403 0.614836096784243 0.574890096576552 0.574890096576552 0.574890096576552 0.554778635466787 0.554778635466787 0.59960538613313 0.554778635466787 0.47904046522898
0 0 0.0751150957111703 0.0751150957111703 0.0374537021011458 0.0374537021011458 0.0374537021011458 0.0564228599120773 0.0190037730624113 0 0 0.0374537021011458 0.0374537021011458 0.0374537021011458 0.0190037730624113 0.0190037730624113 0.0374537021011458 0.0932534874865866 0.179099311156496 0.34964865519748 0.350410190730036 0.387656201322303 0.511717262625913 0.640451382879297 0.682889681193534 0.781681608916889 0.597666932050261 0.572536259475925 0.719581847762124 0.682647374433175 0.109972653951331 0.0190037730624113 0.0190037730624113 0.348852504413445 0.293814254560559 0.621724531828724 0.752639412925335 0.752639412925335 0.585828516044169 0.640693689639655 0.733670255114403 0.752639412925335 0.752639412925335 0.752639412925335 0.733670255114403 0.733670255114403 0.677489701962685 0.714701097303472 0.733670255114403 0.777389317733393 0.752639412925335 0.752639412925335 0.752639412925335 0.777389317733393 0.733670255114403 0.674547405586902 0.733670255114403 0.758385544670982 0.802035376787012
0 0.0374537021011458 0.0190037730624113 0.0751150957111703 0.0564228599120773 0.0564228599120773 0.0564228599120773 0.0190037730624113 0 0 0.0564228599120773 0.0374537021011458 0.0561459379002388 0.0751150957111703 0.0751150957111703 0.0751150957111703 0.0935650247499048 0.257606701512686 0.294437329087196 0.331441032919104 0.350410190730036 0.39343694831943 0.677074318944927 0.750770189345426 0.775277787393125 0.646093668870504 0.71324725674132 0.572190106961127 0.731801031534494 0.055592093876562 0 0 0.0190037730624113 0.398213853023642 0.293814254560559 0.73252795181557 0.752639412925335 0.739693308871889 0.585828516044169 0.677732008723043 0.71501263456679 0.752639412925335 0.752639412925335 0.752639412925335 0.733670255114403 0.758420159922462 0.752639412925335 0.733670255114403 0.677489701962685 0.65917823392987 0.714701097303472 0.752639412925335 0.752639412925335 0.752639412925335 0.752639412925335 0.752639412925335 0.752639412925335 0.777389317733393 0.851673647409048
0.0374537021011458 0.0190037730624113 0.0374537021011458 0.0561459379002388 0.0564228599120773 0.0561459379002388 0 0 0 0.0379729308733428 0.0564228599120773 0.0564228599120773 0.0751150957111703 0.0374537021011458 0.0374537021011458 0.0561459379002388 0.111634186022361 0.331441032919104 0.387656201322303 0.590501574993942 0.517117241856762 0.658035930631036 0.775104711135726 0.670808958427083 0.491709647270587 0.332756412475337 0.417425317594932 0.128422582990065 0 0 0 0.0190037730624113 -9999 0.0190037730624113 0.62771297033473 0.73252795181557 0.747931738724082 0.587178510851881 0.635501401917685 0.696043476755859 0.71501263456679 0.733670255114403 0.71501263456679 0.696043476755859 0.440686766589359 0.496036553705563 0.496036553705563 0.752639412925335 0.752639412925335 0.733670255114403 0.640866765897054 0.65917823392987 0.714701097303472 0.674651251341341 0.674651251341341 0.693620409152273 0.752639412925335 0.714701097303472 0.640866765897054
0 0 0.0190037730624113 0.0374537021011458 0.0374537021011458 0.0190037730624113 0.0564228599120773 0 0.0374537021011458 0.0561459379002388 0.0751150957111703 0.0561459379002388 0.0751150957111703 0.0184499290387345 0.0561459379002388 0.129703347294818 0.166222437606009 0.44930596420783 0.492125030288345 0.665270518190315 0.725881823531448 0.670808958427083 0.560143999446156 0.185918515698017 0.0935650247499048 0.0685728131814878 0.0190037730624113 0 0 0 0.0190037730624113 0.0190037730624113 0.0190037730624113 0.688255045172903 0.592128491813493 0.564540136384091 0.491744262522067 0.461144380213922 0.62238222160684 0.71501263456679 0.71501263456679 0.71501263456679 0.520717228010662 0.422375298556544 0.515005711516494 0.533663332064108 0.592128491813493 0.592128491813493 0.712347260202845 0.712347260202845 0.733670255114403 0.733670255114403 0.733670255114403 0.733670255114403 -9999 0.733670255114403 0.714701097303472 0.714701097303472 0.582297760393229
0 0.0190037730624113 0.0374537021011458 0 0 0 0.0564228599120773 0.0564228599120773 0.0564228599120773 0.0751150957111703 0.0751150957111703 0.0751150957111703 0.0751150957111703 0.0932534874865866 0.147772508567275 0.312783412371491 0.331441032919104 0.480425075288172 0.584028522967219 0.750597113088027 0.560143999446156 0.516459552078646 0.167468586659282 0.0495690401190765 0.123784139291772 0.0685728131814878 0.185918515698017 0.136557167087819 0.0190037730624113 0 0.0190037730624113 0.154141714839558 0.577797777700855 0.44227906815743 0.165599363079373 0.165080134307176 0.491744262522067 0.469002042299837 0.541763300910381 0.609401502301914 0.683443525217211 0.634151407109973 0.609401502301914 0.447229049119042 0.573159334002562 0.552632489875039 0.552632489875039 0.552632489875039 0.552632489875039 0.552632489875039 0.592128491813493 0.712347260202845 0.73252795181557 0.712347260202845 0.752639412925335 0.712347260202845 0.712347260202845 0.573159334002562 0.220672228183738
0 0.0190037730624113 0.0374537021011458 0.0374537021011458 0.0564228599120773 0.0751150957111703 0.0564228599120773 0.0564228599120773 0 0.0374537021011458 0.0374537021011458 0.0751150957111703 0.0374537021011458 0.0374537021011458 0.110734189483887 0.331441032919104 0.529267195126173 0.61535532555644 0.640243691370418 0.560143999446156 0.210841496763474 0.185918515698017 0.0744227906815743 0.123472602028454 0.12409567655509 0.167468586659282 0.185918515698017 0.332756412475337 0.423517601855377 0.0190037730624113 0.0190037730624113 0.0190037730624113 0.0190037730624113 0.275122018761466 0.0919034926788743 0.201599224618367 0.497594240022154 0.534113330333345 0.59614386098515 0.546228668351276 0.515005711516494 0.533663332064108 0.592128491813493 0.552632489875039 0.552632489875039 0.515559555540171 0.534321021842224 0.552632489875039 0.552632489875039 0.552632489875039 0.552632489875039 0.552632489875039 0.592128491813493 -9999 0.592128491813493 0.533663332064108 0.552632489875039 0.201703070372806 0.0426806050745959
0 0.0374537021011458 0.0564228599120773 0.0564228599120773 0.0564228599120773 0.0564228599120773 0.0564228599120773 0 0 0.0374537021011458 0.0374537021011458 0.0374537021011458 0 0 0.128803350756343 0.411679185849285 0.436567551663263 0.517359548617121 0.449721347225588 0.290560420921458 0.167468586659282 0.148464813596871 0.148464813596871 0.167468586659282 0.210841496763474 0.406936896396552 0.406936896396552 0.497698085776593 0.745127903354218 0.367544740212538 0.0190037730624113 0.0190037730624113 0.0436844473675101 0.528955657862854 0.607566893973485 0.616843781370072 0.592128491813493 0.614178407006127 0.68188583890062 0.731558724774136 0.657620547613278 0.552632489875039 0.552632489875039 0.534321021842224 0.0930457959777078 0.129495655785939 0.184014676866627 0.405967669355118 0.516044169060888 0.552632489875039 0.552632489875039 0.552632489875039 -9999 -9999 0.294333483332756 0.256672089722732 0.250441344456368 0.0739727924123369 0.362075530478729
0.0190037730624113 0.0374537021011458 0.0564228599120773 0.0564228599120773 0 0.0374537021011458 0 0 0 0 0.0374537021011458 0.0374537021011458 0.0374537021011458 0 0.0374537021011458 0.318529544117138 0.332271798954619 0.387240818304545 0.417252241337533 0.142787912354183 0.173387794662328 0.173387794662328 0.148464813596871 0.19239156772474 0.388486967357818 0.541174841635225 0.522413375333172 0.541174841635225 0.725812593028488 0.597113088026585 0.46678666620513 0.448025199903077 0.441794454636713 0.510678805081519 0.756274014330714 0.750562497836547 0.762712451105957 0.744435598324622 0.762712451105957 0.756274014330714 0.68188583890062 0.601924607982277 0.626778358544775 0.498805773823947 0.203745370210115 0.0802035376787012 0 0.0190037730624113 0.424936827166049 0.455052095953477 0.387656201322303 0.460832842950604 0.368687043511371 0.418359929384887 0.38111391879262 0.392883104295753 0.0802035376787012 0.0190037730624113 0.312471875108173
0.0374537021011458 0.0374537021011458 0.0751150957111703 0.0374537021011458 0 0 0 0.0184499290387345 0 0.0184499290387345 0.0374537021011458 0.0561459379002388 0.0374537021011458 0 0.0374537021011458 0.418671466648205 0.369379348540967 0.40029076811243 0.0374537021011458 0.0739381771608571 0.117934161791685 0.142787912354183 0.173387794662328 0.210841496763474 0.46149053272872 0.541174841635225 0.449721347225588 0.492713489563502 0.725812593028488 0.577382394683097 0.72560490151961 0.627159126311053 0.627159126311053 0.688947350202499 0.71324725674132 0.651459032849874 0.737962546297899 0.71324725674132 0.633216795320018 0.638720620305307 0.626605282287376 0.608778427775278 0.523659524386445 0.0554536328706428 0 0 0.0190037730624113 0 0.0190037730624113 0.0554536328706428 0.0554536328706428 0.183806985357749 0.312575720862612 0.164560905534979 0.0554536328706428 0.0190037730624113 0 0.0190037730624113 0.129045657516702
0.0374537021011458 0.0561459379002388 0.0751150957111703 0.0561459379002388 0.0184499290387345 0 0 0.0184499290387345 0.0374537021011458 0.0184499290387345 0.0374537021011458 0.0561459379002388 0.0561459379002388 0.0374537021011458 0.263560524767212 0.497594240022154 0.36896396552321 0.184291598878466 0 0 0.0929419502232684 0.0929419502232684 0.0929419502232684 0.541174841635225 0.541174841635225 0.220152999411541 0.318529544117138 0.293814254560559 0.343452525182596 0.725431825262211 0.577382394683097 0.750527882585067 0.775243172141646 0.75693170410883 0.757174010869189 0.707570355498633 0.726193360794766 0.689778116238014 0.689778116238014 0.665270518190315 0.523486448129046 0.331441032919104 0.0554536328706428 0 0 0 0 0 0 0 0.0190037730624113 0.0190037730624113 0.0739035619093773 0.0742843296756551 0.0190037730624113 0.0190037730624113 0 0 0.0190037730624113
0.0564228599120773 0.0751150957111703 0.0751150957111703 0.0374537021011458 0.0184499290387345 0.0184499290387345 0 0 0.0374537021011458 0 0 0.0561459379002388 0.153518640312922 0.128803350756343 0.387171587801585 0.293814254560559 0.293814254560559 0.0561459379002388 0.0190037730624113 0 0.0929419502232684 0.0680535844092907 0.245041365225518 0.367960123230295 0.220187614663021 0.146491744262522 0.202014607636124 0.055592093876562 0.202014607636124 0.244902904219599 0.72557028626813 0.725916438782928 0.566270898958081 0.541555609401502 0.436948319429541 0.418671466648205 0.468240506767282 0.394302329606425 0.369379348540967 0.312783412371491 0.183253141334072 0.055592093876562 0.0190037730624113 0 0 0 0 0 0 0 0 0 0 0 0 0 0 0 0
0.0564228599120773 0.0751150957111703 0.13119180310845 0.0561459379002388 -9999 0.0184499290387345 0.0374537021011458 0.0184499290387345 0.0184499290387345 0.0374537021011458 0.0374537021011458 0.387171587801585 0.17999930769497 0.244868288968119 0.0561459379002388 0.0374537021011458 0.0561459379002388 0.0374537021011458 0.0190037730624113 0.0243691370417806 0 0.0190037730624113 0.165460902073454 0.128803350756343 0.0374537021011458 0.09266502821143 0.263041295995015 0.0374537021011458 0.189899269618194 0.28149122503375 0.34971788570044 0.387656201322303 0.257295164249368 0.147772508567275 0.331441032919104 0.331648724427983 0.29544117138011 0.331441032919104 0.202222299145003 0.202222299145003 0.16608397660009 0.0374537021011458 0 0 0 0 0 0 0 0 0 0 0 0 0 0 0 0 0
0.0374537021011458 0.0561459379002388 0.112534182560836 0.0751150957111703 -9999 -9999 0 0 0 0 0.0374537021011458 0.262937450240576 0.09266502821143 0 0 0.0190037730624113 0.0374537021011458 0.0374537021011458 0 0.0739381771608571 0.0246806743050988 0.0374537021011458 0.256914396483091 0.09266502821143 0.324344906365745 0.411886877358164 0.263041295995015 0.208660735920246 0.256775935477171 0.312783412371491 0.294091176572398 0.239122157222472 0.350410190730036 0.202222299145003 0.331441032919104 0.222818373775485 0.0932534874865866 0.0190037730624113 0.055592093876562 0.148014815327633 0.0742843296756551 0.0374537021011458 0 0 0 0 0 0 0 0 0 0 0 0 0 0 0 0 0
0.0374537021011458 0.0190037730624113 0.0751150957111703 0.0751150957111703 0.0561459379002388 -9999 -9999 0 0 0 0.0184499290387345 0.0374537021011458 0 0 0.0374537021011458 0.0561459379002388 0.0374537021011458 0.128803350756343 0.110734189483887 0.0870227422202222 0.0870227422202222 0.362006299975769 0.368029353733255 0.20807227664509 0.312783412371491 0.238326006438437 0.146491744262522 0.128422582990065 0.220187614663021 0.147772508567275 0.147772508567275 0.0932534874865866 0.0564228599120773 0.0932534874865866 0.184153137872547 0.149330194883866 0.0561459379002388 0.0374537021011458 0.0374537021011458 0.0374537021011458 0.0374537021011458 0.0374537021011458 0 0 0 0 0 0 0 0 0 0 0 0 0 0 0 0 0
0.0564228599120773 0.0190037730624113 0.0751150957111703 0.0937727162587836 0.111634186022361 -9999 0.0374537021011458 0 0 0 0 0 0 0 0 0.0561459379002388 0.128803350756343 0.318529544117138 0.436567551663263 0.411679185849285 0.33749870192807 0.318529544117138 0.368306275745093 0.275745093288103 0.275745093288103 0.165841669839731 0.110734189483887 0.0374537021011458 0.0374537021011458 0.0374537021011458 0.0374537021011458 0.0564228599120773 0.0564228599120773 0.0751150957111703 0.0564228599120773 0.0751150957111703 0.0374537021011458 0.0190037730624113 0.0374537021011458 0.0374537021011458 0.0190037730624113 0 0 0 0 0 0 0 0 0 0 0 0 0 0 0 0 0 0
0.0374537021011458 0.0190037730624113 0.0190037730624113 0.0561459379002388 0.130361037072934 -9999 0.184291598878466 0.238845235210634 0.0561459379002388 0.0184499290387345 0.0742843296756551 0.128803350756343 0.0742843296756551 0.0374537021011458 0.0561459379002388 0.165599363079373 0.362490913496487 0.362490913496487 0.430336806396898 0.462148222506837 0.4056561320918 0.350410190730036 0.350410190730036 0.294091176572398 0.293987330817958 0.240264460521306 0.148153276333553 0.0751150957111703 0.0751150957111703 0.0751150957111703 0.0751150957111703 0.0751150957111703 0.0564228599120773 0.0564228599120773 0.0564228599120773 0.0374537021011458 0.0190037730624113 0.0190037730624113 0.0190037730624113 0 0 0 0 0 0 0 0 0 0 0 0 0 0 0 0 0 0 0 0
0.0190037730624113 0.0374537021011458 0.0190037730624113 0.0374537021011458 0.0751150957111703 0.186056976703936 0.23946830973727 0.350410190730036 0.350410190730036 0.238845235210634 0.294091176572398 0.257191318494929 0.239122157222472 0.220949150195576 0.331441032919104 0.331441032919104 0.331441032919104 0.331441032919104 0.331441032919104 0.331441032919104 0.331648724427983 0.350410190730036 0.147772508567275 0.148153276333553 0.168022430682959 0.0751150957111703 0.0751150957111703 0.0751150957111703 0.0751150957111703 0.0751150957111703 0.0751150957111703 0.0564228599120773 0.0374537021011458 0.0190037730624113 0 0 0 0 0 0 0 0 0 0 0 0 0 0 0 0 0 0 0 0 0 0 0 0 0
0 0.0564228599120773 0.0190037730624113 0.0374537021011458 0.0564228599120773 0.0751150957111703 0.0940842535221018 0.149330194883866 0.204126137976392 0.204126137976392 0.222195299248849 0.222195299248849 0.185156980165461 0.203226141437918 0.184568520890304 0.23946830973727 0.331648724427983 0.31295648862889 0.258437467548202 0.0932534874865866 0.0374537021011458 0.13119180310845 0.0751150957111703 0.0751150957111703 0.0751150957111703 0.0374537021011458 0.0374537021011458 0.0190037730624113 0 0.0190037730624113 0.0190037730624113 0.0190037730624113 0.0190037730624113 0 0 0 0 0 0 0 0 0 0 0 0 0 0 0 0 0 0 0 0 0 0 0 0 0 0
0.0190037730624113 0.0374537021011458 0 0.0190037730624113 0.0374537021011458 0.0190037730624113 0 0.0190037730624113 0.0374537021011458 0.0190037730624113 0.0374537021011458 0.0751150957111703 0.0374537021011458 0.055592093876562 0.0374537021011458 0.0374537021011458 0.055592093876562 0.0190037730624113 0.0374537021011458 0.0190037730624113 0.0190037730624113 0 0.0190037730624113 0.0374537021011458 0.0374537021011458 0 0 0 0 0 0 0 0 0 0 0 0 0 0 0 0 0 0 0 0 0 0 0 0 0 0 0 0.0190037730624113 0.0190037730624113 0.0190037730624113 0.0190037730624113 0.0190037730624113 0.0190037730624113 0.0190037730624113
0.0564228599120773 0.0374537021011458 0.0190037730624113 0 0 0 0 0 0 0 0.0190037730624113 0.0190037730624113 0.0190037730624113 0.0190037730624113 0.0190037730624113 0.0190037730624113 0 0 0 0 0.0190037730624113 0 0 0 0 0 0 0 0 0 0 0 0 0 0 0 0 0 0 0 0 0 0 0 0 0 0 0 0 0.0190037730624113 0.0374537021011458 0.0374537021011458 0.0190037730624113 0.0190037730624113 0.0190037730624113 0.0190037730624113 0.0190037730624113 0.0374537021011458 0.0190037730624113
