data-raw/DATASET_PNE_1/DATASET_PNE/a_DATA/PFGS/ENVSUIT_A1B/HS_f45_P7_acer.asc
NCOLS 619 
NROWS 782 
XLLCORNER 876826 
YLLCORNER 1947424 
CELLSIZE 100 
NODATA_value -9999 
[rows 208 to 233 of 782, columns 59 to 117 of 619]
0.509692627936602 0.362902637571096 0.217457801103592 0.180087715387344 0.127570569515228 0.13993513584137 0.164608970284462 0.0125672584399581 0.155211180448532 0.0775595158338547 0.0559077188372612 0.0841932594776154 0.10599248111248 0.10599248111248 0.10599248111248 0.0869020447134972 0.0867914780974388 0.217457801103592 0.217457801103592 0.192433848977089 0.334856646135449 0.334432810544968 0.416709661483765 0.685118302702904 0.742039501667023 0.802461862564087 1 1 1 1 1 1 1 1 0.981130689382553 0.990436345338821 0.981130689382553 0.943779021501541 1 1 1 1 1 1 1 1 1 1 1 0.888497829437256 0.900825530290604 0.888497829437256 0.876280695199966 0.774507999420166 0.774507999420166 0.79918184876442 0.68301759660244 0.390967052429914 0.653792306780815
0.513414897024632 0.375175066292286 0.306331545114517 0.180087715387344 0.149296090006828 0.149443507194519 0.192562833428383 0.0220571979880333 0.0220571979880333 0.0623571909964085 0.0220571979880333 0.0220571979880333 0.0746296122670174 0.118191197514534 0.0466020479798317 0.0867914780974388 0.204908967018127 0.217457801103592 0.217457801103592 0.306331545114517 0.31602418422699 0.398595854640007 0.575163997709751 0.830139309167862 0.81602418422699 0.833290338516235 1 1 1 1 0.950689166784286 1 1 1 0.990436345338821 1 1 0.909836381673813 1 1 1 1 1 1 1 1 1 1 1 0.8082295358181 0.848382115364075 0.848382115364075 1 1 0.81209921836853 0.770675182342529 0.739662408828735 0.712242931127548 0.35332054272294
0.559445708990097 0.454503584653139 0.31602418422699 0.318880376406014 0.192433848977089 0.217457801103592 0.204908967018127 0.204908967018127 0.0405395440757275 0.0125672584399581 0.0220571979880333 0.0125672584399581 0.105845063924789 0.183257162570953 0.217457801103592 0.204908967018127 0.19258126616478 0.204908967018127 0.306331545114517 0.306331545114517 0.31602418422699 0.454411439597607 0.638589963316917 0.885531067848206 1 0.935118287801743 1 1 1 0.987782865762711 0.925757348537445 1 1 0.990436345338821 0.990436345338821 1 0.956438422203064 0.847516030073166 1 1 1 1 1 1 1 1 1 0.9874327480793 0.729398533701897 0.63650768995285 0.608682841062546 0.754072368144989 0.987727582454681 0.987727582454681 1 0.661771208047867 0.609991148114204 0.480559453368187 0.449657261371613
0.621010541915894 0.528322413563728 0.429184785112739 0.31602418422699 0.306331545114517 0.217457801103592 0.217457801103592 0.192562833428383 0.204908967018127 0.0220571979880333 0.0125672584399581 0.133356675505638 0.217457801103592 0.230006632395089 0.279612295329571 0.217457801103592 0.217457801103592 0.306331545114517 0.325514122843742 0.31602418422699 0.334432810544968 0.463717095553875 0.695068910717964 0.938453614711761 1 0.962851047515869 1 1 1 0.987782865762711 0.925757348537445 1 1 0.981130689382553 0.922164082527161 0.781934082508087 1 1 1 1 1 1 1 1 1 1 1 1 0.713569700717926 0.42115057259798 0.391354005783796 0.372429430484772 0.925812631845474 0.759139835834503 0.771504372358322 0.777566879987717 0.497751899063587 0.40663006901741 0.381882518529892
0.513507053256035 0.608756542205811 0.516510650515556 0.488409392535686 0.31602418422699 0.266897618770599 0.217457801103592 0.204908967018127 0.217457801103592 0.0719208344817162 0.0125672584399581 0.121047392487526 0.230006632395089 0.217457801103592 0.226947739720345 0.35564237087965 0.372282017022371 0.362902637571096 0.353560099378228 0.334432810544968 0.435542123392224 0.611059926450253 0.885531067848206 1 1 1 1 1 0.987782865762711 0.975307732820511 0.96294316649437 1 1 0.915880441665649 0.797744542360306 0.791276603937149 1 1 1 1 1 1 1 1 1 1 1 1 0.614450506865978 0.344880968332291 0.334893498569727 0.325514122843742 0.702808290719986 0.731056973338127 0.743532106280327 0.712371930480003 0.416893944144249 0.325514122843742 0.334893498569727
0.736456111073494 0.61951794475317 0.537701778113842 0.491136573255062 0.352307081222534 0.31602418422699 0.180087715387344 0.217457801103592 0.242573890835047 0.0935726389288902 0.0869020447134972 0.183257162570953 0.295275300741196 0.353209998458624 -9999 -9999 0.436850436031818 0.485884875059128 0.482365295290947 0.50105033069849 0.638700529932976 0.876096397638321 0.901065081357956 1 1 1 1 1 0.987782865762711 0.96294316649437 0.96294316649437 1 0.947040617465973 0.832240015268326 0.788346737623215 0.981130689382553 1 1 1 1 1 1 1 1 1 1 1 1 0.685560554265976 0.334893498569727 0.31602418422699 0.31602418422699 0.59156408905983 0.509342522360384 0.51883246190846 0.51883246190846 0.509342522360384 0.31602418422699 0.325514122843742
0.791829437017441 0.638460978865623 0.528138129040599 0.426015317440033 0.388958513736725 0.31602418422699 0.204908967018127 0.217457801103592 0.217457801103592 0.142938748002052 0.142938748002052 0.217457801103592 0.313702367246151 0.353725962340832 -9999 -9999 0.426052183844149 0.565268665552139 0.666543826460838 0.84854793548584 0.913429647684097 1 1 1 1 1 1 1 1 0.96294316649437 0.950375914573669 1 0.937550663948059 0.757149696350098 0.713256418704987 1 1 1 1 1 1 1 1 1 1 1 1 1 0.710363388061523 0.34418073669076 0.31602418422699 0.31602418422699 0.30354905128479 0.5 0.5 0.5 0.5 0.31602418422699 0.306147277355194
0.736456111073494 0.629192158579826 0.537701778113842 0.416709661483765 0.334432810544968 0.306331545114517 0.217457801103592 0.217457801103592 0.205111667513847 0.142938748002052 0.142846614122391 0.230006632395089 0.217457801103592 0.34399645216763 0.379800260066986 0.445105770602822 0.426236467435956 0.582866527140141 0.8105328977108 0.888497829437256 1 1 1 1 1 1 1 0.987782865762711 0.96294316649437 0.925757348537445 1 0.778783082962036 0.732346892356873 0.750442266464233 0.632822304964066 1 1 1 1 1 1 1 1 1 1 1 1 1 0.734981939196587 0.334893498569727 0.31602418422699 0.325514122843742 0.30354905128479 0.407404005527496 0.5 0.5 0.417796850204468 0.192433848977089 0.217457801103592
0.709700003266335 0.581097513437271 0.509932190179825 0.314918540418148 -9999 -9999 0.217457801103592 0.217457801103592 0.192562833428383 0.0719208344817162 0.0250423830002546 0.230006632395089 0.304838947951794 0.353725962340832 0.379800260066986 0.407404005527496 0.435542123392224 0.601772680878639 0.726542338728905 0.86710399389267 1 1 1 1 1 1 1 0.975215584039688 1 1 1 0.956438422203064 0.737893432378769 0.757315546274185 0.700928717851639 1 1 1 1 1 1 1 1 1 1 1 1 1 0.722709521651268 0.334893498569727 0.31602418422699 0.31602418422699 0.31602418422699 0.31602418422699 0.352878302335739 0.247622907161713 0.189374953508377 0.217457801103592 0.208152130246162
0.700541749596596 0.556257832795382 0.481554508209229 0.29625192284584 0.306331545114517 0.217457801103592 0.217457801103592 0.204908967018127 0.118264906108379 0.0719208344817162 0.0125672584399581 0.204908967018127 0.304838947951794 0.362902637571096 0.416709661483765 0.407404005527496 0.546841602772474 0.648448437452316 0.829807609319687 0.888497829437256 1 1 1 1 1 1 1 0.962869465351105 1 1 1 0.944110721349716 0.738077700138092 0.675978481769562 0.835169911384583 1 1 1 1 1 1 1 1 1 1 1 1 0.990823328495026 0.505306996405125 0.334893498569727 0.31602418422699 0.31602418422699 0.31602418422699 0.175609931349754 0.286319732666016 0.217457801103592 0.208152130246162 0.179977148771286 0.120899975299835
0.707470327615738 0.556257832795382 0.34397803992033 0.29625192284584 0.217457801103592 0.19258126616478 0.204908967018127 0.204908967018127 0.127607434988022 0.0250423830002546 0.0744269192218781 0.11820962280035 0.289212793111801 0.344420293346047 0.444423973560333 0.389087498188019 0.416709661483765 0.61951794475317 0.736456111073494 0.913392782211304 1 1 1 1 1 1 1 0.925720512866974 1 1 1 0.750423818826675 0.543119326233864 0.438656285405159 1 1 1 1 1 1 1 1 1 1 1 1 1 1 0.454319301992655 0.359641049057245 0.31602418422699 0.31602418422699 0.31602418422699 0.195584878325462 0.24743863940239 0.217457801103592 0.217457801103592 0.189374953508377 0.0836957320570946
0.830139309167862 0.645297408103943 0.482144165784121 0.334856646135449 0.217457801103592 0.217457801103592 0.183257162570953 0.155211180448532 0.0466757565736771 0.108756542205811 0.13993513584137 0.217457801103592 0.344696693122387 0.427102524787188 0.537701778113842 0.556110415607691 0.638460978865623 0.668884053826332 0.32472175359726 0.74633301794529 1 1 1 1 1 1 1 1 1 1 1 0.750423818826675 0.675978481769562 0.703287392854691 1 1 1 1 1 1 1 1 1 1 1 1 1 0.900512278079987 0.438748445361853 0.334893498569727 0.313038989901543 0.31602418422699 0.31602418422699 0.256947010755539 0.276627123355865 0.170413509011269 0.179977148771286 0.167704731225967 0.142791330814362
0.866790741682053 -9999 -9999 0.334230110049248 0.217457801103592 0.217457801103592 0.192562833428383 0.192562833428383 0.142938748002052 0.204908967018127 0.217457801103592 0.236290263012052 0.390395820140839 0.485682182013988 0.584211692214012 0.647858768701553 0.745264247059822 0.773218095302582 0.716739147901535 0.829623341560364 0.938048213720322 1 1 1 1 1 1 1 1 1 0.816171586513519 0.77233362197876 0.675978481769562 0.872650563716888 1 1 1 1 1 1 1 1 1 1 1 0.863823980093002 0.832313716411591 0.731056973338127 0.429921861737967 0.325514122843742 0.325514122843742 0.31602418422699 0.276627123355865 0.24743863940239 0.207949429750443 0.170413509011269 0.151931151747704 0.142791330814362 0.142791330814362
0.857779920101166 0.638811081647873 0.546878453344107 0.306331545114517 0.217457801103592 0.217457801103592 0.192562833428383 0.13993513584137 0.155100613832474 0.170929461717606 0.204908967018127 0.217457801103592 -9999 -9999 0.528396109119058 0.620218180119991 0.848621666431427 0.857835173606873 1 1 1 1 1 1 1 1 1 1 1 1 0.70968160033226 0.825735241174698 0.715854644775391 1 1 1 1 1 1 1 1 1 1 1 1 0.854518324136734 0.844586133956909 0.721751302480698 0.416893944144249 0.30354905128479 0.31602418422699 0.214767456054688 0.181598737835884 0.139382317662239 0.170413509011269 0.120660424232483 0.120881550014019 0.120881550014019 0.142791330814362
0.860930949449539 0.648098319768906 0.437440104782581 0.399388216435909 0.217457801103592 0.18327559530735 0.13993513584137 0.142772898077965 0.0867914780974388 0.170929461717606 0.217457801103592 0.217457801103592 0.31582148373127 0.482568003237247 0.541202932596207 0.647858768701553 0.857835173606873 0.928871512413025 1 1 1 1 1 1 1 1 1 1 1 1 0.863160610198975 0.619904905557632 0.922348350286484 1 1 1 1 1 1 1 1 1 1 0.9874327480793 0.919639557600021 0.931138068437576 0.731056973338127 0.705940887331963 0.577172547578812 0.31602418422699 0.239588707685471 0.205461785197258 0.130039796233177 0.161236822605133 0.151931151747704 0.0865335017442703 0.0836957320570946 0.0468600280582905 0.102196507155895
0.833271920681 0.638460978865623 0.435449998825788 0.435836967080832 0.217457801103592 0.217457801103592 0.170929461717606 0.152281269431114 0.0125672584399581 0.0744269192218781 0.164498418569565 0.204908967018127 0.217457801103592 0.352786183357239 0.519440546631813 0.709700003266335 0.925978481769562 0.987727582454681 0.9874327480793 1 1 1 1 1 1 1 1 1 1 1 0.956438422203064 0.567461490631104 1 1 1 1 1 1 1 1 1 1 1 1 0.987727582454681 0.952863574028015 0.665898874402046 0.582221567630768 0.59156408905983 0.29098179936409 0.31602418422699 0.30651581287384 0.190904393792152 0.179977148771286 0.145500108599663 0.0865335017442703 0.0742057934403419 0.0468600280582905 0.0437458530068398
0.826361745595932 0.629081591963768 0.537701778113842 0.408564891666174 0.217457801103592 0.217457801103592 0.18327559530735 0.192562833428383 0.0714417323470116 0.11820962280035 0.217457801103592 0.217457801103592 0.353209998458624 0.426549728959799 0.556257832795382 0.64787720143795 0.820262402296066 1 1 1 1 1 1 1 1 1 1 1 1 1 0.900328010320663 0.696395665407181 1 1 1 1 1 1 1 1 1 1 1 1 1 0.677839607000351 0.371121108531952 0.287941336631775 0.573394998908043 0.334451228380203 0.490768045186996 0.5 0.286319732666016 0.217457801103592 0.179977148771286 0.0619333684444427 0.0619333684444427 0.0468600280582905 0.102196507155895
0.629081591963768 0.546546768397093 0.325514122843742 0.435836967080832 0.217457801103592 0.204908967018127 0.18327559530735 0.174006775021553 0.155100613832474 0.18327559530735 0.217457801103592 0.334469674155116 0.362902637571096 0.509545233100653 0.547081153839827 0.592651285231113 0.675904765725136 0.978458762168884 1 1 1 1 1 1 1 0.975068181753159 1 1 1 1 0.888000309467316 0.600593358278275 1 1 1 1 1 1 1 1 1 1 1 1 0.971677601337433 0.519329991191626 0.306478947401047 0.287941336631775 0.5 0.43528413772583 0.444423973560333 0.435560554265976 0.28670671582222 0.217457801103592 0.179977148771286 0.108295865356922 0.0619333684444427 0.037388514727354 0.102343924343586
0.573118597269058 0.537701778113842 0.334690801799297 0.2361244186759 0.204908967018127 0.204908967018127 0.18327559530735 0.099100761115551 0.164498418569565 0.158564895391464 0.217457801103592 0.31582148373127 0.44514261931181 0.537701778113842 0.547081153839827 0.638460978865623 0.745688065886497 0.987727582454681 1 1 1 1 1 1 0.987635433673859 0.925757348537445 1 1 1 1 1 0.813849776983261 1 1 1 1 1 1 1 1 1 1 1 1 0.84196949005127 0.509987469762564 0.40753298997879 0.5 0.5 0.5 0.5 0.463661819696426 0.217457801103592 0.217457801103592 0.142588630318642 0.108295865356922 0.0619333684444427 0.0250423830002546 0.0900714993476868
0.5 0.51883246190846 0.334690801799297 0.306331545114517 0.217457801103592 0.217457801103592 0.164498418569565 0.130260929465294 0.183128178119659 0.217457801103592 0.306331545114517 0.344162313267589 0.537701778113842 0.556257832795382 0.676531285047531 0.776737660169601 0.819746434688568 0.888497829437256 1 1 1 1 1 1 1 1 1 1 1 1 1 1 1 1 1 1 1 1 1 1 1 1 1 0.919897556304932 0.727205723524094 0.723686143755913 0.546067662537098 0.564273603260517 0.5 0.5 0.490768045186996 0.334432810544968 0.267284601926804 0.189374953508377 0.108295865356922 0.0988059267401695 0.0619333684444427 0.0373700894415379 0.102343924343586
0.472285687923431 0.43519201874733 0.325514122843742 0.217457801103592 0.19258126616478 0.170800477266312 0.108332715928555 0.170782044529915 0.217457801103592 0.204908967018127 0.31602418422699 0.47226725704968 0.556257832795382 0.583714157342911 0.950523316860199 0.913392782211304 0.86710399389267 0.987727582454681 1 1 1 1 1 1 1 1 1 1 1 1 1 1 1 1 1 1 1 1 1 1 1 1 1 0.925536215305328 0.688508883118629 0.780054539442062 0.582221567630768 0.59156408905983 0.5 0.5 0.426291733980179 0.269366860389709 0.210473939776421 0.170413509011269 0.108295865356922 0.0988059267401695 0.0619333684444427 0.0373700894415379 0.059206161648035
0.45343479514122 0.425886332988739 0.31602418422699 0.217457801103592 0.217457801103592 0.108332715928555 0.170782044529915 0.217457801103592 0.306331545114517 0.31602418422699 0.361594319343567 0.537701778113842 0.556257832795382 0.695105776190758 0.963035315275192 1 0.9874327480793 1 1 1 1 1 1 1 1 1 1 1 1 1 1 1 1 1 1 1 1 1 1 1 1 1 1 0.900880813598633 0.678816244006157 0.667907416820526 0.582221567630768 0.59156408905983 0.509342522360384 0.5 0.398522138595581 0.324924439191818 0.248120442032814 0.207949429750443 0.179977148771286 0.0988059267401695 0.0742610767483711 0.0865335017442703 0.102343924343586
0.31582148373127 0.266897618770599 0.217457801103592 0.217457801103592 0.18327559530735 0.102141223847866 0.217457801103592 0.217457801103592 0.306331545114517 0.334432810544968 0.491136573255062 0.575163997709751 0.666672810912132 0.91975012421608 1 1 1 1 1 1 1 1 1 1 1 1 1 1 1 1 1 1 1 1 1 1 1 1 1 1 1 1 1 0.863639712333679 0.639916703104973 0.677839607000351 0.600722342729568 0.600722342729568 0.573616124689579 0.509342522360384 0.5 0.5 0.490841746330261 0.371286958456039 0.217457801103592 0.145500108599663 0.108295865356922 0.157864674925804 0.179977148771286
0.217457801103592 0.217457801103592 0.217457801103592 0.217457801103592 0.102141223847866 0.18327559530735 0.217457801103592 0.306331545114517 0.328351891599596 0.426402298733592 0.482144165784121 0.556257832795382 0.547081153839827 0.963035315275192 0.925591498613358 0.9874327480793 1 1 1 1 1 1 1 1 1 1 1 1 1 1 1 1 1 1 1 1 1 1 1 1 1 1 1 0.900880813598633 0.678484559059143 0.727205723524094 0.741247147321701 0.749889433383942 0.759250372648239 0.638018727302551 0.555373333394527 0.5 0.5 0.490841746330261 0.204908967018127 0.155063763260841 0.127017766237259 0.145500108599663 0.167428314685822
0.102141223847866 0.155100613832474 0.13993513584137 0.102141223847866 0.0959681570529938 0.164498418569565 0.204908967018127 0.217457801103592 0.306331545114517 0.31602418422699 0.426678709685802 0.537701778113842 0.537701778113842 0.695068910717964 0.987727582454681 0.987727582454681 1 1 1 1 1 1 1 1 1 1 1 1 1 1 1 1 1 1 1 1 1 1 1 1 1 1 1 0.978256076574326 0.73702734708786 0.727205723524094 0.819801717996597 0.793211460113525 0.879468560218811 0.752321809530258 0.693576321005821 0.546086091548204 0.5 0.5 0.490841746330261 0.207949429750443 0.157864674925804 0.136323437094688 0.209663152694702
0.208152130246162 0.198883324861526 0.195603296160698 0.149296090006828 0.155100613832474 0.108332715928555 0.189374953508377 0.217457801103592 0.306331545114517 0.31602418422699 0.344420293346047 0.507389262318611 0.547375977039337 0.642680764198303 0.901286214590073 0.987727582454681 1 1 0.987653851509094 1 1 1 1 1 1 1 1 1 1 1 1 1 0.987727582454681 1 1 1 1 1 1 1 1 1 1 0.965983629226685 0.786743581295013 0.688582584261894 0.829107403755188 0.819801717996597 0.962648332118988 0.923748791217804 0.789710313081741 0.656759053468704 0.509342522360384 0.5 0.5 0.399554073810577 0.238169819116592 0.287849187850952 0.4270840883255
