data-raw/DATASET_PNE_1/DATASET_PNE/a_DATA/PFGS/ENVSUIT_A1B/HS_f30_C2_VaccUli.asc
NCOLS 619 
NROWS 782 
XLLCORNER 876826 
YLLCORNER 1947424 
CELLSIZE 100 
NODATA_value -9999 
[rows 360 to 389 of 782, columns 272 to 339 of 619]
1 1 1 1 1 1 1 1 1 1 1 1 1 1 0.935600425079702 1 1 1 1 1 1 1 1 1 1 1 1 1 1 1 1 1 1 1 1 1 1 1 1 1 1 1 1 1 1 1 1 1 1 1 1 1 1 1 1 1 1 1 1 1 1 1 1 1 1 1 1 1
0.978776377713678 1 1 1 1 1 1 1 1 1 1 1 1 1 1 1 1 1 1 1 1 1 1 1 1 1 1 1 1 1 1 1 1 1 1 1 1 1 1 1 1 1 1 1 1 1 1 1 1 1 1 1 1 1 1 1 1 1 1 1 1 1 1 1 1 1 1 1
1 1 1 1 1 1 1 1 1 0.978351298011234 1 1 1 1 0.978381660847123 1 1 0.978351298011234 1 1 1 1 1 1 1 1 1 1 1 1 1 1 1 1 1 1 1 1 1 1 1 1 1 1 1 1 1 1 1 1 1 1 1 1 1 1 1 1 1 1 1 1 1 1 1 1 1 1
1 1 1 1 1 1 0.978381660847123 1 0.978381660847123 1 1 1 1 1 1 1 1 1 1 1 1 1 1 1 1 1 1 1 1 1 1 1 1 1 1 1 1 1 1 1 1 1 1 1 1 1 1 0.978320935175345 1 1 1 1 1 1 1 1 1 1 1 1 1 1 1 1 1 0.978685289206012 0.978685289206012 0.978685289206012
1 1 1 1 1 1 1 0.913982085926826 0.956824047366024 0.957066950053135 1 1 0.978685289206012 0.956824047366024 1 1 1 1 1 1 1 1 1 1 1 1 1 1 1 1 1 1 1 1 1 1 0.978381660847123 0.978381660847123 1 1 1 1 1 1 1 0.95667223318658 1 1 1 1 1 1 1 1 1 1 1 1 1 0.978685289206012 0.957066950053135 0.957066950053135 0.978685289206012 0.978685289206012 0.957066950053135 0.957066950053135 0.957066950053135 1
1 1 1 1 1 1 0.956702596022468 1 0.978381660847123 0.957066950053135 0.978685289206012 0.978685289206012 0.978381660847123 0.957158038560802 0.914103537270381 0.978685289206012 0.978685289206012 1 1 1 1 1 1 1 1 1 1 1 1 1 1 1 1 1 0.957097312889024 0.978381660847123 0.935509336572036 0.957066950053135 0.93566115075148 1 1 1 1 1 1 0.978685289206012 1 0.978685289206012 1 0.978351298011234 1 1 -9999 0.914073174434492 1 0.914103537270381 1 1 0.913830271747381 0.978685289206012 1 0.978685289206012 1 0.978685289206012 0.957066950053135 1 1 1
1 1 1 1 1 1 0.978381660847123 0.892576286625171 1 1 0.978685289206012 0.978685289206012 0.935600425079702 0.978381660847123 0.957066950053135 0.978381660847123 0.978685289206012 1 1 1 1 1 0.978320935175345 1 0.978320935175345 1 1 1 1 1 1 1 1 1 0.913890997419159 0.978685289206012 0.956793684530135 0.978381660847123 0.978320935175345 1 1 1 1 1 1 0.978381660847123 0.978381660847123 0.978685289206012 0.978685289206012 0.957066950053135 0.957066950053135 0.957066950053135 0.978685289206012 0.957006224381357 0.870957947472294 0.870957947472294 0.978685289206012 0.978685289206012 0.957066950053135 0.978685289206012 1 1 1 1 1 1 0.935812964930925 0.957370578412024
1 1 1 1 1 1 0.978381660847123 0.850037953544861 0.957066950053135 1 0.956793684530135 1 0.957066950053135 0.957097312889024 1 1 1 0.956702596022468 1 1 0.978351298011234 1 1 1 1 1 1 1 1 1 1 1 1 0.956702596022468 0.93566115075148 1 1 1 0.956824047366024 0.978685289206012 0.978685289206012 0.978685289206012 0.957066950053135 0.93538788522848 0.978381660847123 1 1 1 0.978685289206012 0.978685289206012 1 -9999 1 0.957066950053135 0.957066950053135 0.957066950053135 0.957066950053135 1 0.978685289206012 1 1 1 1 1 1 0.956975861545468 0.914194625778048 0.935418248064369
1 1 1 1 1 1 0.978685289206012 0.914437528465159 0.871352664338849 0.978381660847123 0.957006224381357 0.978412023683012 0.957097312889024 0.978412023683012 0.978412023683012 1 0.913982085926826 0.978685289206012 1 1 1 1 1 1 1 0.935570062243813 1 1 1 1 1 1 0.956702596022468 0.93566115075148 1 0.957006224381357 0.957006224381357 0.978412023683012 0.978685289206012 0.892758463640504 0.892758463640504 0.93538788522848 1 1 1 1 0.978594200698345 0.957006224381357 0.957006224381357 -9999 -9999 0.978381660847123 1 -9999 -9999 -9999 1 1 1 1 0.978594200698345 0.957006224381357 0.935448610900258 0.957036587217246 0.978594200698345 0.914164262942159 0.978594200698345 0.892545923789282
1 1 1 1 1 1 0.849552148170639 0.978381660847123 0.871717018369516 0.956975861545468 0.935357522392591 0.828176711704873 0.913982085926826 0.870897221800516 0.806862000910885 0.892728100804615 0.978685289206012 0.978381660847123 1 1 1 1 1 1 0.956702596022468 0.978381660847123 0.957279489904357 1 1 0.978351298011234 0.978776377713678 0.957097312889024 0.978776377713678 0.978381660847123 0.978381660847123 0.957006224381357 0.957006224381357 0.957006224381357 0.978412023683012 1 0.957066950053135 0.978381660847123 0.978381660847123 0.956975861545468 0.956793684530135 1 0.978412023683012 0.935539699407925 1 -9999 -9999 -9999 -9999 -9999 1 1 0.978594200698345 1 0.978594200698345 0.870927584636405 0.91413390010627 0.978412023683012 0.978412023683012 0.978412023683012 0.935357522392591 0.935357522392591 0.892576286625171 0.935357522392591
0.978685289206012 1 1 0.978351298011234 1 1 0.849552148170639 0.935478973736147 0.93566115075148 0.978381660847123 0.828176711704873 0.806862000910885 0.849400333991195 0.849855776529528 0.806862000910885 0.828085623197207 1 1 0.935478973736147 0.978381660847123 1 1 0.978381660847123 0.93566115075148 0.978381660847123 0.978381660847123 0.978381660847123 0.892758463640504 0.978381660847123 0.935570062243813 0.956884773037802 1 0.957066950053135 0.978412023683012 0.978412023683012 0.870897221800516 0.828176711704873 0.849400333991195 0.870897221800516 0.893001366327615 0.957218764232579 0.935812964930925 0.806892363746774 0.785243661758008 -9999 -9999 -9999 -9999 -9999 -9999 -9999 -9999 -9999 -9999 -9999 -9999 -9999 -9999 -9999 0.956763321694246 0.956763321694246 0.978351298011234 0.978351298011234 0.935357522392591 0.935357522392591 0.935357522392591 0.91413390010627 0.91413390010627
0.957097312889024 0.935205708213147 0.978776377713678 0.957097312889024 0.978381660847123 0.978381660847123 0.978685289206012 0.957066950053135 0.892758463640504 0.978381660847123 0.806558372551996 0.892576286625171 0.828176711704873 0.849400333991195 0.828085623197207 0.828176711704873 1 0.978381660847123 1 0.93566115075148 0.93538788522848 0.935478973736147 0.93566115075148 0.956884773037802 1 0.956975861545468 0.978381660847123 0.978381660847123 0.978685289206012 0.913982085926826 0.978381660847123 0.978381660847123 1 0.892545923789282 0.849400333991195 0.892303021102171 0.849400333991195 0.849400333991195 0.91386063458327 -9999 -9999 -9999 -9999 -9999 -9999 -9999 0.828176711704873 0.849855776529528 0.956945498709579 0.956945498709579 1 0.849582511006528 0.806862000910885 0.828176711704873 0.828176711704873 0.871504478518293 0.978594200698345 0.978594200698345 0.978594200698345 1 0.913708820403826 0.849400333991195 0.957006224381357 0.892303021102171 0.91386063458327 0.871079398815849 0.892303021102171 0.870957947472294
1 1 1 0.978685289206012 0.871079398815849 0.978381660847123 0.914073174434492 0.978381660847123 0.957066950053135 0.89233338393806 0.849673599514195 0.957097312889024 0.828176711704873 0.828176711704873 0.828176711704873 0.806862000910885 0.849400333991195 1 0.978381660847123 0.978381660847123 0.978381660847123 0.978381660847123 0.978381660847123 0.978381660847123 0.978381660847123 0.936146956125702 0.956763321694246 0.956975861545468 1 0.956793684530135 0.978412023683012 0.978412023683012 0.870897221800516 0.870897221800516 0.870897221800516 0.978351298011234 -9999 -9999 -9999 -9999 -9999 -9999 -9999 0.849461059662972 0.935539699407925 0.870411416426294 0.915166236526492 0.915166236526492 1 1 1 0.978503112190679 0.978503112190679 0.978503112190679 0.978503112190679 0.978442386518901 0.956945498709579 0.978503112190679 0.978503112190679 0.978503112190679 0.806862000910885 0.806862000910885 0.828176711704873 0.91386063458327 0.91386063458327 0.935357522392591 0.978351298011234 0.91413390010627
0.935357522392591 0.913739183239715 1 0.978412023683012 0.956793684530135 1 0.978381660847123 1 0.978412023683012 0.849582511006528 0.892454835281615 0.914042811598603 0.935205708213147 0.785243661758008 0.828176711704873 0.828176711704873 0.849491422498861 0.849400333991195 0.870897221800516 0.914316077121603 0.849886139365417 0.957006224381357 0.892545923789282 0.892545923789282 0.785243661758008 0.849400333991195 0.871079398815849 1 0.957370578412024 0.892485198117504 0.849400333991195 0.870897221800516 0.892454835281615 0.935448610900258 0.914194625778048 0.871049035979961 -9999 -9999 0.913890997419159 0.956945498709579 0.956945498709579 0.914073174434492 0.956945498709579 0.807742523151662 0.769454987095795 0.749567329588584 0.671747381205404 0.52840443297404 0.0585395475937453 0.550053134962806 0.691847578563838 0.818551692728101 0.779019280400789 0.735964779110369 0.860270229239411 1 1 1 1 0.978503112190679 1 1 0.806862000910885 0.806862000910885 0.935509336572036 0.978351298011234 0.828024897525429 0.978351298011234
0.849400333991195 0.828085623197207 0.806862000910885 0.849400333991195 0.849400333991195 0.978412023683012 0.978412023683012 0.870897221800516 0.892303021102171 0.871261575831183 0.913799908911492 0.892545923789282 0.956763321694246 0.785243661758008 0.785243661758008 0.913769546075603 0.956945498709579 0.892667375132837 0.849400333991195 0.870897221800516 0.785243661758008 0.785243661758008 0.806558372551996 0.849734325185972 0.828176711704873 0.892485198117504 0.828176711704873 0.892485198117504 0.828449977227873 0.828176711704873 0.914224988613936 0.893001366327615 0.892545923789282 0.914285714285714 0.956945498709579 0.978442386518901 1 0.871018673144072 0.62665856991043 0.526977379687263 0.546531045999696 0.609048125094884 0.669621982693184 0.546531045999696 0.487293153180507 0.0974343403673903 0.0196447548201002 0 0 0.0196447548201002 0.253742219523303 0.409108850766662 0.0585395475937453 0.117777440412935 0.487293153180507 0.798694398056778 1 0.872445726430849 0.834310004554425 0.463974495217853 0.712494306968271 0.898831030818278 0.779201457416123 0.397783512980112 0.806862000910885 0.978351298011234 0.935357522392591 0.978776377713678
0.828176711704873 0.828085623197207 0.828449977227873 0.849855776529528 0.892576286625171 0.892576286625171 0.870897221800516 0.870897221800516 0.914042811598603 0.956945498709579 0.871140124487627 0.978351298011234 0.913951723090937 0.978442386518901 0.62665856991043 0.80646728404433 0.871079398815849 0.935357522392591 0.935418248064369 0.956915135873691 0.956915135873691 0.914558979808714 0.914558979808714 0.849855776529528 0.870957947472294 0.892211932594504 0.806862000910885 0.956793684530135 0.93538788522848 0.935539699407925 0.871504478518293 0.871504478518293 1 1 0.978503112190679 0.978442386518901 0.508516775466829 0.0196447548201002 0.0196447548201002 0.0196447548201002 0.0196447548201002 0.0196447548201002 0.0196447548201002 0.0196447548201002 0 0 0 0 0 0.0196447548201002 0.547958099286473 0.860270229239411 1 0.978503112190679 0.978503112190679 1 1 0.892029755579171 0.828176711704873 0.828176711704873 0.806862000910885 0.806862000910885 0.806862000910885 0.785243661758008 0.828085623197207 0.978351298011234 0.978594200698345 1
1 0.978351298011234 0.892303021102171 0.828085623197207 0.892211932594504 0.892303021102171 0.978351298011234 0.935266433884925 0.914042811598603 0.828176711704873 0.892303021102171 0.978442386518901 0.957036587217246 1 0.628571428571429 0.978442386518901 0.978442386518901 0.871170487323516 0.956945498709579 0.978442386518901 0.978442386518901 0.957036587217246 0.892728100804615 0.935448610900258 0.956793684530135 0.871352664338849 0.769910429634128 0.914073174434492 0.914073174434492 0.978442386518901 0.978442386518901 0.978442386518901 1 0.935296796720814 0.628510702899651 0.0196447548201002 0 0 0 0 0.0196447548201002 0.0196447548201002 0 0 0 0 0 0.447882192196751 0.75746166691969 0.978503112190679 0.978442386518901 0.806862000910885 0.806862000910885 0.806862000910885 0.806862000910885 0.956854410201913 0.978351298011234 1 0.978351298011234 0.978351298011234 0.978351298011234 0.978351298011234 1 0.935509336572036 0.849764688021861 0.978351298011234 1 1
0.956824047366024 0.978442386518901 0.978442386518901 0.913769546075603 0.913769546075603 0.978442386518901 0.935448610900258 0.935448610900258 0.935539699407925 0.91386063458327 0.957036587217246 0.935448610900258 1 0.957066950053135 0.978381660847123 0.915044785182936 0.913648094732048 0.789524821618339 0.786488538029452 0.808167602854106 0.791194777592227 0.832822225595871 0.870988310308183 0.914073174434492 0.849673599514195 0.565902535296797 0.565902535296797 0.605434947624108 0.74832245331714 0.95718840139669 0.671777744041293 0.549992409291028 0.117291635038713 0.0196447548201002 0 0.0432974039775315 0.171610748443905 0.0216183391528769 0 0.254228024897525 0.447882192196751 0.447882192196751 0.175163200242903 0.0196447548201002 0.0196447548201002 0.0392287839684227 0.671656292697738 0.956824047366024 0.849400333991195 0.806862000910885 0.785243661758008 0.935873690602702 0.978594200698345 0.978594200698345 1 1 0.957370578412024 0.913739183239715 0.892181569758615 0.91386063458327 1 1 1 0.978351298011234 1 1 1 1
1 0.978381660847123 0.978381660847123 0.978503112190679 0.849461059662972 1 0.978442386518901 0.978442386518901 0.978442386518901 0.956945498709579 0.956824047366024 0.935144982541369 0.935144982541369 0.956702596022468 0.936845301351146 0.450159404888417 0.535630787915591 0.553271595567026 0.571216031577349 0.549901320783361 0.592682556550782 0.653377865492637 0.546014877789586 0.506846819492941 0.447882192196751 0.428571428571429 0.447882192196751 0.428571428571429 0.428571428571429 0.0778806740549567 0.0393502353119781 0.0196447548201002 0 0.0216790648246546 0.0216790648246546 0.0432974039775315 0.0432974039775315 0.0196447548201002 0.331926521937149 0.566206163655685 0.566206163655685 0.585942006983452 0.566206163655685 0.0780932139061788 0.0780932139061788 0.875482010019736 0.956945498709579 0.828176711704873 0.806862000910885 0.935782602095036 0.957370578412024 0.957370578412024 0.978594200698345 1 1 1 1 0.957036587217246 0.935812964930925 0.978594200698345 0.978594200698345 1 0.957370578412024 1 1 1 1 1
1 0.874146045240625 0.978320935175345 1 0.809625018976772 0.809625018976772 0.874146045240625 1 1 0.935509336572036 0.978381660847123 0.978381660847123 0.839350235311978 0.57847274935479 0.0196447548201002 0 0 0.0196447548201002 0.0196447548201002 0.0782450280856232 0.49260664946106 0.428571428571429 0.272111735236071 0.233459845149537 0.311219067860938 0.252649157431304 0.116988006679824 0.0393502353119781 0.0196447548201002 0 0.0212236222863215 0.0216790648246546 0.0216790648246546 0.0216790648246546 0 0 0.0196447548201002 0.62665856991043 0.849400333991195 0.829907393350539 0.726643388492485 0.872354637923182 0.914073174434492 0.914073174434492 0.978442386518901 0.806862000910885 0.785243661758008 0.935873690602702 0.957370578412024 0.978594200698345 1 1 1 1 0.978594200698345 1 1 0.957370578412024 1 0.978594200698345 0.978594200698345 1 0.978594200698345 1 1 1 1 1
0.516320024290269 0.561044481554577 0.49260664946106 0.535509336572036 0.496462729618946 0.461241839987855 0.519842113253378 0.578806740549567 0.722544405647487 0.776650979201457 0.880977683315622 0.641688173675421 0.342735691513587 0 0.0212236222863215 0.0212236222863215 0 0 0 0 0 0 0 0.0196447548201002 0.0393502353119781 0.0196447548201002 0.0196447548201002 0 0 0 0.0212236222863215 0 0 0.0196447548201002 0.428571428571429 0.585942006983452 0.828085623197207 0.849764688021861 0.956854410201913 0.93538788522848 0.892211932594504 0.806862000910885 0.806862000910885 0.806862000910885 0.806862000910885 0.978594200698345 0.957370578412024 1 1 1 1 1 1 1 1 1 1 1 1 1 1 1 1 1 1 1 1 1
0 0 0 0 0 0 0 0 0 0 0 0 0 0 0.0212236222863215 0.0212236222863215 0 0 0 0 0 0 0 0 0 0 0 0 0 0 0.0196447548201002 0.0196447548201002 0.389373007438895 0.566206163655685 0.628783968422651 0.914073174434492 0.849855776529528 0.849734325185972 0.849734325185972 0.785243661758008 0.806862000910885 0.806862000910885 0.871079398815849 0.849855776529528 0.978594200698345 1 1 1 1 0.978685289206012 0.935478973736147 1 1 1 1 1 1 1 1 1 1 1 1 1 1 1 1 1
0 0 0 0 0 0 0 0 0 0 0 0 0 0 0 0 0 0 0 0 0.0216790648246546 0 0 0 0 0 0 0 0.0196447548201002 0.117382723546379 0.448094732047973 0.136602398664035 0.546531045999696 0.748231364809473 0.978442386518901 0.849855776529528 0.849734325185972 0.806558372551996 0.849400333991195 0.957370578412024 0.957370578412024 1 0.978594200698345 0.978594200698345 1 1 0.978381660847123 1 1 0.957066950053135 1 1 1 1 1 0.978685289206012 0.978685289206012 0.93538788522848 1 1 1 1 1 1 1 1 1 1
0 0 0 0 0 0 0 0 0 0 0 0 0 0 0 0 0 0 0 0 0 0 0 0 0 0.0196447548201002 0.0392287839684227 0.0392287839684227 0.272658266282071 0.585942006983452 0.625535144982541 0.728282981630484 0.978442386518901 0.785243661758008 0.828176711704873 0.870988310308183 0.828176711704873 0.849886139365417 0.956884773037802 1 1 0.978594200698345 0.978594200698345 0.978594200698345 0.978594200698345 1 1 1 1 1 1 1 1 1 0.978685289206012 1 1 1 1 1 1 1 1 1 1 1 1 1
0 0 0 0 0 0 0 0 0 0 0 0 0 0 0 0 0.0393502353119781 0.621648701988766 0.678791559131623 0.673781691209959 0.673417337179293 0.612813116745104 0.369181721572795 0.155882799453469 0.487293153180507 0.587247608926674 0.566266889327463 0.849764688021861 0.978442386518901 0.978442386518901 0.806862000910885 0.892637012296948 0.849855776529528 0.828176711704873 0.849400333991195 0.849400333991195 0.978412023683012 0.978381660847123 1 1 1 1 0.978594200698345 0.957370578412024 0.957370578412024 0.978594200698345 1 1 1 1 1 1 1 1 1 1 1 1 1 1 1 1 1 1 1 1 1 1
0.330712008501594 0.330712008501594 0.35020494914225 0.213875816001215 0.0389251556095339 0 0 0 0 0 0 0 0 0 0 0.272111735236071 0.978320935175345 0.956824047366024 1 1 0.956945498709579 0.871140124487627 0.871140124487627 1 0.935630787915591 0.978442386518901 0.978442386518901 0.935539699407925 0.871504478518293 0.849855776529528 0.806862000910885 0.913982085926826 0.849400333991195 0.87080613329285 0.893001366327615 0.978594200698345 1 1 1 0.957066950053135 0.957066950053135 1 1 1 0.978594200698345 0.935782602095036 0.957370578412024 1 0.957066950053135 0.93538788522848 0.913739183239715 1 1 1 1 1 1 1 1 1 1 1 1 1 0.913557006224381 0.957006224381357 1 1
0.408987399423106 0.492879914984059 0.408987399423106 0.408987399423106 0.389342644603006 0.408987399423106 0.451707909518749 -9999 -9999 -9999 0 0 0 0 0.0778806740549567 0.553271595567026 0.978381660847123 0.956763321694246 0.978381660847123 0.935448610900258 0.892728100804615 0.871504478518293 0.978442386518901 0.892637012296948 0.870988310308183 0.870988310308183 0.870988310308183 0.893001366327615 0.892485198117504 0.870897221800516 0.828176711704873 0.828176711704873 0.95718840139669 1 0.956793684530135 1 1 1 0.957066950053135 0.978685289206012 0.978685289206012 0.978776377713678 1 1 0.978381660847123 0.914224988613936 0.935752239259147 1 1 0.978685289206012 0.935357522392591 1 1 1 1 1 1 1 1 1 1 1 1 0.89260664946106 0.935691513587369 0.978594200698345 1 1
0.935327159556703 0.978320935175345 0.892515560953393 0.608805222407773 0.471109761651738 0.514619705480492 0.577015333232124 0.53162289357826 0.514619705480492 -9999 0.408987399423106 0.389342644603006 0 0.0393502353119781 0.0589342644603006 0.52974039775315 0.978381660847123 0.849430696827084 0.935448610900258 0.913769546075603 0.914224988613936 0.914224988613936 0.935691513587369 0.935570062243813 0.913890997419159 0.913890997419159 0.870897221800516 0.806862000910885 0.828085623197207 0.870897221800516 0.892545923789282 1 0.957370578412024 1 1 1 1 0.978685289206012 0.978685289206012 1 0.978320935175345 1 1 1 1 0.956975861545468 0.935752239259147 0.957370578412024 1 0.978685289206012 0.978685289206012 1 1 1 1 1 1 1 1 1 1 1 0.892576286625171 0.871018673144072 0.978320935175345 1 1 1
0.956945498709579 0.935327159556703 0.935570062243813 0.978381660847123 1 1 1 1 0.877060877485957 0.569181721572795 0.428571428571429 0.408987399423106 0.516350387126158 0.516350387126158 0.36957643843935 0.508516775466829 0.849552148170639 0.913769546075603 0.978351298011234 0.870897221800516 0.849400333991195 0.849400333991195 0.806862000910885 0.849400333991195 0.849400333991195 0.935266433884925 0.978351298011234 0.935266433884925 1 0.978412023683012 1 0.956793684530135 1 1 1 0.978776377713678 0.978685289206012 1 0.935448610900258 1 1 1 0.978685289206012 1 1 0.978594200698345 0.957370578412024 0.935812964930925 1 1 0.978685289206012 0.956824047366024 1 1 1 1 1 1 1 1 1 1 1 0.914103537270381 1 1 1 1
0.978503112190679 0.978442386518901 0.956824047366024 0.956824047366024 0.956824047366024 0.956824047366024 0.978381660847123 0.935327159556703 0.935327159556703 0.957036587217246 0.693335357522393 0.553180507059359 0.553241232731137 0.53593441627448 0.711279793532716 0.751389099741916 0.785243661758008 0.956793684530135 0.978320935175345 0.849400333991195 0.978412023683012 0.870897221800516 0.806862000910885 0.956763321694246 0.935357522392591 0.957006224381357 0.957006224381357 0.978412023683012 0.956793684530135 0.978412023683012 0.978381660847123 1 0.978381660847123 1 0.978685289206012 0.957036587217246 1 1 1 1 1 1 1 0.978685289206012 1 1 1 1 1 1 0.978685289206012 1 1 1 1 1 1 1 1 1 1 1 1 1 1 1 1 1
