data-raw/DATASET_PNE_1/DATASET_PNE/a_DATA/PFGS/ENVSUIT_A1B/HS_f60_H1_alpines.asc
NCOLS 619 
NROWS 782 
XLLCORNER 876826 
YLLCORNER 1947424 
CELLSIZE 100 
NODATA_value -9999 
[rows 384 to 415 of 782, columns 355 to 425 of 619]
0.744267011940728 0.60503524672709 0.583196662350741 0.48597324126025 0.310286289742483 0.388951230038843 0.135232340670407 0 0.0196806214933103 0.407365846640771 0.466465256797583 0 0 0 0 0.135232340670407 0.193583657027766 0.290605668249173 0.504589267731262 0.563544813695871 0.563544813695871 0.583196662350741 0.583196662350741 0.583196662350741 0.682923320385556 0.682923320385556 0.682923320385556 0.742339231765214 0.781786793267156 0.781786793267156 0.803539059128183 0.803539059128183 0.956150194216659 0.978190188462092 1 1 0.978190188462092 1 1 1 1 1 1 1 1 1 -9999 -9999 -9999 1 1 1 1 1 1 1 1 1 1 1 1 1 1 1 1 1 0.825377643504532 0.682923320385556 0.563544813695871 0.446525679758308 0.251733563516041
0.60503524672709 0.60503524672709 0.563544813695871 0.368839015968925 0.0582937706804776 0.193583657027766 0.173960581211337 0 0 0.446986045173356 0.583196662350741 0 0 0 0 0 0.0388433318946914 0.0969356927060855 0.174593583657028 0.563544813695871 0.465400661775284 0.52418357070925 0.563544813695871 0.583196662350741 0.583196662350741 0.583196662350741 0.583196662350741 0.682923320385556 0.742339231765214 0.742339231765214 0.722687383110344 0.803539059128183 0.847417637749964 1 1 1 0.934426701194073 1 1 1 1 1 1 1 1 1 -9999 -9999 1 1 1 1 1 1 1 1 1 1 1 1 1 1 1 1 1 0.847475183426845 0.742339231765214 0.682923320385556 0.563544813695871 0.29046180405697 0.174593583657028
0.583196662350741 0.583196662350741 0.368177240684794 0.154711552294634 0.0194504387857862 0.0387570133793699 0 0 0 0.427794561933535 0.583196662350741 0.446986045173356 0.135548841893253 0 0 0 0 0.0196806214933103 0.0584664077111207 0.116501222845634 0.212890231621349 0.251445835131636 0.485771831391167 0.524845345993382 0.583196662350741 0.583196662350741 0.622960725075529 0.602877283844051 0.622960725075529 0.622960725075529 0.803539059128183 0.803539059128183 0.934915839447562 0.934915839447562 1 1 0.934426701194073 1 0.978247734138973 1 1 1 1 1 1 -9999 -9999 1 1 1 1 1 1 1 1 1 1 1 1 1 1 1 1 0.978190188462092 1 0.803539059128183 0.722687383110344 0.583196662350741 0.445978995827938 0.193353474320242 0.0584664077111207
0.583196662350741 0.368263559200115 0.193698748381528 0.0776866637893828 0 0 0 0 0.0196806214933103 0.135750251762336 0.368349877715437 0.583196662350741 0.563544813695871 0.290720759602935 0 0 0 0 0 0 0.0580060422960725 0.116501222845634 0.330398503812401 0.583196662350741 0.583196662350741 0.583196662350741 0.622960725075529 0.682865774708675 0.762077398935405 0.762077398935405 0.762077398935405 0.803539059128183 0.805725794849662 0.891123579341102 0.869284994964753 1 1 0.912674435333046 0.956380376924184 1 0.978247734138973 1 1 1 1 -9999 -9999 1 1 1 1 1 1 1 1 1 1 1 1 1 1 1 1 1 0.781786793267156 0.742339231765214 0.583196662350741 0.446180405697022 0.310228744065602 0.115868220399942 0
0.583196662350741 0.368349877715437 0.154884189325277 0.0771399798590131 0.0388433318946914 0 0 0.0196806214933103 0 0 0.290893396633578 0.524902891670263 0.583196662350741 0.583196662350741 0.505366134369155 0.174334628111063 0.0388433318946914 0.0584664077111207 0.0196806214933103 0 0.0196806214933103 0.0777442094662638 0.174593583657028 0.251733563516041 0.583196662350741 0.603280103582218 0.603280103582218 0.742339231765214 0.742339231765214 0.764091497626241 0.803539059128183 0.781786793267156 0.742339231765214 0.742339231765214 0.978276506977413 1 1 -9999 -9999 1 0.978247734138973 1 1 1 1 1 1 1 1 1 1 1 1 1 1 0.97807509710833 0.97807509710833 1 1 1 1 1 0.9123579341102 0.781786793267156 0.742339231765214 0.603280103582218 0.563544813695871 0.368464969069199 0.193583657027766 0.0771399798590131 0
0.583196662350741 0.270896273917422 0.135146022155086 0 0.0196806214933103 0.0196806214933103 0.0388433318946914 0 0 0 0 0.0196806214933103 0.0388433318946914 0.290720759602935 0.155028053517479 0.544180693425406 0.524902891670263 0.524902891670263 0.524902891670263 0.290605668249173 0.116673859876277 0.155229463386563 0.194245432311898 0.290548122572292 0.583196662350741 0.742339231765214 0.742339231765214 0.781786793267156 0.781786793267156 0.742339231765214 0.742339231765214 0.803654150481945 0.803539059128183 0.847302546396202 1 1 1 1 -9999 0.978247734138973 1 1 1 1 1 1 1 1 1 1 1 1 1 1 1 0.978190188462092 1 1 1 0.978190188462092 0.9123579341102 0.93428283700187 0.781786793267156 0.742339231765214 0.603280103582218 0.583196662350741 0.445978995827938 0.154912962163717 0.0771399798590131 0 0
0.583196662350741 0.426442238526831 0.154884189325277 0.097137102575169 0.0779456193353474 0.0388433318946914 0.0388433318946914 0.0388433318946914 0.0196806214933103 0 0 0 0 0 0.0196806214933103 0.0584664077111207 0.174593583657028 0.213206732844195 0.368723924615163 0.485656740037405 0.13595166163142 0.155229463386563 0.194245432311898 0.524845345993382 0.583196662350741 0.742339231765214 0.742339231765214 0.803682923320386 1 0.825147460797008 0.912473025463962 0.934599338224716 0.956351604085743 1 1 1 1 -9999 -9999 -9999 1 1 1 1 1 -9999 -9999 -9999 1 1 1 1 1 0.890749532441375 0.978190188462092 1 0.956437922601065 0.912674435333046 0.825147460797008 0.803539059128183 0.803539059128183 0.803539059128183 0.742339231765214 0.603280103582218 0.583196662350741 0.387771543662782 0.212890231621349 0.0580060422960725 0 0 0.0196806214933103
0.662868651992519 0.563544813695871 0.232254351891814 0.155229463386563 0.0388433318946914 0.097137102575169 0.13595166163142 0.155229463386563 0.0969356927060855 0.0196806214933103 0 0.0194504387857862 0.0580060422960725 0.0580060422960725 0 0 0 0.0196806214933103 0.116673859876277 0.563832542080276 0.583196662350741 0.369184290030211 0.174593583657028 0.563774996403395 0.603280103582218 0.742339231765214 0.781786793267156 1 1 1 0.9123579341102 0.868910948065027 1 0.97807509710833 0.956150194216659 1 -9999 -9999 -9999 -9999 1 1 1 1 1 1 1 1 1 1 1 1 0.978190188462092 0.890749532441375 1 0.956351604085743 0.912616889656164 0.781786793267156 0.762048626096964 0.742339231765214 0.742339231765214 0.764091497626241 0.602877283844051 0.505481225722918 0.387771543662782 0.174593583657028 0.0963026902603942 0 0 0.0196806214933103 0.524902891670263
0.682923320385556 0.563544813695871 0.447072363688678 0.174593583657028 0.155229463386563 0.330168321104877 0.291641490433031 0.194044022442814 0.174593583657028 0.116213494461229 0.154884189325277 0.15451014242555 0.193583657027766 0.388951230038843 0.388951230038843 0.271385412170911 0.0580060422960725 0 0.0196806214933103 0.155229463386563 0.583196662350741 0.447072363688678 0.272075960293483 0.544123147748525 0.583196662350741 0.742339231765214 0.781786793267156 1 1 1 0.978190188462092 1 0.956265285570421 0.912674435333046 0.978132642785211 0.934455474032513 -9999 -9999 -9999 -9999 0.978247734138973 1 1 1 1 1 1 -9999 1 1 1 1 0.956380376924184 0.825147460797008 0.956322831247303 0.825435189181413 0.803539059128183 0.622960725075529 0.603280103582218 0.622960725075529 0.622960725075529 0.583196662350741 0.563890087757157 0.387771543662782 0.194245432311898 0.0389584232484535 0 0 0.0196806214933103 0.446842180981154 0.524902891670263
0.781786793267156 0.603280103582218 0.544008056394763 0.427420515033808 0.486318515321536 0.311091929218817 0.2134944612286 0.329823047043591 0.407711120702057 0.348755574737448 0.426672421234355 0.52418357070925 0.544065602071644 0.505337361530715 0.408229031793986 0.408229031793986 0.329564091497626 0.115580492015537 0.0192778017551431 0.097022011221407 0.174593583657028 0.505682635592001 0.447503956265286 0.505682635592001 0.583196662350741 0.742339231765214 0.781786793267156 0.912674435333046 1 0.978190188462092 0.978132642785211 1 1 1 1 1 1 -9999 -9999 -9999 -9999 1 1 1 1 1 1 -9999 -9999 -9999 1 1 0.934397928355632 0.803539059128183 0.781786793267156 0.662811106315638 0.622960725075529 0.622960725075529 0.622960725075529 0.583196662350741 0.583196662350741 0.583196662350741 0.387771543662782 0.194044022442814 0.097022011221407 0 0 0.0388433318946914 0.290778305279816 0.563832542080276 0.0388433318946914
0.781786793267156 0.685110056107035 0.563544813695871 0.505682635592001 0.583196662350741 0.583196662350741 0.505682635592001 0.329391454466983 0.484879873399511 0.563544813695871 0.583196662350741 0.583196662350741 0.563544813695871 0.682923320385556 0.583196662350741 0.563544813695871 0.505337361530715 0.368464969069199 0.174564810818587 0.174593583657028 0.174593583657028 0.447503956265286 0.505682635592001 0.563774996403395 0.603280103582218 0.742339231765214 0.803539059128183 1 1 0.934397928355632 1 -9999 1 1 1 1 1 -9999 -9999 -9999 -9999 1 1 1 1 1 1 1 1 -9999 1 1 1 0.868910948065027 0.847273773557761 0.622960725075529 0.583196662350741 0.583196662350741 0.583196662350741 0.583196662350741 0.505481225722918 0.426845058264998 0.194245432311898 0.096964465544526 0 0.0196806214933103 0.0584664077111207 0.563832542080276 0.563832542080276 0.097137102575169 0.0196806214933103
0.91238670694864 0.781786793267156 0.563544813695871 0.583196662350741 0.583196662350741 0.583196662350741 0.583196662350741 0.583196662350741 0.583196662350741 0.583196662350741 0.722687383110344 0.742339231765214 0.742339231765214 0.764091497626241 0.742339231765214 0.603280103582218 0.583196662350741 0.563544813695871 0.426672421234355 0.271385412170911 0.271385412170911 0.29046180405697 0.544468421809812 0.583196662350741 0.603280103582218 0.742339231765214 0.825147460797008 1 0.956322831247303 1 1 -9999 1 1 1 1 1 -9999 -9999 -9999 -9999 1 1 1 -9999 1 1 1 0.978247734138973 1 1 1 1 1 0.825377643504532 0.622960725075529 0.622960725075529 0.603280103582218 0.583196662350741 0.505481225722918 0.329938138397353 0.194245432311898 0.0582362250035966 0 0.0388433318946914 0.213408142713279 0.563832542080276 0.583196662350741 0.563832542080276 0.0388433318946914 0.0388433318946914
0.91238670694864 0.781786793267156 0.742339231765214 0.583196662350741 0.583196662350741 0.583196662350741 0.583196662350741 0.583196662350741 0.622960725075529 0.781786793267156 0.742339231765214 0.781786793267156 0.869313767803194 0.890778305279816 0.781786793267156 0.742339231765214 0.603280103582218 0.603280103582218 0.583196662350741 0.583196662350741 0.563659905049633 0.583196662350741 0.583196662350741 0.603280103582218 0.742339231765214 0.762048626096964 0.781786793267156 1 1 1 1 1 1 1 1 1 1 -9999 -9999 -9999 -9999 1 1 1 1 1 -9999 -9999 1 -9999 -9999 1 1 1 0.80563947633434 0.622960725075529 0.603280103582218 0.603280103582218 0.583196662350741 0.583196662350741 0.252136383254208 0.174593583657028 0.097022011221407 0.23257085311466 0.387771543662782 0.583196662350741 0.563832542080276 0.544295784779169 0.116414904330312 0.0388433318946914 0.174593583657028
0.869141130772551 0.91238670694864 0.742339231765214 0.603280103582218 0.603280103582218 0.583196662350741 0.583196662350741 0.583196662350741 0.662868651992519 0.803539059128183 0.781786793267156 0.781786793267156 0.93428283700187 0.868795856711264 0.9123579341102 0.781786793267156 0.764091497626241 0.742339231765214 0.622960725075529 0.603280103582218 0.603280103582218 0.742339231765214 0.742339231765214 0.742339231765214 0.742339231765214 0.781786793267156 0.803539059128183 0.978190188462092 1 -9999 1 1 1 1 1 1 -9999 -9999 -9999 -9999 -9999 1 1 1 1 -9999 -9999 1 1 -9999 -9999 -9999 1 0.956265285570421 0.803539059128183 0.642813983599482 0.583196662350741 0.583196662350741 0.603280103582218 0.603280103582218 0.583196662350741 0.583196662350741 0.583196662350741 0.583196662350741 0.387829089339663 0.485052510430154 0.155229463386563 0.135692706085455 0.0777442094662638 0.174593583657028 0.233002445691267
0.93428283700187 0.781786793267156 0.785699899295065 0.764091497626241 0.603280103582218 0.583196662350741 0.583196662350741 0.682865774708675 0.762077398935405 0.890922169472018 0.803539059128183 0.91238670694864 0.912674435333046 0.934426701194073 0.934426701194073 1 0.781786793267156 0.956351604085743 0.742339231765214 0.74662638469285 0.742339231765214 0.703265717162998 0.742339231765214 0.762048626096964 0.781786793267156 0.868910948065027 0.781786793267156 -9999 -9999 -9999 -9999 -9999 -9999 1 1 -9999 -9999 -9999 -9999 -9999 -9999 1 1 1 1 1 1 -9999 -9999 -9999 -9999 -9999 1 1 0.956265285570421 0.912789526686808 0.642813983599482 0.642813983599482 0.583196662350741 0.583196662350741 0.505682635592001 0.486318515321536 0.233002445691267 0.290548122572292 0.271385412170911 0.155229463386563 0.232484534599338 0.194245432311898 0.194245432311898 0.233002445691267 0.387915407854985
0.93428283700187 0.781786793267156 0.890835850956697 0.803539059128183 0.803539059128183 0.744439648971371 0.702920443101712 0.781786793267156 0.803625377643505 0.825435189181413 0.825579053373615 0.890634441087613 0.890749532441375 1 0.934397928355632 0.912674435333046 1 1 0.978190188462092 0.868738311034383 -9999 0.781786793267156 0.781786793267156 0.781786793267156 0.781786793267156 0.978161415623651 0.978190188462092 -9999 -9999 -9999 -9999 -9999 -9999 0.978247734138973 1 -9999 -9999 -9999 -9999 -9999 -9999 1 1 1 1 1 -9999 -9999 -9999 -9999 -9999 -9999 1 1 1 0.934484246870954 0.846986045173356 0.781786793267156 0.642813983599482 0.583196662350741 0.505337361530715 0.505337361530715 0.174593583657028 0.174593583657028 0.252136383254208 0.563659905049633 0.583196662350741 0.194245432311898 0.310286289742483 0.329506545820745 0.583196662350741
0.781786793267156 0.825435189181413 0.956524241116386 0.891238670694864 0.847417637749964 0.825377643504532 0.803539059128183 0.803539059128183 0.825377643504532 0.847417637749964 0.956524241116386 0.781786793267156 0.869141130772551 0.890749532441375 1 0.934426701194073 0.978190188462092 -9999 -9999 0.912645662494605 -9999 -9999 0.934397928355632 0.912674435333046 0.912645662494605 0.912530571140843 0.978132642785211 1 -9999 -9999 -9999 -9999 -9999 -9999 1 1 -9999 -9999 -9999 -9999 -9999 1 1 1 1 -9999 -9999 -9999 -9999 -9999 1 1 1 0.956322831247303 0.956437922601065 0.912645662494605 0.890749532441375 0.912674435333046 0.869026039418789 0.890922169472018 0.622960725075529 0.505337361530715 0.388433318946914 -9999 0.583196662350741 0.583196662350741 0.583196662350741 0.407337073802331 0.524845345993382 0.583196662350741 0.622960725075529
0.978276506977413 0.913019709394332 0.956668105308589 0.847273773557761 0.847417637749964 0.781786793267156 0.781786793267156 0.803539059128183 0.825377643504532 0.781786793267156 0.934915839447562 0.912760753848367 0.956322831247303 0.890749532441375 1 1 0.97807509710833 -9999 -9999 0.97807509710833 0.890749532441375 -9999 -9999 -9999 1 1 1 1 -9999 -9999 -9999 -9999 1 -9999 1 1 1 -9999 -9999 -9999 1 1 1 1 1 -9999 -9999 -9999 -9999 -9999 1 1 1 1 1 1 1 0.934455474032513 0.912674435333046 1 0.781786793267156 0.524874118831823 -9999 -9999 0.583196662350741 0.602877283844051 0.583196662350741 0.544267011940728 0.544468421809812 0.583196662350741 0.622960725075529
0.978276506977413 0.891094806502661 0.891094806502661 0.869026039418789 0.847417637749964 0.803826787512588 0.803826787512588 0.847417637749964 0.825377643504532 0.847417637749964 0.978276506977413 0.956524241116386 1 1 1 1 1 -9999 1 1 1 -9999 -9999 -9999 -9999 -9999 1 -9999 -9999 -9999 -9999 1 0.978247734138973 1 1 1 1 -9999 1 1 1 1 1 -9999 1 1 -9999 -9999 1 1 -9999 -9999 1 1 1 1 1 1 1 0.890807078118256 0.781786793267156 0.563544813695871 -9999 -9999 0.583196662350741 0.583196662350741 0.583196662350741 0.505481225722918 0.583196662350741 0.583196662350741 0.622960725075529
0.978276506977413 0.934915839447562 0.956524241116386 0.847273773557761 0.847417637749964 0.803826787512588 0.803826787512588 0.847273773557761 0.847273773557761 0.869313767803194 0.781786793267156 0.912760753848367 -9999 1 1 0.912645662494605 1 -9999 -9999 1 1 -9999 -9999 -9999 -9999 -9999 1 -9999 -9999 -9999 -9999 -9999 1 1 1 1 1 1 1 1 1 1 1 -9999 -9999 1 1 -9999 -9999 -9999 -9999 -9999 1 1 1 1 1 1 1 0.956150194216659 0.781786793267156 0.524874118831823 -9999 -9999 0.583196662350741 0.583196662350741 0.583196662350741 0.583196662350741 0.583196662350741 0.622960725075529 0.742339231765214
0.956524241116386 0.978276506977413 0.978276506977413 0.869313767803194 0.846986045173356 0.803826787512588 0.803826787512588 0.869026039418789 0.781786793267156 0.803539059128183 0.912473025463962 0.934599338224716 1 -9999 -9999 0.912645662494605 1 1 -9999 1 1 -9999 -9999 -9999 -9999 -9999 -9999 -9999 -9999 -9999 -9999 -9999 1 1 1 1 1 1 -9999 1 1 1 1 -9999 -9999 1 -9999 1 -9999 -9999 1 0.978161415623651 1 1 1 1 1 1 1 0.934397928355632 0.781786793267156 0.524874118831823 -9999 -9999 0.583196662350741 0.583196662350741 0.583196662350741 0.583196662350741 0.583196662350741 0.622960725075529 0.762048626096964
1 0.891094806502661 0.890893396633578 0.934599338224716 0.934599338224716 0.912731981009927 0.890893396633578 0.868738311034383 0.781786793267156 0.781786793267156 1 1 1 -9999 -9999 1 1 1 -9999 1 1 1 -9999 -9999 -9999 1 -9999 -9999 -9999 1 1 1 -9999 1 1 1 1 1 1 1 1 1 1 -9999 -9999 1 1 1 1 1 -9999 -9999 1 1 1 1 1 1 1 0.868910948065027 0.781786793267156 -9999 -9999 -9999 0.583196662350741 0.583196662350741 0.583196662350741 0.583196662350741 0.583196662350741 0.622960725075529 0.781786793267156
0.978190188462092 1 1 1 0.934599338224716 0.978132642785211 0.890634441087613 0.912674435333046 0.912674435333046 0.934513019709394 1 1 1 -9999 1 1 0.978247734138973 1 1 -9999 1 1 -9999 -9999 -9999 1 -9999 -9999 -9999 1 1 1 1 1 1 1 1 1 1 1 1 1 1 1 1 1 1 1 1 -9999 -9999 -9999 1 1 1 1 1 1 1 0.781786793267156 0.642813983599482 0.544065602071644 -9999 -9999 0.622931952237088 0.583196662350741 0.603280103582218 0.583196662350741 0.583196662350741 0.781786793267156 0.868910948065027
1 1 1 1 1 0.978190188462092 0.934426701194073 1 1 1 1 -9999 -9999 -9999 1 0.956495468277946 1 1 1 -9999 -9999 -9999 1 1 1 -9999 -9999 -9999 -9999 1 -9999 -9999 -9999 1 1 1 1 1 1 1 1 1 1 1 1 1 1 1 -9999 -9999 1 1 1 1 1 1 1 1 0.825147460797008 0.781786793267156 0.642813983599482 0.583196662350741 0.290548122572292 -9999 0.722572291756582 0.722572291756582 0.583196662350741 0.583196662350741 0.642813983599482 0.781786793267156 0.956437922601065
1 1 1 1 1 0.956322831247303 1 1 1 1 -9999 -9999 -9999 -9999 -9999 1 1 1 1 1 -9999 1 1 1 1 1 -9999 -9999 -9999 1 -9999 -9999 1 1 1 1 1 1 1 1 1 1 1 1 1 1 1 1 1 1 1 1 1 1 1 1 1 1 0.868910948065027 0.956322831247303 0.602877283844051 -9999 -9999 -9999 0.682520500647389 0.623334771975255 0.583196662350741 0.583196662350741 0.642813983599482 0.781786793267156 1
1 1 1 1 1 0.912674435333046 1 1 1 1 -9999 -9999 1 0.912760753848367 1 1 1 1 1 1 1 1 1 1 1 1 1 -9999 -9999 1 1 1 1 1 0.978161415623651 1 1 1 1 1 1 1 1 1 -9999 1 1 1 1 1 1 1 1 1 1 1 1 1 0.868910948065027 0.890663213926054 -9999 -9999 -9999 0.583196662350741 0.387771543662782 0.505481225722918 0.602877283844051 0.6247158682204 0.781786793267156 0.825147460797008 1
1 1 1 1 0.978190188462092 1 1 1 1 1 -9999 0.956409149762624 0.912731981009927 1 1 1 1 1 1 1 1 1 1 1 1 1 1 1 1 1 1 1 1 1 1 1 1 1 1 1 1 1 1 -9999 -9999 1 1 1 1 -9999 1 1 1 1 1 1 1 1 0.890749532441375 0.781786793267156 -9999 -9999 -9999 0.602877283844051 0.682520500647389 0.642813983599482 0.664566249460509 0.781786793267156 1 1 1
1 1 1 1 0.978161415623651 1 1 1 1 1 1 0.956495468277946 1 1 1 1 1 1 1 1 1 1 1 1 1 1 1 1 1 0.978247734138973 1 1 1 1 1 1 1 1 1 1 1 1 1 1 1 1 1 1 1 1 -9999 1 1 1 1 1 1 0.912674435333046 0.890749532441375 -9999 -9999 -9999 -9999 0.956524241116386 0.934599338224716 0.897022011221407 0.642727665084161 0.781786793267156 0.825147460797008 1 1
1 1 1 1 1 1 1 1 1 -9999 0.978247734138973 1 -9999 -9999 -9999 -9999 -9999 1 1 1 1 1 1 1 1 1 1 1 1 1 1 1 0.956322831247303 1 0.97807509710833 1 1 1 1 1 1 1 1 1 1 1 1 1 1 1 1 1 1 1 1 1 1 0.890922169472018 0.97810386994677 -9999 -9999 -9999 0.682520500647389 0.956524241116386 1 0.912559343979284 0.870522227017695 0.803539059128183 1 1 1
1 1 1 1 1 1 1 1 1 1 1 -9999 -9999 -9999 -9999 -9999 -9999 1 1 1 -9999 1 1 -9999 1 1 1 1 1 1 1 1 1 1 1 1 1 1 1 1 1 1 1 1 1 1 1 1 1 1 1 1 1 1 1 1 1 1 1 -9999 -9999 0.803654150481945 0.704359085023738 0.870896273917422 0.978247734138973 0.912559343979284 1 0.825147460797008 1 1 1
1 1 1 1 1 1 1 1 1 0.978247734138973 1 1 1 1 1 -9999 1 1 1 1 -9999 -9999 -9999 -9999 1 1 1 1 1 1 0.978247734138973 1 1 1 1 1 1 1 1 1 1 1 1 1 1 1 1 1 1 1 1 1 1 1 1 1 1 1 1 1 0.869198676449432 0.825377643504532 0.91238670694864 0.825463962019853 0.825463962019853 0.956322831247303 0.934599338224716 0.912674435333046 1 1 1
1 0.978190188462092 1 1 1 1 1 1 1 1 1 1 1 1 1 1 1 1 1 1 1 -9999 -9999 -9999 -9999 -9999 0.978247734138973 0.978247734138973 1 0.978247734138973 1 1 1 1 1 1 1 0.890835850956697 0.847302546396202 0.868910948065027 0.847014818011797 1 1 1 1 1 0.978161415623651 1 1 1 1 1 1 1 1 1 1 1 1 1 1 0.84718745504244 0.956035102862898 0.803625377643505 0.912962163717451 1 0.890835850956697 1 1 1 1
