data-raw/DATASET_PNE_1/DATASET_PNE/a_DATA/PFGS/ENVSUIT_A1B/HS_f0_P1_ubacPion.asc
NCOLS 619 
NROWS 782 
XLLCORNER 876826 
YLLCORNER 1947424 
CELLSIZE 100 
NODATA_value -9999 
[rows 608 to 639 of 782, columns 432 to 503 of 619]
0.739193022566578 0.739193022566578 0.739193022566578 0.739193022566578 0.739193022566578 0.739193022566578 0.739193022566578 0.522757102332868 0.145137389389898 0.0368347516829671 0 0 0 0 0 0 0 0 0 0 0 0 0 0 0 0 0 0.0175705999407257 0.10631271434015 0.106820779880605 0.196197976205597 0.177484228798848 0.541386172149541 0.739193022566578 0.739193022566578 0.739193022566578 0.791523773233414 0.739193022566578 0.739193022566578 0.739193022566578 0.684872348532961 0.177484228798848 0.0897159066852957 0 0 0 0 0 0 0 0 0 0 0 0 0 0 0 0 0 0 0 0 0 0 0 0 0 0 0 0.130361149921673 0.177484228798848
0.739193022566578 0.791227401668149 0.791227401668149 0.791227401668149 0.895719547821669 0.895719547821669 0.739193022566578 0.343198272577162 0.0550827723442991 0.0187137474067488 0 0 0 0 0 0 0 0 0 0 0 0 0 0 0 0 0.0175705999407257 0.0534738981328591 0.0175705999407257 0 0 0.357932173250349 0.504339726491384 0.666073923536136 0.739193022566578 0.948219653668657 1 0.974215673821923 0.948219653668657 0.739193022566578 0.739193022566578 0.412252847283966 0.250815021804479 0 0 0 0 0 0 0 0 0 0 0 0 0 0 0 0 0 0 0 0 0 0 0 0 0 0 0 0.177484228798848 0.76146322875651
0.921969600745163 1 1 1 0.843092425589568 0.739193022566578 0.649646471061434 0.147254329141793 0.0368347516829671 0 0 0 0 0 0 0 0 0 0 0 0 0 0 0 0 0 0 0.0175705999407257 0.0175705999407257 0 0.178331004699606 0.394047165417672 0.684872348532961 0.739193022566578 0.895888903001821 0.974215673821923 0.974215673821923 0.948219653668657 0.754392649985182 0.70278165883399 0.739193022566578 0.739193022566578 0.343198272577162 0.0550827723442991 0 0 0 0 0 0 0 0 0 0 0 0 0 0 0 0 0 0 0 0 0 0 0 0 0 0.106820779880605 0.361192260468267 0.947965620898429
0.739193022566578 0.739193022566578 1 0.97387696346162 0.843515813539947 0.739193022566578 0.343198272577162 0.0368347516829671 0 0 0 0 0 0 0 0 0 0 0 0 0 0 0 0 0.0175705999407257 0 0 0 0 0.178331004699606 0.411448410178246 0.683983233837165 0.739193022566578 0.843515813539947 0.947711588128202 1 1 0.974215673821923 0.921969600745163 0.765019687539693 0.683983233837165 0.721241373470511 0.379143909564334 0.0919598628223041 0 0 0 0 0 0 0 0 0 0 0 0 0 0 0 0 0 0 0 0 0 0 0 0 0 0.232567001143147 0.83259240442017 0.948134976078581
0.948092637283543 0.896185274567086 0.739193022566578 1 0.791227401668149 0.649646471061434 0.181760447097676 0.0187137474067488 0.0187137474067488 0 0 0 0 0 0 0 0 0 0 0 0 0 0 0 0 0 0 0.0175705999407257 0.322071213853254 0.555781362462424 0.721241373470511 0.739193022566578 0.921969600745163 0.974215673821923 1 1 0.869384817308099 1 0.895761886616707 0.612218976247936 0.394047165417672 0.375502773191075 0.540581735043821 0.162284601380245 0.0187137474067488 0 0 0 0 0 0 0 0 0 0 0 0 0 0 0 0 0 0 0 0 0 0 0.15635717007494 0.214318980481815 0.573902366738643 0.974003979846733 0.974215673821923
0.948092637283543 0.817900842542021 0.791650789618528 1 0.739193022566578 0.595537491003006 0.147254329141793 0.0733307930056311 0 0 0.0368347516829671 0.0733307930056311 0.0187137474067488 0.0733307930056311 0.110758287819129 0.0919598628223041 0.0919598628223041 0.0368347516829671 0 0 0 0 0 0 0 0.0531775265675939 0.159744273677971 0.375502773191075 0.574495109869173 0.739193022566578 0.739193022566578 0.974215673821923 0.974215673821923 1 0.948092637283543 1 0.974215673821923 1 0.791523773233414 0.629366188238283 0.555781362462424 0.198018544392227 0.375502773191075 0.177484228798848 0 0 0 -9999 0 0 0 0 0 0 0 0 0 0 0 0 0 0 0 0 0 0 0.025784326178077 0.0531775265675939 0.313688132435751 0.851729539777298 0.929844616622211 1
0.947796265718278 0.791904822388755 0.948092637283543 1 0.739193022566578 0.595537491003006 0.165714043778314 0.128709936915195 0 0.0733307930056311 0.110758287819129 0.165714043778314 0.254667852152928 0.343198272577162 0.541216816969389 0.200939921249841 0.110758287819129 0 0 0 0 0 0 0 0 0.124433718616368 0.359752741436979 0.739193022566578 0.739193022566578 0.869638850078327 0.974215673821923 1 1 0.947796265718278 1 0.739193022566578 1 0.791947161183793 0.739193022566578 0.610991151191837 0.429484736864389 0.393242728311952 0.178331004699606 0.177484228798848 0.0368347516829671 0.0187137474067488 0 -9999 0 0 0 0 0 0 0 0 0 0 0 0 0 0 0 0 0 0 0.182353190228206 0.195605233075067 0.196028621025446 0.552987001989923 0.464202548795461 0.743469240865405
1 1 1 0.739193022566578 0.895719547821669 0.739193022566578 0.505779245522672 0.236716203056861 0.343198272577162 0.30788771751556 0.559591854015835 0.703416740759558 0.739193022566578 0.739193022566578 0.739193022566578 0.541216816969389 0.129302680045726 0.0550827723442991 0 0 0 0 0 0 0.0187137474067488 0.235996443541217 0.649646471061434 0.739193022566578 0.765019687539693 0.843134764384606 1 1 0.97387696346162 1 1 0.765400736695034 0.974215673821923 0.739193022566578 0.739193022566578 0.649561793471358 0.555781362462424 0.375502773191075 0.375502773191075 0.177484228798848 0.250815021804479 0.0368347516829671 0 0 0 0 0 0 0 0 0 0 0 0 0 0 0 0 -9999 0 0 0 0 0.269359414031077 0.177484228798848 0.322579279393708 0.481942503916339 0.921969600745163
1 1 0.973919302256658 0.764977348744655 0.739193022566578 0.739193022566578 0.739193022566578 0.595537491003006 0.577331809136712 0.595537491003006 0.739193022566578 0.739193022566578 0.869638850078327 0.765400736695034 0.817350438206529 0.739193022566578 0.237012574622126 0.0550827723442991 0 0 0 0 0 0.0187137474067488 0.129302680045726 0.57716245395656 0.739193022566578 0.739193022566578 0.921969600745163 1 1 0.97387696346162 1 1 1 0.844150895465515 1 1 0.739193022566578 0.467886023963758 0.177484228798848 0.177484228798848 0.196028621025446 0.106820779880605 0.177484228798848 0 0 0 0 0 0 0 0 0 0 0 0 0 0 0 0 0 0 0 0 0 0.0181210042762183 0.250815021804479 0.177484228798848 0.177484228798848 0.323934120834921 0.895888903001821
1 1 0.921842584360049 0.947796265718278 0.739193022566578 0.739193022566578 0.843134764384606 0.765400736695034 0.739193022566578 0.739193022566578 0.843134764384606 0.974215673821923 1 0.869638850078327 0.817011727846226 0.667682797747576 0.290147762394682 0.110758287819129 0.0368347516829671 0.0368347516829671 0.0187137474067488 0 0.0187137474067488 0.110758287819129 0.343198272577162 0.739193022566578 0.739193022566578 0.817011727846226 1 1 1 1 1 1 1 1 1 0.974215673821923 0.739193022566578 0.631271434014988 0.251238409754858 0.177484228798848 0.0712985308438122 0 0 0.0179516490960667 0 0 0 0 0 0 0 0 0 0 0 0 0 0 0 0 0 0 0 0 0 0.142173673737245 0.177484228798848 0.177484228798848 0.177484228798848 0.177484228798848
1 1 1 1 0.973919302256658 0.921546212794784 0.739193022566578 0.739193022566578 0.739193022566578 0.739193022566578 0.791904822388755 0.947796265718278 0.947796265718278 1 0.791227401668149 0.739193022566578 0.649646471061434 0.272407807273805 0.18328464371904 0.129302680045726 0.110758287819129 0.110758287819129 0.110758287819129 0.343198272577162 0.739193022566578 0.739193022566578 0.869215462127948 1 1 1 1 1 1 1 1 1 1 1 0.739193022566578 0.685676785638681 0.343198272577162 0.0533468817477455 0.0355222490367924 0 0 0 0 0 0 0 0 0 0 0 0 0 0 0 0 0 0 0 0 0 0 0 0 0.0179516490960667 0.106820779880605 0.0355222490367924 0 0
1 0.817477454591642 1 1 1 0.922138955925314 0.869808205258478 1 1 1 0.895888903001821 0.869808205258478 0.97387696346162 0.765400736695034 1 0.765019687539693 0.739193022566578 0.739193022566578 0.685676785638681 0.649646471061434 0.613446801304035 0.541216816969389 0.343198272577162 0.739193022566578 0.739193022566578 0.817011727846226 1 0.739193022566578 1 1 1 1 1 1 1 1 1 1 0.974215673821923 0.739193022566578 0.541216816969389 0.177484228798848 0 0 0.159744273677971 0.0175705999407257 0 0 0 0 0 0 0 0 0 0 0 0 0 0 0 0 0 0 0 0 0 0.0355222490367924 0 0 0 0.203607265337229
1 1 1 1 1 1 1 1 1 1 1 0.922138955925314 1 0.922011939540201 0.739193022566578 0.739193022566578 0.817011727846226 0.817011727846226 0.791227401668149 0.791227401668149 0.739193022566578 0.739193022566578 0.739193022566578 0.739193022566578 0.869638850078327 1 0.739193022566578 0.97387696346162 1 1 1 1 1 1 1 1 1 1 1 0.974215673821923 0.721283712265549 0.57716245395656 0.177484228798848 0 0 0 0 0 0 0 0 0 0 0 0 0 0 0 0 0 0 0 0 0 0 0 0 0 0.177484228798848 0.177484228798848 0.196028621025446 0.956052330750667
1 1 1 0.974215673821923 0.948389008848808 0.922138955925314 0.973749947076506 1 1 1 0.895931241796859 1 1 1 0.97387696346162 0.791650789618528 0.739193022566578 1 1 1 0.869215462127948 0.817350438206529 0.895719547821669 0.895719547821669 1 0.739193022566578 0.870400948389009 1 1 1 1 1 1 1 1 1 1 1 1 1 0.739193022566578 0.667682797747576 0.343198272577162 0.0368347516829671 0 0 0 0 0 0 0 0 0 0 0 0 0 0 0 0 0 0 0 0 0 0.0886997756043863 0.281214276641687 0.177484228798848 0.203734281722342 0.394131843007748 0.840340403912105 0.956052330750667
1 0.922265972310428 1 0.948092637283543 0.974215673821923 1 1 1 1 0.973749947076506 0.869427156103137 1 1 1 1 0.870400948389009 0.765400736695034 0.765400736695034 0.739193022566578 0.791650789618528 0.739193022566578 0.739193022566578 0.739193022566578 0.739193022566578 0.739193022566578 0.947796265718278 1 1 1 1 1 1 0.843727507515136 1 1 1 1 1 1 1 0.948219653668657 0.739193022566578 0.379143909564334 0.0542359964435412 0.0187137474067488 0 0 0 0 0 0 0 0 0 0 0 0 0 0 0 0 0 0 0 0 0.0179516490960667 0.177484228798848 0.203734281722342 0.195224183919726 0.848215419789153 0.892544138193827 0.67081586858038
1 1 1 1 1 1 1 1 1 0.973749947076506 1 1 1 1 1 0.974173335026885 0.817477454591642 0.739193022566578 0.765400736695034 0.817900842542021 0.97387696346162 0.97387696346162 0.844404928235742 0.97387696346162 1 1 1 1 1 1 1 1 1 1 1 1 1 1 1 1 0.947965620898429 0.721241373470511 0.739193022566578 0.215123417587535 0.0187137474067488 0 0 0 0 0 0 0 0 0 0 0 0 0 0 0 0 0 0.103984080613066 0 0 0.126084931622846 0.250815021804479 0.177484228798848 0.453702527626064 0.633515390151996 0.714086117109107 0.610144375291079
1 1 1 1 1 1 1 1 1 0.974215673821923 0.922138955925314 0.922138955925314 1 0.81773148736187 1 1 0.974173335026885 0.870358609593971 0.870358609593971 1 1 1 0.844023879080401 1 1 1 1 1 1 0.896015919386934 1 0.765019687539693 1 1 1 1 1 1 1 1 0.974215673821923 0.817308099411491 0.739193022566578 0.232694017528261 0 0 0 0 0 0 0 0 0 0 0 0 0 0 0.0175705999407257 0.0531775265675939 0.159744273677971 0.159744273677971 0.177484228798848 0.177484228798848 0.232058935602693 0.431093611075829 0.691434861763834 0.845209365341462 0.956052330750667 0.893009864939244 0.788051992040307 0.610144375291079
1 1 1 1 1 1 1 0.948007959693467 1 1 0.974215673821923 1 0.922138955925314 0.739193022566578 0.895634870231593 0.84364282992506 1 1 1 1 1 1 1 1 1 1 1 1 1 0.974173335026885 1 1 1 1 1 1 1 1 1 1 0.974215673821923 0.922011939540201 0.739193022566578 0.28798848384775 0.0258266649731149 0 0 0 0 0 0 0 0 0 0 0 0 0 0 0.0355222490367924 0.159744273677971 0.177484228798848 0.177484228798848 0.177484228798848 0.431093611075829 0.702866336424065 0.86675981201575 0.918794191117321 0.93026800457259 0.974215673821923 0.974215673821923 0.799060078750159
0.791269740463186 0.817350438206529 0.947288200177823 1 1 1 0.843134764384606 1 0.922138955925314 1 1 0.896015919386934 1 0.922138955925314 0.922138955925314 0.895931241796859 0.974173335026885 1 1 1 1 1 1 1 1 1 0.974215673821923 0.974215673821923 0.947923282103391 0.921800245565011 1 1 1 1 1 1 1 1 1 1 1 0.974215673821923 0.739193022566578 0.415343579321733 0.125915576442694 0 0 0 0 0 0 0 0 0 0 0 0 0 0 0 0 0.124052669461027 0.177484228798848 0.249375502773191 0.685930818408908 0.651382361657987 0.918794191117321 0.974215673821923 0.974215673821923 0.974215673821923 1 0.947965620898429
0.791269740463186 0.791269740463186 0.791269740463186 0.86997756043863 0.791269740463186 0.869130784537872 0.843134764384606 1 1 1 1 1 0.948050298488505 0.974215673821923 0.947965620898429 0.922138955925314 1 0.869342478513062 0.817054066641263 0.739193022566578 0.922138955925314 1 1 0.948092637283543 0.948389008848808 1 1 0.895550192641517 1 1 1 1 1 1 0.947965620898429 1 1 1 1 1 1 0.974215673821923 0.869681188873365 0.739193022566578 0.343198272577162 0.0187137474067488 0 0 0 0 0 0 0 0 0 0 0 0 0.0175705999407257 0 0 0.0175705999407257 0.177484228798848 0.177484228798848 0.375502773191075 0.62559803547991 1 0.974215673821923 0.974215673821923 1 1 1
1 0.791269740463186 0.868834412972607 0.765443075490072 0.791269740463186 0.817054066641263 1 1 1 1 1 1 1 0.974215673821923 0.974215673821923 1 1 1 0.973749947076506 1 1 1 1 1 1 1 1 1 1 1 1 1 0.842669037639189 1 0.974215673821923 1 1 1 1 0.948092637283543 1 0.974215673821923 1 0.895931241796859 0.739193022566578 0.250815021804479 0 0 0 0 0 0 0 0 0 0 0 0 0 0 0.0886997756043863 0.177484228798848 0.177484228798848 0.177484228798848 0.651763410813328 0.695965112832889 1 1 0.974173335026885 1 1 1
0.843007747999492 0.817392777001567 0.868834412972607 0.868834412972607 0.765443075490072 0.765443075490072 0.791269740463186 1 1 1 1 1 1 1 1 1 1 1 1 1 1 1 1 1 1 1 1 1 1 1 1 1 1 1 0.947965620898429 1 1 1 1 1 1 1 0.974215673821923 0.765019687539693 0.739193022566578 0.269444091621152 0 0 0 0 0 0 0 0 0 0 0 0 0 0 0 0 0.0531775265675939 0.177484228798848 0.557009187518523 0.893009864939244 1 0.974215673821923 1 1 1 1
0.816757695075998 0.921165163639443 0.921546212794784 0.790761674922732 0.817223421821415 0.868834412972607 0.791269740463186 1 1 1 0.817054066641263 1 1 1 1 1 1 1 1 1 1 1 1 1 1 1 1 1 1 1 1 1 1 1 0.974215673821923 0.81773148736187 0.764977348744655 1 1 1 0.97387696346162 0.739193022566578 0.974215673821923 0.817646809771794 0.739193022566578 0.306786908844574 0 0 0 0 0 0 0 0 0 0 0 0 0 0 0 0 0 0.124560735001482 0.287565095897371 0.772852364621703 0.974215673821923 0.974215673821923 0.947965620898429 1 1 1
0.947669249333164 0.947669249333164 0.843388797154833 1 0.895634870231593 0.894957449510987 0.791269740463186 0.974215673821923 0.974215673821923 0.948219653668657 1 1 1 1 1 1 1 1 1 1 1 1 1 1 1 1 1 1 1 1 1 1 1 1 0.974173335026885 1 0.817350438206529 1 1 1 1 0.896185274567086 0.739193022566578 0.974215673821923 0.739193022566578 0.649265421906092 0.250815021804479 0.0187137474067488 0 0 0 0 0 0 0 0 0 0 0 0 0 0 0 0 0.232567001143147 0.720817985520132 0.974215673821923 0.974215673821923 0.974215673821923 1 1 1
1 0.947669249333164 0.791439095643338 0.948389008848808 1 0.894957449510987 0.948007959693467 1 1 1 0.974215673821923 1 1 1 1 1 1 1 1 1 1 1 1 1 1 1 1 1 1 1 1 1 1 1 1 1 1 1 1 -9999 1 0.948092637283543 0.791650789618528 0.974215673821923 0.765019687539693 0.739193022566578 0.57716245395656 0.250815021804479 0 0 0 0 0 0 0 0 0 0 0 0 0 0 0 0 0.195605233075067 0.306786908844574 0.895888903001821 0.948219653668657 0.974215673821923 1 1 1
0.92222363351539 0.870146915618781 0.84364282992506 0.817223421821415 0.974173335026885 1 1 1 1 1 1 1 1 1 1 1 1 1 1 1 1 1 1 1 1 1 1 1 1 1 1 1 1 1 1 1 1 -9999 -9999 -9999 -9999 0.791481434438376 0.739193022566578 1 0.974215673821923 0.739193022566578 0.739193022566578 0.290147762394682 0.0368347516829671 0 0 0 0 0 0 0 0 0 0 0 0 0 0 0 0.124433718616368 0.177484228798848 0.214149625301664 0.840552097887294 0.974215673821923 1 1 1
0.974173335026885 0.870527964774123 0.869892882848554 0.895380837461366 0.895761886616707 0.921715567974935 0.921715567974935 0.921715567974935 0.765443075490072 1 1 0.922096617130276 1 0.948007959693467 1 1 1 1 1 1 1 1 1 1 1 1 1 1 1 1 1 1 1 -9999 -9999 -9999 -9999 -9999 -9999 -9999 -9999 0.843600491130022 0.843685168720098 0.97387696346162 1 0.921969600745163 0.739193022566578 0.558956772090266 0.180913671196918 0.0181210042762183 0 0 0 0 0 0 0 0 0 0 0 0 0 0.0531775265675939 0.250815021804479 0.177484228798848 0.598966933401075 0.974215673821923 1 1 1 1
0.92243532749058 1 0.870527964774123 0.973792285871544 0.921122824844405 0.86896142935772 0.921715567974935 1 0.739193022566578 0.791650789618528 0.791650789618528 0.86896142935772 0.817562132181718 0.817816164951945 0.896142935772048 1 1 0.948431347643846 0.974215673821923 1 1 1 1 1 1 1 1 0.896142935772048 1 1 1 1 -9999 -9999 -9999 -9999 -9999 -9999 -9999 -9999 -9999 1 0.974173335026885 1 0.922011939540201 0.974215673821923 0.739193022566578 0.739193022566578 0.343198272577162 0.126508319573225 0 0 0 0 0 0 0 0 0 0 0 0 0 0.250815021804479 0.720817985520132 0.895888903001821 0.974215673821923 0.974215673821923 1 1 1 1
0.974215673821923 0.92222363351539 0.870146915618781 0.896523984927389 0.844320250645667 0.817816164951945 0.896523984927389 0.791693128413565 0.739193022566578 0.921715567974935 0.739193022566578 0.870146915618781 0.739193022566578 0.765443075490072 0.739193022566578 1 1 0.92222363351539 1 1 0.974215673821923 1 0.895804225411745 1 1 1 0.791015707692959 1 1 1 1 1 -9999 -9999 -9999 -9999 -9999 -9999 -9999 -9999 1 1 1 1 1 0.765697108260299 0.869638850078327 0.739193022566578 0.739193022566578 0.269359414031077 0.177484228798848 0 0 0 0 0 0 0 0 0 0 0 0.177484228798848 0.629958931368813 0.843134764384606 0.947965620898429 0.974215673821923 1 1 1 1 1
0.974215673821923 1 0.974215673821923 0.92222363351539 0.922604682670731 0.92222363351539 0.817562132181718 0.870019899233668 0.739193022566578 0.817223421821415 0.791650789618528 0.765316059104958 0.84364282992506 0.947965620898429 0.84364282992506 1 0.86896142935772 0.974215673821923 0.92222363351539 0.895719547821669 0.765443075490072 0.791650789618528 1 1 1 0.973749947076506 0.947965620898429 1 1 1 1 1 1 1 1 1 1 1 1 1 0.921842584360049 1 1 1 1 0.97387696346162 1 0.921969600745163 0.765019687539693 0.702866336424065 0.250815021804479 0 0 0.0258266649731149 0.11494982852788 0 0 0.104111096998179 0 0.0368347516829671 0.108260298911893 0.324992590710868 0.746644650493247 0.81692705025615 0.895719547821669 0.974215673821923 0.974215673821923 1 1 1 1 1
1 0.948219653668657 0.947965620898429 0.843134764384606 0.947245861382785 1 1 0.791566112028452 0.791269740463186 0.791312079258224 0.947923282103391 1 0.817392777001567 0.791650789618528 0.921715567974935 0.974173335026885 0.84364282992506 0.765189042719844 1 0.922350649900504 0.739193022566578 0.791650789618528 1 1 1 0.869511833693213 1 1 1 1 1 1 1 1 1 1 1 1 1 1 1 1 1 1 1 1 1 0.895719547821669 0.869257800922986 0.765019687539693 0.702866336424065 0.250815021804479 0.195605233075067 0.214318980481815 0.250306956264025 0.286760658791651 0.269444091621152 0.306786908844574 0.306786908844574 0.343198272577162 0.720817985520132 0.739193022566578 0.791142724078073 0.921969600745163 1 1 1 1 1 1 1 1
1 1 1 0.973792285871544 0.895211482281214 1 1 0.817816164951945 0.791312079258224 0.790761674922732 1 1 1 1 0.921461535204708 0.817562132181718 0.843177103179643 0.86917312333291 0.843177103179643 0.973749947076506 1 1 1 1 1 1 1 1 1 0.868834412972607 1 1 1 1 1 1 1 1 1 1 1 1 1 1 1 0.7913967568483 0.765400736695034 0.739193022566578 0.739193022566578 0.765019687539693 0.739193022566578 0.685041703713112 0.28798848384775 0.467589652398493 0.665608196790719 0.683983233837165 0.721241373470511 0.739193022566578 0.739193022566578 0.81692705025615 0.843007747999492 0.921757906769973 0.974215673821923 0.974215673821923 0.974215673821923 1 1 1 1 1 0.973919302256658 1
