data-raw/DATASET_PNE_1/DATASET_PNE/a_DATA/PFGS/ENVSUIT_A1B/HS_f60_H9_NardStri.asc
NCOLS 619 
NROWS 782 
XLLCORNER 876826 
YLLCORNER 1947424 
CELLSIZE 100 
NODATA_value -9999 
[rows 232 to 260 of 782, columns 132 to 197 of 619]
0 0 0 0 0.344977492754517 0.191959055312327 0.0188382561509527 0 0.0188382561509527 0.0188382561509527 0.0188382561509527 0.0188382561509527 0.0572855645310477 0.0572855645310477 0.134889313683172 0.0767096257014244 0.228803107849787 0.357772707652463 0.724085835851267 0.278257384226429 0.762009002898193 0.134796818153789 0.460134426836036 0.0572855645310477 0.0572855645310477 0.0572855645310477 0.172350003083184 0 0 0 0 0 0 -9999 -9999 0 0 0 0 0 0 0 0 0 0 0.305882715668743 0 0.0382006536350743 0.55827218351113 0.718412776715792 0.678824690139977 0.776160818893754 0.776160818893754 0.776160818893754 0.274403403835481 0.820620336683727 0.580563606092372 0.643429734229512 0.539433927360178 0.498859221804279 0.558210519824875 0.516556699759512 0.190201640254054 0 0 0
0 0 0 0.0188382561509527 0.460134426836036 0.0572855645310477 0.0188382561509527 0 0 0.0188382561509527 0.0188382561509527 0.0188382561509527 0.0188382561509527 0.0188382561509527 0.0382006536350743 0.0382006536350743 0.0382006536350743 0.402139729913054 0.762009002898193 0.497502620706666 0.61987420608004 0.305851883825615 0.325861750015416 0.0188382561509527 0.266911265955479 0.114540297218968 0.536659061478695 0.440802861195042 0 0 0 0 -9999 -9999 -9999 0 0 0 0 0 0 0 0 0 0 0.15200098661898 0 0 0.637355861133379 0.778288216069557 0.776160818893754 0.776160818893754 0.776160818893754 0.798421409631868 0.488561386199667 0.798421409631868 0.520410680150459 0.621045816118888 0.441696984645742 0.421563791083431 0.459394462600974 0 0 0 0.0569464142566443 0.0945304310291669
0 0 0 0.0188382561509527 0.0188382561509527 0.0188382561509527 0 0 0 0.0188382561509527 0.0188382561509527 0.0188382561509527 0 0.0188382561509527 0.0188382561509527 0.0382006536350743 0.0382006536350743 0.247826355059505 0.601282604674107 0.0576247148054511 0.499044212863045 0.287537769007831 0 0.402139729913054 0.556823086884134 -9999 -9999 0.191064931861627 0 0.0188690879940803 -9999 -9999 -9999 -9999 -9999 0 0 0 0 0 0 0 0 0 0 0 0 0.383424801134612 0.798421409631868 0.798421409631868 0.776160818893754 0.776160818893754 0.798421409631868 0.798421409631868 0.717580316951347 0.776160818893754 0.272584325090954 0.598785225380773 0.402139729913054 0.421563791083431 0.114756120120861 0 0.267805389406179 0.516556699759512 0.361503360670901 0.555158167355245
0 0 0 0.0188382561509527 0 0 0 0 0 0 0 0 0 0.0188382561509527 0 0 0.0382006536350743 0.286982795831535 0.550749213788 0.154190047481038 0.0767096257014244 0.0382006536350743 0.0188382561509527 -9999 -9999 -9999 0.0193623974841216 0 0 -9999 -9999 -9999 -9999 -9999 -9999 0 0 0 0 0 0 0 0 0 0 0 0 0.383424801134612 0.480575938829623 0.744589011531109 0.798421409631868 0.776160818893754 0.798421409631868 0.82071283221311 0.798421409631868 0.293611642103965 0.19408645248813 0.291083430967503 0.402139729913054 0.324844299192206 0.0572855645310477 0.115804402787199 0.1331318986249 0.555158167355245 0.555158167355245 0.516556699759512
0 0 0.0188382561509527 0 0 0 0 0 0 0 0.0188382561509527 0 0 0 0 0 0.0188382561509527 0.0382006536350743 0.0963495097736943 0.53761484861565 0.228803107849787 0.0767096257014244 0.0767096257014244 0.344515015107603 0.0193623974841216 0 0 0.0570697416291546 -9999 -9999 -9999 -9999 -9999 -9999 -9999 -9999 0 0 0 0 0 0 0 0 0 0 0 0.383424801134612 0.483227477338595 0.70071529876056 0.887772091015601 0.798421409631868 0.798421409631868 0.798359745945613 0.798421409631868 0.482857495221064 0.117099340198557 0.33027070358266 0.28692113214528 0.229697231300487 0.536689893321823 0.497903434667324 0.516556699759512 0.3423876179318 0.573626441388666 0.170685083554295
0 0 0.0188382561509527 0 0 0 0 0 0 0.0188382561509527 0.0188382561509527 0.0188382561509527 0 0 0 0 0 0.0382006536350743 0.0382006536350743 0.0576247148054511 0.499044212863045 0.306838502805698 0.460134426836036 0.247888018745761 0.0576247148054511 0.192082382684837 0.248073009804526 0.0953628907936117 0.0188382561509527 0 0 -9999 -9999 -9999 -9999 0 0 0 0 0 0 0 0 0 0 0 0.383424801134612 0.403557994696923 0.60710982302522 0.932570759079978 0.843220077696245 0.776160818893754 0.798421409631868 0.82071283221311 0.82071283221311 0.580193623974841 0.736480236788555 0.658352346303262 0.174662391317753 0.0572855645310477 0.0572855645310477 0.287969414811617 0.516556699759512 0.573626441388666 0.266017142504779 0.516556699759512
0 0 0 0 0 0 0 0 0 0 0.0188382561509527 0.0188382561509527 0.0188382561509527 0 0 0 0 0 0 0 0.53761484861565 0.15391256089289 0.230190540790528 0.192082382684837 0.441234506998828 0.134334340506876 0.53761484861565 0 0.0382006536350743 0.0572855645310477 -9999 -9999 -9999 -9999 0 0 0 0 0 0 0 0 0 0 0 0 0.249182956157119 0.0998026762039835 0.565887648763643 0.798544737004378 0.798544737004378 0.820805327742492 0.776160818893754 0.798421409631868 0.798421409631868 0.564469383979774 0.776160818893754 0.524881297403959 0.194518098291916 0.0976752790281803 0 0 0.459178639699081 0.516556699759512 0.3423876179318 0.516556699759512
0 0 0 0 0 0 0 0 0 0 0 0.0188382561509527 0.0188382561509527 0 0 0 0 0 0 0 0.0382006536350743 0.518437442190294 0.135012641055682 0.154190047481038 0.441142011469446 0.53761484861565 0 0.0767096257014244 -9999 -9999 -9999 -9999 -9999 -9999 -9999 0 0 0 0 0 0 0 0 0 0 0 0.0193623974841216 0.629925386939631 0.620829993216995 0.771412715052106 0.820805327742492 0.821051982487513 0.798544737004378 0.776160818893754 0.776160818893754 0.75695258062527 0.372695319726213 0.295399889005365 0.345254979342665 0.403557994696923 0.344669174323241 0 0.0572855645310477 0.573626441388666 0.555158167355245 0.573626441388666
0 0 0 0 0 0 0 0 0 0 0 0 0.0188382561509527 0.113738669297651 0.0188382561509527 0 0 0 0 0 0.132977739409262 0.53761484861565 0.604365788986866 0.675371523709687 0.268237035209965 0.0767096257014244 0.11552691619905 0.575414688290066 0.134796818153789 -9999 -9999 -9999 -9999 -9999 -9999 -9999 0 0 0 0 0 0 0 0 0 0.0193623974841216 0.344669174323241 0.607233150397731 0.640069063328606 0.736634396004193 0.798544737004378 0.798452241474995 0.82083615958562 0.91009434543997 0.667416908182771 0.675741505827218 0.585959178639699 0.545415304926929 0.48483073318123 0.403557994696923 0.250200406980329 0.0188690879940803 0 0.304618610100512 0.555158167355245 0.555158167355245
0 0 0 0 0 0 0 0 0 0 0 0 0 0.286674477400259 0.460134426836036 0.0379231670469261 0.0188382561509527 0 0 0 0 0.402263057285565 0.577264598877721 0.59946352592958 0.577264598877721 0.153573410618487 0.556823086884134 0.556823086884134 -9999 -9999 -9999 -9999 -9999 -9999 0 0 0 0 0 0 0 0 0 0.0758155022507246 0 0.115496084355923 0.345563297773941 0.322285256212616 0.720571005734723 0.752050317567984 0.798544737004378 0.977400258987482 0.977400258987482 1 0.981408398594068 0.459887772091016 0.729450576555467 0.717210334833816 0.314484799901338 0.0607078991182093 0.0785903681322069 0.0193623974841216 0 0.478356046124437 0.555158167355245 0.554294875747672
0 0 0 0 0 0 0 0 0 0 0 0 0 0.0188382561509527 0.170900906456188 0.478787691928224 0.0188382561509527 0 0 0 0 0.383424801134612 0.518437442190294 0.53761484861565 0.36662144663008 0.556823086884134 0.575414688290066 0.383887278781526 0.0963495097736943 -9999 0 0 0 0 -9999 0 0 0 0 0 0 0 0 0 0.0762471480545107 0.346334093852131 0.542486279829808 0.756027625331442 0.714127150521058 0.789541838811124 0.798544737004378 0.798452241474995 0.798452241474995 0.977400258987482 0.959209471542209 0.610069679965468 0.706943331072332 0.720663501264106 0.807547635197632 -9999 0.290805944379355 0.0416229882222359 0.0193623974841216 0.497656779922304 0.516556699759512 0.573626441388666
0 0 0 0 0 0 0 0 0 0 0 0 0 0.0188382561509527 0.421563791083431 0.49796509835358 0.0188382561509527 0 0 0 0.383424801134612 0.383424801134612 0.518437442190294 0.480699266202134 0.251002034901646 0.407720293519147 0.1349201455263 0.0767096257014244 0.0382006536350743 0 0 0 -9999 -9999 -9999 0 0 0 0 0 0 0 0 0.0188382561509527 0.17265832151446 0.383424801134612 0.585065055188999 0.77468089042363 0.729543072084849 0.779860640069063 0.798544737004378 0.865388172904976 0.923937843004255 0.981408398594068 0.962230992168712 0.843343405068755 0.729450576555467 0.720663501264106 -9999 0.601529259419128 0.328451624838133 0.096442005303077 0.0193623974841216 0.113954492199544 0.634365172350003 0.594067953382253
0 0 0 0 0 0 0 0 0 0 0 0 0 0.037707344145033 0.517173336622063 0.536566565949312 0.0379231670469261 0.0188382561509527 0 0 0.383424801134612 0.422519578220386 0.483628291299254 0.518437442190294 0.100203490164642 0.0779120675834001 0.422519578220386 0.307085157550718 0.0573163963741753 0 0 0 0 -9999 -9999 0 0 0 0 0 0 0 0 0 0.115496084355923 0.383424801134612 0.605537399025714 0.794043287907751 0.78334463834248 0.61438613800333 0.777579083677622 0.815039773077635 0.977400258987482 1 -9999 1 0.6322377751742 0.777579083677622 0.710797311463279 0.48483073318123 0.385891348584818 0.0394955910464328 0 0.113954492199544 0.654621693284825 0.695196398840723
0 0 0 0 0 0 0 0 0 0 0 0 0 0.0188382561509527 0.440895356724425 0.49796509835358 0.0379231670469261 0.0188382561509527 0 0.0188690879940803 0.383424801134612 0.461336868718012 0.464235061972005 0.556823086884134 0.499352531294321 0.442776099155208 0.0950854042054634 0 0 0 0 0.0188382561509527 -9999 -9999 -9999 -9999 0 0 0 0 -9999 -9999 -9999 0 0 0.428315964728371 0.562681137078375 0.387987913917494 0.886816303878646 0.882006536350743 0.961244373188629 0.799778010729482 0.847289880989086 1 1 0.932724918295616 0.823950175741506 0.789880989085528 0.733397052475797 0.48483073318123 0.3668681013751 0.0394955910464328 0 0.0767096257014244 0.695196398840723 0.715391256089289
0 0 0 0 0 0 0 0 0 0 0 0 0 0 0.0188382561509527 0.440217056175618 0.0188382561509527 0 0 0.0573163963741753 0.383424801134612 0.528519454893014 0.528519454893014 0.556823086884134 0.383424801134612 0.383424801134612 0 0.0771721033483382 0.0767096257014244 -9999 -9999 -9999 -9999 -9999 -9999 -9999 0 0 0 0 -9999 -9999 -9999 0 0.364093235493618 0.0377690078312882 0.441820312018253 0.605784053770734 0.962940124560646 0.981408398594068 0.981408398594068 0.961244373188629 0.847289880989086 0.837639514090152 0.910217672812481 0.917154837516187 0.827002528211137 0.782358019362398 0.710797311463279 0.48483073318123 0.118270950237405 0.0394955910464328 0.0193623974841216 0.349509773694271 0.75593512980206 0.538231485478202
0 0 0 0 0 0 0 0 0 0 0 0 0 0.0188382561509527 0.0188382561509527 0.114540297218968 0.0572855645310477 0 0 0.364000739964235 0.383424801134612 0.464235061972005 0.788339396929148 0.480699266202134 0.383424801134612 0.0576247148054511 0.0767096257014244 0.53761484861565 0.228803107849787 0.0953320589504841 -9999 -9999 -9999 -9999 -9999 -9999 0 0 0 0 0.0188382561509527 0.0188382561509527 -9999 -9999 0.209995683541962 0.0768637849170623 0.116236048590985 0.279059012147746 0.895726706542517 0.981408398594068 0.981408398594068 1 0.981408398594068 0.847289880989086 0.887802922858729 0.789541838811124 0.744774002589875 0.782573842264291 0.643614725288278 0.48483073318123 0.624776469137325 0.0201331935623112 0.0572855645310477 0.636924215329593 0.75593512980206 0.0382006536350743
0 0 0 0 0 0 0 0 0 0 0 0 0 0.0188382561509527 0 0.0188382561509527 0 0 0.0188690879940803 0.383424801134612 0.402263057285565 0.521643953875563 0.849355614478634 0.422519578220386 0.0382623173213295 0.556823086884134 0.556823086884134 0.325121785780354 0.518714928778442 0.0767096257014244 -9999 -9999 -9999 -9999 -9999 -9999 0 0 0 0 0.0188382561509527 0 0 0 0 0.0767096257014244 0.460196090522291 0.60495159400629 0.94286859468459 1 1 0.955324659308133 0.905469568970833 0.702904359622618 0.847043226244065 0.812141579823642 0.748812974039588 0.729450576555467 0.238145156317445 0.216162052167479 0.682000369982118 0.0201331935623112 0.0767096257014244 0.756089289017698 0.779953135598446 0.0583338471973855
0 0 0 0 0 0 0 0 0 0 0 0 0 0 0.460134426836036 0.0188382561509527 0.0188382561509527 0.0188382561509527 0.0188382561509527 0.0957020410680151 0.461861010051181 0.480699266202134 0.521643953875563 0.461336868718012 0.0188382561509527 0.32823580193624 0.53761484861565 0.53761484861565 0.49796509835358 0.212123080717765 0.192699019547389 0.134889313683172 0.0572855645310477 0 -9999 -9999 -9999 -9999 -9999 0 0.0188382561509527 0 0 0 0.209564037738176 0.0989702164395388 0.700252821113646 0.658845655793303 0.320497009311217 0.752050317567984 0.850064746870568 0.802244558179688 0.923937843004255 0.843127582166862 0.732657088240735 0.736634396004193 0.659616451871493 0.298205586729975 0.887710427329346 0.828605784053771 0.0610470493926127 0.0785903681322069 0.449219954368872 0.779953135598446 0.583800949620768 0.738484306591848
0 0 0 0 0 0 0 0 0 0 0 0 0 0 0 0 0.0188382561509527 0.0382006536350743 0.0382006536350743 0.0568847505703891 0.268329530739348 0.480699266202134 0.528519454893014 0.556823086884134 0.116359375963495 0.135012641055682 0.135012641055682 0.364894863414935 0.53761484861565 0.0953628907936117 0.0767096257014244 0.0382006536350743 0.0382006536350743 0 0 -9999 -9999 -9999 -9999 0 0 0 0 0 0.460936054757353 0.560122094098785 0.839520256520935 0.839181106246532 0.649842757600049 0.722821730283036 0.802244558179688 0.811833261392366 0.82083615958562 0.752050317567984 0.758925818585435 0.902355552814947 0.959209471542209 0.865603995806869 0.865110686316828 0.854874514398471 0.0801319602885861 0.500524141333169 0.737559351298021 0.779953135598446 0.776160818893754 0.776160818893754
0 0 0 0 0 0 0 0 0 0 0 0 0 0 0 0 0 0.0188382561509527 0.0576247148054511 0.134488499722513 0.268329530739348 0.402663871246223 0.528519454893014 0.676604797434791 0.0972744650675218 0.32823580193624 0.0972744650675218 0.0961028550286736 0.518714928778442 0.0576247148054511 0 0.383424801134612 0.383424801134612 0.0188690879940803 0 0 0 -9999 -9999 -9999 0.0572855645310477 0 0 0.287784423752852 0.609545538632299 0.817321329469076 0.749830424862798 0.727631497810939 0.742985755688475 0.781124745637294 0.834433002404884 0.82083615958562 0.812141579823642 0.729543072084849 0.977801072948141 0.977523586359993 0.954893013504347 0.82071283221311 0.865511500277487 0.778689030030215 0.44453351421348 0.598785225380773 0.798421409631868 0.798421409631868 0.776160818893754 0.798421409631868
0 0 0 0 0 0 0 0 0 0 0 0 0 0 0 0.0188382561509527 0.0188382561509527 0.0572855645310477 0.0953320589504841 0.24955293827465 0.364771536042425 0.422519578220386 0.483628291299254 0.579114509465376 0.59958685330209 0.544336190417463 0.461336868718012 0.116359375963495 0.32823580193624 0.0972744650675218 0.385274711722267 0.34531664302892 0.268237035209965 0.096072023185546 0.152833446383425 0 0 -9999 -9999 0.0767096257014244 0.0382006536350743 0 0.0768637849170623 0.0576247148054511 0.749707097490288 0.839520256520935 0.720509342048468 0.763118949250786 -9999 -9999 0.799778010729482 0.843343405068755 0.75528766109638 1 -9999 -9999 -9999 0.977523586359993 0.828759943269409 0.641024850465561 0.176327310846642 0.738052660788062 0.798421409631868 0.798421409631868 0.798421409631868 0.798421409631868
0 0 0 0 0 0 0 0 0 0 0 0 0 0 0 0 0.0188382561509527 0.0188382561509527 0.0382006536350743 0.383856446938398 0.460134426836036 0.499784177098107 0.499352531294321 0.464235061972005 0.680427945982611 0.622957390392798 0.584941727816489 0.100203490164642 0.27403342171795 0.232996238515138 0.444811000801628 0.403681322069433 0.383424801134612 0.383424801134612 0.383424801134612 0.267990380464944 0.0382006536350743 -9999 0.0193623974841216 0 0 0.0382006536350743 0.230067213418018 0.584880064130234 0.681229573903928 0.510914472467164 -9999 -9999 -9999 -9999 0.847289880989086 0.981408398594068 -9999 -9999 -9999 -9999 -9999 0.981408398594068 0.743109083060985 0.236356909416045 0.483628291299254 0.757260899056546 0.820620336683727 0.62483813282358 0.739840907689462 0.738669297650614
0 0 0 0 0 0 0 0 0 0 0 0 0 0 0 0 0 0.0188382561509527 0.0762471480545107 0.34519331565641 0.32632422766233 0.461676018992415 0.480699266202134 0.464235061972005 0.577141271505211 0.684528581118579 0.62752050317568 0.611210458161189 0.633810199173707 0.630634519331566 0.639945735956095 0.676604797434791 0.506135536782389 0.461676018992415 0.365141518159956 0.0382006536350743 0.0767096257014244 0.0193623974841216 0 0.0382006536350743 0.0767096257014244 0.289326015909231 0.214373805266079 0.626842202626873 0.701424431152494 0.867453906394524 -9999 -9999 -9999 -9999 0.828636615896898 0.958931984954061 -9999 -9999 -9999 -9999 -9999 0.845254979342665 0.219646050440895 0.619781710550657 0.276746623913178 0.760313251526176 0.820620336683727 0.820620336683727 0.798421409631868 0.623234876980946
0 0 0 0 0 0 0 0 0 0 0 0 0 0 0 0.0188382561509527 0 0.0188382561509527 0.0956712092248875 0.34519331565641 0.364740704199297 0.518437442190294 0.480699266202134 0.506012209409879 0.540728864771536 0.761978171055066 0.782173028303632 0.869303816982179 0.936301412098415 0.954893013504347 0.82453598076093 0.643152247641364 0.56274280076463 0.579330332367269 0.135012641055682 0.0972744650675218 0.385243879879139 0.0188382561509527 0.0777579083677622 0.0980144293025837 0.598507738792625 0.409323549361781 0.638681630387865 0.758925818585435 0.809798359745946 0.585342541777148 0.774526731207992 -9999 -9999 0.828636615896898 0.828636615896898 0.923783683788617 0.809798359745946 -9999 -9999 0.905469568970833 0.582105198248751 0.521520626503052 0.425941912807548 0.766880434112351 0.318277116606031 0.802244558179688 0.798421409631868 0.842911759264969 0.798421409631868 0.656255780970586
0 0 0 0 0 0 0 0 0 0 0 0 0 0 0 0.0188382561509527 0.0188382561509527 0.0382006536350743 0.0382006536350743 0.192082382684837 0.479527656163286 0.518437442190294 0.480699266202134 0.483628291299254 0.518437442190294 0.486618980082629 0.486618980082629 0.56554849848924 0.650027748658815 1 0.82453598076093 0.70071529876056 0.257908367762225 0.260159092310538 0.542424616143553 0.441943639390763 0.558888820373682 0.33498797558118 0.717271998520072 0.558888820373682 0.195905531232657 0.256829253252759 0.761762348153173 0.781402232225443 0.752050317567984 0.822254424369489 0.866713942159462 0.847289880989086 0.847289880989086 0.865758155022507 0.865758155022507 1 0.981408398594068 0.904575445520133 0.904575445520133 0.796540667201085 -9999 -9999 -9999 0.772553493247826 0.569217487821422 0.794844915829068 0.865110686316828 0.798421409631868 0.913917493987791 0.732626256397607
0 0 0 0 0 0 0 0 0 0 0 0 0 0 0 0 0.0379231670469261 0.344977492754517 0.191959055312327 0.192082382684837 0.479527656163286 0.518437442190294 0.518437442190294 0.521643953875563 0.483628291299254 0.518437442190294 0.577141271505211 -9999 0.603594992908676 0.643152247641364 0.954923845347475 0.737497687611766 0.779953135598446 0.721095147067892 0.717302830363199 0.680797928100142 0.656440772029352 0.798421409631868 0.798421409631868 0.865419004748104 0.719060245421471 0.583153480915089 0.736634396004193 0.808349263118949 0.977369427144355 1 0.981408398594068 0.962230992168712 0.943146081272739 0.943146081272739 0.977523586359993 1 0.962230992168712 1 1 0.84137016710859 0.761700684466917 -9999 -9999 0.84137016710859 0.768052044151199 0.812850712215576 0.887802922858729 0.788092742184128 0.933125732256274 0.501233273725103
0 0 0 0 0 0 0 0 0 0 0 0 0 0 0 0 0 0 0.0382006536350743 0.326170068446692 0.403126348893137 0.345624961460196 0.556823086884134 0.595732872911143 0.577264598877721 -9999 -9999 -9999 -9999 0.584941727816489 0.639945735956095 0.605136585065055 0.5017882469014 0.42399950669051 0.422519578220386 0.422519578220386 0.518437442190294 0.518437442190294 0.500832459764445 0.462076832953074 0.422519578220386 0.503607325645927 0.72621323302707 0.748597151137695 0.914318307948449 0.958931984954061 0.981408398594068 0.954893013504347 0.910495159400629 0.981408398594068 1 0.904575445520133 0.866713942159462 0.848060677067275 0.866097305296911 1 0.683449466609114 0.752050317567984 0.729543072084849 0.784547080224456 0.6829869889622 0.865603995806869 0.843004254794352 0.843004254794352 1 1
0 0 0 0 0 0 0 0 0 0 0 0 0 0 0 0 0 0 0 0.115064438552137 0.153295924030339 0.287661096380342 0.617993463649257 0.640192390701116 0.699482025035457 -9999 -9999 0.719615218597768 0.703151014367639 0.518437442190294 0.680427945982611 0.541592156379108 0.518437442190294 0.518437442190294 0.461676018992415 0.460504408953567 0.498180921255473 0.478787691928224 0.403126348893137 0.518437442190294 0.441049515940063 0.403681322069433 0.605444903496331 0.771196892150213 0.763766417956465 0.914318307948449 0.932694086452488 0.923937843004255 0.866713942159462 0.847289880989086 0.943146081272739 0.866713942159462 -9999 -9999 -9999 0.799778010729482 0.91009434543997 0.776160818893754 0.824751803662823 0.736634396004193 0.779459826108405 0.977801072948141 -9999 -9999 1 1
0 0 0 0 0 0 0 0 0 0 0 0 0 0 0 0 0.0188382561509527 0 0.0762779798976383 0.0762471480545107 0.134334340506876 0.21116729358081 0.268237035209965 0.442776099155208 0.577264598877721 0.677005611395449 0.634580995251896 0.723623358204354 0.556823086884134 0.480699266202134 0.499352531294321 0.442313621508294 0.53761484861565 0.53761484861565 0.498180921255473 0.173120799161374 0.173120799161374 0.518221619288401 0.326170068446692 0.478787691928224 0.598507738792625 0.383424801134612 0.484769069494974 0.605136585065055 0.684559412961707 0.741474995375224 0.789572670654252 0.752050317567984 -9999 -9999 0.693408151939323 0.962230992168712 -9999 -9999 0.961244373188629 0.800548806807671 0.809798359745946 0.632546093605476 0.887895418388111 0.736634396004193 0.843096750323734 0.977801072948141 0.936424739470926 -9999 -9999 -9999
