data-raw/DATASET_PNE_1/DATASET_PNE/a_DATA/PFGS/ENVSUIT_A1B/HS_f0_H5_poorGrass.asc
NCOLS 619 
NROWS 782 
XLLCORNER 876826 
YLLCORNER 1947424 
CELLSIZE 100 
NODATA_value -9999 
[rows 252 to 279 of 782, columns 130 to 194 of 619]
1 1 1 1 1 1 1 1 1 1 1 1 1 1 1 1 1 1 1 0.752191589378732 0.556917799517215 0.749714140515818 0.512387244314572 0.333375682886546 0.254033794943463 0.131368314064287 0.315080675898869 0.345889975860755 0.394676661161225 0.509528649472748 0.509528649472748 0.412654046499809 0.554821496633211 0.585122601956549 0.712997077880828 0.78026934315843 0.921166306695464 0.890357006733579 0.799136069114471 -9999 -9999 0.969952991995935 0.82943717443781 0.98145089569305 0.79538813365519 0.588743488756194 0.399695083216872 0.315588870537416 0.113772074704612 0.230148646931775 -9999 -9999 0 0 0 0 -9999 -9999 -9999 0.0168339474018549 0.126540464998094 0.120378605005717 0.606784398424597 0.606784398424597 0.721382289416847
1 1 1 1 1 1 1 1 1 1 1 1 1 1 1 1 1 1 1 0.770740693685682 0.648519883115233 0.749714140515818 0.307521280650489 0.211980688603735 0.285033667894804 0.208486850463728 0.0710202007368822 0.052725193749206 0.0710202007368822 0.320797865582518 0.381336551899377 0.471858721890484 0.581501715156905 0.72049294879939 0.72049294879939 0.7791259052217 0.876889848812095 0.98145089569305 0.540909668402998 -9999 0.921166306695464 0.951403887688985 0.936412145851861 0.625587600050819 0.76400711472494 0.120378605005717 0.113772074704612 0.291640198195909 -9999 -9999 -9999 -9999 0 0 -9999 -9999 -9999 -9999 -9999 0.138165417354847 0.138165417354847 0.345572354211663 0.54122729005209 0.588743488756194 0.49129716681489
1 1 1 1 0.755939524838013 0.786748824799898 1 1 1 1 1 1 1 1 1 1 1 1 1 0.736628128573244 0.678312793800025 0.733896582391056 0.35440223605641 0.199085249650616 0.132194130351925 0.0863930885529158 0.0710202007368822 0.034303138101893 0.034303138101893 0.214966332105196 0.214966332105196 0.052725193749206 0.052725193749206 0.345508829881845 0.459407953246093 0.539003938508449 0.430567907508576 0.625587600050819 0.625587600050819 0.655253462075975 0.79538813365519 0.81126921610977 0.625587600050819 0.588743488756194 0.665862025155635 0.261021471223479 0.322131876508703 0.230529792910685 -9999 -9999 -9999 -9999 0 0 -9999 -9999 -9999 -9999 -9999 0.107610214712235 0.339601067208741 0.126540464998094 0.430567907508576 0.394295515182315 0.166433744123999
1 1 1 0.877334519120823 0.755939524838013 0.969952991995935 1 1 1 1 1 1 1 1 1 1 1 1 1 0.676152966586203 0.708931520772456 0.562698513530682 0.3207343412527 0.168657095667641 0.132194130351925 0.101321306060221 0.0710202007368822 0.052725193749206 0.052725193749206 0.052725193749206 0.052725193749206 0.052725193749206 0.052725193749206 0.162685808664719 0.315080675898869 0.412654046499809 0.570829627747427 0.556917799517215 0.588743488756194 0.608880701308601 0.588743488756194 0.588743488756194 0.606784398424597 0.505018422055647 0.354973955024775 0.278490661923517 0.0464998094270105 0.034303138101893 0.0168339474018549 -9999 -9999 0 0.0446576038622793 0 0 -9999 -9999 0 0 0.230593317240503 0.339601067208741 0.0653030110532334 0.143310888070131 0.161923516706899 0.052725193749206
1 1 0.817240503112692 0.755939524838013 0.938699021725321 1 1 1 1 1 1 1 1 1 1 1 1 1 1 0.767437428535129 0.801740566637022 0.625587600050819 0.277283699656969 0.229132257654682 0.303392199212298 0.162876381654174 0.163257527633083 0.13238470334138 0.0710202007368822 0.0710202007368822 0.052725193749206 0.052725193749206 0.034303138101893 0.144390801677042 0.284843094905349 0.37631812984373 0.570829627747427 0.570829627747427 0.412654046499809 0.570829627747427 0.412654046499809 0.412654046499809 0.557680091475035 0.358023122856054 0.353894041417863 0.034303138101893 0 0 0 0 0 0 0 0 0 0 0 0 -9999 -9999 -9999 0.168593571337822 0.0653030110532334 0.0963028840045738 0.0352560030491678
0.847096938127303 0.969952991995935 0.938699021725321 0.817240503112692 1 1 1 1 1 1 1 1 1 1 1 1 1 1 1 0.737390420531064 0.571718968364884 0.749714140515818 0.369266929233897 0.229132257654682 0.180726718333122 0.285033667894804 0.254033794943463 0.224304408588489 0.131368314064287 -9999 0.0710202007368822 0.052725193749206 0.052725193749206 0.174564858340745 0.345508829881845 0.363867361199339 0.351797738533858 0.138355990344302 0.382225892516834 0.107356117392962 0.339601067208741 0.107356117392962 0.351607165544404 0.373396010672087 0.339601067208741 0 0 0 0 0 0 0 0 0 0 0 0 0 0 -9999 -9999 0.138165417354847 0.077118536399441 0.108308982340236 0.0168339474018549
1 0.908016770423072 0.877715665099733 0.877715665099733 0.816795832803964 1 1 1 1 1 1 1 1 1 1 1 1 1 1 0.877398043450642 0.7708042180155 0.718650743234659 0.430567907508576 0.50794054122729 0.150425613009783 0.0710202007368822 0.0710202007368822 -9999 -9999 -9999 -9999 0.223986786939398 0.101893025028586 0.37631812984373 0.441430567907509 0.72049294879939 0.570829627747427 0.46067843984246 0.381590649218651 0.430567907508576 0.446321941303519 0.570829627747427 0.585122601956549 0.483991868885783 0.339601067208741 0 0 0 0 0 0 0 0 0 0 0 0 0 0 0 0 0.0605386863168594 0.261656714521662 0.0168339474018549 0
1 1 1 1 1 1 1 1 1 1 1 1 1 1 1 1 1 1 1 1 0.951149790369712 0.749714140515818 0.557934188794308 0.570829627747427 0.107356117392962 0.0893787320543768 0.0710202007368822 -9999 -9999 0.0710202007368822 0.0893787320543768 0.25454198958201 0.345508829881845 0.363867361199339 0.412654046499809 0.412654046499809 0.430567907508576 0.462965315715919 0.512387244314572 0.527696607800788 0.606784398424597 0.448608817176979 0.556917799517215 0.702515563460805 0.339601067208741 0.278490661923517 0 0 0 0 0 0 0 0 -9999 -9999 -9999 0 0 0 0 0.213124126540465 0.261656714521662 0 -9999
1 1 1 1 1 1 1 1 1 1 1 1 1 1 1 1 1 1 1 0.847351035446576 0.951149790369712 0.81126921610977 0.606784398424597 0.557934188794308 0.570829627747427 0.272519374920595 0.0893787320543768 0.0893787320543768 0.0893787320543768 0.107356117392962 0.229132257654682 0.381844746537924 0.394676661161225 0.428408080294753 0.381590649218651 0.308156523948672 0.512387244314572 0.625587600050819 0.719476559522297 0.749714140515818 0.668847668657096 0.770296023376953 0.770296023376953 0.733578960741964 0.665862025155635 0.247427264642358 0.034303138101893 0 0 0 -9999 -9999 0 0 -9999 -9999 0 0 0.0446576038622793 0 0 0.213124126540465 0.169482911955279 0.0610468809554059 0.152013721255241
1 1 1 1 1 1 1 1 1 1 1 1 1 1 1 1 1 1 1 0.721763435395757 0.951149790369712 0.81126921610977 0.625015881082455 0.590966840299835 0.340744505145471 0.290242662939906 0.260005081946385 0.229132257654682 0.107356117392962 0.107356117392962 0.107356117392962 0.320543768263245 0.46067843984246 0.446321941303519 0.448608817176979 0.512387244314572 0.749714140515818 0.648964553423961 0.571973065684157 0.860373523059332 0.95121331469953 0.708867996442638 0.739169101765976 0.770296023376953 0.799707788082836 0.358023122856054 0.339601067208741 0.339601067208741 0.278490661923517 0.034303138101893 0.0168339474018549 -9999 0 0 0 0 0 0 0.151823148265786 0.247427264642358 0.247427264642358 0.26172023885148 0.0300470080040656 0.213124126540465 0.0605386863168594
1 1 1 1 1 1 1 1 1 1 1 1 1 1 1 1 1 1 0.920086393088553 0.951149790369712 0.921039258035828 0.749714140515818 0.679075085757845 0.657921483928345 0.388070130860119 0.338648202261466 0.107356117392962 0.138355990344302 0.320543768263245 0.217189683648838 0.308156523948672 0.525854402236057 0.448608817176979 0.326197433617075 0.51626222843349 0.719476559522297 0.617901156142803 0.602464743996951 0.90922373268962 0.786621776140262 1 1 0.909033159700165 0.951403887688985 0.838267056282556 0.588743488756194 0.552852242408843 0.545610468809554 0.339601067208741 0.339601067208741 0.199720492948799 0.0168339474018549 0 0 0.0168339474018549 0.168847668657096 0.339601067208741 0.229894549612502 0.322131876508703 0.479862787447592 0.354973955024775 0.400711472493965 0.230148646931775 0.321623681870156 0.152013721255241
1 1 1 1 1 1 1 1 1 1 1 1 1 1 1 1 0.785986532842079 0.920912209376191 0.951149790369712 0.951149790369712 0.719413035192479 0.572417735992885 0.588362342777284 -9999 -9999 0.496633210519629 0.204294244695718 0.265277601321306 0.26476940668276 0.451721509338076 0.451721509338076 0.56504891373396 0.56504891373396 0.689175454198958 0.551835853131749 0.656142802693432 0.602464743996951 0.95121331469953 1 1 1 1 1 1 0.951403887688985 0.876889848812095 0.820226146614153 0.54840553932156 0.339601067208741 0.339601067208741 0.308791767246856 0 0 0 0.199720492948799 0.26095794689366 0.230148646931775 0.326959725574895 0.120378605005717 0.291132003557363 0.636323211790116 0.389022995807394 0.138546563333757 0.586266039893279 0.182251302248761
1 1 1 1 1 1 1 1 1 1 0.889086520137213 0.645915385592682 0.951149790369712 0.951149790369712 0.905094651251429 0.798754923135561 0.859865328420785 0.874920594587727 0.52648964553424 0.676152966586203 0.676152966586203 0.617329437174438 0.645915385592682 0.520772455850591 0.733896582391056 0.43418879430822 0.451721509338076 0.564159573116504 0.689175454198958 0.719476559522297 0.719476559522297 0.643374412399949 0.628255621903189 0.656142802693432 0.707216363867361 0.645915385592682 0.951403887688985 1 1 1 1 1 1 1 1 0.951403887688985 0.98145089569305 0.491741837123618 0.534112565112438 0.339601067208741 0.322767119806886 0.230593317240503 0 0.261656714521662 0.291830771185364 0.339601067208741 0.144009655698132 0.412590522169991 0.462965315715919 0.376381654173548 0.588743488756194 0.37028331851099 0.0706390547579723 0.576165671452166 0.617138864184983
1 1 1 1 1 1 1 1 1 0.889086520137213 0.708740947783001 0.709376191081184 0.73942319908525 0.801486469317749 0.801486469317749 0.831787574641088 0.831787574641088 0.61764705882353 0.676152966586203 0.676152966586203 0.676152966586203 0.676152966586203 0.676152966586203 0.505272519374921 0.749714140515818 0.534620759750985 0.749714140515818 0.790242662939906 0.556091983229577 0.845000635243298 0.890357006733579 0.890357006733579 0.890357006733579 0.860119425740058 0.767500952864947 1 1 1 1 1 1 1 1 1 1 1 0.651378477957058 0.794943463346462 0.37593698386482 0.339601067208741 0.339601067208741 0.291957819845001 0.247427264642358 0.339601067208741 0.322131876508703 0.0963028840045738 0.37593698386482 0.376381654173548 0.57527633083471 0.576483293101258 0.730085122601957 0.711281920975734 0.558442383432855 0.535001905729895 0.620886799644264
1 1 1 1 0.96900012704866 1 1 1 0.98145089569305 0.829246601448355 0.81126921610977 0.81126921610977 0.718650743234659 0.718650743234659 0.718650743234659 0.718650743234659 0.719413035192479 0.706962266548088 0.616185999237708 0.676152966586203 0.767437428535129 0.676152966586203 0.676152966586203 0.741201880320163 0.84608054885021 0.749714140515818 0.749714140515818 0.571401346715792 0.676152966586203 1 1 1 1 1 1 1 1 1 1 1 1 1 1 1 1 1 0.769978401727862 0.812984373014865 0.412590522169991 0.358023122856054 0.339601067208741 0.247427264642358 0.339601067208741 0.339601067208741 0.291640198195909 0.113772074704612 0.345635878541481 0.558442383432855 0.820035573624698 0.889658239105577 0.951149790369712 0.951149790369712 0.774933299453691 0.809236437555584 0.613708550374794
1 1 1 0.96900012704866 1 1 1 0.859039512133147 0.905793418879431 0.800724177359929 0.625587600050819 0.641214585186126 0.575721001143438 0.606784398424597 0.500127048659637 0.5665734976496 0.719413035192479 0.540909668402998 0.676152966586203 0.969698894676661 1 1 0.767437428535129 0.601384830390039 0.920658112056918 0.689175454198958 0.540909668402998 0.660907127429806 1 1 1 1 1 1 1 1 1 1 1 1 1 1 1 1 1 1 1 0.98145089569305 0.588743488756194 0.394676661161225 0.308791767246856 0.247427264642358 0.155761656714522 0.339601067208741 0.310252826832677 0.37593698386482 0.54046499809427 0.741710074958709 0.880510735611739 0.951149790369712 0.969698894676661 1 0.969698894676661 0.879939016643374 0.649980942701054
1 1 1 0.96900012704866 1 1 1 0.891182823021217 0.740376064032524 0.770168974717317 0.588743488756194 0.509973319781476 0.186189810697497 0.155698132384703 0.174120188032016 0.625015881082455 0.709503239740821 0.676152966586203 0.907889721763435 1 1 1 1 0.816287638165417 0.86005590141024 0.617901156142803 0.738025663829247 0.676152966586203 1 1 1 1 1 1 1 1 1 1 1 1 1 1 1 1 1 1 0.737390420531064 0.858086647185872 0.702515563460805 0.358023122856054 0.339601067208741 0.247427264642358 0.034303138101893 0.339601067208741 0.358023122856054 0.412590522169991 0.690763562444416 0.81806631940033 0.951149790369712 0.877715665099733 0.939207216363867 1 0.969698894676661 0.848176851734214 0.770867742345318
1 1 1 0.938699021725321 1 1 0.938635497395503 0.861516960996061 0.801486469317749 0.624253589124635 0.35440223605641 0.290496760259179 0.125269978401728 0.338648202261466 0.500127048659637 0.749714140515818 0.556536653538305 0.676152966586203 1 1 1 1 1 1 0.96976241900648 0.617202388514801 0.738025663829247 0.676152966586203 1 1 1 1 1 1 1 1 1 1 1 1 1 1 1 1 1 0.98145089569305 0.678757464108754 0.799644263753017 0.358023122856054 0.339601067208741 0.308791767246856 0.155761656714522 0.278490661923517 0.339601067208741 0.486215220429424 0.528014229449879 0.799517215093381 0.951149790369712 1 0.90884258671071 1 1 1 0.939461313683141 0.848176851734214
1 1 1 0.938699021725321 1 1 0.969698894676661 0.831088807013086 0.801486469317749 0.718650743234659 0.495045102274171 0.199339346969889 0.248253080929996 0.562698513530682 0.718650743234659 0.617774107483166 0.601384830390039 1 1 1 1 1 1 1 0.907889721763435 0.875365264896455 0.706962266548088 0.694702070893152 1 1 1 1 1 1 1 1 1 1 1 1 1 1 1 1 1 0.816414686825054 0.645724812603227 0.609007749968238 0.339601067208741 0.291957819845001 0.0647948164146868 0.247427264642358 0.339601067208741 0.358023122856054 0.570766103417609 0.606784398424597 0.649282175073053 0.969698894676661 0.969698894676661 1 1 1 1 1 0.727226527760132
1 1 0.938953119044594 1 1 1 0.920149917418371 0.831088807013086 0.734531825689239 0.547325625714649 0.575721001143438 0.125269978401728 0.356435014610596 0.718650743234659 0.617774107483166 0.586964807521281 0.951149790369712 1 1 1 1 1 1 1 0.938889594714776 0.846779316478211 0.768136196163131 0.876826324482277 1 1 1 1 1 1 1 1 1 1 1 1 1 1 1 1 1 0.921166306695464 0.749714140515818 0.412590522169991 0.339601067208741 0.339601067208741 0.217189683648838 0.339601067208741 0.339601067208741 0.376381654173548 0.588743488756194 0.632892897979926 0.939270740693686 1 1 1 1 1 1 1 0.847478084106213
0.96900012704866 0.96900012704866 1 1 1 1 0.889912336424851 0.709376191081184 0.704103671706264 0.718650743234659 0.500889340617456 0.500127048659637 0.718650743234659 0.801486469317749 0.617774107483166 0.829881844746538 1 1 1 1 1 1 1 1 1 0.96976241900648 0.676152966586203 0.969127175708296 1 1 1 1 1 1 1 1 1 1 1 1 1 1 1 1 1 0.63047897344683 0.81126921610977 0.588743488756194 0.358023122856054 0.339601067208741 0.125714648710456 0.339601067208741 0.326959725574895 0.412590522169991 0.606784398424597 0.680282048024393 1 1 1 1 1 1 1 1 1
1 1 1 1 1 0.951149790369712 0.891182823021217 0.617901156142803 0.719413035192479 0.596874602972939 0.719413035192479 0.678820988438572 0.617901156142803 0.815906492186507 0.920912209376191 1 1 1 1 1 1 1 1 1 1 1 0.969698894676661 1 1 1 1 1 1 1 1 1 1 1 1 1 1 1 1 1 1 0.848303900393851 0.740693685681616 0.588743488756194 0.373396010672087 0.339601067208741 0.0651759623935968 0.339601067208741 0.326959725574895 0.394295515182315 0.595794689366027 0.649282175073053 0.984754160843603 1 1 1 1 1 1 1 1
1 1 0.969698894676661 0.969698894676661 0.951149790369712 0.846398170499301 0.709376191081184 0.771439461313683 0.770232499047135 0.628700292211917 0.740376064032524 0.831088807013086 0.891182823021217 0.920912209376191 1 1 1 1 1 1 1 1 1 1 1 1 1 1 1 1 1 1 1 1 1 1 1 1 1 1 1 1 1 1 1 0.969508321687206 0.587600050819464 0.606784398424597 0.358023122856054 0.339601067208741 0.339601067208741 0.277728369965697 0.358023122856054 0.37593698386482 0.559522297039766 0.667767755050184 0.984754160843603 1 1 1 1 1 1 1 1
1 0.951149790369712 0.859801804090967 0.846398170499301 0.801486469317749 0.890039385084487 0.770677169355863 0.770677169355863 0.688984881209503 0.719413035192479 0.677042307203659 0.768263244822767 0.676152966586203 0.969698894676661 1 1 1 1 1 1 1 1 1 1 1 1 1 1 1 1 1 1 1 1 1 1 1 1 1 1 1 1 1 1 1 1 0.830707661034176 0.606784398424597 0.412590522169991 0.339601067208741 0.339601067208741 0.247427264642358 0.358023122856054 0.394295515182315 0.711281920975734 0.698831152331343 1 1 1 1 1 1 1 1 1
1 0.935903951213315 0.891182823021217 0.801486469317749 0.688603735230593 0.614661415322068 0.575721001143438 0.606784398424597 0.500127048659637 0.719413035192479 0.706962266548088 0.676152966586203 0.951149790369712 1 1 1 1 1 1 1 1 1 1 1 1 1 1 1 1 1 1 1 1 1 1 1 1 1 1 1 1 1 1 1 1 1 0.98145089569305 0.81126921610977 0.54122729005209 0.376381654173548 0.358023122856054 0.113581501715157 0.358023122856054 0.588743488756194 0.741201880320163 0.923834328547834 1 1 1 1 1 1 1 1 1
0.969698894676661 0.904904078261974 0.801486469317749 0.702833185109897 0.468746029729386 0.575721001143438 0.588743488756194 0.513594206581121 0.597509846271122 0.77004192605768 0.82943717443781 0.858277220175327 0.98145089569305 1 1 1 1 1 1 1 1 1 1 1 1 1 1 1 1 1 1 1 1 1 1 1 1 1 1 1 1 1 1 1 1 1 1 0.951403887688985 0.606784398424597 0.49434633464617 0.394676661161225 0.358023122856054 0.37593698386482 0.608880701308601 0.816414686825054 0.90884258671071 1 1 1 1 1 1 1 1 1
0.738978528776521 0.771439461313683 0.718650743234659 0.729703976623047 0.594524202769661 0.503557362469826 0.503747935459281 0.770232499047135 0.801486469317749 0.693749205945877 0.676152966586203 0.920086393088553 1 1 1 1 1 1 1 1 1 1 1 1 1 1 1 1 1 1 1 1 1 1 1 1 1 1 1 1 1 1 1 1 1 1 1 0.951403887688985 0.905539321560157 0.590966840299835 0.588743488756194 0.556917799517215 0.608880701308601 0.962647694066828 0.909160208359802 1 1 1 1 1 1 1 1 1 1
0.617901156142803 0.81126921610977 0.625587600050819 0.606784398424597 0.359865328420785 0.625587600050819 0.699021725320798 0.709376191081184 0.950387498411892 0.920086393088553 1 1 1 1 1 1 1 1 1 1 1 1 1 1 1 1 1 1 1 1 1 1 1 1 1 1 1 1 1 1 1 1 1 1 1 1 1 1 0.951403887688985 0.830707661034176 0.98145089569305 0.81126921610977 0.81126921610977 0.951403887688985 1 1 1 1 1 1 1 1 1 1 1
