data-raw/DATASET_PNE_1/DATASET_PNE/a_DATA/PFGS/ENVSUIT_A1B/HS_f45_H1_alpines.asc
NCOLS 619 
NROWS 782 
XLLCORNER 876826 
YLLCORNER 1947424 
CELLSIZE 100 
NODATA_value -9999 
[rows 81 to 107 of 782, columns 360 to 419 of 619]
1 1 1 1 1 1 1 1 1 1 1 1 1 1 1 1 1 1 1 1 1 1 1 1 1 1 1 1 1 1 1 1 1 1 1 1 1 1 1 1 -9999 1 1 1 1 1 1 1 1 1 -9999 -9999 -9999 -9999 -9999 -9999 -9999 -9999 -9999 -9999
1 1 0.989138245582581 1 1 1 1 1 1 1 1 1 1 1 1 1 1 1 1 1 1 1 1 1 1 1 1 1 1 1 1 1 1 1 1 1 1 -9999 -9999 -9999 1 1 1 1 1 1 1 1 1 1 1 -9999 -9999 -9999 -9999 -9999 -9999 -9999 -9999 -9999
1 1 1 1 1 1 1 1 1 1 1 1 1 1 1 1 1 1 1 1 1 1 1 1 1 1 1 1 1 1 1 1 1 1 1 1 1 -9999 -9999 -9999 -9999 1 1 1 1 1 1 1 1 1 1 -9999 -9999 -9999 -9999 -9999 -9999 -9999 -9999 -9999
1 1 1 1 1 1 1 1 1 1 1 1 1 1 1 1 1 1 1 1 1 1 1 1 1 1 1 1 1 1 1 1 1 1 1 1 1 1 -9999 -9999 1 1 1 1 1 1 1 1 1 1 -9999 -9999 -9999 -9999 -9999 -9999 -9999 -9999 -9999 -9999
1 1 1 1 1 1 1 1 1 1 1 1 1 1 1 1 1 1 1 1 1 1 1 1 1 1 1 1 1 1 1 1 1 1 1 1 1 1 1 1 1 1 1 1 1 1 1 1 1 1 -9999 -9999 -9999 -9999 -9999 -9999 -9999 -9999 -9999 -9999
1 1 1 1 1 1 1 1 1 1 1 1 1 1 1 1 1 1 1 1 1 1 1 0.98912388086319 1 1 1 1 1 1 1 0.967270910739899 1 0.956394761800766 1 1 1 1 1 1 1 1 1 1 1 1 1 1 1 -9999 -9999 -9999 -9999 -9999 -9999 -9999 -9999 -9999 -9999 -9999
1 1 1 1 1 1 1 1 1 1 1 1 1 1 1 0.989138245582581 1 1 1 0.989138245582581 0.956337213516235 0.97826212644577 0.956351608037949 0.967371582984924 1 0.956509858369827 0.94554740190506 0.923766374588013 0.912746369838715 0.912746369838715 0.912746369838715 0.989138245582581 0.989138245582581 0.956351608037949 0.945518642663956 0.96728527545929 1 1 1 1 1 1 1 1 1 1 1 1 1 -9999 -9999 -9999 -9999 -9999 -9999 -9999 -9999 -9999 -9999 -9999
1 1 1 1 1 1 1 1 1 1 1 1 0.978089481592178 0.978089481592178 0.967227727174759 0.967227727174759 0.978089481592178 0.978089481592178 0.978089481592178 0.978089481592178 0.978089481592178 0.956351608037949 0.901827067136765 0.945475459098816 0.923651278018951 0.945475459098816 0.956351608037949 0.956351608037949 0.956351608037949 0.901827067136765 0.901827067136765 0.890893399715424 0.890965312719345 0.901827067136765 0.890893399715424 0.978089481592178 1 1 1 1 1 1 1 1 1 1 1 1 1 -9999 -9999 -9999 -9999 -9999 -9999 -9999 -9999 -9999 -9999 -9999
1 1 1 1 1 1 1 1 1 1 1 1 0.978089481592178 0.989037543535233 0.912674427032471 0.92353618144989 0.92353618144989 0.92353618144989 0.956207752227783 0.945288449525833 0.92353618144989 0.836311310529709 0.8144151866436 0.814544677734375 0.803610980510712 0.869184285402298 0.847360074520111 0.836311310529709 0.836311310529709 0.814602196216583 0.803668528795242 0.803668528795242 0.814544677734375 0.847230613231659 0.858264982700348 0.978089481592178 0.978089481592178 1 1 1 1 1 1 1 1 1 1 1 -9999 -9999 -9999 -9999 -9999 -9999 -9999 -9999 -9999 -9999 -9999 -9999
1 1 1 1 1 1 1 1 1 1 1 1 0.989037543535233 0.9344123005867 0.912631273269653 0.901697605848312 0.912674427032471 0.85799166560173 0.847187459468842 0.836153090000153 0.825348883867264 0.781786799430847 0.781786799430847 0.792591005563736 0.792591005563736 0.803524672985077 0.792591005563736 0.781786799430847 0.792734861373901 0.792734861373901 0.792734861373901 0.792734861373901 0.781786799430847 0.836311310529709 0.901697605848312 0.967227727174759 1 1 0.989037543535233 1 1 1 1 1 1 1 1 -9999 -9999 -9999 -9999 -9999 -9999 -9999 -9999 -9999 -9999 -9999 -9999 -9999
1 1 1 1 1 1 1 1 1 1 1 1 0.956308454275131 0.9344123005867 0.901697605848312 0.825363248586655 0.825334489345551 0.814429581165314 0.814429581165314 0.814429581165314 0.781786799430847 0.792591005563736 0.792591005563736 0.814429581165314 0.781786799430847 0.814429581165314 0.814429581165314 0.814429581165314 0.803524672985077 0.803524672985077 0.814429581165314 0.803524672985077 0.814501494169235 0.868896543979645 0.847230613231659 0.945446699857712 1 0.967270910739899 0.945374757051468 1 1 1 1 1 1 1 1 -9999 -9999 -9999 -9999 -9999 -9999 -9999 -9999 -9999 -9999 -9999 -9999 -9999
1 1 1 1 1 1 1 1 1 1 1 1 0.956308454275131 0.912674427032471 0.825334489345551 0.803596615791321 0.84728816151619 0.814429581165314 0.814429581165314 0.814429581165314 0.803524672985077 0.814429581165314 0.814429581165314 0.869097977876663 0.814429581165314 0.814429581165314 0.814429581165314 0.814429581165314 0.836239397525787 0.825377643108368 0.836340099573135 0.880031645298004 0.836296916007996 0.847158670425415 0.825507134199142 0.94554740190506 0.978175789117813 1 1 1 1 1 1 1 1 1 -9999 -9999 -9999 -9999 -9999 -9999 -9999 -9999 -9999 -9999 -9999 -9999 -9999 -9999
1 1 1 1 1 1 1 1 1 1 1 1 0.945446699857712 0.901697605848312 0.879801452159882 0.81440082192421 0.890893399715424 0.869069188833237 0.869069188833237 0.858149915933609 0.847115516662598 0.825291335582733 0.836253792047501 0.967198967933655 0.868954092264175 0.847115516662598 0.825291335582733 0.825377643108368 0.890807062387466 0.87995970249176 0.956337213516235 0.869184285402298 0.825406432151794 0.879959732294083 0.869155526161194 0.96728527545929 0.978175789117813 0.945374757051468 0.989037543535233 1 1 1 1 1 1 1 -9999 -9999 -9999 -9999 -9999 -9999 -9999 -9999 -9999 -9999 -9999 -9999 -9999 -9999
1 1 1 1 1 1 1 1 1 1 1 1 0.97826212644577 0.814429581165314 0.803467124700546 0.82527694106102 0.825305700302124 0.858149915933609 0.858135521411896 0.880017280578613 0.890893399715424 0.879873394966125 0.989095091819763 0.923593729734421 0.825392037630081 0.814429581165314 0.825392037630081 0.847173064947128 0.923564940690994 0.967213332653046 0.956337213516235 0.847158700227737 0.836253792047501 0.847216248512268 0.901827067136765 0.94554740190506 0.967270910739899 0.967256516218185 1 1 1 1 1 1 1 -9999 -9999 -9999 -9999 -9999 -9999 -9999 -9999 -9999 -9999 -9999 -9999 -9999 -9999 -9999
1 1 1 1 1 1 1 1 1 1 1 1 0.97826212644577 0.869026035070419 0.94527405500412 0.84728816151619 0.781786799430847 0.80353906750679 0.945317208766937 0.879873394966125 0.956250905990601 0.93439793586731 0.912717580795288 0.890979707241058 0.890663236379623 0.814559072256088 0.858034819364548 0.945288449525833 0.967213332653046 0.967213332653046 0.945461094379425 0.858121126890182 0.803639769554138 0.81463098526001 0.901827067136765 0.978089481592178 0.967270910739899 1 1 1 1 1 1 1 -9999 -9999 -9999 -9999 -9999 -9999 -9999 -9999 -9999 -9999 -9999 -9999 -9999 -9999 -9999 -9999
1 1 1 1 1 1 1 1 0.989037543535233 1 1 0.98912388086319 0.836325705051422 0.84728816151619 0.84728816151619 0.84728816151619 0.869069188833237 0.858092367649078 0.868968486785889 0.956351608037949 0.814501523971558 0.890893399715424 0.869011670351028 0.858106732368469 0.901755124330521 0.847187459468842 0.858149915933609 0.956366002559662 0.967213332653046 0.901812702417374 0.869155496358871 0.858121126890182 0.792734861373901 0.836311310529709 0.923622488975525 0.967270910739899 0.978233337402344 1 1 1 1 1 1 1 -9999 -9999 -9999 -9999 -9999 -9999 -9999 -9999 -9999 -9999 -9999 -9999 -9999 -9999 -9999 -9999
1 1 1 1 1 1 1 0.989037543535233 0.956308454275131 0.945533007383347 0.934570550918579 0.880017250776291 0.814429581165314 0.836325705051422 0.836268156766891 0.836167454719543 0.836167454719543 0.825291335582733 0.890807092189789 0.825305700302124 0.880031645298004 0.825535893440247 0.803682923316956 0.836325705051422 0.879988491535187 0.858149915933609 0.923478633165359 0.945461094379425 0.967213332653046 0.956265270709991 0.868997246026993 0.847230613231659 0.803697317838669 0.869155526161194 0.923622488975525 0.967270910739899 1 1 1 1 1 1 1 1 -9999 -9999 -9999 -9999 -9999 -9999 -9999 -9999 -9999 -9999 -9999 -9999 -9999 -9999 -9999 -9999
1 0.989138245582581 1 1 1 1 0.978089481592178 0.978089481592178 0.945432305335999 0.912674427032471 0.858221828937531 0.858164310455322 0.825305700302124 0.847187459468842 0.825291335582733 0.836239397525787 0.825291335582733 0.836167454719543 0.814429581165314 0.803625375032425 0.803654134273529 0.814559042453766 0.803654134273529 0.836311310529709 0.847187459468842 0.890749543905258 0.869011640548706 0.91271761059761 0.912501782178879 0.901755124330521 0.879887789487839 0.814429581165314 0.81463098526001 0.901827067136765 0.934642493724823 0.967270910739899 1 1 1 1 1 1 1 1 1 1 1 -9999 -9999 -9999 -9999 -9999 -9999 -9999 -9999 -9999 -9999 -9999 -9999 -9999
1 0.989138245582581 1 1 1 0.978089481592178 0.978089481592178 0.92353618144989 0.923694431781769 0.868982881307602 0.912559330463409 0.84728816151619 0.847129911184311 0.836239397525787 0.836167454719543 0.858077973127365 0.803625375032425 0.71323549747467 0.784059852361679 0.792720466852188 0.792720466852188 0.80608543753624 0.847216218709946 0.890749543905258 0.879945337772369 0.880031645298004 0.869155526161194 0.923564940690994 0.836253792047501 0.847158670425415 0.847316950559616 0.781786799430847 0.825507134199142 0.912746369838715 1 0.967270910739899 1 1 1 1 1 1 1 1 1 1 1 1 1 -9999 -9999 -9999 -9999 -9999 -9999 -9999 -9999 -9999 -9999 -9999
0.967227727174759 0.945475459098816 0.956351608037949 0.956351608037949 0.945475459098816 0.978089481592178 0.923694431781769 0.92353618144989 0.879887789487839 0.814429581165314 0.84728816151619 0.880017280578613 0.847129911184311 0.847115516662598 0.825377643108368 0.836311310529709 0.753388017416 0.764321684837341 0.714458346366882 0.56663790345192 0.646281123161316 0.806027919054031 0.890835851430893 0.879945337772369 0.89087900519371 0.825507134199142 0.847360104322433 0.858149915933609 0.825291335582733 0.847158670425415 0.781786799430847 0.825435191392899 0.880031645298004 0.912746369838715 0.989051938056946 1 1 1 1 1 1 1 1 1 1 1 1 1 1 1 1 1 1 1 1 1 -9999 -9999 -9999 -9999
0.912674427032471 0.880031645298004 0.880031645298004 0.890893399715424 0.912631273269653 0.901654452085495 0.858121126890182 0.890821486711502 0.858034819364548 0.814429581165314 0.836253792047501 0.847115516662598 0.847101151943207 0.762221276760101 0.725392043590546 0.646410584449768 0.586145877838135 0.743907362222672 0.626916989684105 0.498489432036877 0.675514310598373 0.816889643669128 0.879930943250656 0.945504248142242 0.814587831497192 0.814487129449844 0.825507134199142 0.847273766994476 0.858178675174713 0.792734861373901 0.792734861373901 0.890965312719345 0.912746369838715 0.989051938056946 1 1 1 1 1 1 1 1 1 1 1 1 1 1 1 1 1 1 1 1 1 1 1 -9999 -9999 -9999
0.890835851430893 0.84707236289978 0.880031645298004 0.880031645298004 0.880031645298004 0.880031645298004 0.92353618144989 0.890835851430893 0.781786799430847 0.825291335582733 0.814429581165314 0.825449585914612 0.792720466852188 0.645187735557556 0.56663790345192 0.557070925831795 0.577096819877625 0.665774703025818 0.536843627691269 0.626355916261673 0.807078123092651 0.868968486785889 0.890749543905258 0.825535893440247 0.814487129449844 0.803524672985077 0.814429581165314 0.869069188833237 0.880017280578613 0.792734861373901 0.825435191392899 0.901827067136765 0.934570550918579 1 1 1 1 1 1 1 1 1 1 1 1 1 1 1 1 1 1 1 1 1 1 1 1 1 -9999 -9999
0.868867784738541 0.879873394966125 0.880031645298004 0.803567826747894 0.792662918567657 0.792662918567657 0.847259402275085 0.814429581165314 0.825291335582733 0.792591005563736 0.792591005563736 0.814501523971558 0.764638185501099 0.576406270265579 0.508833266794682 0.567558631300926 0.78649115562439 0.616932824254036 0.536843627691269 0.871529281139374 0.871442973613739 0.696245133876801 0.764321684837341 0.836311310529709 0.814429581165314 0.847273766994476 0.858221828937531 0.901755154132843 0.880017280578613 0.781786799430847 0.814559072256088 0.912746369838715 1 0.978233337402344 1 1 1 1 1 1 1 1 1 1 1 1 1 1 1 1 1 1 1 1 1 1 1 1 1 -9999
0.836253792047501 0.825305700302124 0.869011670351028 0.847144305706024 0.792591005563736 0.781786799430847 0.781786799430847 0.792591005563736 0.836239397525787 0.825291335582733 0.781786799430847 0.752380967140198 0.586145877838135 0.508833266794682 0.449259102344513 0.587282404303551 0.587282404303551 0.587282404303551 0.894302994012833 0.735117226839066 0.596144437789917 0.637821897864342 0.774147599935532 0.814429581165314 0.825291335582733 0.825291335582733 0.847158670425415 0.880017280578613 0.847216218709946 0.825507134199142 0.825492739677429 0.945475459098816 1 0.989095091819763 1 1 1 1 1 1 1 1 1 1 1 1 1 1 1 1 1 1 1 1 1 1 1 1 1 1
0.880017280578613 0.858193069696426 0.869141131639481 0.792662918567657 0.792648553848267 0.781786799430847 0.792662918567657 0.781786799430847 0.781786799430847 0.847115516662598 0.71323549747467 0.586145877838135 0.508833266794682 0.449259102344513 0.480923607945442 0.538382962346077 0.616702631115913 0.894302994012833 0.617177382111549 0.685210764408112 0.664336055517197 0.764321684837341 0.814429581165314 0.836167454719543 0.825305700302124 0.814429581165314 0.858121126890182 0.847216218709946 0.792734861373901 0.825435191392899 0.880089193582535 0.967227727174759 1 1 1 1 1 1 1 1 1 1 1 1 1 1 1 1 1 1 1 1 1 1 1 1 1 1 1 1
0.880017280578613 0.869054824113846 0.880017280578613 0.880017280578613 0.762365132570267 0.66468134522438 0.71323549747467 0.781786799430847 0.684002310037613 0.654927343130112 0.586232200264931 0.449259102344513 0.439433179795742 0.429578479379416 0.439433179795742 0.617925480008125 0.577255070209503 0.498489432036877 0.557070925831795 0.754481375217438 0.793857008218765 0.814429581165314 0.836167454719543 0.836210608482361 0.847158670425415 0.858063578605652 0.858077973127365 0.847216218709946 0.81463098526001 0.825435191392899 0.912703216075897 0.912746369838715 1 1 1 0.989095091819763 1 1 1 1 1 1 1 1 1 1 1 1 1 1 1 1 1 1 1 1 1 1 1 1
0.858034819364548 0.880017280578613 0.847230613231659 0.669313758611679 0.48057834059 0.498561359941959 0.59582793712616 0.703308880329132 0.663976401090622 0.468292333185673 0.458653435111046 0.429794277995825 0.400489141233265 0.400489141233265 0.489224575459957 0.449259102344513 0.449259102344513 0.537692427635193 0.606171771883965 0.725392043590546 0.814429581165314 0.847129911184311 0.814429581165314 0.858121126890182 0.880017280578613 0.869026035070419 0.847259402275085 0.880017280578613 0.858250617980957 0.880031645298004 0.912703216075897 0.901827067136765 0.978089481592178 0.967227727174759 1 1 0.967270910739899 1 1 1 1 1 1 1 1 1 1 1 1 1 1 1 1 1 1 1 1 1 1 1
