data-raw/DATASET_PNE_1/DATASET_PNE/a_DATA/PFGS/ENVSUIT_A1B/HS_f30_H2_dryGrass.asc
NCOLS 619 
NROWS 782 
XLLCORNER 876826 
YLLCORNER 1947424 
CELLSIZE 100 
NODATA_value -9999 
[rows 216 to 242 of 782, columns 0 to 60 of 619]
-9999 -9999 -9999 -9999 -9999 -9999 -9999 0.919716516250485 1 0.980344388461325 0.980344388461325 1 1 0.963069597475223 0.805437129727036 0.805437129727036 0.784840263551298 0.764741708654006 0.746913238469631 0.764741708654006 0.764741708654006 0.727312994850783 0.626045069486739 0.527268700514922 0.432644925530148 0.744698521676541 0.691988262000997 1 1 1 1 1 0.490282930070317 0.432644925530148 0.432644925530148 0.468080394219589 0.537677869442445 0.764132661535906 0.78439732019268 0.804495875089973 0.784231216433199 0.724267759260285 0.764741708654006 0.756325784840264 0.715851835446542 0.663750622889098 0.663750622889098 0.64315375671336 0.663363047450307 1 1 1 1 0.825092741265711 0.982448369414761 0.973589502242401 1 1 0.873927246553347 0.980344388461325 0.980344388461325
-9999 -9999 -9999 -9999 -9999 -9999 -9999 1 1 0.980344388461325 0.980344388461325 1 1 1 0.875256076629201 0.805437129727036 0.784840263551298 0.764741708654006 0.784840263551298 0.720613476551686 0.703560157244892 0.626045069486739 0.503239023309894 0.450694867393832 0.432644925530148 0.709263052987099 0.901278998948009 1 1 1 1 0.825092741265711 0.490282930070317 0.432644925530148 0.432644925530148 0.468080394219589 0.523448314046841 0.804495875089973 0.825092741265711 0.860306738275843 0.825092741265711 0.825092741265711 0.825092741265711 0.784840263551298 0.827916505176901 0.80133990365982 0.764741708654006 0.764741708654006 0.724267759260285 0.663750622889098 0.64315375671336 1 1 1 1 1 1 1 0.980344388461325 0.980344388461325 0.980344388461325
-9999 -9999 -9999 -9999 -9999 -9999 -9999 1 1 0.980344388461325 0.980344388461325 0.980344388461325 0.980344388461325 1 0.892309395935995 0.805437129727036 0.784840263551298 0.784840263551298 0.764741708654006 0.682963291069155 0.622944465976413 0.554011405791484 0.450694867393832 0.432644925530148 0.378661203698577 0.323348651791152 0.921488289684957 1 1 1 1 0.507613088976247 0.507613088976247 0.450030452355905 0.432644925530148 0.588616355683517 0.682963291069155 0.804495875089973 0.825092741265711 0.825092741265711 0.825092741265711 0.825092741265711 0.784840263551298 0.784840263551298 0.805437129727036 0.743757267039477 0.848236531753502 0.87387187863352 0.809700459553735 0.833619400919108 0.752228558773047 0.922097336803056 1 1 1 1 1 1 0.980344388461325 0.980344388461325 0.95304800398649
-9999 -9999 -9999 -9999 -9999 -9999 -9999 1 1 1 0.980344388461325 0.980344388461325 0.980344388461325 1 0.705276562759537 0.805437129727036 0.784840263551298 0.784840263551298 0.764741708654006 0.663363047450307 0.622944465976413 0.622944465976413 0.450694867393832 0.414428879906982 0.396877249321743 0.657051104590001 0.883727368362771 1 1 1 0.825092741265711 0.46968606389458 0.542550246387243 0.48518908144621 0.663196943690825 0.622944465976413 0.682963291069155 0.825092741265711 0.825092741265711 0.825092741265711 0.860306738275843 0.784840263551298 0.784840263551298 0.805437129727036 0.825092741265711 0.743978738718786 0.793809866563313 0.767399368805714 0.793809866563313 0.675986933170921 0.729527711643874 0.732074635955927 1 1 1 1 0.973589502242401 1 0.927634128785782 0.980344388461325 0.980344388461325
-9999 -9999 -9999 -9999 -9999 -9999 1 0.892973810973922 1 1 0.980344388461325 0.980344388461325 0.980344388461325 1 0.85715076684569 0.82348707159072 1 0.784840263551298 0.764741708654006 0.626045069486739 0.503239023309894 0.50251924035214 0.450030452355905 0.396877249321743 0.396877249321743 0.323348651791152 0.82752892973811 1 1 1 0.56275953712419 0.744532417917059 0.560600188250927 0.450030452355905 0.622944465976413 0.724212391340457 0.64315375671336 0.764741708654006 0.804495875089973 0.825092741265711 0.825092741265711 0.825092741265711 0.825092741265711 0.752228558773047 0.77897126404961 0.771385859033276 0.671668235424395 0.583245667460274 0.670173301589059 0.583245667460274 0.609656165217873 0.678090914124356 0.784840263551298 1 1 1 1 0.973589502242401 0.947289740324456 0.953601683184763 -9999
-9999 -9999 -9999 -9999 -9999 0.973312662643265 1 1 1 1 1 1 1 1 0.874425557831792 1 1 0.854216267094845 0.764741708654006 0.573888489009468 0.468080394219589 0.519627927578761 0.502297768672831 0.396877249321743 0.432644925530148 0.37860583577875 0.434250595205138 1 1 0.452300537068822 0.542550246387243 0.744532417917059 0.574829743646531 0.450030452355905 0.588616355683517 0.919439676651348 0.95930457892697 0.743535795360168 0.662754000332208 0.804495875089973 0.825092741265711 0.825092741265711 0.825092741265711 0.825092741265711 0.698244836941476 0.698909251979403 0.618847239909197 1 0.556281490504402 0.609656165217873 0.67216654670284 0.752228558773047 0.618902607829024 0.982448369414761 1 1 0.973589502242401 0.973589502242401 0.973589502242401 0.953601683184763 1
-9999 -9999 -9999 -9999 1 1 0.946237749847738 1 0.980344388461325 1 1 1 1 1 1 0.805437129727036 0.784840263551298 0.77492940590222 0.764741708654006 0.665854603842534 0.503239023309894 0.450030452355905 0.450030452355905 0.432644925530148 0.46968606389458 0.452300537068822 0.786445933226289 0.825092741265711 0.825092741265711 0.3417308011738 0.542550246387243 0.784729527711644 0.663196943690825 0.605946514589447 0.571120093018105 0.95930457892697 0.979403133824262 0.979403133824262 0.78439732019268 0.825092741265711 0.825092741265711 0.825092741265711 0.825092741265711 0.860306738275843 0.752228558773047 0.698244836941476 0.64536847350645 0.84646475831903 0.618791871989369 0.713138807375007 0.591606223354189 0.565195725596589 0.565195725596589 0.696583799346658 1 1 1 1 0.947289740324456 0.873927246553347 1
-9999 -9999 -9999 -9999 1 1 1 0.980344388461325 1 1 1 1 1 1 1 1 0.784840263551298 0.784840263551298 0.764741708654006 0.665854603842534 0.588505619843862 0.503239023309894 0.360002214716793 0.673716848458003 0.452300537068822 0.825092741265711 0.825092741265711 0.825092741265711 1 0.323348651791152 0.450030452355905 0.744532417917059 0.642600077515088 0.858701068600853 0.919052101212557 0.764741708654006 1 1 1 1 0.825092741265711 0.825092741265711 0.805437129727036 0.825092741265711 0.825092741265711 0.913792148828969 0.56497425391728 0.802724101655501 1 0.713138807375007 0.947289740324456 0.678312385803665 0.609656165217873 0.722828193344776 0.564642046398317 1 1 0.946348485687393 0.893859697691158 0.927301921266818 0.900005536791983
-9999 -9999 -9999 1 1 1 1 1 1 1 1 1 1 1 1 1 1 1 0.959747522285588 0.95930457892697 0.797851724710703 0.797851724710703 0.744698521676541 0.674325895576103 0.489286307513427 0.825092741265711 0.825092741265711 0.825092741265711 1 0.46968606389458 0.360002214716793 0.519627927578761 0.642600077515088 0.642600077515088 0.979403133824262 1 1 1 1 1 1 1 0.805437129727036 0.805437129727036 0.860306738275843 1 0.820164996401085 0.775981396378938 0.900836055589392 0.900836055589392 0.953601683184763 0.953933890703726 0.695864016388904 0.695864016388904 0.695864016388904 0.946957532805493 0.839543768340623 0.973257294723437 0.973312662643265 0.927301921266818 0.980344388461325
-9999 -9999 0.946016278168429 1 1 1 1 1 1 1 1 1 1 1 0.805437129727036 0.784840263551298 1 0.764741708654006 0.979403133824262 0.939648967388295 0.797851724710703 0.378661203698577 0.323348651791152 0.622224683018659 0.712861967775871 0.825092741265711 0.825092741265711 1 1 0.359946846796966 0.396877249321743 0.450030452355905 0.622944465976413 0.78439732019268 0.939648967388295 0.979403133824262 1 1 1 1 1 1 1 0.964896738829522 0.867393832013731 0.953601683184763 0.847184541276784 0.695864016388904 0.695864016388904 0.900836055589392 0.766236642489342 0.739549305132606 0.739549305132606 0.713138807375007 0.739549305132606 0.839266928741487 1 0.980344388461325 0.980344388461325 0.980344388461325 0.980344388461325
-9999 0.972980455124301 1 1 1 1 1 1 1 0.963069597475223 1 0.805437129727036 1 1 1 1 0.784840263551298 0.764741708654006 0.95930457892697 0.525607662920104 0.431814406732739 0.360002214716793 0.323348651791152 0.621449532141077 0.746082719672222 0.825092741265711 1 1 0.359946846796966 0.414594983666464 0.450030452355905 0.432644925530148 0.939648967388295 0.939648967388295 0.959747522285588 1 1 1 1 1 1 1 1 1 1 1 0.899950168872156 0.819998892641604 0.713138807375007 0.739549305132606 0.973257294723437 0.739826144731742 0.793200819445213 0.793200819445213 0.766513482088478 0.72255135374564 0.980344388461325 1 1 1 0.973534134322573
-9999 1 1 1 1 1 1 1 1 0.841149438015614 0.805437129727036 0.805437129727036 0.805437129727036 0.784840263551298 1 1 0.764741708654006 0.764741708654006 0.545207906538951 0.431814406732739 0.37738774154255 0.323348651791152 0.691988262000997 0.772161009910858 0.807042799402027 1 1 0.746082719672222 0.323348651791152 0.450030452355905 0.450030452355905 0.432644925530148 0.59681080781795 0.979403133824262 1 1 1 1 1 0.842755107690604 0.805437129727036 0.805437129727036 1 1 1 1 0.946348485687393 0.953601683184763 0.713138807375007 0.766236642489342 0.766236642489342 0.847239909196612 0.819777420962295 0.866175737777532 0.819777420962295 0.766790321687614 1 1 1 1 1
1 1 1 1 1 1 1 1 1 0.945517966889984 0.805437129727036 0.805437129727036 0.805437129727036 0.805437129727036 1 1 0.764741708654006 0.66491334920547 0.414096672388018 0.37738774154255 0.323348651791152 0.359946846796966 0.541553623830353 0.766347378328996 0.825092741265711 1 1 0.341564697414318 0.414594983666464 0.607552184264437 0.48518908144621 0.503239023309894 0.682963291069155 1 1 1 1 1 0.825092741265711 0.860306738275843 0.805437129727036 0.805437129727036 0.805437129727036 0.778694424450473 1 1 1 0.899728697192846 0.713138807375007 0.793366923204695 0.766236642489342 0.846520126238857 0.973257294723437 1 0.946514589446874 1 1 1 1 1 1
1 1 1 1 1 1 1 1 0.963069597475223 0.928243175903881 1 0.805437129727036 0.805437129727036 0.805437129727036 0.784840263551298 0.784840263551298 0.764741708654006 0.57948064891202 0.450030452355905 0.450030452355905 0.323348651791152 0.46968606389458 0.786445933226289 0.825092741265711 0.825092741265711 1 0.825092741265711 0.323348651791152 0.467360611261835 0.502297768672831 0.587896572725763 0.64315375671336 0.764741708654006 0.825092741265711 0.825092741265711 1 1 1 1 1 0.805437129727036 0.947621947843419 1 0.867670671612867 0.749570898621339 0.899950168872156 0.87425945407231 0.739549305132606 0.766236642489342 0.766236642489342 0.793200819445213 0.846520126238857 0.919937987929793 0.920104091689275 0.972980455124301 1 1 1 1 1 1
-9999 1 1 1 1 1 1 1 1 1 0.980344388461325 1 1 1 0.784840263551298 0.784840263551298 0.764741708654006 0.541830463429489 0.378661203698577 0.323348651791152 0.323348651791152 0.766347378328996 0.825092741265711 0.825092741265711 0.825092741265711 1 0.452300537068822 0.323348651791152 0.467360611261835 0.48518908144621 0.645313105586623 0.682963291069155 0.764741708654006 0.825092741265711 0.805437129727036 0.805437129727036 0.982448369414761 1 1 1 0.877858368861082 0.752117822933392 1 1 0.847184541276784 0.713138807375007 0.713138807375007 0.739549305132606 0.739826144731742 0.766236642489342 0.793200819445213 0.873816510713692 1 1 0.972980455124301 1 1 1 1 1 1
-9999 1 1 1 1 0.980344388461325 1 0.980344388461325 1 1 0.893638226011849 0.805437129727036 0.805437129727036 0.805437129727036 0.784840263551298 0.784840263551298 0.764741708654006 0.558828414816455 0.432644925530148 0.323348651791152 0.323348651791152 0.746082719672222 0.825092741265711 0.825092741265711 0.825092741265711 1 0.323348651791152 0.377332373622723 0.746082719672222 0.66491334920547 0.682963291069155 0.703560157244892 0.825092741265711 0.825092741265711 0.805437129727036 0.805437129727036 0.842755107690604 0.805437129727036 0.825092741265711 0.982448369414761 0.964896738829522 0.901223631028182 0.953601683184763 0.847184541276784 0.973035823044128 0.87425945407231 0.926914345828027 1 0.766236642489342 0.792979347765904 1 0.953601683184763 0.893472122252367 0.972980455124301 1 1 1 1 1 1 1
-9999 -9999 0.980344388461325 0.980344388461325 0.980344388461325 0.980344388461325 0.980344388461325 0.980344388461325 0.980344388461325 0.945517966889984 0.820054260561431 1 0.805437129727036 0.784840263551298 0.784840263551298 0.784840263551298 0.764741708654006 0.558828414816455 0.341620065334145 0.304578926969714 0.304578926969714 0.766347378328996 0.825092741265711 0.825092741265711 1 0.50412491002713 0.323348651791152 0.604894524112729 0.804495875089973 0.726427108133547 0.682963291069155 0.744421682077404 0.825092741265711 0.805437129727036 0.805437129727036 0.805437129727036 0.805437129727036 0.860306738275843 0.982448369414761 0.895742206965284 1 0.980344388461325 1 1 0.899950168872156 0.793311555284868 0.973035823044128 0.946569957366702 0.900005536791983 0.739549305132606 0.766236642489342 0.819777420962295 0.87326283151542 1 1 1 1 1 1 1 1
-9999 -9999 -9999 0.980344388461325 1 0.980344388461325 0.980344388461325 0.980344388461325 0.858701068600853 0.805437129727036 0.805437129727036 0.825092741265711 0.784840263551298 0.784840263551298 0.784840263551298 0.764741708654006 0.764741708654006 0.432146614251703 0.340734178616909 0.323348651791152 0.414705719506118 0.825092741265711 0.825092741265711 0.825092741265711 1 0.323348651791152 0.340734178616909 0.704888987320746 0.804495875089973 0.764741708654006 0.764741708654006 0.764741708654006 0.784840263551298 0.805437129727036 0.805437129727036 0.805437129727036 0.982448369414761 0.805437129727036 0.805437129727036 1 1 0.894136537290294 0.910691545318642 0.963069597475223 0.936050052599524 0.713138807375007 0.865898898178395 0.739549305132606 0.713138807375007 0.713138807375007 0.739549305132606 0.740102984330879 0.819777420962295 0.972980455124301 1 1 1 1 1 1 1
-9999 -9999 -9999 -9999 -9999 0.980344388461325 0.980344388461325 0.911688167875533 0.805437129727036 0.805437129727036 0.784840263551298 0.784840263551298 0.784840263551298 0.784840263551298 0.764741708654006 0.764741708654006 0.577764243397376 0.394274957089862 0.394662532528653 0.340180499418637 0.414318144067327 0.786944244504734 0.825092741265711 1 0.725873428935275 0.323348651791152 0.394274957089862 0.625103814849676 0.746691766790322 0.764741708654006 0.764741708654006 0.825092741265711 0.825092741265711 0.805437129727036 0.805437129727036 0.805437129727036 0.805437129727036 0.805437129727036 0.841149438015614 0.910414705719506 0.841149438015614 0.910414705719506 0.805437129727036 0.841149438015614 0.945517966889984 1 0.766513482088478 0.713138807375007 0.739549305132606 0.739549305132606 0.740102984330879 0.953601683184763 0.819777420962295 0.893029178893749 0.946514589446874 1 1 1 1 1 1
-9999 -9999 -9999 -9999 -9999 -9999 -9999 -9999 -9999 0.805437129727036 0.784840263551298 0.784840263551298 0.784840263551298 0.784840263551298 0.764741708654006 0.667017330158906 0.410497757599247 0.340734178616909 0.340734178616909 0.321964453795471 0.285809202148275 0.766347378328996 1 0.825092741265711 0.521953380211505 0.340734178616909 0.553070151154421 0.625103814849676 0.764741708654006 0.784840263551298 0.784840263551298 0.825092741265711 0.982448369414761 0.825092741265711 0.784840263551298 0.784840263551298 0.784840263551298 0.784840263551298 0.805437129727036 0.82348707159072 0.805437129727036 0.805437129727036 0.805437129727036 0.805437129727036 1 0.936382260118487 0.980344388461325 0.963069597475223 0.722828193344776 0.713138807375007 0.892254028016167 0.946016278168429 0.945960910248602 0.76667958584796 0.946514589446874 0.919218204972039 1 1 1 1 1
-9999 -9999 -9999 -9999 -9999 -9999 -9999 -9999 -9999 -9999 -9999 -9999 0.825092741265711 0.784840263551298 0.764741708654006 0.572559658933614 0.518409833342561 0.340734178616909 0.321964453795471 0.321964453795471 0.377166269863241 0.825092741265711 1 0.825092741265711 0.539172803277781 0.340734178616909 0.483195836332429 0.66491334920547 0.764741708654006 0.764741708654006 0.825092741265711 0.825092741265711 0.764741708654006 0.764741708654006 0.764741708654006 0.764741708654006 0.764741708654006 0.784840263551298 0.784840263551298 0.784840263551298 0.805437129727036 0.805437129727036 0.805437129727036 0.805437129727036 0.805437129727036 0.963069597475223 0.980344388461325 0.927191185427163 1 0.973312662643265 0.973312662643265 0.946348485687393 0.946569957366702 0.973257294723437 1 1 0.812856430983888 1 1 1 1
-9999 -9999 -9999 -9999 -9999 -9999 -9999 -9999 -9999 -9999 -9999 -9999 -9999 -9999 -9999 -9999 -9999 0.340734178616909 0.321964453795471 0.392447815735563 0.786944244504734 0.825092741265711 1 0.825092741265711 0.321964453795471 0.340734178616909 0.590055921599026 0.746691766790322 0.764741708654006 0.764741708654006 0.764741708654006 0.646254360223686 0.60871491058081 0.628924201317757 0.628924201317757 0.682963291069155 0.703560157244892 0.764741708654006 0.764741708654006 0.784840263551298 0.784840263551298 0.805437129727036 0.805437129727036 0.805437129727036 1 1 1 0.894136537290294 0.980344388461325 1 1 1 0.846963069597475 0.713138807375007 1 1 1 1 1 1 1
-9999 -9999 -9999 -9999 -9999 -9999 -9999 -9999 -9999 -9999 -9999 -9999 -9999 -9999 -9999 -9999 -9999 -9999 0.57123082885776 0.766347378328996 0.825092741265711 0.825092741265711 1 0.804994186368418 0.467803554620453 0.340734178616909 0.572559658933614 0.728475721167156 0.764741708654006 0.764741708654006 0.764741708654006 0.648524444936604 0.628924201317757 0.611427938652345 0.66491334920547 0.78439732019268 0.723880183821494 0.682963291069155 0.744144842478268 0.764741708654006 0.784840263551298 0.784840263551298 0.784840263551298 0.805437129727036 1 1 1 1 1 1 0.973312662643265 0.846963069597475 0.713138807375007 0.739826144731742 1 1 1 1 1 1 1
-9999 -9999 -9999 -9999 -9999 -9999 -9999 -9999 -9999 -9999 -9999 -9999 -9999 -9999 -9999 -9999 -9999 -9999 -9999 0.766347378328996 0.825092741265711 0.825092741265711 1 0.746082719672222 0.644150379270251 0.358064337522839 0.501411881955595 0.520015503017552 0.667017330158906 0.764741708654006 0.710757986822435 0.685233375782072 0.825092741265711 0.825092741265711 0.931066939815071 1 1 0.860029898676707 0.825092741265711 0.682963291069155 0.764741708654006 0.784840263551298 0.784840263551298 0.805437129727036 0.805437129727036 1 1 1 0.947289740324456 0.740102984330879 0.766513482088478 0.920270195448757 0.739826144731742 0.819777420962295 0.793366923204695 0.972980455124301 0.945684070649466 1 1 1 1
-9999 -9999 -9999 -9999 -9999 -9999 -9999 -9999 -9999 -9999 -9999 -9999 -9999 -9999 -9999 -9999 -9999 -9999 -9999 0.746082719672222 0.825092741265711 1 0.825092741265711 0.766347378328996 0.705553402358673 0.644150379270251 0.340734178616909 0.501411881955595 0.624494767731576 0.60627872210841 0.705774874037982 1 1 1 1 1 1 1 1 -9999 1 -9999 1 1 0.805437129727036 1 1 0.963069597475223 0.793422291124522 0.76667958584796 0.899617961353192 0.713138807375007 0.766236642489342 0.793090083605559 0.92021482752893 0.972980455124301 0.945684070649466 1 1 1 1
-9999 -9999 -9999 -9999 -9999 -9999 -9999 -9999 -9999 -9999 -9999 -9999 -9999 -9999 -9999 -9999 -9999 -9999 -9999 -9999 0.825092741265711 0.807042799402027 0.746082719672222 0.825092741265711 0.825092741265711 0.644150379270251 0.375892807707214 0.465588837827363 0.624494767731576 0.665411660483916 0.825092741265711 0.931066939815071 1 1 1 0.979403133824262 0.979403133824262 0.979403133824262 0.929295166380599 0.931066939815071 -9999 -9999 -9999 1 0.805437129727036 0.875975859586955 0.963069597475223 0.963069597475223 0.980344388461325 0.76667958584796 0.766513482088478 0.793588394884004 0.766236642489342 0.819777420962295 0.919218204972039 0.972980455124301 0.973312662643265 1 1 1 1
-9999 -9999 -9999 -9999 -9999 -9999 -9999 -9999 -9999 -9999 -9999 -9999 -9999 -9999 -9999 -9999 -9999 -9999 -9999 -9999 1 0.357510658324567 0.766347378328996 0.746082719672222 0.569514423343115 0.569514423343115 0.624494767731576 0.624494767731576 0.746082719672222 0.78439732019268 0.78439732019268 0.70583024195781 0.703283317645756 0.95930457892697 0.764741708654006 1 1 0.784840263551298 0.825092741265711 0.825092741265711 0.825092741265711 -9999 -9999 1 1 1 0.953878522783899 0.980344388461325 0.820164996401085 0.76667958584796 0.899562593433365 0.740102984330879 0.819777420962295 0.926028459110791 0.926028459110791 1 1 1 1 1 1
