data-raw/DATASET_PNE_1/DATASET_PNE/a_DATA/PFGS/ENVSUIT_A1B/HS_f15_P1_ubacPion.asc
NCOLS 619 
NROWS 782 
XLLCORNER 876826 
YLLCORNER 1947424 
CELLSIZE 100 
NODATA_value -9999 
[rows 196 to 223 of 782, columns 63 to 125 of 619]
0.33536559343338 0.221368387341499 0.482746943831444 0.569943703711033 0.564820691943169 0.574008211493492 0.788919925689697 0.871078372001648 1 0.882721543312073 0.869596511125565 0.882848560810089 0.987107843160629 0.893052190542221 0.987107843160629 0.895846575498581 0.869596511125565 0.743342220783234 0.947838604450226 0.82556414604187 0.882785052061081 0.973771125078201 1 1 1 1 1 0.960815459489822 0.65419790148735 0.636415600776672 0.707714140415192 0.694673776626587 0.64113637804985 0.621829867362976 0.685867309570312 0.712519586086273 0.67699733376503 1 1 0.973834633827209 0.973813444375992 0.960709601640701 0.947902113199234 0.974003970623016 1 1 0.921821415424347 0.830306112766266 0.856471478939056 0.869596511125565 0.709725230932236 0.56636606156826 0.582984037697315 0.51843854598701 0.42817223072052 0.51843854598701 0.537025276571512 0.546318642795086 0.496062486432493 0.495448582805693 0.441276082769036 0.240209147334099 0.20011430978775
0.182077988982201 0.456518061459064 0.52188915759325 0.582984037697315 0.592044539749622 0.666116267442703 0.816016763448715 0.982090681791306 0.9869384765625 0.882721543312073 0.882721543312073 0.93513697385788 0.947838604450226 0.895846575498581 0.895846575498581 0.895846575498581 0.869596511125565 0.814534932374954 0.830390781164169 0.922011941671371 1 1 1 1 1 1 1 0.532600864768028 0.523540362715721 0.570642292499542 0.612409502267838 0.703649610280991 0.707714140415192 0.698907673358917 0.690037697553635 0.778229385614395 0.960730761289597 1 1 1 1 1 1 0.987107843160629 1 0.973982810974121 0.921948432922363 0.856471478939056 0.830369621515274 0.869596511125565 0.731360346078873 0.625111132860184 0.619162537157536 0.533214800059795 0.419302254915237 0.574008211493492 0.574008211493492 0.574008211493492 0.555548500269651 0.51843854598701 0.43354925327003 0.432406106963754 0.253270665183663
0.200368342921138 0.464710611850023 0.570091880857944 0.5566281452775 0.605148382484913 0.702442944049835 0.906304240226746 0.987107843160629 0.974046319723129 0.921736747026443 0.935009956359863 0.977962642908096 0.948050290346146 0.882721543312073 0.908781051635742 0.908781051635742 0.973855793476105 0.973940461874008 1 0.869596511125565 1 1 1 1 1 1 1 0.712519586086273 0.497523173689842 0.537258133292198 0.506583675742149 0.598247170448303 0.703099191188812 0.711969166994095 0.658897489309311 0.765125542879105 0.987107843160629 1 1 0.9869384765625 0.934544235467911 1 1 1 1 1 0.908781051635742 0.730111345648766 0.882848560810089 0.869596511125565 0.791290909051895 0.677632421255112 0.645962998270988 0.539480924606323 0.480884037911892 0.574008211493492 0.582984037697315 0.564820691943169 0.582984037697315 0.537025276571512 0.478618917986751 0.415280083194375 0.285024762153625
0.15000635292381 0.172890469431877 0.364346504211426 0.573796518146992 0.565688647329807 0.693340107798576 0.793958246707916 0.942800283432007 0.952135980129242 0.947838604450226 0.933655112981796 0.826601475477219 0.870972514152527 1 0.987107843160629 0.987107843160629 0.88272151350975 0.9468013048172 0.843409955501556 0.922033101320267 1 1 1 1 1 1 1 1 0.617490142583847 0.663173735141754 0.602481067180634 0.634531497955322 0.671959012746811 0.720436930656433 0.68074432015419 0.729751467704773 1 1 1 1 0.973898142576218 1 1 1 1 0.935073465108871 0.769084215164185 0.782442092895508 0.864261835813522 0.869744718074799 0.869596511125565 0.817413955926895 0.731593191623688 0.654875308275223 0.619162537157536 0.578856021165848 0.582984037697315 0.582984037697315 0.574008211493492 0.437486765906215 0.537109952419996 0.419662151485682 0.218806892633438
0.105148397386074 0.0938227698206902 0.163660615682602 0.19027054309845 0.409416154026985 0.636098057031631 -9999 0.696769550442696 0.915068387985229 0.709534704685211 0.76209831237793 0.760510593652725 -9999 0.916211515665054 0.978132009506226 0.974046319723129 0.965070486068726 0.868156999349594 0.825500637292862 0.90414497256279 1 1 1 1 1 1 1 1 1 0.680553793907166 0.75187349319458 0.733688980340958 0.765294879674911 0.765294879674911 0.752233386039734 0.752233386039734 1 1 1 1 0.9869384765625 0.973834633827209 0.987107843160629 1 0.882509857416153 0.856492668390274 0.729772627353668 0.743045851588249 0.882636874914169 0.804140746593475 0.869596511125565 0.869596511125565 0.869596511125565 0.757589221000671 0.717388540506363 0.645962998270988 0.564884200692177 0.582984037697315 0.564778357744217 0.537025276571512 0.491701610386372 0.249100307002664 0.218362331390381
0.0761251524090767 0.0958550348877907 0.0661967024207115 0.172890469431877 0.262479364871979 0.394004832953215 0.615330874919891 0.667407602071762 0.736864387989044 0.683559849858284 0.592044539749622 0.641559764742851 -9999 -9999 -9999 -9999 0.681739270687103 0.672890469431877 0.783352375030518 0.818070203065872 1 1 1 1 1 1 1 1 1 0.710593193769455 0.733688980340958 0.709492355585098 0.733688980340958 0.765294879674911 0.882509857416153 0.973855793476105 1 1 1 1 0.9869384765625 0.973834633827209 0.947690427303314 0.987107843160629 1 1 0.921927243471146 0.882785052061081 0.882785052061081 0.791248559951782 0.856492668390274 0.921821415424347 0.882848560810089 0.869596511125565 0.869596511125565 0.601020365953445 0.645962998270988 0.582984037697315 0.555696684867144 0.516575653105974 0.265019698999822 0.217346200719476 0.195012494921684
0.115352049469948 0.0920445397496223 0.0776070132851601 0.0938227698206902 0.253651708364487 0.405499823391438 0.568610019981861 0.60516956448555 0.578813672065735 -9999 0.568610019981861 0.557517252862453 0.517147202044725 0.544709768146276 0.544709768146276 0.570515260100365 0.582984037697315 0.676065877079964 0.735361367464066 0.89595240354538 1 1 1 1 1 1 1 1 1 0.960815459489822 0.637431740760803 0.637431740760803 0.713726222515106 0.733688980340958 0.720648646354675 0.882509857416153 1 1 1 1 1 1 1 0.987107843160629 1 1 1 0.974215686321259 0.856704354286194 0.856471478939056 0.830242604017258 0.817413955926895 0.921821415424347 0.869596511125565 0.90880224108696 0.84307125210762 0.645962998270988 0.582984037697315 0.503916339017451 0.464244902133942 0.401265915483236 0.190926790237427 0.117172615602612
0.123650453984737 0.0280706211924553 0.107604049146175 0.0592531450092793 0.154536604881287 0.304987497627735 0.555696684867144 -9999 -9999 -9999 0.487107829190791 0.473982797004282 0.486980807036161 0.486980807036161 0.483297331258655 0.537109941244125 0.592044539749622 0.611097000539303 0.743109360337257 0.826643794775009 0.954252928495407 1 1 1 1 1 1 1 1 0.882488667964935 0.615309715270996 0.550086781382561 0.617934703826904 0.663448929786682 0.711672812700272 0.765294879674911 1 1 1 1 1 1 1 1 1 0.987107843160629 0.987107843160629 0.960751950740814 0.974109828472137 1 1 1 0.934713572263718 0.908696383237839 0.947838604450226 0.921927273273468 0.780536860227585 0.582984037697315 0.451225707307458 0.437211573123932 0.253270665183663 0.20011430978775 0.0777340307831764
0.0846352502703667 0.141432747244835 0.0463821515440941 0.103624202311039 0.0811846386641264 0.163321897387505 -9999 -9999 -9999 -9999 -9999 0.217917785048485 0.217917785048485 0.190651595592499 0.408992767333984 0.518057502806187 0.559380158782005 0.592044539749622 0.761357367038727 0.834201276302338 0.926902055740356 1 1 1 1 1 1 1 1 0.869384825229645 0.519624039530754 0.606482058763504 0.598204836249352 0.617934703826904 0.769232392311096 0.817540973424911 1 1 1 1 1 1 1 1 1 1 1 0.987107843160629 0.960942447185516 0.973855793476105 0.987107843160629 1 1 1 0.908759891986847 0.869596511125565 0.869596511125565 0.546466827392578 0.434036144986749 0.437211573123932 0.358165035024285 0.218362331390381 0.190926790237427
0.138214990496635 0.0262288842350245 0.0647783577442169 0.102290526032448 0.0354164019227028 0.0754689052700996 0.351623684167862 0.39108344912529 0.422033101320267 -9999 0.0223125442862511 0.0484355799853802 0.0223125442862511 0.0614759288728237 0.154536604881287 0.476099751889706 0.531500063836575 0.582984037697315 0.695584058761597 0.869596511125565 0.874867677688599 1 1 1 1 1 0.934692412614822 1 1 0.882446318864822 0.571510210633278 0.617934703826904 0.682586044073105 0.755980342626572 0.765294879674911 0.674880415201187 1 1 1 1 1 1 1 0.9869384765625 0.895507842302322 0.895507842302322 0.843579322099686 0.817350447177887 0.895846575498581 0.895867735147476 0.960963636636734 0.908781051635742 1 0.869787037372589 0.76535838842392 0.869596511125565 0.869596511125565 0.527710741385818 0.531500063836575 0.437211573123932 0.441149059683084 0.266924941912293 0.208074012771249
0.0862441286444664 0.0574960820376873 0.0740082114934921 0.0932300239801407 0.104174602776766 0.0958550348877907 0.0791947171092033 0.070070706307888 0.145264402031898 0.0592531450092793 0.0353528931736946 0.117045599035919 0.0391633845865726 0.0223125442862511 0.0481180418282747 0.359160006046295 0.492569528520107 0.582984037697315 0.601147383451462 0.869596511125565 0.809284895658493 0.944853723049164 1 1 1 1 1 1 1 1 0.280896738171577 0.589229002594948 0.755980342626572 0.769084215164185 0.778546929359436 1 1 1 1 1 1 1 0.974046319723129 0.9869384765625 0.908400028944016 0.947817444801331 0.960709601640701 0.947669237852097 0.973813444375992 0.908527016639709 1 1 0.869596511125565 0.895783066749573 0.947838604450226 0.921821415424347 0.869596511125565 0.555654346942902 0.518586730584502 0.51291333232075 0.428278088569641 0.361679150722921 0.176658615469933
0.0862441286444664 0.0355434194207191 0.115246199071407 0.0647783577442169 0.0910495817661285 0.0853761807084084 0.0776070132851601 0.128265380859375 0.11357381939888 0.0742622464895248 0.0521825663745403 0.0911977663636208 0.0740082114934921 0.0799779817461967 0.0481180418282747 0.280092298984528 0.483297331258655 0.582984037697315 0.592044539749622 0.813645780086517 0.804669976234436 0.935899078845978 1 1 1 1 1 1 1 1 0.558618053793907 0.663343071937561 0.607455864548683 0.608937710523605 0.748930931091309 1 1 1 1 1 1 1 1 1 0.973834633827209 0.973644107580185 0.986896157264709 0.947690427303314 0.947902113199234 0.882594525814056 0.88246750831604 0.882573336362839 0.856598496437073 0.869660019874573 0.960730761289597 0.934946447610855 0.869596511125565 0.645962998270988 0.527710741385818 0.555696684867144 0.51291333232075 0.473199546337128 0.463313434273005
0.0928066372871399 0.0730767622590065 0.130403488874435 0.00931453518569469 0.117341972887516 0.0646089985966682 0.0646089985966682 0.0592743121087551 0.0129133323207498 0.0129133323207498 0.0129133323207498 0.0371099524199963 0.0828570201992989 0.10019475966692 0.154536604881287 0.461069464683533 0.565180577337742 0.592044539749622 0.663067862391472 0.766035825014114 0.819234520196915 0.972670316696167 1 1 1 1 1 1 1 0.908442348241806 0.350120663642883 0.518015146255493 0.460159182548523 0.597548589110374 0.756192058324814 1 1 1 1 0.9869384765625 0.947880953550339 0.9869384765625 1 1 1 0.987107843160629 0.960751950740814 0.987107843160629 0.947944462299347 0.921927273273468 0.895994752645493 0.895719558000565 0.85661968588829 0.90880224108696 1 0.960942447185516 0.869596511125565 0.770587235689163 0.610123202204704 0.569880194962025 0.582984037697315 0.574008211493492 0.47368642501533
0.161501333117485 0.0470807403326035 0.127460941672325 0.00931453518569469 0.00931453518569469 0.0370464473962784 0.00931453518569469 0.0555485002696514 0.0735848248004913 0.0280706211924553 0.0830687135457993 0.0828570201992989 0.0223125442862511 0.145264402031898 0.262267678976059 0.483297331258655 0.568610019981861 0.60516956448555 0.779012650251389 0.739489391446114 0.855624705553055 0.972670316696167 1 1 1 1 0.895719558000565 1 1 0.791290909051895 0.528261139988899 0.770841270685196 0.82535246014595 0.303759694099426 0.973855793476105 1 1 1 1 1 0.9869384765625 0.934777081012726 0.973834633827209 1 1 1 1 1 1 1 1 1 1 1 0.791290938854218 1 0.869596511125565 0.731360346078873 0.592743143439293 0.5566281452775 0.582984037697315 0.574008211493492 0.44661077670753
0.209132477641106 0.113743171095848 0.0323891788721085 0.104343958199024 0.0554849915206432 0.00931453518569469 0.00939921289682388 0 0.0723569989204407 0.0742834135890007 0.169249333441257 0.0223125442862511 0.0868792086839676 0.288835257291794 0.473982797004282 0.538782343268394 0.592044539749622 0.680215075612068 0.77429187297821 0.804796993732452 0.930056303739548 1 1 1 1 1 0.908971577882767 1 0.908442348241806 0.60078752040863 0.498560473322868 0.770841270685196 0.381578400731087 0.217473223805428 0.973855793476105 1 1 1 1 0.9869384765625 1 1 0.973834633827209 0.895634859800339 1 0.961111843585968 0.882721543312073 1 0.921821415424347 0.921821415424347 0.921821415424347 0.934946447610855 0.96109065413475 0.934713572263718 0.921821415424347 0.947944462299347 0.869596511125565 0.770587235689163 0.601528435945511 0.569880194962025 0.582984037697315 0.44661077670753 0.419513938948512
0.447986797429621 0.32857021689415 0.128709942102432 0.0491130016744137 0.104343958199024 0.00931453518569469 0 0.0463609807193279 0.117024432867765 0.13889241963625 0.239955127239227 0.214424829930067 0.37241205573082 0.473982797004282 0.531500063836575 0.592044539749622 0.670350149273872 0.755175918340683 0.805918961763382 0.857466459274292 1 0.986896157264709 1 1 1 1 0.922011941671371 1 1 0.388500779867172 0.307824209332466 0.156484182924032 0.834158927202225 1 1 1 1 1 1 1 1 1 1 1 0.973855793476105 0.817202240228653 0.856492668390274 0.882721543312073 0.895783066749573 0.869596511125565 0.869596511125565 0.921927273273468 0.921546220779419 0.84307125210762 0.860811203718185 0.869596511125565 0.869596511125565 0.770587235689163 0.60993268340826 0.582984037697315 0.574008211493492 0.564778357744217 0.410199403762817
0.48285279981792 0.38424573931843 0.145264402031898 0.0192641522735357 0.143041621893644 0.0463609807193279 0 0.0865828394889832 0.140945851802826 0.220352257601917 0.313539947383106 0.427515991032124 0.510711707174778 0.542952697724104 0.546466827392578 0.592065714299679 0.732376471161842 0.816800028085709 0.801155835390091 0.925801247358322 1 1 1 1 1 1 0.987107843160629 1 0.791290909051895 0.255578145384789 0.198463104665279 0.183475166559219 1 0.987107843160629 1 1 1 1 1 1 1 1 1 1 0.895656049251556 0.856492668390274 0.843431144952774 0.804288923740387 0.869596511125565 0.869596511125565 0.860663026571274 0.869596511125565 0.834201276302338 0.717388540506363 0.61994580924511 0.629006311297417 0.75299546122551 0.690143525600433 0.591959863901138 0.582984037697315 0.573796518146992 0.555548500269651 0.410199403762817
0.592044539749622 0.504699595272541 0.377196311950684 0.0483297351747751 0.143041621893644 0.0411956459283829 0.0646089985966682 0.0501291342079639 0.266353361308575 0.46291122585535 -9999 -9999 0.609911508858204 0.609911508858204 0.650916635990143 0.742622464895248 0.719738349318504 0.858884781599045 0.986896157264709 1 1 1 1 1 1 1 0.921673238277435 1 0.363774925470352 0.237499475479126 0.174456998705864 0.475655198097229 1 1 1 1 1 1 1 1 1 1 1 1 0.869596511125565 0.94819849729538 0.856471478939056 0.856471478939056 0.869596511125565 0.780536860227585 0.717261523008347 0.717261523008347 0.717261523008347 0.592086881399155 0.555654346942902 0.574008211493492 0.582984037697315 0.582984037697315 0.582984037697315 0.582984037697315 0.564524322748184 0.501058483496308 0.245967224240303
0.592044539749622 0.517951644957066 0.395973592996597 0.0613277442753315 0.130149459466338 0.052055548876524 0.0391633845865726 0.090901393443346 0.266353361308575 0.551928531378508 -9999 -9999 0.657182782888412 0.770989447832108 0.71306999027729 0.753355354070663 0.877238661050797 0.947965621948242 1 1 1 1 1 1 1 0.987107843160629 0.908759891986847 1 0.255578145384789 0.109339935705066 0.104365132749081 0.80454295873642 1 1 1 1 1 1 1 1 1 1 1 1 0.935073465108871 0.96109065413475 0.869723528623581 0.843409955501556 0.709450036287308 0.717261523008347 0.663808792829514 0.654811799526215 0.654811799526215 0.574008211493492 0.564820691943169 0.51291333232075 0.54062407463789 0.559380158782005 0.527837757021189 0.539078708738089 0.482196539640427 0.475739873945713 0.300584279000759
0.592044539749622 0.495871968567371 0.190651595592499 0.0613277442753315 0.0390363708138466 0.0391422174870968 0.0260383598506451 0.0867733620107174 0.258605360984802 0.564820691943169 0.615119181573391 0.863605558872223 0.95124688744545 0.846924096345901 0.908675223588943 0.974003970623016 0.986896157264709 1 1 1 0.991024166345596 1 1 1 1 0.908971577882767 1 0.104365132749081 0.0911130905151367 0.130403488874435 0.0131250265985727 0.811571180820465 1 1 1 1 1 1 1 1 1 1 1 1 0.908781051635742 0.882594525814056 0.856471478939056 0.869596511125565 0.633282527327538 0.67373725771904 0.68176044523716 0.645708963274956 0.564608998596668 0.509124009869993 0.527880096808076 0.388394922018051 0.458635006099939 0.573796518146992 0.555548500269651 0.42817223072052 0.319996610283852 0.197531647980213 0.189762472175062
-9999 -9999 0.197192933410406 0.169249333441257 0.0519285313785076 0 0.00931453518569469 0.164930775761604 0.275308020412922 0.518586730584502 0.565815664827824 0.813285917043686 0.875883817672729 0.851623684167862 0.882721543312073 0.960963636636734 0.986896157264709 1 1 1 1 1 1 0.986959666013718 1 1 1 0.345844455063343 0.130403488874435 0.117278464138508 0.0913671180605888 0.947880953550339 1 1 1 1 1 1 1 1 1 1 1 1 0.921821415424347 0.948007971048355 0.856471478939056 0.728417813777924 0.636944830417633 0.517612941563129 0.654811799526215 0.557305552065372 0.555548500269651 0.461069464683533 0.493331655859947 0.402409091591835 0.394322365522385 0.470426343381405 0.389538077637553 0.441276082769036 0.271899729967117 0.240209156647325 0.213175827637315
0.358927141875029 0.20466573163867 0.0552521264180541 0.0779668940231204 0.0129133323207498 0 0 0.104174602776766 0.288348369300365 0.551928531378508 0.592044539749622 0.597019359469414 0.812544971704483 0.868897914886475 0.895761877298355 0.974003970623016 1 1 0.973834633827209 1 1 1 1 1 1 1 1 0.38663786649704 0.0911130905151367 0.0521190576255322 0.151064820587635 0.973855793476105 1 1 1 1 1 1 1 1 1 1 1 1 0.908781051635742 0.882848560810089 0.856471478939056 0.632499247789383 0.539713799953461 0.521635130047798 0.582984037697315 0.555696684867144 0.546424489468336 0.39747660793364 0.180786654353142 0.228290781378746 0.318959325551987 0.362991659902036 0.410199403762817 0.371141880750656 0.223019599914551 0.183242306113243 0.118188746273518
0.252635598182678 0.15633599460125 0.02294762711972 0.0650323927402496 0.0129133323207498 0 0.0777340307831764 0.100681655108929 0.262246496975422 0.551928531378508 0.592044539749622 0.608599007129669 0.71334519982338 0.851623684167862 0.882721543312073 0.977962642908096 0.947626918554306 1 1 1 1 1 1 1 1 1 1 0.0911130905151367 0.0521190576255322 0 0.822600454092026 1 1 1 1 1 1 1 1 0.9869384765625 1 1 1 0.908696383237839 0.96109065413475 0.869596511125565 0.728417813777924 0.571129158139229 0.517824627459049 0.521635130047798 0.582984037697315 0.573796518146992 0.390300191938877 0.369596511125565 0.122803673148155 0.0892290100455284 0.202506452798843 0.358016848564148 0.224988356232643 0.210106268525124 0.209344178438187 0.0875989645719528 0.0128921633586287
0.154536604881287 0.117574837058783 0.0620263330638409 0.104343958199024 0.0187560860067606 0.0407299213111401 0.0891655012965202 0.0582793522626162 0.258520681411028 0.531584739685059 0.592044539749622 0.740166813135147 0.869596511125565 0.851623684167862 0.743236377835274 0.882594525814056 0.986896157264709 1 0.954252928495407 1 1 1 1 1 1 1 1 0.0911130905151367 0.0521190576255322 0.0781150758266449 1 1 1 1 1 1 1 1 1 1 1 1 0.908696383237839 0.908759891986847 0.869596511125565 0.852004736661911 0.645962998270988 0.592044539749622 0.582984037697315 0.582984037697315 0.582984037697315 0.555823713541031 0.348257750272751 0.261653751134872 0.218362331390381 0.0875989645719528 0.192218124866486 0.241204112768173 0.271984428167343 0.0650958940386772 0.168804779648781 0.0911977663636208 0.0257843267172575
0.157648499123752 0.0878318324685097 0.0491130016744137 0.0491130016744137 0.0447521060705185 0.130149457603693 0.0483297351747751 0.143020447343588 0.470362849533558 0.518586730584502 0.628201872110367 0.77173039317131 0.869596511125565 0.869596511125565 0.869596511125565 0.882594525814056 0.934798270463943 1 0.972670316696167 1 1 1 1 1 1 1 0.0913671180605888 0.117278464138508 0.0650112181901932 0.251534774899483 1 1 1 1 1 1 1 1 1 1 1 0.869596511125565 0.882594525814056 0.869596511125565 0.869596511125565 0.645962998270988 0.601147383451462 0.592044539749622 0.582984037697315 0.582984037697315 0.582984037697315 0.44661077670753 0.311126647517085 0.261653751134872 0.215081080794334 0.14670392870903 0.183242306113243 0.192218124866486 0.201003432273865 0.209344178438187 0 0.0911977663636208 0.0744739398360252
0.148291627876461 0.11571192741394 0.0491130016744137 0.129048645496368 0.0958550348877907 0.0371311232447624 0.0938227698206902 0.318853467702866 -9999 -9999 0.830030918121338 0.869596511125565 0.908781051635742 0.895656049251556 0.934734761714935 0.921821415424347 1 1 1 1 1 1 1 1 1 1 0.0782632604241371 0.0782420933246613 0.0650112181901932 0.922033101320267 1 1 1 1 1 1 1 1 1 1 1 0.869596511125565 0.882594525814056 0.882848560810089 0.869596511125565 0.620072819292545 0.517612941563129 0.560756161808968 0.537194631993771 0.509928438812494 0.456009987741709 0.367140857502818 0.190101189538836 0.109805665910244 0.218933910131454 0.134954914450645 0.0875989645719528 0.183242306113243 0.183242306113243 0.174266487360001 0.052055548876524 0 0.0257843267172575
0.175494308583438 0.0938227698206902 0.0994961708784103 0.0865828394889832 0.0828570201992989 0.0873872712254524 0.0661967024207115 0.154536604881287 0.410876821726561 0.476480807177722 0.538528304547071 0.869596511125565 0.908781051635742 0.974003970623016 1 1 1 1 1 1 1 1 1 1 1 1 0.119670601561666 0.0388458445668221 0.436830505728722 1 1 1 1 1 1 1 1 1 1 1 1 0.869596511125565 0.869596511125565 0.869596511125565 0.790528804063797 0.548774302005768 0.5566281452775 0.547652319073677 0.42842626478523 0.537512183189392 0.424615768715739 0.212942972779274 0.109805665910244 0.117934711277485 0.14922308921814 0.190926790237427 0.0391422174870968 0.137579917907715 0.144227102398872 0.148228123784065 0.115479066967964 0 0
0.224141578190029 0.0922985747456551 0.109699815511703 0.0742834135890007 0.00931453518569469 0.0828570201992989 0.0958550348877907 0.172890469431877 0.395761877298355 0.559380158782005 0.52696980163455 0.662453949451447 0.882636874914169 0.974003970623016 1 1 1 1 1 1 1 1 1 1 1 0.943202495574951 0.217769593000412 0.169693890959024 0.986959666013718 0.973855793476105 1 1 1 1 1 1 1 1 1 1 0.947838604450226 0.882594525814056 0.869596511125565 0.869596511125565 0.869596511125565 0.588593915104866 0.517612941563129 0.517612941563129 0.564778357744217 0.574008211493492 0.43354925327003 0.221008509397507 0.0960667282342911 0.117934711277485 0.13525128364563 0.0735848248004913 0 0.0519497022032738 0.0875989645719528 0.107667557895184 0.0740082114934921 0.0997925400733948 0.0480968728661537
