data-raw/DATASET_PNE_1/DATASET_PNE/a_DATA/PFGS/ENVSUIT_A1B/HS_f0_H5_poorGrass.asc
NCOLS 619 
NROWS 782 
XLLCORNER 876826 
YLLCORNER 1947424 
CELLSIZE 100 
NODATA_value -9999 
[rows 196 to 223 of 782, columns 260 to 324 of 619]
0 0 0 -9999 0 0 0 0 0 0 0 0 0 0 0.0300470080040656 0 0 0 0 0 0 0 0 0.0300470080040656 0 0.0300470080040656 0 0.0602845889975861 0 0 0 0 0.0300470080040656 0 0 0 0 0 0.0300470080040656 0 0.0300470080040656 0.152077245585059 0.0300470080040656 0 0 0 0 0 0 0 0.0300470080040656 0 0.121712615931902 0.0602845889975861 0.151759623935967 0.0610468809554059 0.274806250794054 0.12291957819845 0 0.0300470080040656 0.0610468809554059 0.0914750349383814 0 0.0304281539829755 0
0 0 0 -9999 0 0 0 0 0 0 0 0 0 0 0 0 0 0 0.0602845889975861 0 0 0 0 0 0 0 0 0 0 0 0 0 0 0 0 0 0 0 0.0300470080040656 0.0300470080040656 0.182950069876763 0.152077245585059 0 0 0 0 0 0.0300470080040656 0.0300470080040656 0 0.0300470080040656 0.18231482657858 0.152204294244696 0.0912844619489264 0.121712615931902 0.182823021217126 0.244505145470715 0.0602845889975861 0.0300470080040656 0.121522042942447 0.0310633972811587 0.0304281539829755 0.0302375809935205 0.0614280269343158 0.0614280269343158
0 0 0 0 0 0 0 0 0 0 0 0 0 0 0 0 0 0 0 0 0.0300470080040656 0 0 0 0 0 0 0 0 0 0 0 0 0 0 0.305297929106848 0 0 0 0 0 0 0 0 0 0 0 0 0.0300470080040656 0.0300470080040656 0.0600940160081311 0.0300470080040656 0.152267818574514 0.0907762673103799 0.152204294244696 0.0602845889975861 0.0921102782365646 0.0300470080040656 0.182823021217126 0.121522042942447 0.0917291322576547 0.122220810570448 0.0614280269343158 0.0302375809935205 0.0302375809935205
0 0 0 0 0 0 0 0 0 0 0 0 0 0 0 0.274425104815144 0 0 0 0 0 0 0 0 0.274425104815144 0.305297929106848 0.21407699148774 0.21407699148774 0.275250921102782 0.244378096811079 0.275250921102782 0.244378096811079 0.244123999491805 0.305297929106848 0.244378096811079 0.275250921102782 0.305297929106848 0 0 0 0.305297929106848 0 0 0 0 0 0 0 0 0 0.0300470080040656 0.0300470080040656 0.122030237580994 0.152267818574514 0.0907762673103799 0.121204421293355 0.214140515817558 0.182823021217126 0.244187523821624 0 0.122220810570448 0.122220810570448 0.0302375809935205 0 0
0 0 0 0 0 0 0 0 0 0 0 0 0 0 0.305297929106848 0.275250921102782 0.305297929106848 0.305297929106848 0.305297929106848 0.274425104815144 0.274425104815144 0.274425104815144 0.275250921102782 0.244378096811079 0.244378096811079 0.275250921102782 0.305297929106848 0.305297929106848 0.305297929106848 0.214712234785923 0.183712361834583 0.183712361834583 0.213759369838648 0.213759369838648 0.244759242789989 0.183712361834583 0.305297929106848 0.275250921102782 0.275250921102782 0.275250921102782 0.305297929106848 0.305297929106848 0.305297929106848 0.305297929106848 0.305297929106848 0.213060602210647 0.213060602210647 0.274996823783509 0.305297929106848 0 0 0 0 0.0300470080040656 0.152267818574514 0.0300470080040656 0.0602845889975861 0.121839664591539 0 0.0309998729513404 0.0919197052471097 0.121331469952992 0 0 0
0.0302375809935205 0 0 0 0 0 0 0 0 0.305297929106848 0.305297929106848 0.305297929106848 0.275250921102782 0.275250921102782 0.305297929106848 0.323719984754161 0.305297929106848 0.305297929106848 0.305297929106848 0.305297929106848 0.305297929106848 0.305297929106848 0.305297929106848 0.305297929106848 0.214712234785923 0.184220556473129 0.274996823783509 0.323719984754161 0.323719984754161 0.397662304662686 0.415131495362724 0.359103036462965 0.583915639690001 0.731800279507051 0.550247744886291 0.311332740439588 0.323719984754161 0.274996823783509 0.305297929106848 0.274996823783509 0.293418879430822 0.293418879430822 0.263181298437301 0.293418879430822 0.340553932156016 0.182886545546945 0.305297929106848 0.244378096811079 0.305297929106848 0.305297929106848 0.305297929106848 0.274996823783509 0 0 0 0 0 0.0300470080040656 0 0 0.0910303646296532 0.121331469952992 0 0 0.0614280269343158
0 0 0 0 0 0 0 0 0.305297929106848 0.305297929106848 0.305297929106848 0.305297929106848 0.305297929106848 0.305297929106848 0.496188540210901 0.359103036462965 0.359103036462965 0.339092872570194 0.214712234785923 0.214712234785923 0.324609325371617 0.308791767246856 0.339092872570194 0.339092872570194 0.415131495362724 0.542243679329183 0.593317240503113 0.733833058061237 0.767628001524584 0.910049548977258 0.910049548977258 0.774679202134418 0.760386227925295 0.774679202134418 0.723478592300851 0.359103036462965 0.359103036462965 0.359103036462965 0.341633845762927 0.341633845762927 0.359103036462965 0.359103036462965 0.517278617710583 0.535637149028078 0.469190700038115 0.341189175454199 0.322767119806886 0.322767119806886 0.29272011180282 0.322767119806886 0.322767119806886 0.322767119806886 0.0174691907000381 0 0 0.274488629144963 0 0 0.0300470080040656 0.0300470080040656 0.182505399568035 0.0910938889594715 0.0614280269343158 -9999 -9999
0 0 0 0 0 0 0 0.274234531825689 0.305297929106848 0.305297929106848 0.323719984754161 0.323719984754161 0.341189175454199 0.666941938762546 0.769089061110405 0.789988565620633 0.741837123618346 0.359103036462965 0.359103036462965 0.57222716300343 0.658874348875619 0.749269470207089 0.710519629017914 0.86081819336806 0.894803709820861 0.910049548977258 0.910049548977258 0.910049548977258 0.946067843984246 0.964871045610469 0.964871045610469 0.949625206454072 0.949625206454072 0.946067843984246 0.879748443653919 0.805170880447211 0.760386227925295 0.723478592300851 0.500635243298183 0.453373141913353 0.390865201372125 0.453373141913353 0.517278617710583 0.517278617710583 0.406492186507432 0.341189175454199 0.323719984754161 0.305297929106848 0.322767119806886 0.322767119806886 0.322767119806886 0.322767119806886 0.322767119806886 0.0174691907000381 0.0174691907000381 0 0 0.151823148265786 0.12177614026172 0.213187650870283 -9999 -9999 -9999 -9999 -9999
0 0 0 0 0 0 0.305297929106848 0.275250921102782 0.320670816922881 0.339092872570194 0.359103036462965 0.359103036462965 0.535637149028078 0.910049548977258 0.910049548977258 0.86723415067971 0.928026934315843 0.894803709820861 0.910049548977258 0.910049548977258 0.894803709820861 0.910049548977258 0.910049548977258 0.946067843984246 0.964871045610469 1 1 1 1 1 0.983166052598145 0.964871045610469 0.964871045610469 0.928090458645661 0.910049548977258 0.864439080167704 0.760386227925295 0.723478592300851 0.517278617710583 0.517278617710583 0.359103036462965 0.359103036462965 0.359103036462965 0.359103036462965 0.359103036462965 0.323719984754161 0.323719984754161 0.323719984754161 0.323719984754161 0.323719984754161 0.305297929106848 0.274234531825689 0.274234531825689 0.0309998729513404 0 0.0905221699911066 0 0.0300470080040656 0.0303011053233388 0.0309998729513404 -9999 -9999 -9999 -9999 -9999
0 0 0 0 0 0.305297929106848 0.305297929106848 0.305297929106848 0.617138864184983 0.557934188794308 0.74469571846017 0.760386227925295 0.946067843984246 0.964871045610469 1 1 1 1 1 1 1 1 1 1 1 1 1 1 1 1 0.983166052598145 0.964871045610469 0.964871045610469 0.910049548977258 0.910049548977258 0.760386227925295 0.742027696607801 0.723478592300851 0.517278617710583 0.517278617710583 0.390865201372125 0.375111167577182 0.341189175454199 0.341189175454199 0.341189175454199 0.305297929106848 0.305297929106848 0.274234531825689 0.305297929106848 0.305297929106848 0.274234531825689 0 0 0 0 0.152712488883242 0.244187523821624 0.0300470080040656 0.12253843221954 -9999 -9999 -9999 -9999 -9999 -9999
0 0 0 0 0.305297929106848 0.305297929106848 0.323719984754161 0.415131495362724 0.677232880193114 0.894803709820861 0.889785287765214 1 1 1 1 1 1 1 1 1 1 1 1 1 1 1 1 1 0.983166052598145 0.983166052598145 0.964871045610469 0.964871045610469 0.835027315461822 0.760386227925295 0.760386227925295 0.517278617710583 0.375111167577182 0.375111167577182 0.375111167577182 0.31012577817304 0.311142167450133 0.341189175454199 0.292466014483547 0.322767119806886 0.322767119806886 0.322767119806886 0.213060602210647 0.230529792910685 0.0915385592681997 0 0 0 0 0 0 0.213187650870283 0.0300470080040656 0.0300470080040656 0.121204421293355 -9999 -9999 -9999 -9999 -9999 -9999
0.0174691907000381 0.0174691907000381 0.274234531825689 0.305297929106848 0.305297929106848 0.356562063270232 0.749269470207089 0.741837123618346 0.910049548977258 1 1 1 1 1 1 1 1 1 1 1 1 1 1 1 1 1 1 0.983166052598145 0.928090458645661 0.760386227925295 0.760386227925295 0.769089061110405 0.769089061110405 0.749269470207089 0.769089061110405 0.469063651378478 0.341189175454199 0.250412908143819 0.31088807013086 0.323719984754161 0.480942701054504 -9999 0.540147376445179 0.152013721255241 0.166243171134545 0.165036208867996 0.165036208867996 0.0142929742091221 0 -9999 -9999 0.0300470080040656 0.0611104052852242 0.152712488883242 0.244187523821624 0.182823021217126 0.12253843221954 0.152648964553424 0.121522042942447 0.152585440223606 0.213632321179012 0.121331469952992 0.213632321179012 -9999 0.0921102782365646
0.291894295515182 0.305297929106848 0.305297929106848 0.305297929106848 0.499364756701817 0.60589505780714 0.910049548977258 1 1 1 1 1 1 1 1 1 1 1 1 1 1 1 1 1 1 0.983166052598145 0.964871045610469 0.760386227925295 0.741837123618346 0.769089061110405 0.769089061110405 0.601257781730403 0.274996823783509 0.305297929106848 0.305297929106848 0.305297929106848 0.29272011180282 0.322767119806886 0.244123999491805 0.152013721255241 0.169482911955279 -9999 0 0 0 0 0 0.0300470080040656 0.0300470080040656 -9999 -9999 -9999 0.183140642866218 0.214140515817558 0.244187523821624 0.152776013213061 0 0.0910938889594715 0.0910938889594715 0 -9999 -9999 -9999 -9999 0.0300470080040656
0.322767119806886 0.305297929106848 0.617138864184983 0.573878795578707 0.828547833820353 0.944860881717698 1 1 1 1 1 1 1 1 1 1 1 1 1 1 1 1 1 0.962901791386101 0.910049548977258 0.910049548977258 0.910049548977258 0.749269470207089 0.666941938762546 0.613136831406429 0.458137466649727 0.305297929106848 0.275250921102782 0.305297929106848 0.183267691525854 0.152966586202516 0.182251302248761 0 0 0 0 -9999 0.0300470080040656 0.122474907889722 0.0909668402998348 0 0.121204421293355 0.121204421293355 0.0300470080040656 -9999 -9999 -9999 0.152267818574514 0.152776013213061 0.182823021217126 0.244505145470715 -9999 -9999 -9999 -9999 0.0300470080040656 -9999 -9999 -9999 0.0300470080040656
0.341189175454199 0.323719984754161 0.828547833820353 0.910049548977258 1 1 1 1 1 1 1 1 1 1 1 1 1 1 1 0.981196798373777 1 1 0.822830644136704 0.576292720111803 0.658874348875619 0.749269470207089 0.649472748062508 0.631558887053742 0.566509973319781 0.275250921102782 0.244187523821624 0.182251302248761 0 0 0 0 0.0142929742091221 0 -9999 0.0300470080040656 0 0.0300470080040656 -9999 0.183140642866218 0.152267818574514 0.0910938889594715 0.121712615931902 0.152267818574514 0.0300470080040656 -9999 -9999 -9999 0.0910938889594715 -9999 -9999 -9999 -9999 -9999 -9999 -9999 0.0300470080040656 -9999 -9999 -9999 -9999
0.442446957184602 0.427963409986025 0.77722017532715 1 1 1 1 1 1 1 1 1 1 1 1 1 1 0.981196798373777 0.910049548977258 0.807965950959217 0.576292720111803 0.557934188794308 0.499364756701817 0.432854783382035 0.596938127302757 0.613136831406429 0.320670816922881 0.274996823783509 0.152966586202516 0 0 0 0 0 0 0 0 0.0300470080040656 -9999 0.0907127429805616 0.0300470080040656 0.0602845889975861 -9999 0.0602845889975861 0.0602845889975861 0.213505272519375 0.121712615931902 0.152204294244696 0.183267691525854 -9999 -9999 -9999 0.0602845889975861 0.0300470080040656 -9999 -9999 -9999 -9999 -9999 -9999 -9999 0 -9999 -9999 -9999
0.74469571846017 0.77722017532715 1 1 1 1 1 1 1 1 1 1 1 1 1 0.962901791386101 0.910049548977258 0.557934188794308 0.499364756701817 0.322767119806886 0.480942701054504 0.305297929106848 0.322767119806886 0.29272011180282 0.227480625079405 0 0 0 0 0 0 0 0 0.0300470080040656 0.0300470080040656 0.0602845889975861 0.0300470080040656 0.0602845889975861 -9999 -9999 0.0602845889975861 0.0907127429805616 -9999 0.0602845889975861 0.0610468809554059 0.0610468809554059 0.0912844619489264 0.0610468809554059 0.182568923897853 0.152204294244696 -9999 0.0300470080040656 0.0610468809554059 0.0300470080040656 -9999 -9999 -9999 -9999 0.0912844619489264 -9999 0.0912844619489264 0.0302375809935205 0.0302375809935205 0.0302375809935205 0.0302375809935205
1 1 1 1 1 1 1 1 1 1 1 1 0.969190700038115 1 0.850908397916402 0.785986532842079 0.359103036462965 0.341189175454199 0.322767119806886 0.29272011180282 0.555837885910304 0.434252318638038 0.260830898234024 0.0174691907000381 0 0 0 0 0 0 0.0300470080040656 0.0602845889975861 0.0300470080040656 0.0602845889975861 0.0602845889975861 0.0602845889975861 0.0602845889975861 0.0602845889975861 -9999 -9999 0.060856307965951 0.121712615931902 -9999 0.0610468809554059 0.0618091729132258 0.0309998729513404 0 0.0610468809554059 0.0300470080040656 -9999 -9999 0.0610468809554059 0.0309998729513404 0.0610468809554059 -9999 -9999 -9999 -9999 0.0612374539448609 0.0912844619489264 0.0302375809935205 0.0302375809935205 0.0302375809935205 0 0
1 1 1 1 1 1 1 1 1 1 1 1 1 0.911637657222716 0.576292720111803 0.359103036462965 0.323719984754161 0.305297929106848 0.275250921102782 0.0174691907000381 0.0174691907000381 0.0328420785160717 0 0 0 0 0 0 0 0.0602845889975861 0.0602845889975861 0.0602845889975861 -9999 -9999 0.0300470080040656 0.0300470080040656 0.0912844619489264 0.0912844619489264 -9999 -9999 0.122347859230085 0.12291957819845 -9999 0.0610468809554059 0.0918561809172913 0.0912844619489264 0.0610468809554059 0.0610468809554059 -9999 -9999 -9999 -9999 0.0912844619489264 0.0912844619489264 0.0912844619489264 0.0912844619489264 0.0302375809935205 0.0302375809935205 0.0302375809935205 0.0302375809935205 0.0302375809935205 0.0302375809935205 0.0302375809935205 0 0
1 1 1 1 1 1 1 1 1 1 1 0.981196798373777 0.760386227925295 0.7874475924279 0.557934188794308 0.323719984754161 0.305297929106848 0.275250921102782 0 0 0 0 0 0 0 0 0.0300470080040656 0 0 0.0300470080040656 0.0300470080040656 0.0300470080040656 -9999 0.0300470080040656 0.0610468809554059 0.0610468809554059 0.0610468809554059 0.0610468809554059 -9999 -9999 0.0610468809554059 0.0918561809172913 0.0918561809172913 0.0912844619489264 0.0912844619489264 0.0912844619489264 0.0912844619489264 0.0610468809554059 -9999 -9999 -9999 -9999 0.0612374539448609 0.0602845889975861 0.0302375809935205 0.0302375809935205 0.0302375809935205 0.0302375809935205 0.0302375809935205 0 0.0302375809935205 0.0302375809935205 0.0302375809935205 0 0
1 1 1 1 1 1 1 1 1 0.984754160843603 0.789988565620633 0.741837123618346 0.405983991868886 0.372316097065176 0.245013340109262 0.305297929106848 0.244187523821624 0 0 0 0 0 0 0 0.0300470080040656 0.0300470080040656 0.060475161987041 0.0300470080040656 0.0300470080040656 0.0300470080040656 0.0300470080040656 0.0300470080040656 0.0300470080040656 0.0309998729513404 0.0610468809554059 0.0610468809554059 0.0610468809554059 0.0610468809554059 0.0912844619489264 0.153157159191971 0.153157159191971 0.0912844619489264 0.153157159191971 0.0612374539448609 0.0912844619489264 0.0912844619489264 0.0300470080040656 0.0912844619489264 0.0912844619489264 0.0612374539448609 0.0612374539448609 0.0612374539448609 0.0612374539448609 0.0302375809935205 0.0302375809935205 0.0302375809935205 0.0302375809935205 0.0302375809935205 0.0302375809935205 0.0302375809935205 0.0302375809935205 0.0302375809935205 -9999 0 0
1 1 1 1 1 1 1 0.969190700038115 1 0.796404522932283 0.681743107610215 0.359103036462965 0.341189175454199 0.305297929106848 0.275250921102782 0.244187523821624 0 0 0 0 0 0 0 0.0300470080040656 0.0300470080040656 0 0 0.0300470080040656 0.0300470080040656 0 0.0300470080040656 0 0.0610468809554059 0.0309998729513404 0.0309998729513404 0.0309998729513404 0.0309998729513404 0.0309998729513404 -9999 0.0921102782365646 0.12291957819845 0 0.0309998729513404 -9999 0.0602845889975861 0.0912844619489264 0.0912844619489264 -9999 0.0602845889975861 0.0602845889975861 0.0302375809935205 0.0302375809935205 0.0302375809935205 0.0612374539448609 0.0612374539448609 0.0602845889975861 0.0302375809935205 0.0302375809935205 0.0302375809935205 -9999 -9999 -9999 0 0.0302375809935205 0
1 1 1 1 1 1 1 0.969190700038115 1 0.760386227925295 0.102210646677678 0.341189175454199 0.275250921102782 0.275250921102782 0.274234531825689 0 0 0 0 0 0 0 0 -9999 -9999 -9999 -9999 -9999 0.0300470080040656 0 0 0 0 0 0 0 0 -9999 -9999 0 0.0302375809935205 0 0 0 0.0612374539448609 0.0602845889975861 0.0300470080040656 -9999 -9999 0.0912844619489264 0.0602845889975861 0.0602845889975861 0.0602845889975861 0.0912844619489264 -9999 -9999 -9999 0.0912844619489264 0.0602845889975861 0.0602845889975861 -9999 0.0302375809935205 0.0302375809935205 0 0.0302375809935205
1 1 1 1 1 1 1 1 1 0.910049548977258 0.359103036462965 0.341189175454199 0.305297929106848 0.274234531825689 0.274234531825689 0 0 0 0 0 0 0 0 -9999 -9999 -9999 -9999 -9999 -9999 -9999 0.0610468809554059 0.0610468809554059 0 0 0 0 0 0 0 0 0 0.0309998729513404 0 0 0 0 -9999 -9999 -9999 0.0912844619489264 0.0602845889975861 0.0602845889975861 0.0300470080040656 0.0912844619489264 -9999 -9999 -9999 -9999 0.0602845889975861 0 -9999 -9999 0 0 -9999
1 1 1 1 1 1 1 1 1 0.926883496379113 0.359103036462965 0.323719984754161 0.305297929106848 0.274234531825689 0.274234531825689 0 0 0 -9999 -9999 -9999 0 0 0 0 -9999 -9999 -9999 -9999 -9999 -9999 -9999 0 -9999 0 0 0 0 0 0 0.0309998729513404 0.0612374539448609 0.0912844619489264 0 0 0 -9999 -9999 -9999 0.0300470080040656 0 0.0300470080040656 0.0300470080040656 0.0300470080040656 0.0300470080040656 -9999 -9999 -9999 0 -9999 -9999 0 0.0302375809935205 -9999 -9999
1 1 1 1 1 1 1 1 1 0.77722017532715 0.359103036462965 0.341189175454199 0.305297929106848 0.274234531825689 0.274234531825689 0 -9999 -9999 -9999 -9999 -9999 0 0.0300470080040656 0 0 0 0 -9999 -9999 -9999 -9999 -9999 -9999 -9999 0 0 0 0 0 0.0309998729513404 0.0309998729513404 0.0610468809554059 -9999 0 0 0 0 0 0 0.0300470080040656 0.0300470080040656 0.0300470080040656 0.0300470080040656 0 0.0610468809554059 0.0903315970016516 0.0300470080040656 0.0600940160081311 0.0300470080040656 0 0 0 0.0302375809935205 0 0
1 1 1 1 1 1 1 1 1 0.792466014483547 0.37746156778046 0.359103036462965 0.275250921102782 0.305297929106848 0.274234531825689 -9999 -9999 -9999 -9999 -9999 -9999 0 0.0300470080040656 0 0 0 0 0 -9999 -9999 -9999 -9999 -9999 0.0309998729513404 0 0 0 0 0.0309998729513404 0.0912844619489264 0.0610468809554059 0.0610468809554059 -9999 0 0 0 0 0 0 0 0 0.0300470080040656 0.0300470080040656 0.0912844619489264 0.152140769914877 0.0903315970016516 0.0602845889975861 0.0300470080040656 0.0602845889975861 0 0 0 0 0 0
1 1 1 1 1 1 1 1 0.984754160843603 0.760386227925295 0.37746156778046 0.341633845762927 0.261847287511117 0.243361707533986 0.305297929106848 0.274234531825689 0 0 0 0 0 0 0 0 0 0 0.0300470080040656 0 0 0 0 0 0 0.0309998729513404 0 0 0 0.0309998729513404 0.0309998729513404 0.0610468809554059 0.0610468809554059 -9999 0 0 0 0 0.0300470080040656 0 0 0 0 0.0903315970016516 0.182823021217126 0.244123999491805 0.244123999491805 0.244505145470715 0.0602845889975861 0.0602845889975861 0.0602845889975861 0.0602845889975861 0 0 0 0.0300470080040656 0
