data-raw/DATASET_PNE_1/DATASET_PNE/a_DATA/PFGS/ENVSUIT_A1B/HS_f0_H1_alpines.asc
NCOLS 619 
NROWS 782 
XLLCORNER 876826 
YLLCORNER 1947424 
CELLSIZE 100 
NODATA_value -9999 
[rows 420 to 454 of 782, columns 156 to 233 of 619]
0 0 0 0 0 0 0 0 0 0 0 0 0 0 0 0 0 0 0 0 0 0 0 0 0 0 0 0 0 0 0 0 0 0.329909365558912 0.390102143576464 0.349187167314056 0.271299093655589 0 0 0 0 0 0 0 0 0 0.193727521219968 0.764407998849086 0.847302546396202 0.702632714717307 0.388951230038843 0.388951230038843 0.194245432311898 0.387800316501223 0.805869659041864 0.978190188462092 0.84718745504244 1 1 1 1 1 1 1 1 1 1 1 1 1 1 1 1 0.978132642785211 1 0.82526255215077 0.781786793267156 0.682923320385556
0 0 0 0 0 0 0 0 0 0 0 0 0 0 0 0 0 0 0 0 0 0 0 0 0 0 0 0 0 0 0 0 0.329909365558912 0.271299093655589 0.232743490145303 0.0191339375629406 0.0191339375629406 0.194187886635017 0 0 0 0 0 0 0 0 0.368234786361675 0.783887210473313 0.934426701194073 0.684592145015106 0.505337361530715 0.368263559200115 0.213350597036398 0.194245432311898 0.583225435189181 0.781786793267156 0.890922169472018 1 0.847302546396202 1 1 1 1 1 1 1 1 1 1 1 1 1 1 0.956207739893541 0.978132642785211 0.781786793267156 0.722687383110344 0.702920443101712
0 0 0 0 0 0 0 0 0 0 0 0 0 0 0 0 0 0 0 0 0 0 0 0 0 0 0 0 0 0 0 0 0.0191339375629406 0.13540497770105 0 0.0191339375629406 0 0 0 0 0 0 0 0 0 0.291209897856424 0.783887210473313 0.781786793267156 0.978190188462092 0.91238670694864 0.781786793267156 0.291209897856424 0.174593583657028 0.194245432311898 0.368580060422961 0.625377643504532 0.869169903610991 0.978132642785211 0.912501798302403 1 1 1 1 1 1 1 1 1 1 1 1 1 0.956207739893541 0.978132642785211 1 0.781786793267156 0.742339231765214 0.742339231765214
0 0 0 0 0 0 0 0 0 0 0 0 0 0 0 0 0 0 0 0 0 0 0 0 0 0 0 0 0 0 0.0385843763487268 0.213206732844195 0.349187167314056 0.213436915551719 0 0 0 0 0 0 0 0 0 0 0.31014242555028 0.703639764062725 0.803539059128183 0.869141130772551 1 0.956322831247303 0.803539059128183 0.586419220256078 0.213926053805208 0.563947633434038 0.213926053805208 0.548007480937994 0.825435189181413 0.912962163717451 0.956121421378219 1 1 1 1 1 1 1 1 1 1 1 1 1 1 1 0.978190188462092 0.781786793267156 0.722687383110344 0.781786793267156
0 0 0 0 0 0 0 0 0 0 0 0 0 0 0 0 0 0 0 0 0 0 0 0 0 0 0 0 0 0 0 0.13540497770105 0.329909365558912 0 0 0 0 0 0 0 0 0 0 0.174593583657028 0.563544813695871 0.803539059128183 0.912674435333046 0.912674435333046 0.978391598331175 0.956581786793267 0.912674435333046 0.781786793267156 0.781786793267156 0.602877283844051 0.254006617752841 0.470349589987052 0.781786793267156 0.84718745504244 1 1 1 1 1 1 1 1 1 1 1 1 1 1 1 1 0.846870953819594 0.781786793267156 0.781786793267156 0.781786793267156
0 0 0 0 0 0 0 0 0 0 0 0 0 0 0 0 0 0 0 0 0 0 0 0 0 0 0 0 0 0 0 0 0 0 0 0 0 0 0 0 0 0 0.252165156092649 0.563544813695871 0.781786793267156 0.934714429578478 0.956581786793267 0.978247734138973 0.934743202416918 0.978391598331175 0.956581786793267 0.781786793267156 0.781786793267156 0.781786793267156 0.784146166019278 0.762537764350453 0.890922169472018 0.84718745504244 0.956121421378219 0.934743202416918 1 1 1 1 1 1 1 1 1 1 1 1 1 1 0.978132642785211 0.82526255215077 0.825406416342972 0.803682923320386
0 0 0 0 0 0 0 0 0 0 0 0 0 0 0 0 0 0 0 0 0 0 0 0 0 0 0 0 0 0 0 0 0 0 0 0 0 0 0 0 0 0.0969932383829665 0.368177240684794 0.781786793267156 0.781786793267156 0.912962163717451 0.978391598331175 0.956668105308589 1 1 0.956581786793267 0.912674435333046 0.934426701194073 0.762077398935405 0.781786793267156 0.912530571140843 0.825435189181413 0.86911235793411 0.956236512731981 0.956581786793267 1 1 1 1 1 1 1 1 1 1 0.93485829377068 0.956207739893541 0.978132642785211 0.978132642785211 0.912789526686808 0.978247734138973 0.847101136527118 0.956380376924184
0 0 0 0 0 0 0 0 0 0 0 0 0 0 0 0 0 0 0 0 0 0 0 0 0 0.310257516904043 0 0 0 0 0 0 0 0 0 0 0 0 0 0 0 0.290519349733851 0.388116817724068 0.781786793267156 0.781786793267156 0.934714429578478 0.86911235793411 1 1 0.847360092073083 0.978132642785211 0.891066033664221 0.912674435333046 0.934570565386275 0.868795856711264 0.891066033664221 0.803711696158826 0.86911235793411 0.891181125017983 1 1 1 1 1 1 1 1 1 1 1 0.978190188462092 1 0.978132642785211 0.956322831247303 1 0.934455474032513 0.956380376924184 1
0 0 0 0 0 0 0 0 0 0 0 0 0 0 0 0 0 0 0 0.329909365558912 0.349187167314056 0.349187167314056 0.329909365558912 0.349187167314056 0.349187167314056 0 0 0 0 0 0 0 0 0 0 0 0 0 0 0 0.193583657027766 0.40727952812545 0.781786793267156 0.781786793267156 0.934714429578478 0.978391598331175 1 0.890835850956697 1 1 0.956121421378219 0.912962163717451 0.978391598331175 0.978391598331175 0.978391598331175 0.978391598331175 1 1 1 1 1 1 1 1 1 1 1 1 1 1 1 1 0.97807509710833 1 1 0.956207739893541 0.978132642785211 0.97807509710833
0 0 0 0 0 0 0 0 0 0 0 0 0 0 0 0 0 0 0 0.232743490145303 0.135721478923896 0.116558768522515 0.290979715148899 0.252107610415768 0.0969356927060855 0 0 0 0 0 0 0 0 0 0 0 0 0.0581211336498346 0.0581211336498346 0.193353474320242 0.368177240684794 0.781786793267156 0.781786793267156 0.781786793267156 0.956524241116386 0.956668105308589 0.977960005754568 1 1 1 0.956466695439505 1 1 1 1 0.956121421378219 0.803539059128183 0.978190188462092 1 1 1 1 1 1 1 1 1 1 1 1 1 1 1 0.97807509710833 0.912760753848367 0.97807509710833 1 0.934771975255359
0 0 0 0 0 0 0 0 0 0 0 0 0 0 0 0 0 0 0.0777729823047044 0.0777729823047044 0.155258236225004 0.232858581499065 0 0 0 0 0 0 0 0 0 0 0 0 0 0 0 0.0776866637893828 0.193583657027766 0.563544813695871 0.742396777442095 0.781786793267156 0.934714429578478 0.912962163717451 1 1 0.868968493741908 1 1 1 1 1 1 1 1 0.912990936555891 1 1 1 1 1 1 1 1 1 1 1 1 1 1 1 1 0.978276506977413 1 1 1 1 1
0 0 0 0 0 0 0 0 0 0 0 0 0 0 0 0.0387570133793699 0.232743490145303 0.329909365558912 0.349187167314056 0 0 0 0 0 0 0 0 0 0 0 0 0 0 0 0 0 0 0.174420946626385 0.447532729103726 0.762134944612286 0.803711696158826 0.956322831247303 0.978190188462092 0.956581786793267 0.978391598331175 1 1 1 1 1 1 1 1 1 1 1 1 1 1 1 1 1 1 1 1 1 1 1 1 1 1 1 1 1 1 1 1 1
0 0 0 0 0 0 0 0 0 0 0 0 0 0 0.329909365558912 0.349187167314056 0.329909365558912 0.252107610415768 0 0 0 0 0 0 0 0 0 0 0 0 0 0 0 0 0 0 0.23257085311466 0.388951230038843 0.563544813695871 0.781786793267156 0.890778305279816 0.978190188462092 0.978190188462092 1 1 0.912588116817724 1 1 1 1 1 1 1 1 1 1 1 1 1 1 1 1 1 1 1 1 1 1 1 1 1 1 1 1 1 1 1 1
0 0 0 0 0 0 0 0 0 0 0 0 0 0 0.252107610415768 0.329909365558912 0.0191339375629406 0 0 0 0 0 0 0 0 0 0 0 0 0 0 0 0 0 0 0 0.349705078405985 0.388951230038843 0.563544813695871 0.781786793267156 1 1 1 1 1 1 1 1 1 1 1 1 1 1 1 1 1 1 1 1 1 1 1 1 1 1 1 1 1 1 1 1 1 1 1 1 1 1
0 0 0 0 0 0 0 0 0 0 0 0 0 0 0 0 0 0 0 0 0 0 0 0 0 0 0 0 0 0 0 0 0 0 0 0 0 0.388951230038843 0.408229031793986 0.781786793267156 0.912530571140843 0.956581786793267 0.956466695439505 1 1 1 1 1 1 1 1 1 1 1 1 1 1 1 1 1 1 1 1 1 1 1 1 1 1 1 1 1 1 1 1 1 1 1
0 0.135692706085455 0.252107610415768 0.0387570133793699 0 0 0.19381383973529 0 0 0 0 0 0 0 0 0 0 0 0 0 0 0 0 0 0 0 0 0 0 0 0.193583657027766 0 0 0 0 0 0 0.0578909509423105 0.388951230038843 0.704819450438786 0.781786793267156 0.956322831247303 0.956581786793267 1 1 1 1 1 1 1 1 1 1 1 1 1 1 1 1 1 1 1 1 1 1 1 1 1 1 1 1 1 1 1 1 1 1 1
0.310717882319091 0.349187167314056 0.349187167314056 0.329909365558912 0.252107610415768 0.0582074521651561 0 0 0 0 0 0 0 0 0 0 0 0 0 0 0 0 0 0 0 0 0 0 0.0776866637893828 0.388951230038843 0.388951230038843 0 0 0 0 0.0191914832398216 0.0191914832398216 0 0.388951230038843 0.544065602071644 0.742396777442095 0.868882175226586 0.956581786793267 0.956668105308589 0.978161415623651 1 1 1 1 1 1 1 1 1 1 1 1 1 1 1 1 -9999 1 1 1 1 1 1 1 1 1 1 1 1 1 1 1 1
0.252107610415768 0.252107610415768 0 0 0 0 0 0 0 0 0 0 0 0 0 0 0 0 0 0 0 0 0 0 0 0 0 0.388951230038843 0.388951230038843 0.388951230038843 0.252280247446411 0.116127175945907 0 0 0.0191914832398216 0.0191914832398216 0.0388721047331319 0.116673859876277 0.0584951805495612 0.368177240684794 0.583196662350741 0.781786793267156 0.956581786793267 1 1 1 1 1 1 1 1 1 1 1 1 1 1 1 1 1 1 -9999 1 1 1 1 1 1 1 1 1 1 1 1 1 1 1 1
0 0 0 0 0 0 0 0 0 0 0 0 0 0 0 0 0 0 0 0 0 0 0 0 0 0.0388145590562509 0.388951230038843 0.388951230038843 0.408229031793986 0.466494029636024 0.54383541936412 0.252165156092649 0.193583657027766 0 0.0388721047331319 0.0388721047331319 0.0971946482520501 0.13595166163142 0.194245432311898 0.194245432311898 0.368177240684794 0.781786793267156 0.978190188462092 0.978391598331175 1 1 1 1 1 1 1 1 1 1 1 1 1 1 1 1 1 1 1 1 1 1 1 1 1 1 1 1 1 1 1 1 1 1
0 0 0 0 0 0 0 0 0 0 0 0 0 0 0 0 0 0 0 0 0 0 0 0 0 0.388951230038843 0.388951230038843 0.643964897137103 0.764494317364408 0.781786793267156 0.585613580779744 0.563544813695871 0.193583657027766 0 0.0191914832398216 0.0971946482520501 0.13595166163142 -9999 0.194245432311898 -9999 0.194245432311898 0.781786793267156 0.934570565386275 0.978391598331175 1 1 1 1 1 1 1 1 1 1 -9999 1 1 1 1 1 1 1 1 1 1 1 1 1 1 1 1 1 1 1 1 1 1 1
0 0 0 0 0 0 0 0 0 0 0 0 0 0 0 0 0 0 0 0 0 0 0 0.13537620486261 0.349705078405985 0.388951230038843 0.705567544238239 0.781786793267156 0.84718745504244 1 0.803510286289743 0.622931952237088 0.524528844770537 0.368464969069199 0.290519349733851 0.155114372032801 0.174593583657028 -9999 0.194245432311898 0.524759027478061 0.781786793267156 0.803826787512588 0.978190188462092 1 1 1 1 1 1 1 1 1 1 1 1 1 1 1 1 1 1 1 1 1 1 1 1 1 1 1 1 1 1 1 1 1 1 1
0 0 0 0 0 0 0 0 0 0 0 0 0 0 0 0 0 0 0 0 0 0 0.388951230038843 0.388951230038843 0.427852107610416 0.544065602071644 0.803539059128183 1 0.978190188462092 1 0.890922169472018 0.869054812257229 0.781786793267156 0.762134944612286 0.606071068910948 0.466494029636024 0.387829089339663 0.233002445691267 0.40727952812545 0.781786793267156 0.847273773557761 0.803826787512588 1 0.956121421378219 1 1 1 -9999 -9999 -9999 1 1 1 1 1 1 1 1 1 1 1 1 1 1 1 1 1 1 1 1 1 1 1 1 1 1 1 1
0 0 0 0 0 0 0 0 0 0 0 0 0 0 0 0 0 0 0 0 0 0.388951230038843 0.427852107610416 0.702690260394188 0.722342109049058 0.781786793267156 0.934196518486549 0.978190188462092 0.956322831247303 1 0.847561501942167 0.956150194216659 0.869313767803194 0.803826787512588 0.803826787512588 0.891238670694864 0.762134944612286 0.781786793267156 0.781786793267156 0.978190188462092 0.803826787512588 0.869256222126313 0.977960005754568 1 1 1 1 1 1 -9999 1 1 1 1 1 1 1 1 1 1 1 1 1 1 1 1 1 1 1 1 1 1 1 1 1 1 1 1
0 0 0 0 0 0 0 0 0 0 0 0 0 0 0 0 0 0 0 0.0388721047331319 0 0.427852107610416 0.702690260394188 0.781786793267156 0.890778305279816 0.890778305279816 1 0.956524241116386 1 1 0.934714429578478 1 0.912818299525248 0.956322831247303 0.847158682203999 0.825435189181413 0.803826787512588 0.803826787512588 0.803826787512588 0.803826787512588 0.934570565386275 0.956236512731981 1 1 1 1 1 1 1 1 1 1 1 1 1 1 1 1 1 1 1 1 1 1 1 1 1 1 1 1 1 1 1 1 1 1 1 1
0 0 0 0 0 0 0 0 0 0 0 0 0 0 0 0 0 0 0 0.0776578909509423 0.388951230038843 0.565904186447993 0.781786793267156 0.956322831247303 1 0.956322831247303 1 1 1 1 1 0.956294058408862 1 1 1 1 1 0.978247734138973 0.956207739893541 1 1 1 1 1 1 -9999 1 1 1 1 1 1 1 1 1 1 1 1 1 1 1 1 1 1 1 1 1 1 1 1 1 1 1 1 1 1 1 1
0 0 0 0 0 0 0 0 0 0 0 0 0 0 0 0 0 0 0.0777729823047044 0.408229031793986 0.563544813695871 0.783973528988635 0.956322831247303 0.978190188462092 1 1 0.978132642785211 1 1 1 1 1 1 1 1 1 1 1 1 1 1 1 1 1 1 1 1 1 1 1 1 1 1 1 1 1 1 1 1 1 1 1 1 1 1 1 1 1 1 1 1 1 1 1 1 1 1 1
0 0 0 0 0 0 0 0 0 0 0 0 0 0 0 0 0 0.0581211336498346 0.524528844770537 0.62304704359085 0.781786793267156 0.825435189181413 0.956322831247303 1 0.978161415623651 1 1 1 1 1 1 1 1 1 1 1 1 1 1 1 1 1 1 1 1 1 1 1 1 1 1 1 1 1 1 1 1 1 1 1 1 1 0.825463962019853 0.781786793267156 0.781786793267156 0.781786793267156 0.891152352179542 0.978161415623651 1 1 1 1 1 1 1 1 1 1
0 0 0 0 0 0 0 0 0 0 0 0 0 0 0 0 0 0.485886922744929 0.762134944612286 0.825550280535175 0.93428283700187 0.956322831247303 0.956322831247303 1 1 1 1 1 1 1 1 1 1 1 1 1 -9999 1 1 1 1 1 1 1 1 1 1 1 1 1 1 1 1 1 1 1 1 1 1 1 1 0.978276506977413 0.868767083872824 1 0.978161415623651 0.956294058408862 0.847360092073083 0.825463962019853 0.978247734138973 1 1 1 1 1 1 1 1 1
0 0 0 0 0 0 0 0 0 0 0 0 0 0 0 0.116673859876277 0.349589987052223 0.563544813695871 0.825550280535175 0.890922169472018 0.956322831247303 0.956322831247303 1 1 1 1 1 1 1 1 1 1 1 1 1 1 1 1 1 1 1 1 1 1 1 1 1 1 1 1 1 1 1 1 1 1 1 1 1 1 0.97807509710833 1 1 0.868968493741908 0.847043590850237 0.868968493741908 0.93428283700187 0.781786793267156 1 1 1 1 1 1 1 1 1 1
0 0 0 0 0 0 0 0 0 0 0 0 0 0 0.0191914832398216 0.116673859876277 0.524902891670263 0.764321680333765 0.890778305279816 0.869313767803194 0.956322831247303 1 1 0.978247734138973 1 1 1 1 1 1 1 1 1 1 1 1 1 1 1 1 1 1 1 1 1 1 1 1 1 1 1 1 1 1 1 1 1 1 1 1 0.890576895410732 0.978132642785211 0.803711696158826 0.912530571140843 0.956150194216659 0.93428283700187 0.868767083872824 0.80339519493598 0.934656883901597 1 1 1 1 1 1 1 1 0.934771975255359
0 0 0 0 0 0 0 0 0 0 0 0 0.0191914832398216 0.0971946482520501 0.116673859876277 0.252050064738886 0.563544813695871 0.803625377643505 0.956322831247303 0.978190188462092 1 1 1 1 1 1 1 1 1 1 1 1 1 1 1 1 1 1 1 1 1 1 1 1 1 1 1 1 1 1 1 1 1 1 1 1 1 1 1 0.97807509710833 1 0.803711696158826 0.912530571140843 0.890691986764494 0.912530571140843 0.803510286289743 0.84718745504244 0.912847072363689 0.912731981009927 1 1 1 1 1 1 1 1 0.978247734138973
0 0 0 0 0 0 0 0 0 0 0.0191914832398216 0.0191914832398216 0.116673859876277 0.116673859876277 0.174593583657028 0.465832254351892 0.563544813695871 0.803625377643505 0.956322831247303 1 1 1 1 1 1 1 1 1 1 1 1 1 1 1 1 1 1 1 1 1 1 1 1 1 1 1 1 1 1 1 1 1 1 1 1 1 1 1 1 0.912588116817724 1 0.869371313480075 0.868709538195943 0.781786793267156 0.743375053949072 0.781786793267156 0.956150194216659 0.803711696158826 0.978247734138973 1 1 1 1 0.912674435333046 1 1 0.978247734138973 0.978247734138973
0.387829089339663 0.0969356927060855 0 0 0 0 0 0 0 0 0.0191914832398216 0.0191914832398216 0.116673859876277 0.0971946482520501 0.155229463386563 0.174593583657028 0.783973528988635 0.762134944612286 0.956322831247303 1 1 1 1 1 1 1 1 1 1 1 1 1 1 1 1 1 1 1 1 1 1 1 1 1 1 1 1 1 1 1 1 1 1 1 1 1 1 1 1 0.97807509710833 0.956437922601065 0.912962163717451 0.781786793267156 0.724068479355488 0.371831391166739 0.781786793267156 0.912990936555891 0.803711696158826 1 0.956466695439505 1 1 1 1 1 0.934656883901597 0.978247734138973 0.891238670694864
0.329909365558912 0 0 0 0 0 0 0 0 0 0.0191914832398216 0.0191914832398216 0.0191914832398216 0.0775715724356208 0.155229463386563 0.563544813695871 0.783973528988635 0.912530571140843 1 1 1 1 1 1 1 1 1 1 1 1 1 1 1 1 1 1 1 1 1 1 1 1 1 1 1 1 1 1 1 1 1 1 1 1 1 1 1 1 1 1 0.956322831247303 0.912990936555891 0.781786793267156 0.213926053805208 0.272334915839448 0.6438210329449 0.781786793267156 0.847475183426845 0.86911235793411 0.84721622788088 0.869256222126313 1 1 0.978247734138973 0.978247734138973 0.869198676449432 0.825751690404258 0.913106027909653
0 0 0 0 0 0 0 0 0 0.0191914832398216 0.0191914832398216 0.0191914832398216 0.0191914832398216 0.116673859876277 0.174593583657028 0.563544813695871 0.803625377643505 0.847273773557761 1 1 1 1 1 1 1 1 1 1 1 1 1 1 1 1 1 1 1 1 1 1 1 1 1 1 1 1 1 1 1 1 1 1 1 1 1 1 1 1 1 1 0.912530571140843 0.912990936555891 0.643216803337649 0.194245432311898 0.194245432311898 0.369730973960581 0.565875413609553 0.891066033664221 0.825751690404258 1 0.978247734138973 1 0.956409149762624 0.912731981009927 0.803711696158826 0.825435189181413 0.781786793267156 0.746827794561933
