data-raw/DATASET_PNE_1/DATASET_PNE/a_DATA/PFGS/ENVSUIT_A1B/HS_f15_C5_CallVulg.asc
NCOLS 619 
NROWS 782 
XLLCORNER 876826 
YLLCORNER 1947424 
CELLSIZE 100 
NODATA_value -9999 
[rows 156 to 181 of 782, columns 0 to 59 of 619]
-9999 -9999 -9999 -9999 -9999 -9999 -9999 -9999 -9999 -9999 -9999 -9999 -9999 -9999 -9999 -9999 -9999 -9999 -9999 -9999 -9999 -9999 -9999 -9999 -9999 -9999 -9999 -9999 -9999 -9999 -9999 -9999 -9999 -9999 -9999 -9999 -9999 -9999 -9999 -9999 -9999 0 0.0341552719473839 0.0341552719473839 0 0 0 0 0 0 0.128344729542732 0.0994628891348839 0.308740239590406 0.667602524161339 0 0.245458981022239 0.147851556539536 0.167895510792732 0.216577142477036 0.226269528269768
-9999 -9999 -9999 -9999 -9999 -9999 -9999 -9999 -9999 -9999 -9999 -9999 -9999 -9999 -9999 -9999 -9999 -9999 -9999 -9999 -9999 -9999 -9999 -9999 -9999 -9999 -9999 -9999 -9999 -9999 -9999 -9999 -9999 -9999 -9999 -9999 -9999 -9999 -9999 -9999 0 0.093994140625 0.145678713917732 0.145678713917732 0 0 0 0 0 0 0.0953613296151161 -9999 0.402343764901161 0.206396490335464 0.250878909602761 0 0.113916017115116 0.2064208984375 0.254980465397239 0.279272466897964
-9999 -9999 -9999 -9999 -9999 -9999 -9999 -9999 -9999 -9999 -9999 -9999 -9999 -9999 -9999 -9999 -9999 -9999 -9999 -9999 -9999 -9999 -9999 -9999 -9999 -9999 -9999 -9999 -9999 -9999 -9999 -9999 -9999 -9999 -9999 -9999 -9999 -9999 -9999 -9999 0 0 0.187939459457994 0.462548829615116 0 0.0935790985822678 0.171142578125 0.259375005960464 0.128588870167732 0 0.202124029397964 0.658691391348839 0.163549810647964 0.29418944939971 0.130541995167732 0 0.014306640252471 0.216577142477036 0.440625011920929 0.404589846730232
-9999 -9999 -9999 -9999 -9999 -9999 -9999 -9999 -9999 -9999 -9999 -9999 -9999 -9999 -9999 -9999 -9999 -9999 -9999 -9999 -9999 -9999 -9999 -9999 -9999 -9999 -9999 -9999 -9999 -9999 -9999 -9999 -9999 -9999 -9999 -9999 -9999 -9999 0.199780270457268 0.153076171875 0 0 0.624658197164536 0.532739266753197 0.431445330381393 0.179663091897964 0.153076171875 0.363110363483429 0.347827158868313 0.471191413700581 0.567846670746803 0.538598619401455 0.233911126852036 0.328173831105232 0.129052728414536 0 0.109545901417732 0.254980465397239 0.581079088151455 0.571972645819187
-9999 -9999 -9999 -9999 -9999 -9999 -9999 -9999 -9999 -9999 -9999 -9999 -9999 -9999 -9999 -9999 -9999 -9999 -9999 -9999 -9999 -9999 -9999 -9999 -9999 -9999 -9999 -9999 -9999 -9999 -9999 -9999 -9999 -9999 -9999 -9999 0.135986328125 0.153076171875 0.653076171875 0.025122070685029 0.116479493677616 0.169970706105232 0.705297827720642 0.519799798727036 0.256591804325581 0.161450192332268 0.127734377980232 0.196264654397964 0.632934555411339 0.567504867911339 0.570703133940697 0.277612309902906 0.472143553197384 0 0.202221676707268 0 0.119311526417732 0.345654293894768 0.6842041015625 0.678271472454071
-9999 -9999 -9999 -9999 -9999 -9999 -9999 -9999 -9999 -9999 -9999 -9999 -9999 -9999 -9999 -9999 -9999 -9999 -9999 -9999 -9999 -9999 -9999 -9999 -9999 -9999 -9999 -9999 -9999 -9999 -9999 -9999 -9999 -9999 -9999 0 0.153076171875 0.529003888368607 0.169970706105232 0.234692379832268 0.0676025375723839 0.7198486328125 0.814184546470642 0.169970706105232 0.222094733268023 0.178247073665261 0.429199226200581 0.746557623147964 0.814111322164536 0.421728521585464 0.134960934519768 0.419702157378197 0.619531244039536 0.474316395819187 0.653417974710464 0.420825198292732 0.226464837789536 0.554663099348545 0.842236340045929 0.714208960533142
-9999 -9999 -9999 -9999 -9999 -9999 -9999 -9999 -9999 -9999 -9999 -9999 -9999 -9999 -9999 -9999 -9999 -9999 -9999 -9999 -9999 -9999 -9999 -9999 -9999 -9999 -9999 -9999 -9999 -9999 -9999 -9999 -9999 -9999 -9999 0 0.265136726200581 0.550219729542732 0.262402340769768 0.230981450527906 0.597583025693893 0.714208960533142 0.661181658506393 0.169970706105232 0.178247073665261 0.195214847102761 0.575732439756393 0.813867181539536 0.814111322164536 0.0979248061776161 0.124804690480232 0.502392575144768 0.650488287210464 0.664892584085464 0.814111322164536 0.705297827720642 0.572802737355232 0.7998046875 0.714208960533142 0.714208960533142
-9999 -9999 -9999 -9999 -9999 -9999 -9999 -9999 -9999 -9999 -9999 -9999 -9999 -9999 -9999 -9999 -9999 -9999 -9999 -9999 -9999 -9999 -9999 -9999 -9999 -9999 -9999 -9999 -9999 -9999 -9999 -9999 -9999 0.771728515625 0.7196044921875 0.265136726200581 0.474072262644768 0.489160165190697 0.2425537109375 0.551440417766571 0.714208960533142 0.885717779397964 0.323046877980232 0.237402349710464 0.288793951272964 0.505419924855232 0.736059576272964 0.842236340045929 0.762597650289536 0.455371096730232 0.828295886516571 0.705297827720642 0.696191400289536 0.814111322164536 0.705297827720642 0.8280029296875 0.833593755960464 0.828466773033142 0.714208960533142 0.811376959085464
-9999 -9999 -9999 -9999 -9999 -9999 -9999 -9999 -9999 -9999 -9999 -9999 -9999 -9999 -9999 -9999 -9999 -9999 -9999 -9999 -9999 -9999 -9999 -9999 -9999 -9999 -9999 -9999 -9999 -9999 -9999 -9999 0.714208960533142 0.714208960533142 0.7196044921875 0.542919903993607 0.589013695716858 0.539941400289536 0.471459969878197 0.742944329977036 0.770971655845642 0.412499994039536 0.288793951272964 0.297705084085464 0.488037109375 0.6094970703125 0.705297827720642 0.813671886920929 0.748364239931107 0.828100591897964 0.714208960533142 0.714208960533142 0.705297827720642 0.828100591897964 0.828100591897964 0.714208960533142 0.785546869039536 0.6983642578125 1 0.800048828125
-9999 -9999 -9999 -9999 -9999 -9999 -9999 -9999 -9999 -9999 -9999 -9999 -9999 -9999 -9999 -9999 -9999 -9999 -9999 -9999 -9999 -9999 -9999 -9999 -9999 -9999 -9999 -9999 -9999 -9999 0.757055640220642 0.756933599710464 0.757128924131393 0.705297827720642 0.683740228414536 0.569165050983429 0.705297827720642 0.705297827720642 0.7283935546875 0.899511694908142 0.757421851158142 0.521264642477036 0.348876953125 0.339941412210464 0.635083019733429 0.669750988483429 0.714208960533142 0.677929669618607 0.899682611227036 0.97119140625 0.714208960533142 0.705297827720642 0.6510009765625 1 0.714208960533142 1 0.813867181539536 0.722314447164536 0.714208960533142 0.757080078125
-9999 -9999 -9999 -9999 -9999 -9999 -9999 -9999 -9999 -9999 -9999 -9999 -9999 -9999 -9999 -9999 -9999 -9999 -9999 -9999 -9999 -9999 -9999 -9999 -9999 -9999 -9999 -9999 -9999 0.824975579977036 0.805444329977036 0.742700189352036 0.771484375 0.705297827720642 0.710498034954071 0.624658197164536 0.719482421875 0.885595709085464 0.914086908102036 0.899731427431107 0.624951153993607 0.624951153993607 0.442553728818893 0.339941412210464 0.652563482522964 0.696435540914536 0.756933599710464 0.705297827720642 0.828515619039536 0.870776385068893 0.705297827720642 0.714208960533142 0.714208960533142 0.985546886920929 0.757421851158142 0.985546886920929 0.828100591897964 0.728759765625 0.714208960533142 0.871166974306107
-9999 -9999 -9999 -9999 -9999 -9999 -9999 -9999 -9999 -9999 -9999 -9999 -9999 -9999 -9999 -9999 -9999 -9999 -9999 -9999 -9999 -9999 -9999 -9999 -9999 -9999 -9999 0.819873034954071 0.762524396181107 0.790917962789536 0.848193347454071 0.819750964641571 0.799853503704071 0.733837872743607 0.705297827720642 0.615795910358429 0.748144507408142 0.757421851158142 0.899731427431107 0.814184546470642 0.540942385792732 0.452294930815697 0.3958740234375 0.377978518605232 0.819677740335464 0.733837872743607 0.771069347858429 0.885302722454071 0.913867175579071 0.971508800983429 0.742749005556107 0.928173840045929 0.885082989931107 0.97119140625 0.785864263772964 0.97119140625 0.842236340045929 0.693652361631393 1 0.985644519329071
-9999 -9999 -9999 -9999 -9999 -9999 -9999 -9999 -9999 -9999 -9999 -9999 -9999 -9999 -9999 -9999 -9999 -9999 -9999 -9999 -9999 -9999 -9999 -9999 -9999 -9999 -9999 0.834057599306107 0.842748999595642 0.799780249595642 0.799633771181107 0.785473614931107 0.785229474306107 0.757055640220642 0.733837872743607 0.368066400289536 0.842919915914536 0.928417980670929 0.842919945716858 0.782299786806107 0.693261712789536 0.620458990335464 0.3685302734375 0.6611328125 0.913867175579071 0.658471673727036 0.913867175579071 0.899633795022964 0.971508800983429 0.757055640220642 0.913867175579071 0.871289074420929 0.985644519329071 0.842700213193893 0.842871069908142 1 0.813745111227036 0.828100591897964 0.985644519329071 1
-9999 -9999 -9999 -9999 -9999 -9999 -9999 -9999 -9999 -9999 -9999 -9999 -9999 -9999 -9999 -9999 -9999 -9999 -9999 -9999 -9999 -9999 -9999 -9999 -9999 -9999 0.692700207233429 0.705297827720642 0.848193347454071 0.834057599306107 0.790942370891571 0.762426733970642 0.757055640220642 0.742749005556107 0.771069347858429 0.733837872743607 0.971508800983429 0.857373028993607 1 0.657153308391571 0.657153308391571 0.693261712789536 0.643994152545929 0.707666009664536 0.857373058795929 0.871679693460464 0.7996826171875 0.899560540914536 0.799853503704071 0.771313458681107 0.785791039466858 0.857470721006393 0.900292962789536 0.748144507408142 0.956762701272964 0.942626953125 0.957080066204071 0.97119140625 0.856860369443893 1
-9999 -9999 -9999 -9999 -9999 -9999 -9999 -9999 -9999 -9999 -9999 -9999 -9999 -9999 -9999 -9999 -9999 -9999 -9999 -9999 -9999 -9999 -9999 -9999 -9999 -9999 0.729394525289536 0.710620105266571 0.640283197164536 0.834057599306107 0.834057599306107 0.805566400289536 0.742456048727036 0.738867163658142 0.757299780845642 0.971508800983429 0.857373028993607 0.8572998046875 0.943310558795929 0.594702154397964 0.651953101158142 0.793115228414536 0.707006841897964 0.773168951272964 0.742456048727036 0.856835931539536 0.842944353818893 0.842700183391571 0.871313482522964 0.899462908506393 0.871435552835464 0.985644519329071 0.871411114931107 0.885839849710464 1 0.928271472454071 0.913964837789536 0.899829089641571 0.913964837789536 1
-9999 -9999 -9999 -9999 -9999 -9999 -9999 -9999 -9999 -9999 -9999 -9999 -9999 -9999 -9999 -9999 -9999 -9999 -9999 -9999 -9999 -9999 -9999 -9999 -9999 0.791308581829071 0.705297827720642 0.643530279397964 0.705297827720642 0.834057599306107 0.834057599306107 0.805566400289536 0.767871081829071 0.75341796875 0.885571300983429 0.9283447265625 0.842749029397964 0.985766589641571 0.834057599306107 0.772753894329071 0.757104486227036 0.842748999595642 0.776879876852036 0.742456048727036 0.742871075868607 0.914111316204071 0.7996826171875 0.856835931539536 0.842529296875 0.856884777545929 0.871655285358429 0.857104480266571 0.791113257408142 1 1 0.928393542766571 0.942700207233429 0.928271472454071 0.942700207233429 1
-9999 -9999 -9999 -9999 -9999 -9999 -9999 -9999 -9999 -9999 -9999 -9999 -9999 -9999 -9999 -9999 -9999 -9999 -9999 -9999 -9999 -9999 -9999 -9999 0.791308581829071 0.87109375 0.748486310243607 0.705297827720642 0.696386694908142 0.791528314352036 0.848193347454071 0.819604486227036 0.781982421875 0.796655267477036 0.742871075868607 0.842529296875 0.900073260068893 0.785937488079071 0.819873034954071 0.819873034954071 0.842529296875 0.856884777545929 0.710742175579071 0.856884777545929 0.7996826171875 0.8714599609375 0.900317370891571 0.800048828125 0.800244122743607 0.799633771181107 0.834057599306107 0.857104480266571 0.742871075868607 1 1 1 1 0.842919915914536 1 1
-9999 -9999 -9999 -9999 -9999 -9999 -9999 -9999 -9999 -9999 -9999 -9999 -9999 -9999 -9999 -9999 -9999 -9999 -9999 -9999 -9999 -9999 -9999 -9999 0.863012701272964 0.8004150390625 0.814770489931107 0.705297827720642 0.734155267477036 0.848193347454071 0.776928693056107 0.8570556640625 0.8570556640625 0.829077124595642 0.842968732118607 0.8431396484375 0.785888671875 0.842968732118607 0.814648419618607 0.757153302431107 0.771508783102036 0.828808575868607 0.742871075868607 0.828808575868607 0.886376976966858 0.8004150390625 0.785742193460464 0.7572021484375 0.800097644329071 0.842968732118607 0.842968732118607 0.814184546470642 0.742871075868607 0.971411138772964 1 1 1 0.857104480266571 1 0.971630871295929
-9999 -9999 -9999 -9999 -9999 -9999 -9999 -9999 -9999 -9999 -9999 -9999 -9999 -9999 -9999 -9999 -9999 -9999 -9999 -9999 -9999 -9999 -9999 -9999 0.796923816204071 0.7197265625 0.7196044921875 0.791552722454071 0.733959943056107 0.777099609375 0.833959937095642 0.786059558391571 0.814404308795929 0.814404308795929 0.771508783102036 0.820165991783142 0.842968732118607 0.785742163658142 0.785742163658142 0.705297827720642 0.814892560243607 0.814404308795929 0.828808575868607 0.800097674131393 0.771386742591858 0.742846697568893 0.7572021484375 0.80029296875 0.714208960533142 0.743017554283142 0.842968732118607 0.842968732118607 0.82861328125 0.971411138772964 0.885546863079071 1 0.914038062095642 0.871655285358429 1 0.857104480266571
-9999 -9999 -9999 -9999 -9999 -9999 -9999 -9999 -9999 -9999 -9999 -9999 -9999 -9999 -9999 -9999 -9999 -9999 -9999 -9999 -9999 -9999 -9999 0.811059564352036 0.594189465045929 0.834399402141571 0.805493146181107 0.7484130859375 0.791552722454071 0.805981427431107 0.800463855266571 0.771508783102036 0.814404308795929 0.814501941204071 0.7572021484375 0.771557599306107 0.786108374595642 0.742846667766571 0.705297827720642 0.762670874595642 0.842968732118607 0.785693377256393 0.885815441608429 0.814355462789536 0.742846667766571 0.742846667766571 0.857519537210464 0.7860107421875 0.728564441204071 0.757373034954071 0.728662103414536 0.771508783102036 0.842675775289536 0.857104480266571 0.957275390625 0.885546863079071 0.857104480266571 0.871655285358429 0.857104480266571 0.928955078125
-9999 -9999 -9999 -9999 -9999 -9999 -9999 -9999 -9999 -9999 -9999 -9999 -9999 -9999 -9999 -9999 -9999 -9999 -9999 -9999 -9999 -9999 0.467968747019768 0.523999035358429 0.424047842621803 0.710522443056107 0.748510718345642 0.748388648033142 0.8004150390625 0.742968738079071 0.714208960533142 0.728662103414536 0.728662103414536 0.728662103414536 0.728662103414536 0.705297827720642 0.743090838193893 0.714208960533142 0.705297827720642 0.828759759664536 0.785913079977036 0.799755841493607 0.957568347454071 0.7572021484375 0.914770513772964 0.728564441204071 0.9290771484375 0.9002685546875 0.728564441204071 0.857104480266571 0.762841790914536 0.857104480266571 0.943432629108429 0.900415033102036 0.900415033102036 0.871557623147964 0.857104480266571 0.857104480266571 0.885961920022964 0.957275390625
-9999 -9999 -9999 -9999 -9999 -9999 -9999 -9999 -9999 -9999 -9999 -9999 -9999 -9999 -9999 -9999 -9999 -9999 -9999 -9999 -9999 -9999 -9999 0.281933590769768 0.455468744039536 0.739062488079071 0.834277331829071 0.762841790914536 0.786108374595642 0.742968738079071 0.714208960533142 0.743017554283142 0.728564441204071 0.714208960533142 0.714208960533142 0.714208960533142 0.714208960533142 0.714208960533142 0.705297827720642 0.829199194908142 0.928881824016571 0.957617193460464 0.943066418170929 0.9288330078125 0.900292962789536 0.9002685546875 0.914624035358429 0.9290771484375 0.7484130859375 0.943212896585464 0.676367163658142 0.914111316204071 0.985644519329071 0.985644519329071 0.985644519329071 0.971411138772964 0.857104480266571 0.857104480266571 0.914770513772964 0.871557623147964
-9999 -9999 -9999 -9999 -9999 -9999 -9999 -9999 -9999 -9999 -9999 -9999 -9999 -9999 -9999 -9999 -9999 -9999 -9999 -9999 -9999 -9999 0.405126944184303 0.485522449016571 0.473217770457268 0.431225582957268 0.582763671875 0.891381829977036 0.748486310243607 0.871411114931107 0.714208960533142 0.714208960533142 0.714208960533142 0.728662103414536 0.743017554283142 0.743017554283142 0.714208960533142 0.714208960533142 0.714208960533142 0.742944359779358 0.857104480266571 0.800537109375 0.900292962789536 0.857104480266571 0.871289074420929 0.914624035358429 0.9290771484375 0.860009789466858 0.9290771484375 0.9290771484375 0.903027355670929 0.911645501852036 0.943432629108429 0.985644519329071 0.985644519329071 0.985644519329071 0.914599597454071 0.900415033102036 0.985644519329071 0.900415033102036
-9999 -9999 -9999 -9999 -9999 -9999 -9999 -9999 -9999 -9999 -9999 -9999 -9999 -9999 -9999 -9999 -9999 -9999 -9999 -9999 -9999 -9999 0.1551513671875 0.4404296875 0.50048828125 0.48828125 0.473828122019768 0.6851806640625 0.93408203125 0.857104480266571 0.886621087789536 0.714208960533142 0.714208960533142 0.886132806539536 0.714208960533142 0.714208960533142 0.714208960533142 0.714208960533142 0.843554675579071 0.757226556539536 0.928979486227036 0.900170892477036 0.800537109375 0.900170892477036 0.943432629108429 0.9290771484375 0.9290771484375 0.905859351158142 0.807812511920929 0.8829345703125 0.72705078125 0.613867163658142 0.914721667766571 0.857397466897964 0.8857421875 0.956958025693893 0.942724615335464 0.956958025693893 0.942724615335464 0.9288330078125
-9999 -9999 -9999 -9999 -9999 -9999 -9999 -9999 -9999 -9999 -9999 -9999 -9999 -9999 -9999 -9999 -9999 -9999 -9999 -9999 -9999 -9999 0.404931649565697 0.40966796875 0.443676754832268 0.535791009664536 0.602246105670929 0.6402587890625 0.782080084085464 0.947973638772964 0.833837866783142 0.719531238079071 0.819775372743607 0.799780249595642 0.829150408506393 0.747973620891571 0.776757806539536 0.771582007408142 0.728564441204071 0.790991216897964 0.9718017578125 0.9718017578125 0.9718017578125 0.862500011920929 0.891308605670929 0.920214831829071 0.911645501852036 0.5684814453125 0.770068347454071 0.84814453125 0.862597674131393 0.686328113079071 0.698974609375 0.914624035358429 0.885839849710464 0.899462878704071 0.942773431539536 0.928881853818893 0.85693359375 0.857104480266571
-9999 -9999 -9999 -9999 -9999 -9999 -9999 -9999 -9999 -9999 -9999 -9999 -9999 -9999 -9999 -9999 -9999 -9999 -9999 0.777026355266571 0.93408203125 0.655981421470642 0.403002917766571 0.2216796875 0.176342770457268 0.310229495167732 0.578515619039536 0.645971655845642 0.602246105670929 0.498437494039536 0.341088861227036 0.367382809519768 0.367382809519768 0.384912103414536 0.403002917766571 0.876904278993607 0.833666980266571 0.699536114931107 0.885839849710464 0.885839849710464 0.712597638368607 0.253759771585464 0.0351806655526161 0.0351806655526161 0.112060549668968 0.307519532740116 0.295629873871803 0.3558349609375 0.358227536082268 0.576611310243607 0.384179681539536 0.156201176345348 0.0677978545427322 0.131030272692442 0.72705078125 0.9290771484375 0.920507818460464 0.888671875 0.684423834085464 0.44287109375
