data-raw/DATASET_PNE_1/DATASET_PNE/a_DATA/PFGS/ENVSUIT_A1B/HS_f30_C2_VaccUli.asc
NCOLS 619 
NROWS 782 
XLLCORNER 876826 
YLLCORNER 1947424 
CELLSIZE 100 
NODATA_value -9999 
[rows 180 to 209 of 782, columns 68 to 135 of 619]
0.623743737665098 0.602520115378776 0.72221041445271 0.800880522240777 0.840868377106422 0.896887809321391 0.729315318050706 0.831880977683316 0.89206011841506 0.870654319113405 0.806558372551996 0.785243661758008 0.785243661758008 0.806558372551996 0.913648094732048 0.89206011841506 0.779019280400789 0.7792621830879 0.700166995597389 0.620009108850767 0.546348868984363 0.150630028844694 0.107362987703051 0.582784272051009 0.15020494914225 0 0 0 0 0 0 0 0 0 0 0 0.582784272051009 0.64360103233642 0.534507362987703 0.920510095642933 0.920783361165933 1 0.978442386518901 0.892424472445726 0.914194625778048 0.935600425079702 1 1 1 1 1 1 -9999 -9999 1 1 -9999 1 1 1 1 1 1 1 1 1 1 1
0.623743737665098 0.538120540458479 0.602520115378776 0.663185061484743 0.6398360406862 0.634492181569759 0.590951874905116 0.7792621830879 0.831880977683316 0.913648094732048 0.806558372551996 0.80646728404433 0.785243661758008 0.849703962350083 0.89206011841506 0.913648094732048 0.798998026415667 0.739395779565811 0.700166995597389 0.577015333232124 0.234401093062092 0.193441627448004 0.0859571884013967 0.582784272051009 0.171853651131016 0 0 0 0 0 0 0 0 0 0 0.582784272051009 0.582784272051009 0.292303021102171 0.430211021709428 0.682738727797176 0.511219067860938 0.8190982237741 0.978503112190679 0.828055260361318 0.892879914984059 0.914194625778048 1 1 1 1 1 1 -9999 -9999 1 -9999 -9999 1 1 1 1 1 1 1 1 1 1 1
0.348686807347806 0.0969485349931684 -9999 -9999 0.516502201305602 0.555761348109913 0.57549719143768 0.700166995597389 0.7792621830879 0.956763321694246 0.913648094732048 0.785243661758008 0.785243661758008 0.913648094732048 0.89206011841506 0.798998026415667 0.7792621830879 0.700166995597389 0.682738727797176 0.542037346288143 0.170274783664794 0.150630028844694 0.214756338241992 0.214756338241992 0.193441627448004 0 0 0 0 0 0 0 0 0 0.0647335661150751 0.505116137847275 0.407378169120996 0.580749962046455 0.512889023834826 0.841566722331866 0.900743889479277 1 0.978503112190679 0.956763321694246 0.957036587217246 0.914194625778048 1 0.956975861545468 1 1 1 1 -9999 -9999 -9999 1 -9999 1 1 1 1 1 1 1 1 1 1 1
0 0.225656596326097 0.484924851981175 -9999 0.602520115378776 0.579383634431456 0.559374525580689 0.510611811143161 0.678548656444512 0.89206011841506 0.870654319113405 0.806558372551996 0.765143464399575 0.913648094732048 0.913557006224381 0.779019280400789 0.700166995597389 0.661059662972522 0.64360103233642 0.537634735084257 0.170274783664794 0 0.107362987703051 0.214756338241992 0.214756338241992 0 0 0 0 0 0 0 0 0 0 0.0859571884013967 0.193441627448004 0.019219675117656 0.602064672840443 0.663185061484743 0.721846060422043 0.900743889479277 0.956945498709579 0.871200850159405 0.871291938667071 0.80674054956733 0.849552148170639 0.956975861545468 1 1 1 1 1 1 1 -9999 -9999 1 1 1 1 1 1 1 1 1 1 1
0.163169880066798 0 0 0.0214968878093214 0.0196447548201002 0.581205404584788 0.557977835129801 0.469652345529072 0.487293153180507 0.75530590557158 0.849005617124639 0.827781994838318 0.705419766206164 0.956824047366024 0.692697737968726 0.487293153180507 0.661424017003188 0.493031729163504 0.525125246698042 0.494671322301503 0.60242902687111 0.127007742523152 0 0.214756338241992 0.214756338241992 0 0 0 0 0 0 0 0 0 0 0.128920601184151 0.0432366783057537 0 0 0.175709731288902 0.580749962046455 0.700166995597389 1 0.956763321694246 0.892424472445726 0.80674054956733 0.849552148170639 1 1 1 1 1 1 1 1 -9999 1 1 1 1 1 1 1 1 1 1 1 1
0.5596174282678 0.623743737665098 0.019219675117656 0 0.0214968878093214 0.518415059966601 0.412175497191438 0.577349324426901 0.467982389555184 0.628146348868984 0.935144982541369 0.849430696827084 0.625413693638986 0.978442386518901 0.815181417944436 0.487293153180507 0.428723242750873 0.580932139061788 0.537968726279034 0.516350387126158 0.389342644603006 0.0214968878093214 0.0214968878093214 0.214756338241992 0.214756338241992 0 0 0 0 0 0 0 0 0 0 0 0 0.019219675117656 0.623743737665098 0.450493396083194 0.821891604675877 0.900743889479277 1 0.978442386518901 0.913739183239715 0.80674054956733 0.828328525884318 1 1 1 1 1 1 1 1 1 1 -9999 -9999 -9999 1 1 1 1 1 1 1 1
0.494944587824503 0.581205404584788 0.581023227569455 0 0.019219675117656 0.193988158494003 0.369454987095795 0.555943525125247 0.489206011841506 0.777440412934568 0.913648094732048 0.806558372551996 0.785243661758008 0.89206011841506 1 0.756034613632913 0.489206011841506 0.516320024290269 0.164293304994686 0.043175952633976 0.107362987703051 0.019219675117656 0 0.171853651131016 0.128647335661151 0 0 0 0 0 0 0 0 0 0 0.0644603005920753 0.582784272051009 0.623743737665098 0.602064672840443 0.663185061484743 0.759374525580689 0.898345225444056 0.978503112190679 0.870927584636405 0.806892363746774 0.806862000910885 0.806831638074996 1 1 1 1 1 1 1 1 1 1 1 -9999 -9999 1 1 1 1 1 1 1 1
0.682738727797176 0.516502201305602 0.449066342796417 0.320874449673599 0 0.136298770305146 0.494944587824503 0.556004250797024 0.614361621375436 0.798998026415667 0.89206011841506 0.827781994838318 0.806558372551996 0.849430696827084 1 1 0.900743889479277 0.682738727797176 0.602064672840443 0 0.60242902687111 0.540003036283589 0 0 0.214756338241992 0 0 0 0 0 0 0 0 0 0.0430545012904205 0.370092606649461 0.21266130256566 0.475482010019736 0.408987399423106 0.641505996660088 0.680370426597844 0.655624715348413 0.875846364050402 0.978503112190679 0.828115986033095 0.785243661758008 0.80674054956733 0.978594200698345 1 1 1 1 1 1 1 1 1 -9999 -9999 1 1 1 1 1 1 1 1 1
0.800880522240777 0.663185061484743 0.213086382268104 0 0 0.0431455897980871 0.252466980415971 0.577410050098679 0.841020191285866 0.838317898891756 0.876787611962957 0.913648094732048 0.827781994838318 0.60592075299833 0.935327159556703 1 1 0.861120388644299 0.596720813724002 0.580567785031122 0.623743737665098 0.604098982844998 0.193441627448004 0.171853651131016 0.214756338241992 0 0 0 0 0 0 0 0 0 0.193441627448004 0.214756338241992 0.582784272051009 0.60242902687111 0.60242902687111 0.802823743737665 0.760012145134355 0.978320935175345 0.956945498709579 0.935327159556703 0.785243661758008 0.785243661758008 0.828328525884318 0.871170487323516 1 1 1 1 1 1 1 1 1 -9999 -9999 1 1 1 1 1 1 1 1 1
1 0.741521178078032 0.580841050554122 0.0839532412327311 0.0431455897980871 0 0.0796720813724002 0.136784575679368 0.682738727797176 0.635585243661758 0.71252466980416 0.913648094732048 0.913648094732048 0.785243661758008 0.785243661758008 0.913648094732048 0.978442386518901 0.980021253985122 0.682738727797176 0.600425079702444 0.623743737665098 0.559192348565356 0.214756338241992 0.193441627448004 0.214756338241992 0 0 0 0 0 0 0 0 0 0 0.150660391680583 0.150660391680583 0.193441627448004 0.60242902687111 0.600819796569 0.663185061484743 0.741399726734477 1 0.956824047366024 0.785243661758008 0.785243661758008 0.80674054956733 0.892819189312282 1 1 1 1 1 1 1 1 1 1 1 1 1 1 1 1 1 1 1 1
1 0.840504023075755 0.620282374373766 0.622377410050099 0.364809473204797 0 0 0.0196447548201002 0.682738727797176 0.661241839987855 0.858205556398968 0.89206011841506 0.89206011841506 0.89206011841506 0.725459237892819 0.89206011841506 0.978320935175345 0.980021253985122 0.620009108850767 0.623743737665098 0.580749962046455 0.582784272051009 0.214756338241992 0.214756338241992 0.214756338241992 0 0 0 0 0 0 0 0 0 0 0.193441627448004 0.107362987703051 0.193441627448004 0.483740701381509 0.623743737665098 0.641505996660088 0.7792621830879 1 0.935327159556703 0.785243661758008 0.785243661758008 0.80674054956733 0.91413390010627 1 1 1 1 1 1 1 1 1 1 1 1 1 1 1 1 1 1 1 1
1 1 0.841080916957644 0.682738727797176 0.623743737665098 0 0 0.0411416426294216 0.580841050554122 0.6395627751632 0.978320935175345 0.89206011841506 0.913678457567937 0.913557006224381 0.89206011841506 0.913678457567937 0.980021253985122 0.920510095642933 0.722544405647487 0.663154698648854 0.623743737665098 0.604098982844998 0.604098982844998 0.604098982844998 0.214756338241992 0 0 0 0 0 0 0 0 0 0.193441627448004 0.107362987703051 0.0644603005920753 0.170456960680128 0.580749962046455 0.580932139061788 0.430575375740094 0.680370426597844 0.918323971458934 0.935327159556703 0.785243661758008 0.785243661758008 0.828328525884318 0.91413390010627 1 1 1 1 1 1 1 1 1 1 1 1 1 1 1 1 1 1 1 1
0.978412023683012 1 1 0.800880522240777 0.72221041445271 0.0196447548201002 0 0 0.369454987095795 0.663185061484743 0.861120388644299 0.878245028085623 0.772521633520571 0.605738575982997 0.851981175041749 0.7792621830879 0.960133596477911 0.881463488689844 0.72221041445271 0.663154698648854 0.604098982844998 0.604098982844998 0.604098982844998 0.546379231820252 0.171884013966904 0 0 0 0 0 0 0 0 0 0 0 0 0.246546227417641 0.623743737665098 0.45222407772886 0.408987399423106 0.534568088659481 0.838925155609534 0.978442386518901 0.892151206922727 0.785243661758008 0.828328525884318 0.91413390010627 1 1 1 1 1 1 1 1 1 1 1 1 1 1 1 1 1 1 1 1
1 0.913769546075603 1 0.9206011841506 0.741824806436921 0.64360103233642 0.0214968878093214 0 0.0411416426294216 0.430575375740094 0.861120388644299 0.720145741612267 0.487293153180507 0.614179444360103 0.528313344466373 0.680370426597844 0.901017155002277 0.682738727797176 0.702626385304387 0.623743737665098 0.604098982844998 0.214756338241992 0.214756338241992 0.19353271595567 0 0 0 0 0 0 0 0 0 0 0.15020494914225 0.0644603005920753 0.193441627448004 0.203552451798998 0.623743737665098 0.60242902687111 0.27484439046607 0.513071200850159 0.58976772430545 0.913648094732048 0.827781994838318 0.785243661758008 0.849552148170639 0.91413390010627 0.892819189312282 1 1 1 1 1 1 1 1 1 1 1 1 1 1 1 1 1 1 1
0.935600425079702 0.956854410201913 1 0.900743889479277 0.57549719143768 0.682738727797176 0.51656292697738 0.369454987095795 0 0.0196447548201002 0.821891604675877 0.596629725216335 0.389524821618339 0.469834522544406 0.39031425535145 0.408987399423106 0.622104144527099 0.663154698648854 0.623743737665098 0.604098982844998 0.214756338241992 0.193441627448004 0.214756338241992 0 0 0 0 0 0 0 0 0 0 0 0.171884013966904 0.193441627448004 0.193441627448004 0.224958251100653 0.623743737665098 0.663427964171854 0.430575375740094 0.534568088659481 0.487293153180507 0.935327159556703 0.80646728404433 0.785243661758008 0.785243661758008 0.871170487323516 0.87132230150296 0.914376802793381 1 1 1 1 1 1 1 1 1 1 1 1 1 1 1 1 1 1
0.914012448762714 0.956854410201913 1 0.896887809321391 0.448428723242751 0.536116593289813 0.408987399423106 0.157431304083801 0 0.0196447548201002 0.620282374373766 0.448428723242751 0.0408683771064217 0.0196447548201002 0.0408683771064217 0.0196447548201002 0.494671322301503 0.623743737665098 0.623743737665098 0.604098982844998 0.214756338241992 0 0 0 0 0 0 0 0 0 0 0 0 0 0 0.171884013966904 0.15020494914225 0.201457416122666 0.495066039168058 0.683224533171398 0.742705328677698 0.698588128131167 0.732867769849704 0.935266433884925 0.913739183239715 0.785243661758008 0.785243661758008 0.80674054956733 0.87132230150296 0.87132230150296 0.95746166691969 1 1 1 1 1 1 1 1 1 1 1 1 1 1 1 1 1
0.913921360255048 0.91413390010627 1 0.587429785942007 0.448428723242751 0.448428723242751 0.408987399423106 0.0196447548201002 0 0.0196447548201002 0.194990132078336 0.448428723242751 0.0408683771064217 0.0196447548201002 0.370214057993016 0.430575375740094 0.580749962046455 0.623743737665098 0.623743737665098 0.214756338241992 0.214756338241992 0 0 0 0 0 0 0 0 0 0 0 0 0 0 0 0 0 0.561105207226355 0.620403825717322 0.861120388644299 0.87860938211629 0.732867769849704 0.747107939881585 0.828055260361318 0.849430696827084 0.806558372551996 0.80674054956733 0.80674054956733 0.892819189312282 0.957370578412024 1 1 1 1 1 1 1 1 1 1 1 1 1 1 1 1 1
0.89260664946106 0.935175345377258 0.872172460907849 0.526977379687263 0.467982389555184 0.448428723242751 0.596872627903446 0.0196447548201002 0.0196447548201002 0.0196447548201002 0.0196447548201002 0.448428723242751 0.448428723242751 0.467982389555184 0.700166995597389 0.920510095642933 0.623743737665098 0.682829816304843 0.623743737665098 0.214756338241992 0.214756338241992 0 0 0 0 0 0 0 0 0 0 0 0 0.128647335661151 0.193441627448004 0 0.193441627448004 0.192044936997116 0.604098982844998 0.555913162289358 0.821891604675877 0.838621527250645 0.467739486868073 0.566206163655685 0.785243661758008 0.870927584636405 0.828207074540762 0.785243661758008 0.785243661758008 0.827964171853651 0.935812964930925 0.978776377713678 0.978776377713678 1 1 1 1 1 1 1 1 1 1 1 1 1 1 1
0.892515560953393 0.892151206922727 0.732230150296038 0.566206163655685 0.487293153180507 0.528495521481706 0.978442386518901 0.57306816456657 0.57549719143768 0.594716866555336 0.635828146348869 0.7792621830879 0.936723850007591 0.818824958251101 0.491665401548505 1 0.761074844390466 0.623743737665098 0.623743737665098 0.214756338241992 0.193441627448004 0 0 0 0 0 0 0 0 0 0 0 0.193441627448004 0.193441627448004 0 0 0.289782905723395 0.516471838469713 0.451859723698193 0.534507362987703 0.960771216031577 0.720145741612267 0.155791710945802 0.487293153180507 0.956945498709579 0.806892363746774 0.849825413693639 0.849886139365417 0.806558372551996 0.80646728404433 0.871291938667071 0.827964171853651 0.849552148170639 0.914498254136936 1 1 1 1 1 1 1 1 1 1 1 1 1 1
0.871109761651738 0.828115986033095 0.915014422347047 0.605434947624108 0.727827539092151 0.730833459845149 1 1 0.918566874146045 0.916927281008046 0.775861545468347 0.855746166691969 0.89206011841506 0.487293153180507 0.779201457416123 1 0.761074844390466 0.623743737665098 0.604098982844998 0.214756338241992 0.043175952633976 0 0 0 0 0 0 0 0 0 0 0 0.214756338241992 0.214756338241992 0.193441627448004 0 0.495066039168058 0.580962501897677 0.663185061484743 0.861120388644299 0.819492940640656 0.0196447548201002 0.116502201305602 0.448428723242751 0.935266433884925 0.785243661758008 0.806892363746774 0.806892363746774 0.89260664946106 0.785243661758008 0.849703962350083 0.849734325185972 0.849552148170639 0.935812964930925 1 1 1 1 1 1 1 1 1 1 1 1 1 1
0.957218764232579 -9999 0.828115986033095 0.785243661758008 0.806892363746774 0.828115986033095 0.978442386518901 -9999 0.892151206922727 0.870654319113405 0.870654319113405 0.870654319113405 0.913557006224381 0.507180810687718 1 0.960376499165022 0.623743737665098 0.623743737665098 0.604098982844998 0.214756338241992 0.0216790648246546 0 0 0 0 0 0 0 0 0 0 0 0.193441627448004 0.214756338241992 0.585000759070897 0.171792925459238 0.205738575982997 0.602064672840443 0.430605738575983 0.60242902687111 0.430636101411872 0.0196447548201002 0.0196447548201002 0.389524821618339 0.627387277971763 0.935266433884925 0.870927584636405 0.785243661758008 0.828115986033095 0.827964171853651 0.785243661758008 0.978594200698345 0.89260664946106 0.914498254136936 1 1 1 1 1 1 1 1 1 1 1 1 1 1
0.892515560953393 0.957218764232579 0.828115986033095 0.785243661758008 0.80646728404433 0.849278882647639 0.91413390010627 -9999 -9999 -9999 -9999 0.935630787915591 0.871049035979961 0.956945498709579 1 0.901017155002277 0.623743737665098 0.623743737665098 0.604098982844998 0.214756338241992 0 0 0 0 0 0 0 0 0 0 0 0 0.214756338241992 0.214756338241992 0.526279034461819 0.150569303172916 0.123242750872932 0.60242902687111 0.623743737665098 0.450493396083194 0.663185061484743 0.430636101411872 0.430575375740094 0.408987399423106 0.551935630787916 0.89880066798239 0.978503112190679 0.935266433884925 0.785243661758008 0.785243661758008 0.978594200698345 0.828207074540762 0.871383027174738 0.849552148170639 1 1 1 1 1 1 1 1 1 1 1 1 1 1
1 0.892515560953393 0.828146348868984 0.785243661758008 -9999 0.870927584636405 0.806892363746774 0.806892363746774 0.828115986033095 0.828389251556095 0.806892363746774 0.89260664946106 0.806558372551996 0.89206011841506 1 0.940488841657811 0.64360103233642 0.623743737665098 0.310247457112494 0.214756338241992 0.043175952633976 0 0 0 0 0 0 0 0 0 0 0.0214968878093214 0.214756338241992 0.214756338241992 0.273538788522848 0.604098982844998 0.413116745103993 0.483740701381509 0.604098982844998 0.451859723698193 0.763230605738576 0.64360103233642 0.60242902687111 0.516350387126158 0.555791710945802 0.680370426597844 0.759283437073023 1 0.956945498709579 0.956945498709579 0.827690906330651 0.913739183239715 0.892971003491726 0.978594200698345 0.935418248064369 1 1 1 1 1 1 1 1 1 1 1 1 1
1 0.849643236678306 -9999 -9999 -9999 0.849977227873083 0.828389251556095 0.806892363746774 0.806892363746774 0.892819189312282 0.892515560953393 0.785243661758008 0.827781994838318 0.806558372551996 1 1 0.600819796569 0.602064672840443 0.604098982844998 0.604098982844998 0.214756338241992 0.043175952633976 0 0.0214968878093214 0 0 0 0 0 0 0 0 0.214756338241992 0.214756338241992 0.234583270077425 0.604098982844998 0.604098982844998 0.585000759070897 0.582784272051009 0.43473508425687 0.60242902687111 0.623743737665098 0.623743737665098 0.623743737665098 0.621921967511766 0.641505996660088 0.680370426597844 0.819189312281767 0.9001366327615 0.956824047366024 0.956945498709579 0.80674054956733 0.892545923789282 0.957370578412024 1 1 1 1 1 1 1 1 1 1 1 1 1 1
1 -9999 -9999 -9999 -9999 -9999 1 1 1 1 0.806892363746774 0.870927584636405 0.849278882647639 0.827964171853651 1 1 0.663185061484743 0.623743737665098 0.623743737665098 0.214756338241992 0.449218156975862 0.193441627448004 0 0 0 0 0 0 0 0 0 0 0.128647335661151 0.214756338241992 0.128586609989373 0.214756338241992 0.604098982844998 0.604098982844998 0.233976013359648 0.233976013359648 0.289782905723395 0.582784272051009 0.582784272051009 0.60242902687111 0.580749962046455 0.602064672840443 0.663185061484743 0.661059662972522 0.800941247912555 0.920479732807044 0.978442386518901 0.785243661758008 0.978594200698345 0.978594200698345 1 0.978594200698345 1 1 1 1 1 1 1 1 1 1 1 1
1 1 1 1 -9999 1 1 1 1 1 1 0.870927584636405 0.870927584636405 0.80646728404433 0.915166236526492 1 0.940488841657811 0.64360103233642 0.623743737665098 0.585000759070897 0.273417337179293 0.214756338241992 0 0 0 0 0 0 0 0 0 0 0 0 0 0.214756338241992 0.0214968878093214 0.150569303172916 0 0.172218005161682 0.150812205860027 0 0.019219675117656 0.019219675117656 0.330651282829816 0.408987399423106 0.60242902687111 0.621921967511766 0.641505996660088 0.551935630787916 0.978442386518901 0.849005617124639 0.978594200698345 0.978594200698345 1 1 0.978594200698345 1 1 1 1 1 1 1 1 1 1 1
1 1 1 1 1 1 1 1 1 1 1 0.892819189312282 0.870927584636405 0.849278882647639 0.89206011841506 1 0.9405192044937 0.64360103233642 0.604098982844998 0.604098982844998 0.214756338241992 0.193198724760893 0 0 0 0 0 0 0 0 0 0.0643995749202975 0.214756338241992 0.214756338241992 0.526279034461819 0.171884013966904 0 0 0.16957643843935 0.172218005161682 0.0647335661150751 0.0647335661150751 0 0.0430848641263094 0.021587976316988 0.021587976316988 0.040807651434644 0.430575375740094 0.600607256717777 0.720145741612267 0.978442386518901 0.892090481250949 0.978594200698345 0.978594200698345 1 1 0.978503112190679 1 1 1 1 1 1 1 1 1 1 1
1 1 1 1 1 1 1 1 1 1 1 0.87159556702596 0.785243661758008 0.785243661758008 0.978442386518901 1 0.9405192044937 0.722180051616821 0.623743737665098 0.604098982844998 0.214756338241992 0.150296037649916 0 0 0 0 0 0 0 0 0 0.0858053742219523 0.171792925459238 0.193441627448004 0.193441627448004 0.192044936997116 0.123303476544709 0.162380446333688 0.356216790648247 0.410566266889327 0.582784272051009 0.582784272051009 0.42638530438743 0 0.021587976316988 0 0 0.0388644299377562 0.174920297555792 0.880400789433733 0.978442386518901 0.80646728404433 0.913769546075603 0.978594200698345 0.89260664946106 1 1 0.978503112190679 1 1 1 1 1 1 1 1 1 1
1 1 1 1 1 1 1 1 1 1 1 0.806892363746774 0.80646728404433 0.827781994838318 0.978442386518901 1 0.920631546986489 0.722180051616821 0.623743737665098 0.604098982844998 0.604098982844998 0.214756338241992 0 0.0214968878093214 0 0 0 0 0 0 0 0.0860482769090633 0.193441627448004 0.193441627448004 0 0 0.162653711856687 0.494883862152725 0.47347806285107 0.516441475633824 0.623743737665098 0.602064672840443 0.602064672840443 0.60242902687111 0.45222407772886 0.45222407772886 0.60242902687111 0.514984059511158 0.430636101411872 0.739608319417034 1 0.806558372551996 0.849734325185972 0.892728100804615 0.89260664946106 0.89260664946106 0.978776377713678 1 1 1 1 1 1 1 1 1 1 1
1 1 1 1 1 1 1 1 1 1 1 0.870927584636405 0.870957947472294 0.956854410201913 1 1 0.920631546986489 0.722180051616821 0.643297403977532 0.448550174586306 0.214756338241992 0.214756338241992 0.171853651131016 0 0 0 0 0 0 0 0.0214968878093214 0.171853651131016 0.193441627448004 0.254045847882192 0 0.127402459389707 0.0784879307727342 0.516471838469713 0.47347806285107 0.495066039168058 0.602064672840443 0.621921967511766 0.663185061484743 0.470077425231517 0.512919386670715 0.641505996660088 0.860907848793077 0.800941247912555 0.759283437073023 0.530529831486261 0.978442386518901 0.80646728404433 0.828510702899651 0.828207074540762 0.89260664946106 0.89260664946106 0.978776377713678 1 1 1 0.978594200698345 1 1 1 1 1 1 1
