data-raw/DATASET_PNE_1/DATASET_PNE/a_DATA/PFGS/ENVSUIT_A1B/HS_f30_H4_undergrowth.asc
NCOLS 619 
NROWS 782 
XLLCORNER 876826 
YLLCORNER 1947424 
CELLSIZE 100 
NODATA_value -9999 
[rows 390 to 415 of 782, columns 236 to 294 of 619]
1 1 1 1 1 1 1 1 1 1 1 1 1 1 1 1 1 1 1 1 1 1 1 1 1 1 1 1 1 1 1 1 1 1 1 1 1 1 1 1 1 1 1 1 1 1 0.9754924019523 0.9754924019523 0.950811727647201 0.9754924019523 0.900896535013327 0.9754924019523 1 1 1 1 0.975319325694901 1 0.975319325694901
1 0.851639032157569 0.85146595590017 0.752639412925335 0.901138841773686 0.777320087230434 0.975319325694901 1 1 0.975077018934543 0.975077018934543 0.975077018934543 1 1 1 1 1 1 1 1 1 1 1 1 1 1 1 1 1 1 1 1 1 1 1 1 1 1 1 1 1 1 1 0.9754924019523 1 1 0.9754924019523 0.950811727647201 0.612239952923258 0.925715670324345 0.975077018934543 1 1 1 1 1 0.950465575132403 0.752639412925335 0.876181245456748
0.826404513828793 0.752639412925335 0.752639412925335 0.752639412925335 0.752639412925335 0.752639412925335 0.752639412925335 1 1 1 0.975007788431583 1 0.870192806950743 0.950188653120565 1 1 1 0.975630862958219 0.975111634186022 0.950742497144242 1 1 1 1 1 1 1 1 1 1 1 1 0.950465575132403 1 1 1 1 1 1 1 1 1 1 1 1 1 0.9754924019523 0.950811727647201 0.802104607289972 0.496001938454083 1 1 1 1 1 0.975319325694901 0.979611616878397 0.777320087230434 0.752639412925335
0.777147010973035 0.752639412925335 0.752639412925335 0.592128491813493 0.752639412925335 0.752639412925335 0.851050572882412 0.752639412925335 0.826785281595071 0.851639032157569 0.925196441552148 0.831008342275607 0.570182422375299 0.826785281595071 0.752224029907577 0.975077018934543 1 1 1 0.950742497144242 1 1 1 1 1 1 1 1 1 1 0.975319325694901 0.777320087230434 1 0.851500571151649 0.82699297310395 1 1 1 1 1 1 0.9754924019523 0.910969573193949 0.75177403163834 1 0.9754924019523 0.9754924019523 0.9754924019523 0.802104607289972 0.458894388867735 1 1 1 1 1 0.975319325694901 0.752639412925335 0.752639412925335 0.752639412925335
0.752639412925335 0.65208210737651 0.572190106961127 0.572190106961127 0.612274568174738 0.752639412925335 0.752639412925335 0.752639412925335 0.802069992038492 0.777493163487833 0.802173837792932 0.975007788431583 0.876319706462667 0.900827304510367 0.821385302364222 0.861192841565994 0.950084807366126 0.925577209318426 0.950084807366126 1 0.950707881892762 0.901484994288483 1 1 1 1 1 -9999 1 0.851292879642771 0.752639412925335 0.752639412925335 0.752639412925335 0.752639412925335 0.926131053342103 0.925957977084704 0.777389317733393 1 1 1 1 1 0.9754924019523 0.579113157257087 1 0.9754924019523 0.9754924019523 0.9754924019523 0.697705008826889 0.458894388867735 1 1 1 1 1 1 0.752639412925335 0.752639412925335 0.891273495101942
0.652324414136869 0.572190106961127 0.572190106961127 0.552632489875039 0.572190106961127 0.632212953027104 0.752639412925335 0.752639412925335 0.752639412925335 0.752639412925335 0.752639412925335 0.752639412925335 0.82685451209803 0.975077018934543 0.900861919761847 0.876319706462667 0.752639412925335 0.975007788431583 0.975007788431583 0.925577209318426 0.82695835785247 0.802243068295891 1 1 1 1 1 1 0.830904496521167 0.752639412925335 0.752639412925335 0.752639412925335 0.752639412925335 0.752639412925335 0.752639412925335 0.752639412925335 0.752639412925335 0.876527397971546 1 1 1 1 1 1 1 0.9754924019523 0.9754924019523 0.9754924019523 0.657135934092561 0.458894388867735 0.975077018934543 1 1 1 1 1 0.851292879642771 0.752639412925335 0.900827304510367
0.672470490498113 0.552632489875039 0.552632489875039 0.552632489875039 0.552632489875039 0.572190106961127 0.593513101872685 0.752639412925335 0.752639412925335 0.901173457025165 0.752639412925335 0.752639412925335 0.752639412925335 0.752639412925335 0.752639412925335 0.752639412925335 0.717193395410018 0.752639412925335 0.752639412925335 0.82685451209803 0.777493163487833 0.801827685278134 0.752639412925335 0.975630862958219 1 0.950465575132403 0.950465575132403 0.830904496521167 -9999 0.752639412925335 0.752639412925335 0.612274568174738 0.612274568174738 0.752639412925335 0.752639412925335 0.752639412925335 0.752639412925335 0.752639412925335 0.851846723666448 0.975007788431583 1 1 1 1 1 0.9754924019523 0.9754924019523 0.9754924019523 0.950465575132403 0.458894388867735 1 1 1 1 1 1 0.801896915781093 0.652428259891308 0.752639412925335
0.672470490498113 0.552632489875039 0.552632489875039 0.577382394683097 0.577382394683097 0.552632489875039 0.535151787877739 0.572190106961127 0.612274568174738 0.612274568174738 0.612274568174738 0.612274568174738 0.752639412925335 0.752639412925335 0.752639412925335 0.85146595590017 0.777354702481914 0.752639412925335 0.802104607289972 0.875662016684551 0.752639412925335 0.752639412925335 0.752639412925335 0.752639412925335 0.851639032157569 0.925957977084704 0.752639412925335 0.752639412925335 0.752639412925335 -9999 -9999 0.572190106961127 0.572190106961127 0.612274568174738 0.612274568174738 0.752639412925335 0.752639412925335 0.752639412925335 0.880300460382845 0.975007788431583 1 1 1 1 1 1 1 0.9754924019523 0.925923361833224 0.404063830523729 1 1 1 1 1 1 0.876181245456748 0.712589566963204 0.752639412925335
0.752639412925335 0.572190106961127 0.552632489875039 0.577382394683097 0.707120357229395 0.577382394683097 0.442175222402991 0.552632489875039 0.572190106961127 0.572190106961127 0.552632489875039 0.572190106961127 0.552632489875039 0.552632489875039 0.612274568174738 0.777354702481914 0.777354702481914 0.752639412925335 0.752639412925335 0.752639412925335 0.752639412925335 0.752639412925335 0.752639412925335 0.752639412925335 0.752639412925335 0.752639412925335 0.752639412925335 0.752639412925335 0.73252795181557 0.612274568174738 0.572190106961127 -9999 0.572190106961127 0.572190106961127 0.572190106961127 0.612274568174738 0.572778566236284 0.752639412925335 0.692478105853439 0.900931150264807 1 1 1 1 1 1 0.9754924019523 0.9754924019523 0.9754924019523 0.311571878569698 1 1 1 1 1 1 1 0.855827477586625 0.752639412925335
0.752639412925335 0.572190106961127 0.552632489875039 0.577382394683097 0.675966630897574 0.577382394683097 0.354390944650213 0.350548651735955 0.552632489875039 0.552632489875039 0.552632489875039 0.552632489875039 0.552632489875039 0.552632489875039 0.552632489875039 0.552632489875039 0.612274568174738 0.612274568174738 0.612274568174738 0.632143722524144 0.612274568174738 0.632662951296341 0.752639412925335 0.752639412925335 0.752639412925335 0.752639412925335 0.752639412925335 0.632662951296341 0.632143722524144 0.572190106961127 0.552632489875039 0.552632489875039 0.552632489875039 0.552632489875039 0.572190106961127 0.632143722524144 0.612274568174738 0.752639412925335 0.777354702481914 0.752639412925335 0.901034996019246 1 1 1 1 1 0.9754924019523 1 1 0.256187476202015 0.876319706462667 1 1 1 1 1 1 0.876181245456748 0.806223822216068
0.752639412925335 0.65208210737651 0.572190106961127 0.552632489875039 0.577382394683097 0.577382394683097 0.577382394683097 0.410190730035654 0.577382394683097 0.552632489875039 0.58392467721278 0.288795043095988 0.577382394683097 0.552632489875039 0.601820762227838 0.552632489875039 0.572190106961127 0.572190106961127 0.572190106961127 0.552632489875039 0.572190106961127 0.572190106961127 0.632662951296341 0.632662951296341 0.612274568174738 0.632662951296341 0.632662951296341 0.612274568174738 0.572190106961127 0.552632489875039 0.552632489875039 0.577382394683097 0.552632489875039 0.552632489875039 0.552632489875039 0.572190106961127 0.612274568174738 0.752639412925335 0.777354702481914 0.752639412925335 0.826785281595071 1 1 1 1 1 0.9754924019523 0.9754924019523 0.9754924019523 0.27449894423483 0.502094222714528 1 1 1 1 1 1 1 0.876181245456748
0.826819896846551 0.752639412925335 0.65208210737651 0.552632489875039 0.552632489875039 0.577382394683097 0.601751531724878 0.775104711135726 0.424382983142373 0.362040915227249 0.368271660493613 0.558551697878085 0.380490844265984 0.282045069057427 0.552632489875039 0.552632489875039 0.552632489875039 0.552632489875039 0.35660632074492 0.378760081691993 0.577382394683097 0.552632489875039 0.572190106961127 0.572190106961127 0.572190106961127 0.612274568174738 0.626778358544775 0.533974869327426 0.533974869327426 0.552632489875039 0.552632489875039 0.552632489875039 0.577382394683097 0.552632489875039 0.552632489875039 0.572190106961127 0.632143722524144 0.752639412925335 0.752639412925335 0.777354702481914 0.752639412925335 0.950950188653121 1 1 1 1 0.9754924019523 0.9754924019523 0.9754924019523 0.657135934092561 0.237910623420679 0.876319706462667 1 1 1 1 1 1 1
0.752639412925335 0.777147010973035 0.752639412925335 0.632212953027104 0.552632489875039 0.552632489875039 0.577382394683097 0.577382394683097 0.651459032849874 0.626224514521098 0.498009623039911 0.719131849492887 0.460902073453564 0.453252102876527 0.577382394683097 0.552632489875039 0.577382394683097 0.626259129772578 0.392017723008758 0.775104711135726 0.558724774135484 0.552632489875039 0.552632489875039 0.552632489875039 0.572190106961127 0.572190106961127 0.533974869327426 -9999 -9999 0.552632489875039 0.552632489875039 0.577382394683097 0.577382394683097 0.577382394683097 0.552632489875039 0.552632489875039 0.572190106961127 0.612274568174738 0.752639412925335 0.752639412925335 0.752639412925335 0.880161999376926 0.950638651389802 1 1 1 1 1 0.9754924019523 0.950811727647201 0.496001938454083 0.458894388867735 1 1 1 1 1 1 1
0.975319325694901 0.830904496521167 0.752639412925335 0.752639412925335 0.593513101872685 0.572190106961127 0.552632489875039 0.372667797431548 0.588840042922912 0.775104711135726 0.756135553324795 0.46159437848316 0.442625220672228 0.626224514521098 0.756689397348472 0.700751150957112 0.775104711135726 0.644535982553913 0.6817473778947 0.775104711135726 0.490601959223234 0.378760081691993 0.577382394683097 0.552632489875039 0.552632489875039 0.572190106961127 0.552632489875039 0.0190037730624113 0 0.552632489875039 0.552632489875039 0.626778358544775 0.577382394683097 0.676174322406452 0.577382394683097 0.552632489875039 0.572190106961127 0.612274568174738 0.752639412925335 0.752639412925335 0.752639412925335 0.826612205337672 0.925957977084704 1 1 1 1 1 1 0.9754924019523 0.692893488871197 0.366956280937381 0.593305410363806 1 1 1 1 1 1
1 1 0.801896915781093 0.752639412925335 0.73252795181557 0.612274568174738 0.552632489875039 0.552632489875039 0.558724774135484 0.775104711135726 0.737477932777182 0.775104711135726 0.706635743708678 0.6817473778947 0.442625220672228 0.418117622624528 0.552632489875039 0.498009623039911 0.442625220672228 0.436913704178061 0.343764062445914 0.442625220672228 0.775104711135726 0.602063068988196 0.552632489875039 0.552632489875039 0.572190106961127 -9999 -9999 0.602063068988196 0.552632489875039 0.626778358544775 0.756481705839593 0.552632489875039 0.577382394683097 0.552632489875039 0.572190106961127 0.592128491813493 0.752639412925335 0.752639412925335 0.752639412925335 0.851292879642771 1 1 1 1 1 1 1 0.950811727647201 0.777320087230434 0.367717816469937 0.0744920211845339 0.9754924019523 1 1 1 1 1
1 1 0.925957977084704 0.752639412925335 0.752639412925335 0.612274568174738 0.572190106961127 0.552632489875039 0.552632489875039 0.577382394683097 0.725189518501852 0.775104711135726 0.694624251445187 0.6817473778947 0.64505521132611 0.706635743708678 0.570943957907854 0.399183080065077 0.11710339575617 0.374260098999619 0.417944546367129 0.343764062445914 0.619543770985496 0.602097684239676 0.602063068988196 0.552632489875039 0.572190106961127 0.572190106961127 0.533974869327426 0.552632489875039 0.552632489875039 0.675655093634255 0.712624182214684 0.577382394683097 0.577382394683097 0.18359929384887 0.572190106961127 0.592128491813493 0.777354702481914 0.597493855792862 0.901034996019246 0.826785281595071 1 1 1 1 1 1 1 0.9754924019523 0.950811727647201 0.692893488871197 0.0744920211845339 0.440132922565682 1 1 1 1 1
1 1 1 0.880161999376926 0.752639412925335 0.612274568174738 0.572190106961127 0.552632489875039 0.552632489875039 0.577382394683097 0.577382394683097 0.626466821281457 0.775104711135726 0.775104711135726 0.719131849492887 0.731627955277095 0.700439613693793 0.626224514521098 0.551732493336564 0.608293814254561 0.576482398144623 0.39343694831943 0.442625220672228 0.775104711135726 0.750424036830628 0.626570667035896 0.552632489875039 0.572190106961127 0.682439682924296 0.552632489875039 0.552632489875039 0.731801031534494 0.638997542317145 0.651147495586555 0.552632489875039 0.385648516736474 0.572190106961127 0.552632489875039 0.612274568174738 0.682647374433175 0.777354702481914 0.672297414240715 0.802104607289972 1 1 1 1 1 1 1 0.950811727647201 0.950811727647201 0.404409983038527 0.0376960088615044 1 1 1 1 1
1 1 1 0.830904496521167 0.752639412925335 0.752639412925335 0.752639412925335 0.612274568174738 0.572190106961127 0.552632489875039 0.552632489875039 0.577382394683097 0.577382394683097 0.725189518501852 0.737477932777182 0.775104711135726 0.712970334729482 0.442625220672228 0.442625220672228 0.393021565301672 0.663435909861885 0.700439613693793 0.239191387725432 0.775104711135726 0.737477932777182 0.72557028626813 0.577382394683097 0.552632489875039 0.552632489875039 0.577382394683097 0.552632489875039 0.737512548028662 0.762366298591159 0.626189899269618 0.564367060126692 0.214303021911454 0.552632489875039 0.572190106961127 0.612274568174738 0.777354702481914 0.752639412925335 0.612932257952854 0.826785281595071 0.777354702481914 1 1 1 1 1 0.9754924019523 1 1 0.925923361833224 0.0376960088615044 0.496001938454083 1 1 1 1
1 1 1 0.975630862958219 0.732251029803732 0.752639412925335 0.752639412925335 0.752639412925335 0.752639412925335 0.612274568174738 0.572190106961127 0.552632489875039 0.54027484509675 0.558724774135484 0.558724774135484 0.72560490151961 0.72560490151961 0.737477932777182 0.6817473778947 0.570943957907854 0.607705354979404 0.700439613693793 0.331544878673544 0.750597113088027 0.781023919138773 0.775104711135726 0.700578074699713 0.577382394683097 0.577382394683097 0.577382394683097 0.552632489875039 0.49125964900135 0.750597113088027 0.418117622624528 0.651874415867631 0.189414656097477 0.220152999411541 0.552632489875039 0.612274568174738 0.752639412925335 0.752639412925335 0.752639412925335 0.721935684862751 0.802104607289972 1 1 1 1 1 1 1 0.9754924019523 0.9754924019523 0.0744920211845339 0.502094222714528 0.516148014815328 1 0.9754924019523 1
1 1 1 1 0.876181245456748 0.752639412925335 0.752639412925335 0.752639412925335 0.752639412925335 0.752639412925335 0.612274568174738 0.612274568174738 0.572190106961127 0.552632489875039 0.552632489875039 0.577382394683097 0.577382394683097 0.602097684239676 0.775104711135726 0.6817473778947 0.6817473778947 0.694624251445187 0.700439613693793 0.479871231264495 0.712970334729482 0.762366298591159 0.700924227214511 0.577382394683097 0.552632489875039 0.577382394683097 0.675828169891654 0.109972653951331 0.799993076949704 0.39343694831943 0.744020215306864 0.343764062445914 0.435182941604071 0.330264114368791 0.533663332064108 0.612274568174738 0.752639412925335 0.752639412925335 0.752639412925335 0.732251029803732 0.925957977084704 1 1 1 1 1 1 1 0.950811727647201 0.367717816469937 0.458894388867735 0.9754924019523 1 1 1
1 1 1 1 1 0.975319325694901 0.806223822216068 0.752639412925335 0.752639412925335 0.752639412925335 0.752639412925335 0.752639412925335 0.632662951296341 0.572190106961127 0.572190106961127 0.552632489875039 0.552632489875039 0.577382394683097 0.577382394683097 0.775104711135726 0.700439613693793 0.6817473778947 0.662985911592648 0.756135553324795 0.706878050469037 0.750597113088027 0.676243552909412 0.417044549828655 0.577382394683097 0.731489494271176 0.299525771054727 0.348887119664924 0.750597113088027 0.6817473778947 0.781023919138773 0.731627955277095 0.663297448855966 0.410329191041573 0.441171380110077 0.612274568174738 0.752639412925335 0.752639412925335 0.752639412925335 0.752639412925335 0.876181245456748 1 1 1 1 1 1 0.9754924019523 1 0.876146630205269 0.47734431790647 1 1 1 1
1 1 1 1 1 1 0.975319325694901 0.975319325694901 0.752639412925335 0.752639412925335 0.752639412925335 0.752639412925335 0.752639412925335 0.752639412925335 0.612274568174738 0.572190106961127 0.572190106961127 0.552632489875039 0.552632489875039 0.577382394683097 0.676174322406452 0.750597113088027 0.750597113088027 0.731627955277095 0.781023919138773 0.737477932777182 0.762366298591159 0.750112499567309 0.602097684239676 0.349198656928243 0 -9999 0.731627955277095 0.731627955277095 0.731627955277095 0.725327979507771 0.663435909861885 0.545813285333518 0.577382394683097 0.552632489875039 0.612274568174738 0.752639412925335 0.752639412925335 0.752639412925335 0.732251029803732 0.950950188653121 1 1 1 1 1 1 0.9754924019523 0.925957977084704 0.502094222714528 1 1 1 1
1 1 1 1 1 1 1 1 1 0.851639032157569 0.975630862958219 0.78147391740801 0.752639412925335 0.752639412925335 0.73252795181557 0.752639412925335 0.612274568174738 0.572190106961127 0.552632489875039 0.577382394683097 0.552632489875039 0.627020665305133 0.775104711135726 0.775104711135726 0.756135553324795 0.725327979507771 0.349337117934162 0.676243552909412 0.577347779431618 0.601543840215999 -9999 0.775104711135726 0.725327979507771 0.725327979507771 0.731627955277095 0.700474228945273 0.626328360275538 0.602097684239676 0.627020665305133 0.572190106961127 0.592128491813493 0.712866488975042 0.572778566236284 0.752639412925335 0.612932257952854 0.781681608916889 1 1 1 1 1 1 0.9754924019523 1 0.275641247533663 -9999 1 1 1
1 1 1 1 1 1 1 1 1 1 1 0.851292879642771 0.712589566963204 0.752639412925335 0.752639412925335 0.752639412925335 0.752639412925335 0.612274568174738 0.572190106961127 0.552632489875039 0.552632489875039 0.577382394683097 0.552632489875039 0.652012876873551 0.651389802346914 0.719131849492887 0.737477932777182 0.750597113088027 0.750597113088027 0.45460209768424 0.781023919138773 0.750597113088027 0.670047422894527 0.700439613693793 0.725327979507771 0.700924227214511 0.626882204299214 0.602270760497075 0.602097684239676 0.552632489875039 0.592128491813493 0.712866488975042 0.552632489875039 0.752639412925335 0.672539721001073 0.802104607289972 1 1 1 1 1 1 1 1 0.219841462148223 0.752639412925335 1 1 1
1 1 1 1 1 1 1 1 1 1 1 1 1 0.851500571151649 0.672539721001073 0.752639412925335 0.752639412925335 0.752639412925335 0.612274568174738 0.572190106961127 0.572190106961127 0.552632489875039 0.552632489875039 0.552632489875039 0.577382394683097 0.663297448855966 0.775104711135726 0.700439613693793 0.725847208279968 0.737477932777182 0.750597113088027 0.750597113088027 0.731627955277095 0.669943577140088 0.737477932777182 0.626224514521098 0.602097684239676 0.602097684239676 0.577382394683097 0.572190106961127 0.592128491813493 0.712866488975042 0.777354702481914 0.572847796739243 0.697255010557652 0.752639412925335 1 1 1 1 1 1 1 0.9754924019523 0.311571878569698 0.642874450482883 1 1 1
0.600609228426044 1 1 1 1 1 1 1 1 1 1 1 1 1 1 0.78150853265949 0.612932257952854 0.752639412925335 0.752639412925335 0.752639412925335 0.612274568174738 0.572190106961127 0.572190106961127 0.572190106961127 0.552632489875039 0.676070476652013 0.799993076949704 0.712728027969123 0.675585863131296 0.762366298591159 0.756135553324795 0.756135553324795 0.700439613693793 0.645435979092388 0.626397590778497 0.349129426425283 0.552632489875039 0.552632489875039 0.572190106961127 0.632143722524144 0.592128491813493 0.831873723562602 0.777354702481914 0.572847796739243 0.592786181591609 0.777389317733393 1 1 1 1 1 1 1 1 0.385094672712797 0.520717228010662 0.677247395202326 1 1
