data-raw/DATASET_PNE_1/DATASET_PNE/a_DATA/PFGS/ENVSUIT_A1B/HS_f0_H1_alpines.asc
NCOLS 619 
NROWS 782 
XLLCORNER 876826 
YLLCORNER 1947424 
CELLSIZE 100 
NODATA_value -9999 
[rows 560 to 594 of 782, columns 468 to 545 of 619]
1 1 1 1 1 1 1 1 1 1 1 1 1 0.978247734138973 0.956524241116386 1 0.912674435333046 0.912674435333046 0.869227449287872 0.934714429578478 1 1 1 1 1 1 1 0.892878722485973 0.66911235793411 0.62808229031794 0.703841173931808 0.749359804344699 0.664911523521795 0.60673284419508 0.60673284419508 0.60673284419508 0.60673284419508 0.60673284419508 0.60673284419508 0.522658610271903 0.221464537476622 0.0603654150481945 0.0436483959142569 0.0655732988059272 0.35393468565674 -9999 -9999 -9999 1 1 1 1 1 1 1 1 1 1 1 1 1 1 1 1 1 1 1 1 1 1 1 1 1 1 1 1 1 1
1 1 1 1 1 1 1 1 1 1 0.978161415623651 1 0.956150194216659 0.934484246870954 0.849345417925478 0.827420515033808 0.786045173356352 0.76912674435333 0.712731981009927 0.63426845058265 0.707034958998705 0.423737591713423 0.591425694144727 0.843734714429578 0.980376924183571 0.941332182419796 0.533103150625809 0.453459933822472 0.264882750683355 0.291468853402388 0.275960293482952 0.239505107178823 0.0217234930225867 0 0 0.0218961300532298 0.0800172637030643 0.0218961300532298 0.0871817004747518 0.0218961300532298 0 0.0218098115379082 0.109336786073946 0.0657171629981298 -9999 -9999 -9999 -9999 1 1 1 0.892965041001295 0.934455474032513 0.868997266580348 1 1 1 0.97807509710833 1 0.97807509710833 1 1 1 1 1 1 1 1 1 1 1 1 1 1 1 1 1 1
1 1 1 1 1 1 1 1 1 1 0.934397928355632 0.890979715148899 0.861171054524529 0.682693137678032 0.371083297367285 0.431592576607682 0.414846784635304 0.395310027334197 0.355488418932528 0.212775140267587 0.0191914832398216 0.0191914832398216 0.0773701625665372 0.411883182275932 0.11629981297655 0.0773701625665372 0.0773701625665372 0.0191914832398216 0 0 0 0 0.0435045317220544 0.0216084016688246 0.0438210329449 0.0219249028916703 0.0217522658610272 0.0435620773989354 0.0654869802906057 0.0657171629981298 0 0 0 0 -9999 -9999 -9999 -9999 0.60673284419508 0.664911523521795 0.749589987052223 0.717162998129765 0.686836426413466 0.664911523521795 0.684189325276939 0.762163717450727 0.783915983311754 0.827794561933535 0.784002301827075 0.784002301827075 0.827564379226011 0.847417637749964 1 1 0.936901165299957 0.762163717450727 0.912645662494605 1 1 1 1 1 1 1 1 1 1 1
1 1 1 1 1 1 1 1 1 0.847331319234642 0.956409149762624 0.612832685944468 0.488562796719896 0.487958567112646 0.138052078837577 0.159890663213926 0.0773701625665372 0.0191914832398216 0.0191914832398216 0 0 0 0 0 0 0 0 0 0.0870666091209898 0.130715005035247 0.109106603366422 0.0873831103438354 0.0218098115379082 0.0218098115379082 0.0435620773989354 0.0435620773989354 0.0217522658610272 0.0437922601064595 0 0 0 0 0 0 -9999 -9999 -9999 -9999 0.136296935692706 0.215479787080996 0.215479787080996 0.332355056826356 0.31293339087901 0.332355056826356 0.334484246870954 0.60673284419508 0.60673284419508 0.664911523521795 0.664911523521795 0.727866494029636 0.815278377211912 0.91514889943893 0.89103726082578 0.698000287728384 0.706114228168609 0.980376924183571 1 0.978247734138973 1 1 0.97807509710833 1 1 1 1 1 1 1
1 1 1 1 1 1 1 1 0.847331319234642 0.912818299525248 0.675643792260106 0.371112070205726 0.225435189181413 0.42134944612286 0.11629981297655 0.0991224284275644 0.0387282405409294 0.0798446266724212 0.270953819594303 0 0 0 0 0 0 0 0 0 0 0 0 0 0.0217522658610272 0.0437922601064595 0.0657171629981298 0.0657171629981298 0.0873255646669544 0.0657171629981298 0.131031506258092 0 0 0 0 0 -9999 -9999 -9999 -9999 0.0219249028916703 0.0655732988059272 0.131261688965616 0.131261688965616 0.153042727665084 0.131175370450295 0.131175370450295 0.0655732988059272 0.234930225866782 0.332355056826356 0.296935692706085 0.203567831966624 0.49158394475615 0.727866494029636 0.49158394475615 0.527636311322112 0.371198388721047 0.811077542799597 1 1 0.956524241116386 0.825579053373615 0.86908358509567 0.934513019709394 1 1 1 1 1 1
1 1 1 1 1 1 0.825607826212056 0.825463962019853 0.912674435333046 0.91238670694864 0.448913825348871 0.1865055387714 0.138052078837577 0.440598475039563 0.401783915983312 0.418961300532297 0.200863185153215 0.0773701625665372 0.0773701625665372 0.0191914832398216 0.0385556035102863 0.193583657027766 0.193583657027766 0 0 0 0.0435045317220544 0 0.0650841605524385 0.0433606675298518 0.0217522658610272 0.0873255646669544 0.0873255646669544 0.0873255646669544 0.131031506258092 0.0873255646669544 0.0654006617752841 0.0654006617752841 0.0216084016688246 0 0 0 0 0 0 0 -9999 0 0 0 0 0 0 0 0 0 0 0.0876132930513595 0.131175370450295 0.109451877427708 0.0656883901596892 0.312588116817724 0.296935692706085 0.388951230038843 0.0658610271903323 0.275039562652856 0.550136670982592 0.869141130772551 1 1 1 1 1 1 1 1 1 1
1 1 1 1 1 0.97807509710833 0.847360092073083 0.934484246870954 0.978247734138973 0.632311897568695 0.450870378362825 0.140325133074378 0.807509710832974 0.630269026039419 0.254208027621925 0.0991224284275644 0.0773701625665372 0.0773701625665372 0.0773701625665372 0.0191914832398216 0 0 0 0.0387857862178104 0.0385843763487268 0.0216084016688246 0.261487555747374 0.0650841605524385 0.0433606675298518 0.152582362250036 0.0868364264134657 0.152611135088476 0.0436771687526974 0.0217522658610272 0.0217522658610272 0.0217522658610272 0.109135376204863 0.0220399942454323 0.0439648971371026 0.0439648971371026 0 0 0 0 0 0 0 0 0 0 0 0 0 0 0 0 0 0 0 0 0.0658034815134513 0.131175370450295 0.087699611566681 0.109451877427708 0.087699611566681 0.0658610271903323 0.0421234354769098 0.392461516328586 0.645374766220688 0.832916127175946 0.89103726082578 1 0.978247734138973 1 1 1 1 1
1 1 1 1 1 0.934369155517192 0.847331319234642 0.978247734138973 0.777787368723925 0.448913825348871 0.293598043446986 0.643792260106459 -9999 0.35335922888793 0.521076104157675 0.11629981297655 0.11629981297655 0.0966479643216803 0.0773701625665372 0.0387282405409294 0.0191914832398216 0 0 0 0 0.130945187742771 0.0872967918285139 0.0433606675298518 0.0433606675298518 0.108905193497339 0.0435333045604949 0 0.0219249028916703 0.0218098115379082 0.0218098115379082 0.0218098115379082 0 0 0.0657171629981298 0.0657171629981298 0.109192921881744 0.0436483959142569 0 0 0 0 0 0 0 0 0 0 0 0 0 0 0 0 0 0 0 0 0 0 0 0.087699611566681 0.0438210329449 0.195885484103007 0.193583657027766 0.335721478923896 0.353704502949216 0.52809667673716 0.956524241116386 1 0.781786793267156 0.784002301827075 0.825492734858294 0.781786793267156
1 1 1 1 1 0.890807078118256 0.847331319234642 0.890749532441375 0.571399798590131 0.277226298374335 0.980376924183571 -9999 0.568925334484247 0.849690691986765 1 0.902402532009783 0.785009351172493 0.61067472306143 0.451618472162279 0.409667673716012 0.0773701625665372 0.0387282405409294 0 0 0 0 0 0 0.0218961300532298 0.0218961300532298 0.0218961300532298 0.0218961300532298 0.0218961300532298 0.0218961300532298 0.0435045317220544 0 0 0 0.0217522658610272 0.0657171629981298 0.0657171629981298 0.0873255646669544 0.131031506258092 0.0216084016688246 0 0 0 0 0 0 0 0 0 0 0 0 0 0 0 0 0 0 0 0 0 0 0 0.087699611566681 0.087699611566681 0.0658610271903323 0.0657171629981298 0.193583657027766 0.470407135663933 0.684534599338225 0.789181412746367 0.76742914688534 0.74550424399367 0.725708531146598
1 1 1 1 1 0.825550280535175 0.956380376924184 0.868939720903467 0.804431017119839 0.980376924183571 1 1 0.849575600633002 0.781786793267156 1 0.934714429578478 0.934426701194073 0.980290605668249 0.863098834700043 0.785009351172493 0.649057689541073 0.11629981297655 0.0191914832398216 0 0 0 0 0 0 0.167803193785067 0.189555459646094 0.189555459646094 0.189555459646094 0 0 0 0.0872680189900734 0.196460940871817 0 0 0.0437922601064595 0.0873255646669544 0.0873255646669544 0.131002733419652 0.0657171629981298 0 0 0 0 0 0 0 0 0 0 0 0 0 0 0 0 0 0 0 0 0 0 0 0 0 0.0439648971371026 0.109365558912387 0.0438210329449 0.213034095813552 0.275039562652856 0.0807653575025176 0.0587253632570853 0.316357358653431
1 1 1 1 1 0.912559343979284 0.912501798302403 0.805869659041864 0.824054092936268 0.980376924183571 1 0.912703208171486 0.912588116817724 1 0.978161415623651 1 1 1 1 1 0.571140843044166 0.0991224284275644 0.060336642209754 0.0191914832398216 0 0.0191914832398216 0.0773701625665372 0.335030930801324 0.182218385843763 0.667328441950798 0.64776291181125 0.667328441950798 0.606675298518199 0.492936268162854 0.16294058408862 0.215479787080996 0 0.0218961300532298 0 0.0220399942454323 0 0.0435620773989354 0.087526974536038 0.131002733419652 0.152898863472882 0.0873255646669544 0.0220399942454323 0 0 0 0 0 0 0 0 0 0 0 0 0 0 0 0 0 0 0 0 0 0 0 0 0 0 0.109451877427708 0.0438210329449 0.0876132930513595 0 0.0876132930513595
1 1 1 1 1 0.825550280535175 0.978276506977413 0.825406416342972 1 1 0.869227449287872 0.956524241116386 0.956524241116386 1 1 1 1 1 1 1 0.59099410156812 0.0991224284275644 0.0798446266724212 0.0387282405409294 0.0387282405409294 0.0773701625665372 0.392605380520788 0.473744784923033 0.586390447417638 0.877629118112502 0.956150194216659 0.934426701194073 1 0.554395051071788 0.449748237663645 0.297683786505539 0.319436052366566 0.217781614156237 0 0 0.0220399942454323 0 0.0435620773989354 0.0218098115379082 0.152956409149763 0.131146597611854 0.152898863472882 0.152898863472882 0.17473744784923 0.0437347144295785 0.0437347144295785 0.131089051934973 0 0 0 0 0 0 0 0 0 0 0 0 0 0 0 0 0 0 0 0 0 0 0 0 0 0
1 1 1 1 1 0.934656883901597 0.847331319234642 0.803539059128183 1 0.956437922601065 0.956524241116386 1 1 1 1 1 1 1 1 1 0.785009351172493 0.409811537908215 0.0966479643216803 0.0773701625665372 0.0773701625665372 0.433405265429435 0.513451301970939 0.48931089051935 0.803510286289743 0.890979715148899 0.846986045173356 0.956437922601065 0.934570565386275 0.781786793267156 0.781786793267156 0.783915983311754 0.56909797151489 0.430269026039419 0.434383541936412 0.150050352467271 0 0.0220399942454323 0.0439361242986621 0.196345849518055 0.109365558912387 0 0.0654294346137246 0.0873543375053949 0.196460940871817 0.196460940871817 0.196460940871817 0.196460940871817 0.218213206732844 0.196460940871817 0.131117824773414 0 0 0 0 0 0 0 0 0 0 0 0 0 0 0 0 0 0 0 0 0 0 0
1 1 1 1 1 0.86911235793411 0.869227449287872 0.978247734138973 0.978247734138973 0.912674435333046 1 1 1 1 1 1 1 1 1 0.846986045173356 1 0.980376924183571 0.863703064307294 0.431535030930801 0.453459933822472 0.80281973816717 0.605927204718746 0.781786793267156 0.86908358509567 1 1 1 1 1 0.80339519493598 0.978190188462092 0.803539059128183 0.783915983311754 0.314889943892965 0.454466983167889 0.273658466407711 0.394792116242267 0.0994101568119695 0.0220399942454323 0.0220399942454323 0.0220399942454323 0.087469428859157 0.130973960581211 0.13091641490433 0.109077830527982 0.174852539202992 0.174852539202992 0.196460940871817 0.174564810818587 0.196460940871817 0.196460940871817 0 0 0 0 0 0 0 0 0 0 0 0 0 0 0 0 0 0 0 0 0 0
1 1 1 1 1 0.803711696158826 0.934484246870954 1 0.978247734138973 0.978276506977413 1 1 1 1 1 0.890576895410732 1 1 1 1 0.825406416342972 1 0.804431017119839 1 1 0.978190188462092 0.781786793267156 0.781786793267156 1 1 1 1 1 1 1 1 0.869169903610991 0.956380376924184 0.762163717450727 0.336613436915552 0.37752841317796 0.275960293482952 0.295123003884333 0.256682491727809 0.106488275068335 0.0847360092073083 0.119004459789958 0.0220399942454323 0.0401381096245145 0.0200834412314775 0.0640195655301395 0.0874982016975975 0.109365558912387 0.0654294346137246 0.174852539202992 0.196460940871817 0.218213206732844 0 0 0 0 0 0 0 0 0 0 0 0 0 0 0 0 0 0 0 0 0
1 1 1 1 1 0.934484246870954 0.978247734138973 1 0.934656883901597 1 1 1 1 1 1 1 1 1 1 1 0.869169903610991 1 1 1 1 0.846928499496475 0.781786793267156 0.978247734138973 1 1 1 1 1 1 1 1 1 0.869169903610991 0.847273773557761 0.783915983311754 0.783915983311754 0.706056682491728 0.686347288159977 0.530225866781758 0.532297511149475 0.454466983167889 0.336153071500503 0.363228312473025 0.363170766796144 0.428887929794274 0.428887929794274 0.385297079556898 0.322025607826212 0.0621781038699468 0.0655445259674867 0 0.174852539202992 0.196460940871817 0.0876708387282405 0 0 0 0 0 0 0 0 0 0 0 0 0 0 0 0 0 0 0
1 1 1 1 1 1 1 1 1 1 1 1 1 1 1 1 1 1 1 1 0.978276506977413 0.978247734138973 1 1 1 0.846957272334916 1 1 1 1 1 1 1 1 1 1 1 1 1 0.803625377643505 0.781786793267156 0.803539059128183 0.803539059128183 0.803539059128183 0.783915983311754 0.783915983311754 0.707898144151921 0.590821464537477 0.717709682060135 0.510832973672853 0.510861746511293 0.473744784923033 0.377183139116674 0.428887929794274 0.273658466407711 0.121018558480794 0.109365558912387 0.153129046180406 0.196460940871817 0 0 0 0 0 0 0 0 0 0 0 0 0 0 0 0 0 0 0
1 1 1 1 1 1 1 1 1 1 1 1 1 1 1 1 1 1 1 1 1 0.868939720903467 1 1 1 1 1 1 1 1 1 1 1 1 1 1 1 1 1 1 1 1 0.912444252625521 0.890950942310459 0.825377643504532 0.803539059128183 0.868968493741908 0.868968493741908 0.803539059128183 0.783915983311754 0.783915983311754 0.783915983311754 0.783915983311754 0.551949359804345 0.40224428139836 0.428887929794274 0.343605236656596 0.17470867501079 0.153013954826644 0.0437922601064595 0 0 0 0 0 0 0 0 0 0 0 0 0 0 0 0 0 0
1 1 1 1 1 1 1 1 1 1 1 1 1 1 1 1 1 1 1 0.956380376924184 0.97807509710833 0.978190188462092 1 1 1 1 1 1 1 1 1 1 1 1 1 1 1 1 1 1 1 1 1 1 0.934455474032513 1 0.93482952093224 0.934771975255359 0.803539059128183 0.781786793267156 0.781786793267156 0.803539059128183 0.89100848798734 0.783915983311754 0.705768954107323 0.863242698892246 0.428887929794274 0.264077111207021 0.0435620773989354 0.174622356495468 0 0 0 0 0 0 0 0 0 0 0 0 0 0 0 0 0 0
1 1 1 1 1 1 1 1 1 1 1 1 1 1 1 1 1 1 1 0.934455474032513 0.978276506977413 0.912415479787081 1 1 1 1 1 1 1 1 1 1 1 1 1 1 1 1 1 1 1 1 1 1 1 1 1 1 1 1 1 1 0.803539059128183 0.803539059128183 0.956322831247303 0.80563947633434 0.53258523953388 0.297683786505539 0.107380233059991 0.196460940871817 0.196460940871817 0 0 0 0 0 0 0 0 0 0 0 0 0 0 0 0 0
1 1 1 1 1 1 1 1 1 1 1 1 1 1 1 1 1 1 1 0.97810386994677 1 1 1 1 1 1 1 1 1 1 1 1 1 1 1 1 1 1 1 1 1 1 1 1 1 1 1 1 1 1 1 1 1 1 0.803539059128183 0.803539059128183 0.783915983311754 0.539375629405841 0.140727952812545 0.131117824773414 0.218213206732844 0.0655732988059272 0 0 0 0 0 0 0 0 0 0 0 0 0 0 0 0
1 1 1 1 1 1 1 1 1 1 1 1 1 1 1 1 1 1 1 1 0.97810386994677 1 1 1 1 1 1 1 1 1 1 1 1 1 1 1 1 1 1 1 1 1 1 1 1 1 1 1 1 1 1 1 1 0.912703208171486 0.825348870666091 0.934714429578478 0.783915983311754 0.398935404977701 0.198561358077974 0.131117824773414 0.196460940871817 0.15281254495756 0 0 0 0 0 0 0 0 0 0 0 0 0 0 0 0
1 1 1 1 1 1 1 1 1 1 1 1 1 1 1 1 1 1 1 1 1 1 1 1 1 1 1 1 1 1 1 1 1 1 1 1 1 1 1 1 1 1 1 1 1 1 1 1 1 1 1 1 0.912444252625521 1 1 1 0.783915983311754 0.319723780750971 0.152870090634441 0.153013954826644 0.196460940871817 0.196460940871817 0 0 0 0 0 0 0 0 0 0 0 0 0 0 0 0
1 1 1 1 1 1 1 1 1 1 1 1 1 1 1 1 1 1 1 1 1 1 1 1 1 1 1 1 1 1 1 1 1 1 1 1 1 1 1 1 1 1 1 1 1 1 1 1 1 1 1 1 1 1 1 0.956322831247303 0.630125161847216 0.215566105596317 0.0872967918285139 0.174622356495468 0.196460940871817 0.0219249028916703 0 0 0 0 0 0 0 0 0 0 0 0 0 0 0 0
1 1 1 1 1 1 1 1 1 1 1 1 1 1 1 1 1 1 1 1 1 1 1 1 1 1 1 1 1 1 1 1 1 1 1 1 1 1 1 1 1 1 1 1 1 1 1 1 1 1 1 1 1 1 0.803539059128183 0.783915983311754 0.556811969500791 0.158509566968781 0.0873255646669544 0.196460940871817 0.17470867501079 0 0 0 0 0 0 0 0 0 0 0 0 0 0 0 0 0
1 1 1 1 1 1 1 1 1 1 1 1 1 1 1 1 1 1 1 1 1 1 1 1 1 1 1 1 1 1 1 1 1 1 1 1 1 1 1 1 1 1 1 1 1 1 1 1 1 1 1 1 1 0.890835850956697 0.803539059128183 0.595540210041721 0.436109912242843 0.0436483959142569 0.153013954826644 0.196460940871817 0 0 0 0 0 0 0 0 0 0 0 0 0 0 0 0 0 0
1 1 1 1 1 1 1 1 1 1 1 1 1 1 1 1 1 1 1 1 1 1 1 1 1 1 1 1 1 1 1 1 1 1 1 1 1 1 1 1 1 1 1 1 1 1 1 1 1 1 1 1 1 0.803539059128183 0.725593439792836 0.534944612286002 0.0401381096245145 0.0435620773989354 0.174564810818587 0.174564810818587 0 0 0 0 0 0 0 0 0 0 0 0 0 0 0 0 0 0
1 1 1 1 1 1 1 1 1 1 1 1 1 1 1 1 1 1 1 1 1 1 1 1 1 1 1 1 1 1 1 1 1 1 1 1 1 1 1 1 1 1 1 1 1 1 1 1 1 1 1 1 0.803539059128183 0.803539059128183 0.668824629549705 0.275960293482952 0.0220399942454323 0.196460940871817 0.10896273917422 0 0 0 0 0 0 0 0 0 0 0 0 0 0 0 0 0 0 0
1 1 1 1 1 1 1 1 1 1 1 1 1 1 1 1 1 1 1 1 1 1 1 1 1 1 1 1 1 1 1 1 1 1 1 1 1 1 1 1 1 1 1 1 1 1 1 1 1 1 0.97810386994677 0.891267443533305 0.803539059128183 0.708070781182564 0.491296216371745 0.162767947057977 0.109192921881744 0.196460940871817 0.152726226442239 0 0 0 0 0 0 0 0 0 0 0.0218098115379082 0 0 0 0 0 0 0 0
1 1 1 1 1 1 1 1 1 1 1 1 1 1 1 1 1 1 1 1 1 1 1 1 1 1 1 1 1 1 1 1 1 1 1 1 1 1 1 1 1 1 1 1 1 1 1 1 1 1 1 0.781786793267156 0.80563947633434 0.510746655157531 0.13819594302978 0.152726226442239 0.196460940871817 0.152726226442239 0.174622356495468 0 0 0 0 0 0 0 0 0 0 0 0 0 0 0 0 0 0 0
1 1 1 1 1 1 1 1 1 1 1 1 1 1 1 1 1 1 1 1 1 1 1 1 1 1 1 1 1 1 1 1 1 1 1 1 1 1 1 1 1 1 1 1 1 1 1 1 1 1 0.803539059128183 0.783915983311754 0.590648827506834 0.33598043446986 0.0220399942454323 0.109077830527982 0.131002733419652 0.131002733419652 0.0655732988059272 0 0 0 0 0 0 0 0 0 0 0 0 0 0 0 0 0 0 0
1 1 1 1 1 1 1 1 1 1 1 1 1 1 1 1 1 1 1 1 1 1 1 1 1 1 1 1 1 1 1 1 1 1 1 1 1 1 1 1 1 1 1 1 1 1 1 1 1 0.956495468277946 0.781786793267156 0.747316932815422 0.454466983167889 0.13819594302978 0.0656020716443677 0.152697453603798 0.152898863472882 0.087526974536038 0 0 0 0 0 0 0 0 0 0 0 0 0 0 0 0 0 0 0 0
1 1 1 1 1 1 1 1 1 1 1 1 1 1 1 1 1 1 1 1 1 1 1 1 1 1 1 1 1 1 1 1 1 1 1 1 1 1 1 1 1 1 1 1 1 1 1 1 1 0.803682923320386 0.781786793267156 0.527952812544958 0.275960293482952 0.196374622356495 0.0220399942454323 0.0218098115379082 0.0437922601064595 0.0654869802906057 0 0 0 0 0 0 0 0 0 0 0 0 0 0 0 0 0 0 0 0
1 1 1 1 1 1 1 1 1 1 1 1 1 1 1 1 1 1 1 1 1 1 1 1 1 1 1 1 1 1 1 1 1 1 1 1 1 1 1 1 1 1 1 1 1 1 1 1 0.956207739893541 0.781786793267156 0.781786793267156 0.70786937131348 0.380204287152928 0.450496331463099 0.179600057545677 0.0218098115379082 0.0656883901596892 0.0656020716443677 0 0 0 0 0 0 0 0 0 0 0 0 0 0 0 0 0 0 0 0
1 1 1 1 1 1 1 1 1 1 1 1 1 1 1 1 1 1 1 1 1 1 1 1 1 1 1 1 1 1 1 1 1 1 1 1 1 1 1 1 1 1 1 1 1 1 1 0.97810386994677 1 0.781786793267156 0.664393612429866 0.358365702776579 0.339174219536757 0.299899295065458 0.0621781038699468 0.0218098115379082 0.0876132930513595 0.131031506258092 0 0 0 0 0 0 0 0 0 0 0 0 0 0 0 0 0 0 0 0
