data-raw/DATASET_PNE_1/DATASET_PNE/a_DATA/PFGS/ENVSUIT_A1B/HS_f15_P3_ubac2.asc
NCOLS 619 
NROWS 782 
XLLCORNER 876826 
YLLCORNER 1947424 
CELLSIZE 100 
NODATA_value -9999 
[rows 140 to 167 of 782, columns 128 to 191 of 619]
1 1 0.988013476133347 0.987896770238876 1 1 1 1 1 1 1 1 1 1 1 1 0.98811349272728 0.875200033187866 0.726126968860626 0.666577756404877 0.666577756404877 0.654691249132156 0.654691249132156 0.654691249132156 0.666694432497025 0.666694432497025 0.659692585468292 0.723893046379089 0.714457213878632 0.723993062973022 0.723993062973022 0.714490503072739 0.704954653978348 0.704954653978348 0.704954653978348 0.704954653978348 0.631218314170837 0.976093620061874 -9999 -9999 -9999 -9999 -9999 -9999 -9999 -9999 -9999 -9999 -9999 -9999 -9999 -9999 -9999 -9999 -9999 -9999 -9999 -9999 -9999 -9999 -9999 -9999 -9999 -9999
1 1 0.988013476133347 0.904541224241257 1 1 1 1 1 1 1 1 1 1 1 1 1 0.884552538394928 0.666577756404877 0.666577756404877 0.657141923904419 0.645255416631699 0.645255416631699 0.657258599996567 0.666694432497025 0.666694432497025 0.669145107269287 0.681064963340759 0.671612441539764 0.695302098989487 0.685732871294022 0.723993062973022 0.714490503072739 0.704954653978348 0.704954653978348 0.704954653978348 0.664677247405052 0.877700716257095 0.976210325956345 -9999 -9999 -9999 -9999 -9999 -9999 -9999 -9999 -9999 -9999 -9999 -9999 -9999 -9999 -9999 -9999 -9999 -9999 -9999 -9999 -9999 -9999 -9999 -9999 0.952387303113937
1 1 1 0.952020525932312 0.976010262966156 1 1 1 1 1 1 1 1 1 1 1 1 0.884552538394928 0.735596150159836 0.645255416631699 0.645255416631699 0.645255416631699 0.645255416631699 0.645255416631699 0.657258599996567 0.666694432497025 0.678580939769745 0.690500795841217 0.704754620790482 0.704754620790482 0.695302098989487 0.676297038793564 0.723993062973022 0.714490503072739 0.714490503072739 0.686066299676895 0.674213126301765 0.717057883739471 0.990780860185623 -9999 -9999 -9999 -9999 -9999 -9999 -9999 -9999 -9999 -9999 -9999 -9999 -9999 -9999 -9999 -9999 -9999 -9999 -9999 -9999 -9999 -9999 -9999 0.921645760536194 0.987896770238876
1 1 1 1 0.988013476133347 1 1 1 1 1 1 0.928630977869034 1 0.89287143945694 0.916644424200058 1 1 0.990780860185623 0.754334479570389 0.645255416631699 0.635802894830704 0.635802894830704 0.645255416631699 0.645255416631699 0.645255416631699 0.645255416631699 0.645255416631699 0.645255416631699 0.659692585468292 0.635802894830704 0.626233667135239 0.616797834634781 0.640687525272369 0.676297038793564 0.714490503072739 0.674213126301765 0.662376627326012 0.674246475100517 0.717057883739471 0.990780860185623 -9999 -9999 -9999 -9999 -9999 -9999 -9999 -9999 -9999 -9999 -9999 -9999 -9999 -9999 -9999 -9999 -9999 -9999 -9999 -9999 -9999 1 0.987896770238876 0.9267638027668
0.749483197927475 1 1 1 1 1 1 1 1 1 1 0.952554017305374 0.98811349272728 0.952320605516434 0.904741257429123 0.909775942564011 0.945468813180923 0.976327031850815 1 0.948136180639267 0.690534144639969 0.635802894830704 0.635802894830704 0.635802894830704 0.635802894830704 0.635802894830704 0.635802894830704 0.626233667135239 0.626233667135239 0.616797834634781 0.616797834634781 0.616797834634781 0.616797834634781 0.616797834634781 0.607295274734497 0.650490120053291 0.650490120053291 0.674246475100517 0.674246475100517 0.773973047733307 0.990780860185623 -9999 -9999 -9999 -9999 -9999 -9999 -9999 -9999 -9999 -9999 -9999 -9999 -9999 -9999 -9999 -9999 -9999 -9999 -9999 -9999 1 0.987896770238876 0.908058822154999
0.461673110723495 -9999 0.952353954315186 1 1 1 1 1 1 1 1 1 0.98811349272728 0.98811349272728 1 1 1 0.98811349272728 0.98811349272728 1 0.990780860185623 0.645272076129913 0.626233667135239 0.635802894830704 0.626233667135239 0.626233667135239 0.626233667135239 0.616797834634781 0.616797834634781 0.616797834634781 0.616797834634781 0.607295274734497 0.607295274734497 0.607295274734497 0.607295274734497 0.67649707198143 0.674213126301765 0.662359967827797 0.674246475100517 0.717057883739471 0.783542275428772 1 -9999 -9999 -9999 -9999 -9999 -9999 -9999 -9999 -9999 -9999 -9999 -9999 -9999 -9999 -9999 -9999 -9999 -9999 -9999 0.936233013868332 0.987896770238876 0.990780860185623
0.824303150177002 0.904607892036438 0.880818217992783 0.871532410383224 1 1 1 1 1 1 1 1 1 1 0.988080143928528 0.97619366645813 1 1 0.976210325956345 0.92431315779686 0.976210325956345 0.990780860185623 0.699969977140427 0.626233667135239 0.616797834634781 0.616797834634781 0.616797834634781 0.616797834634781 0.616797834634781 0.616797834634781 0.595425456762314 0.595425456762314 0.595425456762314 0.595508813858032 0.697919458150864 0.743131518363953 0.743131518363953 0.686082944273949 0.674246475100517 0.674246475100517 0.590940922498703 0.990780860185623 -9999 -9999 -9999 -9999 -9999 -9999 -9999 -9999 -9999 -9999 -9999 -9999 -9999 -9999 -9999 -9999 -9999 -9999 1 1 1 1
1 1 0.928630977869034 0.880818217992783 0.861946523189545 1 1 1 1 1 1 1 1 1 1 1 0.928630977869034 0.90475794672966 0.928614288568497 0.952403962612152 0.896305680274963 1 0.978994369506836 0.659625887870789 0.616797834634781 0.616797834634781 0.616797834634781 0.616797834634781 0.616797834634781 0.607295274734497 0.595425456762314 0.595425456762314 0.595508813858032 0.58600626885891 0.743131518363953 0.697919458150864 0.733628988265991 0.743131518363953 0.674246475100517 0.590940922498703 0.664743945002556 0.849526554346085 0.892721384763718 -9999 -9999 -9999 -9999 -9999 -9999 -9999 -9999 -9999 -9999 -9999 -9999 -9999 -9999 -9999 -9999 -9999 1 0.987896770238876 1 1
0.988013476133347 0.976126968860626 0.964340478181839 0.880818217992783 0.861946523189545 0.843091487884521 1 1 1 1 1 1 1 1 1 1 1 1 1 0.87653374671936 0.735746204853058 0.799596577882767 0.976327031850815 1 0.745148718357086 0.626233667135239 0.616797834634781 0.616797834634781 0.616797834634781 0.607295274734497 0.595425456762314 0.595425456762314 0.595508813858032 0.58600626885891 0.743131518363953 0.743131518363953 0.697919458150864 0.755001336336136 0.705188065767288 0.590940922498703 0.664710581302643 0.679197788238525 0.990780860185623 1 -9999 -9999 -9999 -9999 -9999 -9999 -9999 -9999 -9999 -9999 -9999 -9999 -9999 -9999 -9999 -9999 1 1 1 1
0.988013476133347 0.964023739099503 0.976126968860626 0.976226985454559 0.861946523189545 0.758852362632751 0.976226985454559 1 1 1 1 1 1 1 1 1 1 1 1 1 1 0.806681782007217 0.759535878896713 0.879584580659866 1 0.94360163807869 0.681081622838974 0.616797834634781 0.616797834634781 0.607295274734497 0.595425456762314 0.685999602079391 0.664710581302643 0.58600626885891 0.733628988265991 0.771689116954803 0.743131518363953 0.802547335624695 0.755001336336136 0.600410103797913 0.650573492050171 0.698219522833824 0.726643770933151 0.990780860185623 -9999 -9999 -9999 -9999 -9999 -9999 -9999 -9999 -9999 -9999 -9999 -9999 -9999 -9999 -9999 1 0.964390516281128 0.987896770238876 1 1
0.988013476133347 0.976126968860626 0.976126968860626 0.988013476133347 0.976226985454559 0.943084836006165 0.966807812452316 1 1 1 1 1 1 1 1 1 1 1 1 1 1 1 0.940534144639969 0.92431315779686 0.954887986183167 1 0.905724853277206 0.669195115566254 0.616797834634781 0.616797834634781 0.607295274734497 0.685999602079391 0.67649707198143 0.58600626885891 0.67649707198143 0.802547335624695 0.802547335624695 0.802547335624695 0.858945727348328 0.693351566791534 0.671995863318443 0.698219522833824 0.830771535634995 0.990780860185623 0.988096833229065 -9999 -9999 -9999 -9999 -9999 -9999 -9999 -9999 -9999 -9999 -9999 -9999 -9999 1 0.990780860185623 0.976060271263123 0.97891104221344 1 1
1 0.976126968860626 0.95210388302803 0.976126968860626 0.976226985454559 0.976226985454559 1 0.990580826997757 1 1 1 1 1 1 1 1 1 1 1 1 1 1 0.916744470596313 0.940634191036224 0.952537357807159 1 0.97891104221344 0.757351964712143 0.616797834634781 0.616797834634781 0.674179792404175 0.707305282354355 0.685999602079391 0.58600626885891 0.597926124930382 0.709805965423584 0.858945727348328 0.7930948138237 0.868331551551819 0.7930948138237 0.726643770933151 0.707772061228752 0.849526554346085 0.934332489967346 0.975910246372223 -9999 -9999 -9999 -9999 -9999 -9999 -9999 -9999 -9999 -9999 -9999 -9999 1 0.978861033916473 1 0.943051487207413 1 1 1
1 1 0.904691249132156 0.928397566080093 0.987996786832809 0.976226985454559 1 1 0.955054670572281 1 1 1 1 1 1 1 1 1 1 1 1 1 0.916644424200058 0.940534144639969 0.909909307956696 0.860529452562332 1 0.967124581336975 0.759802609682083 0.62626701593399 0.750300079584122 0.77158910036087 0.685999602079391 0.604894638061523 0.597926124930382 0.597926124930382 0.802547335624695 0.858945727348328 0.802547335624695 0.943768352270126 0.755051344633102 0.717141225934029 0.821319013834 0.934332489967346 0.96932515501976 1 -9999 -9999 -9999 0.988013476133347 0.952137231826782 0.987996786832809 -9999 -9999 -9999 -9999 0.971892505884171 0.967207908630371 0.987896770238876 1 1 0.987896770238876 1 1
1 1 1 0.964023739099503 0.952137231826782 0.964390516281128 1 1 0.990580826997757 0.990580826997757 1 1 1 1 1 1 1 1 1 1 1 1 1 0.964390516281128 0.940534144639969 0.933682322502136 0.891237646341324 1 0.990780860185623 0.7501500248909 0.726427048444748 0.77158910036087 0.697869449853897 0.604894638061523 0.616814494132996 0.597926124930382 0.697919458150864 0.858945727348328 0.858945727348328 0.858945727348328 0.934332489967346 0.736162960529327 0.726643770933151 0.877700716257095 0.840207397937775 0.97891104221344 -9999 -9999 -9999 1 1 0.987996786832809 -9999 -9999 -9999 -9999 0.976293683052063 0.964407175779343 1 1 1 1 1 1
1 1 1 0.880818217992783 0.975910246372223 0.904741257429123 1 1 0.990580826997757 0.990580826997757 0.990580826997757 0.990580826997757 1 1 1 1 1 1 1 1 1 1 1 1 0.916744470596313 0.964290469884872 0.92431315779686 0.964540541172028 1 0.990780860185623 0.828220874071121 0.77158910036087 0.697869449853897 0.604894638061523 0.628817677497864 0.60992930829525 0.600410103797913 0.764553874731064 0.849526554346085 0.830771535634995 0.830771535634995 0.858945727348328 0.830771535634995 0.830771535634995 0.849526554346085 0.858945727348328 0.830788224935532 0.990780860185623 -9999 0.952403962612152 1 0.988213509321213 -9999 -9999 -9999 1 0.988080143928528 1 1 1 1 1 1 1
0.987996786832809 1 1 0.976293683052063 0.892704725265503 0.940134048461914 0.988013476133347 1 0.981295019388199 0.990580826997757 0.990580826997757 0.990580826997757 0.990580826997757 1 1 1 1 1 1 1 1 1 1 1 1 0.988213509321213 0.940500795841217 0.82090225815773 0.830454796552658 0.964440494775772 0.981395035982132 0.793011456727982 0.712089866399765 0.619431853294373 0.62181581556797 0.636186331510544 0.671995863318443 0.726643770933151 0.745548814535141 0.745548814535141 0.755051344633102 0.774089753627777 0.840207397937775 0.821319013834 0.830771535634995 0.840207397937775 0.830788224935532 0.885102689266205 0.976310342550278 0.928647637367249 0.964390516281128 0.885752856731415 1 0.967124581336975 0.880818217992783 0.95732194185257 1 1 1 1 1 1 1 1
0.987996786832809 1 1 0.92841425538063 0.904541224241257 0.928247541189194 0.95248731970787 0.990580826997757 0.981295019388199 0.990580826997757 0.981194972991943 0.990580826997757 0.990580826997757 1 1 1 1 1 1 1 1 1 1 1 1 1 1 1 0.88910374045372 0.761252999305725 0.987896770238876 0.858945727348328 0.721759140491486 0.693318232893944 0.745498806238174 0.717091232538223 0.698219522833824 0.717141225934029 0.726643770933151 0.755051344633102 0.783525586128235 0.783525586128235 0.755034685134888 0.783525586128235 0.811899840831757 0.821352362632751 0.830788224935532 0.953087478876114 1 1 1 0.863663643598557 0.988213509321213 0.976110309362411 1 1 1 1 1 1 1 1 1 1
1 1 1 0.928464263677597 0.892704725265503 0.964023739099503 0.964390516281128 0.990580826997757 0.981295019388199 0.981295019388199 0.971725791692734 0.971725791692734 0.990580826997757 0.990580826997757 1 1 1 1 1 1 1 1 1 1 1 1 1 1 1 0.719458520412445 1 0.990780860185623 0.858945727348328 0.868331551551819 0.858945727348328 0.840207397937775 0.793011456727982 0.755051344633102 0.755051344633102 0.773989707231522 0.830788224935532 0.821369051933289 0.774006396532059 0.783525586128235 0.802480667829514 0.792894780635834 0.792811423540115 1 0.99056413769722 0.9717757999897 1 0.943768352270126 0.969358503818512 0.981144964694977 0.9717757999897 1 1 1 1 1 1 1 1 1
1 1 0.964407175779343 0.964207112789154 1 0.964023739099503 0.988213509321213 0.990580826997757 0.969291806221008 0.969408512115479 0.971725791692734 0.962173253297806 0.990580826997757 0.990580826997757 1 1 1 1 1 1 1 1 1 1 1 1 1 1 1 0.825870245695114 0.879217803478241 0.990780860185623 -9999 0.858945727348328 0.840207397937775 0.821369051933289 0.802447319030762 0.802447319030762 0.802447319030762 0.802447319030762 0.811983197927475 0.830788224935532 0.811983197927475 0.802547335624695 0.821352362632751 0.783475607633591 0.802330613136292 1 0.981144964694977 0.981144964694977 1 1 0.915394097566605 0.981144964694977 1 1 1 1 1 1 1 1 1 1
0.988080143928528 0.964407175779343 0.952420651912689 1 0.904474526643753 1 1 0.981295019388199 0.981295019388199 0.990580826997757 0.962173253297806 0.962173253297806 0.978677660226822 0.990580826997757 0.990580826997757 0.990580826997757 1 1 1 1 1 1 1 1 1 1 1 1 1 0.889103770256042 0.823486268520355 0.987896770238876 -9999 -9999 0.7930948138237 0.830788224935532 0.802447319030762 0.802447319030762 0.830788224935532 0.821369051933289 0.811983197927475 0.811983197927475 0.811983197927475 0.802547335624695 0.830788224935532 0.830788224935532 0.943768352270126 0.988213509321213 0.981144964694977 0.9717757999897 1 1 1 1 1 1 1 1 1 1 1 1 1 1
0.892654716968536 0.90452453494072 0.940317422151566 0.988013476133347 0.988013476133347 1 0.990580826997757 0.981295019388199 0.981295019388199 0.981111615896225 0.794345170259476 0.794345170259476 0.971559077501297 0.990580826997757 0.990580826997757 0.990580826997757 0.990580826997757 1 1 1 1 1 1 1 1 1 1 1 1 0.945452123880386 0.795195400714874 0.987896770238876 0.971875846385956 -9999 0.773989707231522 0.811983197927475 0.802447319030762 0.783558934926987 0.802447319030762 0.811983197927475 0.811983197927475 0.811983197927475 0.811983197927475 0.811983197927475 0.811983197927475 0.811983197927475 1 0.988213509321213 0.9717757999897 0.905924916267395 1 1 1 1 1 1 1 1 1 1 1 1 1 1
0.988013476133347 0.964207112789154 0.964023739099503 1 1 1 0.990580826997757 0.981295019388199 0.969291806221008 0.794345170259476 0.803730994462967 0.784792602062225 0.803730994462967 0.981111615896225 0.990580826997757 0.990580826997757 0.990580826997757 1 0.952303946018219 1 1 1 1 1 1 1 1 1 1 1 0.797662705183029 0.851660430431366 0.916494399309158 0.811983197927475 0.783558934926987 0.783558934926987 0.821369051933289 0.783558934926987 0.802447319030762 0.802447319030762 0.811983197927475 0.811983197927475 0.811983197927475 0.811983197927475 0.811983197927475 0.830788224935532 0.916577756404877 0.959989339113235 0.943768352270126 0.905924916267395 1 1 1 1 1 1 1 1 1 1 1 1 1 1
0.976126968860626 0.987896770238876 0.964123755693436 0.988013476133347 1 0.990580826997757 0.969408512115479 0.981295019388199 0.84574219584465 0.785059362649918 0.725976929068565 0.784792602062225 0.794345170259476 0.981111615896225 0.990580826997757 0.990580826997757 0.990580826997757 1 0.952120572328568 0.940284073352814 1 1 1 1 1 1 1 1 1 1 0.88485261797905 0.785876214504242 0.916561096906662 0.981194972991943 0.773989707231522 0.773989707231522 0.830788224935532 0.783558934926987 0.821369051933289 0.802447319030762 0.793011456727982 0.793011456727982 0.802547335624695 0.802547335624695 0.792994797229767 0.966991186141968 0.976310342550278 0.962473332881927 0.962473332881927 0.943768352270126 1 1 1 1 1 1 1 1 1 1 1 1 1 1
0.988013476133347 0.988013476133347 1 1 0.981295019388199 0.981295019388199 0.924263149499893 0.938500255346298 0.806264996528625 0.707105234265327 0.707105234265327 0.725710183382034 0.889803946018219 0.981111615896225 0.990580826997757 0.990580826997757 0.990580826997757 1 0.964023739099503 0.88818684220314 0.906891852617264 1 1 1 1 1 1 1 1 1 1 0.778991043567657 0.952320605516434 1 0.783525586128235 0.783525586128235 0.830788224935532 0.793011456727982 0.802447319030762 0.82140240073204 0.783558934926987 0.764437168836594 0.745498806238174 0.764437168836594 0.896722465753555 0.952320605516434 0.896655768156052 0.99056413769722 0.981144964694977 0.9717757999897 1 1 1 1 1 1 1 1 1 1 1 1 1 1
1 1 1 0.990580826997757 0.981295019388199 0.981295019388199 0.782275259494781 0.613313548266888 0.707105234265327 0.778307557106018 0.697569355368614 0.725710183382034 0.85391104221344 0.981111615896225 0.990580826997757 0.990580826997757 0.990580826997757 1 1 0.940284073352814 0.987896770238876 0.99041411280632 1 1 1 1 1 1 1 1 1 0.797662705183029 0.934432506561279 1 0.990780860185623 0.783525586128235 0.830788224935532 0.802447319030762 0.773989707231522 0.802447319030762 0.802447319030762 0.755051344633102 0.726793795824051 0.858995735645294 0.976110309362411 0.99056413769722 0.877800732851028 1 1 0.9717757999897 1 1 1 1 1 1 1 1 1 1 1 1 1 1
1 0.978594303131104 0.978694319725037 0.981295019388199 0.981295019388199 0.876967191696167 0.613313548266888 0.716424375772476 0.707105234265327 0.719008401036263 0.697569355368614 0.85686182975769 0.952587366104126 0.981111615896225 0.990580826997757 0.990580826997757 0.990580826997757 1 1 1 1 1 1 0.964423835277557 1 1 1 1 1 1 1 0.931765139102936 0.88508602976799 0.987896770238876 1 0.858945727348328 0.830788224935532 0.802447319030762 0.745732188224792 0.745732188224792 0.793011456727982 0.755051344633102 0.726793795824051 0.969275146722794 1 0.840224057435989 0.962473332881927 1 1 1 1 1 1 1 1 1 1 1 1 1 1 1 1 1
0.97879433631897 0.966707795858383 0.981295019388199 0.981295019388199 0.698569625616074 0.537560015916824 0.707105234265327 0.730844885110855 0.707105234265327 0.697569355368614 0.719008401036263 0.796979188919067 0.950253397226334 0.990580826997757 0.990580826997757 0.97879433631897 0.990580826997757 1 1 1 1 0.988213509321213 1 0.976210325956345 1 1 1 1 1 1 1 1 0.713206857442856 0.943201512098312 0.964107096195221 0.971875846385956 0.82140240073204 0.802447319030762 0.75516802072525 0.736346334218979 0.793011456727982 0.783558934926987 0.755051344633102 0.940367430448532 0.95068684220314 0.830738186836243 1 1 1 1 1 1 1 1 1 1 1 1 1 1 1 1 1 1
0.966807812452316 0.966691106557846 0.981295019388199 0.662926778197289 0.546912509948015 0.509219124913216 0.802180588245392 0.707105234265327 0.697569355368614 0.752000540494919 0.808949053287506 0.950253397226334 0.990580826997757 0.990580826997757 0.990580826997757 0.990580826997757 1 1 1 1 0.988213509321213 0.988213509321213 1 1 1 1 1 1 1 1 0.976327031850815 1 0.743798345327377 0.721842497587204 0.952420651912689 0.978777676820755 0.830788224935532 0.802447319030762 0.773989707231522 0.773989707231522 0.783558934926987 0.830788224935532 0.906308352947235 0.976210325956345 0.772105872631073 0.868364870548248 1 1 1 1 1 1 0.988096833229065 1 1 1 1 0.988096833229065 0.987896770238876 1 0.988096833229065 0.988096833229065 1 1
