data-raw/DATASET_PNE_1/DATASET_PNE/a_DATA/PFGS/ENVSUIT_A1B/HS_f30_H9_NardStri.asc
NCOLS 619 
NROWS 782 
XLLCORNER 876826 
YLLCORNER 1947424 
CELLSIZE 100 
NODATA_value -9999 
[rows 532 to 559 of 782, columns 434 to 495 of 619]
0.0377690078312882 0.0564222729234754 0.0564222729234754 0.0377690078312882 0.0756305111919591 0.15110686316828 0.0377690078312882 0.0377690078312882 0.0374606894000123 0.341925140284886 0.295554048221003 0.392736017759142 0.487790590121478 0.776160818893754 0.776160818893754 0.798668064376889 0.977739409261886 0.933249059628785 0.977739409261886 1 1 1 1 0.977739409261886 1 0.977616081889375 1 0.955540482210027 1 1 0.955447986680644 1 1 1 1 1 1 1 0.977739409261886 1 0.977739409261886 1 1 1 0.798452241474995 0.776160818893754 0.955232163778751 0.910001849910588 0.821082814330641 0.977739409261886 1 1 1 0.955232163778751 1 0.977739409261886 0.977739409261886 0.977739409261886 0.977739409261886 0.910464327557502 0.977739409261886 0.977739409261886
0.151322686070173 0.36113337855337 0.1322377751742 0.0943146081272739 0.0943146081272739 0.515446753406919 -9999 0.0564222729234754 0.0377690078312882 0.151322686070173 0.151970154775853 0.295554048221003 0.335296294012456 0.798544737004378 0.583153480915089 0.888265400505642 0.977739409261886 1 1 1 0.977739409261886 1 1 1 1 1 1 1 1 1 1 0.977739409261886 1 1 1 1 1 1 1 1 1 0.95510883640624 0.932632422766233 0.887617931799963 0.887957082074367 1 0.977739409261886 0.910001849910588 0.798452241474995 0.977739409261886 1 0.977739409261886 0.977739409261886 0.932755750138743 0.977739409261886 0.977739409261886 1 0.977739409261886 0.887864586544984 0.865665659493125 0.932940741197509 0.977708577418758
0.438521304803601 0.380495776037492 0.113337855336992 0.0377690078312882 0.018591601405932 0.0752913609175557 0.227199852007153 -9999 0.227693161497194 0.265708824073503 0.865542332120614 0.576062156995745 0.314978109391379 0.621384966393291 0.411420114694456 0.759974101251773 0.955447986680644 0.977739409261886 1 0.977739409261886 0.955447986680644 0.955447986680644 0.955540482210027 1 1 0.977708577418758 1 0.977739409261886 0.977739409261886 1 0.776160818893754 1 1 1 1 1 1 1 1 1 1 0.955232163778751 0.955232163778751 0.798452241474995 0.977739409261886 0.910371832028119 0.977739409261886 0.798637232533761 0.798452241474995 0.977739409261886 1 0.977739409261886 1 0.977739409261886 0.977739409261886 0.955447986680644 0.977739409261886 0.865665659493125 0.843035086637479 0.955232163778751 0.865665659493125 0.865665659493125
0.535795769871123 0.477986064006906 0.151322686070173 0.0943146081272739 0.0377690078312882 0.0377690078312882 0.0377690078312882 -9999 -9999 0.1322377751742 0.614046987728927 0.573626441388666 0.44823333538879 1 0.942560276253315 0.564346056607264 0.843189245853117 0.977739409261886 0.955447986680644 0.977739409261886 0.933156564099402 0.910556823086884 0.910556823086884 0.977739409261886 1 1 1 1 0.910618486773139 0.910618486773139 0.820866991428748 0.910618486773139 1 0.84315841400999 1 0.977739409261886 1 0.955232163778751 1 1 0.977492754516865 0.843127582166862 0.977739409261886 0.977739409261886 0.843374236911883 0.955232163778751 0.977739409261886 0.798452241474995 0.955232163778751 0.977739409261886 0.887864586544984 0.955232163778751 0.977739409261886 1 1 0.977739409261886 0.977739409261886 0.977739409261886 0.887864586544984 0.865665659493125 0.865665659493125 0.865665659493125
0.932879077511254 0.487790590121478 0.717703644323858 0.341925140284886 0.0756613430350866 0.0377690078312882 0.0377690078312882 0.323580193623975 -9999 -9999 0.555004008139607 0.170808410926805 0.460874391071098 0.17176419806376 0.357803539495591 0.315872232842079 0.414595794536597 0.586760806561016 0.955447986680644 0.977739409261886 0.977739409261886 0.910680150459395 0.776160818893754 0.820651168526855 0.955540482210027 1 1 1 0.821144478016896 0.977739409261886 0.977739409261886 0.977739409261886 0.977739409261886 1 1 0.977739409261886 1 0.977616081889375 1 1 0.977739409261886 0.977739409261886 0.955232163778751 0.977739409261886 0.977739409261886 0.955232163778751 0.977739409261886 0.977739409261886 0.910464327557502 0.977739409261886 0.977739409261886 0.977739409261886 0.910556823086884 0.977739409261886 0.865665659493125 0.977739409261886 0.865665659493125 0.977400258987482 1 0.887864586544984 0.865665659493125 0.865665659493125
0.865881482395018 0.865819818708762 0.88841955972128 0.44823333538879 0.227477338595301 0.0566380958253684 0.0377690078312882 0.0564222729234754 0.342665104519948 -9999 0.246716408706913 0.152740950854042 0.554788185237714 0.0954245544798668 0.172165012024419 0.697385459702781 0.718721095147068 0.699297033976691 0.621384966393291 0.977739409261886 0.933249059628785 0.910957637047543 0.776160818893754 0.821144478016896 0.933249059628785 0.977739409261886 0.955447986680644 0.977739409261886 0.798668064376889 0.977739409261886 1 0.977739409261886 1 0.977739409261886 1 0.955324659308133 1 1 1 1 0.977739409261886 0.977739409261886 0.977739409261886 0.932755750138743 0.955262995621878 0.977739409261886 1 0.95510883640624 0.910217672812481 0.91074181414565 0.977739409261886 0.798544737004378 0.932940741197509 0.955262995621878 0.977739409261886 1 1 0.910371832028119 1 0.932632422766233 0.977400258987482 0.955139668249368
0.977739409261886 0.888481223407535 0.910710982302522 0.955170500092496 0.510174508232102 0.284331257322563 0.0756613430350866 0.0943146081272739 0.265893815132269 0.554202380218289 0.776160818893754 0.617099340198557 0.442159462292656 0.132546093605476 0.70083862613307 0.554788185237714 0.595455386322994 0.659554788185238 0.699297033976691 0.910957637047543 0.977739409261886 0.977739409261886 0.776160818893754 0.776160818893754 0.955447986680644 0.955447986680644 0.933249059628785 0.933156564099402 0.910525991243757 1 1 0.977739409261886 0.82083615958562 0.82083615958562 1 1 1 1 1 0.977523586359993 0.955016340876858 0.932755750138743 1 1 1 0.977739409261886 0.910556823086884 1 0.955201331935623 1 1 0.977739409261886 1 1 1 1 1 1 1 0.977739409261886 1 1
1 0.955540482210027 0.933249059628785 0.955170500092496 0.910710982302522 0.490935438120491 0.691712400567306 0.0755071838194487 0.0755071838194487 0.0947154220879324 0.798359745945613 0.843651723500031 0.776160818893754 0.330794844915829 0.614046987728927 0.849848923968675 0.695042239625085 0.776160818893754 0.698402910525991 0.910957637047543 0.977739409261886 1 0.888481223407535 0.843250909539372 0.933156564099402 0.955447986680644 0.932971573040636 0.888573718936918 0.910618486773139 1 0.86585065055189 0.843528396127521 0.932817413824998 1 1 1 1 1 0.932755750138743 1 1 0.977523586359993 1 1 1 0.977739409261886 0.955293827465006 1 0.977492754516865 1 1 1 1 0.977739409261886 1 1 0.933064068570019 1 1 1 1 0.977523586359993
1 0.955540482210027 0.910957637047543 0.933249059628785 0.910957637047543 0.933249059628785 0.672966639945736 0.604889930320035 0.151322686070173 0.0377690078312882 0.516741690818277 0.776160818893754 0.843343405068755 0.776160818893754 0.735586113337855 0.735586113337855 0.802768699512857 0.86585065055189 0.755842634272677 0.933249059628785 1 0.955540482210027 0.977739409261886 0.888481223407535 0.955447986680644 0.955447986680644 0.955447986680644 0.843682555343159 0.977739409261886 0.888327064191897 0.821144478016896 0.910618486773139 1 1 1 1 0.977739409261886 1 0.977616081889375 1 0.977523586359993 1 1 1 1 0.977739409261886 0.977492754516865 1 0.977492754516865 1 1 1 1 0.977739409261886 1 1 0.932755750138743 0.888080409446877 0.977708577418758 0.977739409261886 0.977739409261886 0.977739409261886
0.977739409261886 0.843250909539372 0.776160818893754 0.776160818893754 0.776160818893754 0.640747363877413 0.688752543627058 0.695443053585743 0.688536720725165 0.151322686070173 0.132206943331072 0.399796509835358 0.596935314793118 0.776160818893754 0.776160818893754 0.75809335882099 0.876240981685885 0.515970894740088 0.910587654930012 1 1 1 0.977739409261886 0.977739409261886 0.977739409261886 0.977739409261886 0.977739409261886 0.820866991428748 0.798359745945613 0.821144478016896 0.910618486773139 1 0.955355491151261 0.977739409261886 1 1 0.977739409261886 1 1 1 0.977523586359993 1 0.977523586359993 1 1 1 0.910618486773139 1 0.977492754516865 1 1 0.977739409261886 0.977739409261886 0.977739409261886 1 0.977739409261886 1 0.820866991428748 0.955262995621878 0.955447986680644 1 1
0.910680150459395 0.933156564099402 0.933156564099402 0.910680150459395 0.821051982487513 0.776160818893754 0.468551520009866 0.583276808287599 0.468551520009866 0.554233212061417 0.303539495591046 0.0939754578528705 0.0755071838194487 0.0377690078312882 0.0755071838194487 0.735586113337855 0.876240981685885 0.496546833569711 0.88841955972128 0.955540482210027 0.933249059628785 1 0.888481223407535 0.977739409261886 0.977739409261886 0.955447986680644 0.820866991428748 0.798668064376889 0.821144478016896 0.820990318801258 0.977739409261886 1 0.977739409261886 0.977739409261886 1 1 0.977739409261886 1 0.977523586359993 1 1 1 0.977523586359993 0.955016340876858 1 1 0.865758155022507 1 1 1 1 1 1 1 1 1 0.933064068570019 1 0.977739409261886 0.977739409261886 0.977739409261886 0.977739409261886
0.932971573040636 0.933156564099402 0.933156564099402 0.955447986680644 0.955447986680644 0.955447986680644 0.776160818893754 0.776160818893754 0.776160818893754 0.41175926496886 0.977708577418758 0.555250662884627 0.32351852993772 0.831750632052784 0.246685576863785 0.75809335882099 0.865542332120614 0.758155022507246 0.865943146081273 0.933249059628785 0.821051982487513 0.843250909539372 0.888080409446877 0.955447986680644 0.843497564284393 0.820866991428748 0.843343405068755 0.798668064376889 0.820866991428748 0.977739409261886 1 0.977739409261886 1 1 1 1 1 0.955232163778751 1 0.955232163778751 1 1 0.977523586359993 1 0.977739409261886 0.865634827649997 1 0.977492754516865 0.977492754516865 1 1 1 0.977739409261886 1 1 1 0.935931429980884 0.776160818893754 1 1 0.933249059628785 0.955540482210027
0.865788986865635 0.798668064376889 0.798668064376889 0.820866991428748 0.910680150459395 0.776160818893754 0.776160818893754 0.776160818893754 0.776160818893754 0.776160818893754 0.843528396127521 0.910957637047543 0.932570759079978 0.910433495714374 0.778411543442067 0.798668064376889 0.91009434543997 0.910433495714374 0.977801072948141 0.776160818893754 0.776160818893754 0.776160818893754 0.821298637232534 0.798791391749399 0.776160818893754 0.821144478016896 0.821144478016896 0.843775050872541 1 1 0.977739409261886 0.977739409261886 0.977739409261886 1 0.932817413824998 0.932817413824998 1 1 0.977739409261886 0.977739409261886 0.932755750138743 1 0.977523586359993 1 1 0.843651723500031 1 0.977492754516865 1 1 1 1 1 1 1 1 1 0.868748843805883 0.88817290497626 0.977739409261886 0.933249059628785 0.910649318616267
1 0.95510883640624 0.75695258062527 0.75695258062527 0.776160818893754 0.776160818893754 0.75695258062527 0.776160818893754 0.776160818893754 0.776160818893754 0.776160818893754 0.910710982302522 0.933249059628785 0.876240981685885 0.88817290497626 0.798668064376889 0.798452241474995 0.91009434543997 0.955170500092496 0.776160818893754 0.776160818893754 0.75695258062527 0.776160818893754 0.977739409261886 0.977739409261886 0.888481223407535 0.932971573040636 0.888234568662515 0.977739409261886 0.955262995621878 0.977739409261886 0.977739409261886 0.977739409261886 1 0.977739409261886 1 0.933064068570019 1 1 0.955232163778751 1 1 0.977739409261886 1 1 0.910433495714374 1 1 1 1 0.977739409261886 0.977739409261886 1 1 1 0.977739409261886 1 0.843035086637479 0.75695258062527 0.910649318616267 0.977739409261886 0.977739409261886
0.980791761731516 0.980791761731516 0.980791761731516 0.958531170993402 0.942529444410187 0.942529444410187 0.958531170993402 0.75695258062527 0.776160818893754 0.821051982487513 0.843682555343159 1 0.910710982302522 0.699266202133564 0.910772645988777 0.91009434543997 0.887895418388111 0.91009434543997 0.91009434543997 0.955509650366899 0.73540112227909 0.738114324474317 0.75695258062527 0.977739409261886 0.977739409261886 0.843250909539372 0.820866991428748 0.798668064376889 0.910772645988777 0.977739409261886 1 1 1 1 1 1 1 1 1 0.910464327557502 1 1 1 1 0.865758155022507 0.798452241474995 0.932848245668126 0.977492754516865 1 1 0.977739409261886 0.910587654930012 0.932879077511254 1 1 0.977739409261886 1 1 0.75695258062527 0.776160818893754 0.843682555343159 1
1 1 1 1 1 1 0.89110193007338 0.75695258062527 0.776160818893754 0.776160818893754 0.933249059628785 1 0.955170500092496 0.977369427144355 0.955540482210027 0.865542332120614 0.91009434543997 0.91009434543997 0.91009434543997 0.955540482210027 0.776160818893754 0.699297033976691 0.75695258062527 0.932971573040636 0.932971573040636 0.955447986680644 0.955447986680644 0.955447986680644 0.866189800826293 1 1 1 1 1 1 1 1 1 1 0.977739409261886 0.977523586359993 0.932755750138743 1 1 0.977492754516865 1 0.910341000184991 0.977492754516865 1 1 1 0.932817413824998 0.933156564099402 1 0.977739409261886 1 1 1 0.888049577603749 0.776160818893754 0.776160818893754 0.888142073133132
0.95486218166122 1 1 1 1 0.977739409261886 0.89110193007338 0.75695258062527 0.776160818893754 0.776160818893754 0.977739409261886 1 0.955170500092496 0.955540482210027 0.755719306900167 0.573626441388666 0.822994388604551 0.85361040883024 0.91009434543997 0.955170500092496 0.955509650366899 0.659431460812728 0.75695258062527 0.933156564099402 0.977739409261886 0.977739409261886 0.933156564099402 0.955447986680644 0.843466732441265 0.977739409261886 1 1 1 1 0.977739409261886 0.977739409261886 1 1 1 0.977616081889375 1 0.977739409261886 1 0.86585065055189 0.977492754516865 1 0.910341000184991 1 1 1 0.955447986680644 0.910341000184991 1 1 0.977739409261886 1 1 1 0.82083615958562 0.798637232533761 0.798668064376889 0.776160818893754
0.977492754516865 0.955293827465006 0.977739409261886 1 1 1 0.801627921317136 0.75695258062527 0.776160818893754 0.933156564099402 0.977739409261886 1 0.977739409261886 0.977739409261886 0.955540482210027 0.755719306900167 0.575445520133194 0.596133686871801 0.554233212061417 0.932694086452488 0.95510883640624 0.695073071468212 0.698279583153481 0.910957637047543 0.977739409261886 1 0.977739409261886 0.776160818893754 0.888018745760622 0.977739409261886 0.977739409261886 1 0.977739409261886 0.977739409261886 0.977739409261886 1 1 1 1 1 1 0.977739409261886 0.977739409261886 0.888265400505642 0.933156564099402 1 0.955232163778751 1 1 0.955262995621878 0.910772645988777 0.977739409261886 1 1 0.910587654930012 1 1 1 0.821144478016896 0.932848245668126 0.977739409261886 0.776160818893754
0.932817413824998 0.977739409261886 1 1 1 1 0.932478263550595 0.75695258062527 0.75695258062527 0.977739409261886 0.977739409261886 0.910957637047543 0.977739409261886 1 0.977739409261886 0.933249059628785 0.977739409261886 0.933249059628785 0.322716902016403 0.865881482395018 0.955170500092496 0.933249059628785 0.755904297958932 0.888357896035025 1 1 0.776160818893754 0.75695258062527 0.977739409261886 0.977739409261886 0.977739409261886 1 0.977739409261886 0.955447986680644 1 1 1 1 1 0.977739409261886 1 1 1 0.933156564099402 0.955293827465006 0.86585065055189 0.888357896035025 0.958284516248381 1 0.977739409261886 0.910587654930012 1 1 1 0.955447986680644 0.932971573040636 1 0.955447986680644 0.843466732441265 0.977739409261886 0.977739409261886 1
0.932940741197509 0.977492754516865 1 1 1 0.977739409261886 0.977739409261886 0.776160818893754 0.776160818893754 0.843250909539372 0.776160818893754 0.910556823086884 0.933156564099402 0.955447986680644 0.955447986680644 0.955447986680644 0.955447986680644 0.977739409261886 0.695073071468212 0.536350743047419 1 0.977801072948141 1 0.955540482210027 0.977739409261886 0.977739409261886 0.776160818893754 0.75695258062527 1 1 1 1 1 1 1 1 0.977492754516865 0.977492754516865 0.932940741197509 1 0.977739409261886 1 1 1 1 1 1 1 1 0.95510883640624 0.955447986680644 1 1 1 0.977739409261886 0.955447986680644 0.932848245668126 1 0.910464327557502 1 0.977739409261886 0.977739409261886
0.888018745760622 1 1 1 1 1 0.977739409261886 0.955447986680644 0.776160818893754 0.776160818893754 0.776160818893754 0.776160818893754 0.888080409446877 0.955447986680644 0.955447986680644 0.933156564099402 0.955447986680644 0.977739409261886 0.933249059628785 0.614046987728927 0.933249059628785 0.977801072948141 1 0.955540482210027 0.977739409261886 0.955139668249368 0.75695258062527 0.86572732317938 1 1 1 1 0.977739409261886 1 1 1 0.933033236726892 0.955540482210027 0.955232163778751 1 1 1 1 1 1 1 1 1 1 0.843065918480607 0.820866991428748 1 1 1 1 0.933064068570019 0.888265400505642 0.888265400505642 1 1 0.977739409261886 0.977739409261886
0.932817413824998 0.977492754516865 1 1 1 1 0.977739409261886 0.977492754516865 1 0.955447986680644 0.955447986680644 0.910649318616267 0.776160818893754 0.955447986680644 0.955447986680644 0.977739409261886 0.843250909539372 0.933156564099402 0.933249059628785 0.776160818893754 0.955540482210027 0.955540482210027 0.933249059628785 1 0.977739409261886 0.821144478016896 0.75695258062527 0.910587654930012 0.977739409261886 1 1 1 1 1 1 1 1 0.977739409261886 0.977739409261886 1 1 0.977739409261886 1 1 1 1 1 0.980791761731516 0.820558672997472 0.776160818893754 0.86572732317938 0.977739409261886 0.977739409261886 1 1 1 0.977739409261886 0.776160818893754 1 1 1 1
0.955232163778751 0.955232163778751 1 1 0.977739409261886 1 1 1 1 0.977492754516865 0.910680150459395 0.977739409261886 0.932848245668126 0.776160818893754 0.977739409261886 1 0.977739409261886 0.955447986680644 0.888327064191897 0.798668064376889 0.977739409261886 0.910525991243757 0.776160818893754 0.932848245668126 0.955139668249368 0.779459826108405 0.824011839427761 1 1 1 1 1 1 1 1 0.955540482210027 0.933064068570019 0.955232163778751 1 1 1 0.977739409261886 0.977739409261886 0.955447986680644 0.75695258062527 0.936023925510267 0.936023925510267 0.955232163778751 0.843220077696245 0.75695258062527 0.776160818893754 0.798791391749399 0.776160818893754 0.776160818893754 1 0.955540482210027 0.977739409261886 0.776160818893754 0.977739409261886 1 1 0.977739409261886
0.977492754516865 0.932817413824998 1 1 0.955232163778751 1 1 1 1 0.977739409261886 0.977739409261886 0.955447986680644 0.955447986680644 0.955447986680644 0.888265400505642 1 0.977739409261886 0.910556823086884 0.933156564099402 0.888327064191897 0.843528396127521 0.776160818893754 0.776160818893754 0.932848245668126 0.75695258062527 0.936023925510267 1 0.910957637047543 0.977739409261886 0.977739409261886 0.977739409261886 1 0.977739409261886 1 1 1 0.933033236726892 0.977739409261886 1 1 1 0.955447986680644 0.955447986680644 0.865758155022507 0.798637232533761 0.843220077696245 0.843220077696245 0.865912314238145 0.821267805389406 0.75695258062527 0.798791391749399 1 0.798791391749399 0.738114324474317 0.68082875994327 0.75695258062527 0.776160818893754 0.776160818893754 0.75695258062527 0.977739409261886 0.955540482210027 1
0.977492754516865 0.977492754516865 0.977739409261886 1 1 1 1 1 1 1 1 1 0.955447986680644 0.955447986680644 0.888265400505642 0.977739409261886 0.977739409261886 0.955447986680644 0.955447986680644 0.955447986680644 0.776160818893754 0.932848245668126 0.798637232533761 0.821144478016896 0.75695258062527 0.933156564099402 0.977739409261886 0.910680150459395 1 0.933156564099402 1 0.977739409261886 0.977739409261886 0.977739409261886 1 0.977739409261886 1 1 1 1 0.955232163778751 0.955447986680644 0.955447986680644 0.977400258987482 1 0.977739409261886 0.888450391564408 0.977739409261886 0.977739409261886 0.977739409261886 0.977739409261886 1 1 0.843035086637479 0.738114324474317 0.662175494851082 0.738114324474317 0.75695258062527 0.738114324474317 0.798668064376889 0.977739409261886 0.977739409261886
1 0.888049577603749 0.888450391564408 0.977739409261886 0.977739409261886 1 1 1 1 1 1 1 1 0.977739409261886 0.866158968983166 0.955447986680644 0.977739409261886 0.955447986680644 0.977739409261886 0.955139668249368 0.888265400505642 0.798637232533761 0.821144478016896 0.977369427144355 0.933064068570019 0.977739409261886 0.977739409261886 0.933033236726892 0.977739409261886 0.977739409261886 0.977739409261886 0.977739409261886 0.977739409261886 1 0.955540482210027 1 0.977739409261886 1 1 0.977708577418758 0.932940741197509 0.933249059628785 0.977739409261886 0.977739409261886 1 0.977739409261886 0.821082814330641 1 0.977739409261886 0.955139668249368 0.932755750138743 1 0.977400258987482 0.977400258987482 0.977369427144355 0.658537337362028 0.562588641548992 0.660387247949683 0.662175494851082 0.662175494851082 0.738114324474317 0.798791391749399
1 0.955417154837516 0.933033236726892 0.955232163778751 0.977492754516865 0.977616081889375 1 1 0.977739409261886 1 1 1 0.977739409261886 0.955447986680644 0.843528396127521 0.955447986680644 1 0.977739409261886 0.977739409261886 0.977739409261886 0.843559227970648 0.888327064191897 0.977739409261886 1 0.910587654930012 0.955447986680644 0.977739409261886 0.977739409261886 0.977739409261886 0.977739409261886 0.977739409261886 1 1 1 0.977801072948141 1 1 1 1 1 0.843220077696245 0.977739409261886 0.977739409261886 0.798791391749399 0.977739409261886 0.776160818893754 0.75695258062527 0.776160818893754 0.955139668249368 1 1 0.977400258987482 0.977400258987482 0.977369427144355 0.604365788986866 0.63886662144663 0.605876549300117 0.0948695813035703 0.228032311771598 0.422612073749769 0.523987173953259 0.6032866744774
1 0.821236973546279 0.955293827465006 0.933094900413147 0.955232163778751 0.910834309675033 0.977739409261886 1 1 1 1 1 1 0.955447986680644 0.86572732317938 0.91086514151816 1 1 1 0.955447986680644 0.977708577418758 0.977739409261886 1 0.977739409261886 1 1 0.977739409261886 0.977739409261886 0.932755750138743 0.977739409261886 1 1 1 1 1 0.977739409261886 1 1 1 0.955447986680644 0.910649318616267 1 1 0.75695258062527 0.520472343836715 0.718721095147068 0.662175494851082 0.68082875994327 0.738114324474317 0.738114324474317 0.776160818893754 0.977369427144355 0.954769686131837 0.682432015785904 0.227754825183449 0.246778072393168 0.170962570142443 0.114077819572054 0.0568539187272615 0.0377690078312882 0.0377690078312882 0
