data-raw/DATASET_PNE_1/DATASET_PNE/a_DATA/PFGS/ENVSUIT_A1B/HS_f90_C2_VaccUli.asc
NCOLS 619 
NROWS 782 
XLLCORNER 876826 
YLLCORNER 1947424 
CELLSIZE 100 
NODATA_value -9999 
[rows 450 to 474 of 782, columns 342 to 398 of 619]
0 0 0 0 0 0 0 0 0 0 0.0212236222863215 0 0.106968270836496 0.260907848793077 0.604098982844998 0.604098982844998 0.604098982844998 0.604098982844998 0.604098982844998 0.623743737665098 0.682769090633065 0.643297403977532 0.561196295734022 0.58251100652801 0.582784272051009 0.604098982844998 0.623743737665098 0.623743737665098 0.604098982844998 0.580749962046455 0.582784272051009 0.604098982844998 0.561196295734022 0.539547593745256 0.496705632306057 0.582875360558676 0.582419918020343 0.604098982844998 0.604098982844998 0.561165932898133 0.498618490967056 0.040807651434644 0.215636860482769 0.539942310611811 0.68316380749962 1 1 1 0.935144982541369 0.93538788522848 0.978685289206012 1 0.806558372551996 0.827781994838318 0.880248975254289 1 1
0 0 0 0 0 0 0 0 0 0 0.021587976316988 0.264855017458631 0.443995749202976 0.604098982844998 0.604098982844998 0.682769090633065 0.604098982844998 0.561105207226355 0.600394716866555 0.820677091240322 0.781539395779566 0.623743737665098 0.604098982844998 0.604098982844998 0.623743737665098 0.623743737665098 0.623743737665098 0.60215576134811 0.623743737665098 0.643297403977532 0.580810687718233 0.60242902687111 0.604098982844998 0.582480643692121 0.604098982844998 0.582875360558676 0.582419918020343 0.604098982844998 0.604098982844998 0.235099438287536 0.0995293760437225 0.040807651434644 0.194048884165781 0.432336420221649 0.623743737665098 1 1 1 0.957066950053135 0.978442386518901 0.913951723090937 0.892545923789282 1 0.785243661758008 0.785243661758008 1 1
0 0 0 0 0 0 0 0 0.0857142857142857 0.0857142857142857 0.128647335661151 0.498831030818278 0.604098982844998 0.604098982844998 0.623652649157431 0.741369363898588 0.742492788826476 0.862091999392743 0.920722635494155 0.980142705328678 0.643297403977532 0.842477607408532 0.623743737665098 0.623743737665098 0.722331865796265 0.722331865796265 0.782450280856232 0.643297403977532 0.643297403977532 0.641384545316532 0.658114467891301 0.600394716866555 0.60242902687111 0.60242902687111 0.682769090633065 0.623743737665098 0.643297403977532 0.60242902687111 0.604098982844998 0.561165932898133 0.194048884165781 0.021587976316988 0.177076058903902 0.389342644603006 0.643297403977532 1 1 0.957066950053135 0.957127675724913 1 0.871018673144072 0.892545923789282 0.806558372551996 0.978442386518901 1 1 0.940215576134811
0 0 0 0 0 0 0 0.0857142857142857 0.0857142857142857 0.0430848641263094 0.401275239107333 0.560862304539244 0.604098982844998 0.604098982844998 0.662972521633521 0.742492788826476 0.960255047821467 0.980142705328678 1 1 0.800880522240777 0.860786397449522 0.700774252315166 0.9407924700167 0.9407924700167 1 0.978442386518901 0.978442386518901 0.939092151206923 0.880886594807955 0.93727038105359 1 0.821739790496432 0.761044481554577 0.702596022468499 0.600394716866555 0.880097161074844 0.702504933960832 0.623743737665098 0.604098982844998 0.194048884165781 0.040807651434644 0.0835888872020647 0.623743737665098 0.660057689388189 0.921481706391377 1 1 0.978442386518901 1 0.806558372551996 0.914316077121603 0.870593593441627 1 1 0.980173068164567 0.978442386518901
0 0 0 0 0 0 0.0212236222863215 0.0857142857142857 0.0644906634279642 0.21238803704266 0.365902535296797 0.408805222407773 0.604098982844998 0.604098982844998 0.682769090633065 0.862091999392743 0.9601639593138 0.761287384241688 0.978442386518901 0.978442386518901 0.913830271747381 0.894337331106725 0.812813116745104 0.894337331106725 0.814574161226658 0.937331106725368 1 1 0.935509336572036 0.870684681949294 0.89233338393806 0.978442386518901 1 0.980507059359344 0.742371337482921 0.738788522848034 0.980142705328678 0.535873690602702 0.643297403977532 0.582784272051009 0.475482010019736 0.496705632306057 0.496705632306057 0.702504933960832 0.578776377713678 0.662972521633521 0.940610293001366 1 1 1 0.871079398815849 0.978442386518901 1 1 0.940276301806589 1 1
0 0 0 0 0 0.0216183391528769 0.107028996508274 0.171519659936238 0.169060270229239 0.251829360862305 0.233976013359648 0.387490511613785 0.604098982844998 0.604098982844998 0.623743737665098 0.940276301806589 0.9407924700167 1 0.978442386518901 0.935509336572036 0.935509336572036 1 0.935509336572036 0.935509336572036 0.957127675724913 0.935509336572036 0.978685289206012 0.978442386518901 0.957127675724913 0.957127675724913 0.914012448762714 0.957127675724913 0.957127675724913 0.978442386518901 0.956824047366024 0.980507059359344 0.821648701988766 0.980142705328678 0.62207378169121 0.60242902687111 0.496705632306057 0.561560649764688 0.68128131167451 0.722392591468043 0.5593441627448 0.495035676332169 0.860816760285411 1 0.978685289206012 1 1 1 1 0.979899802641567 0.880248975254289 1 1
0 0 0 0 0.0431152269621983 0.0430241384545316 0.251768635190527 0.42826780021254 0.387217246090785 0.210718081068772 0.408805222407773 0.387490511613785 0.604098982844998 0.604098982844998 0.496250189767724 0.623743737665098 0.643297403977532 0.800880522240777 1 0.935509336572036 0.978685289206012 0.935630787915591 0.978685289206012 0.957127675724913 0.978685289206012 0.95667223318658 1 1 1 1 0.978320935175345 0.95667223318658 1 0.978685289206012 0.978685289206012 0.978685289206012 0.937331106725368 1 0.802337938363443 0.578776377713678 0.516320024290269 0.537877637771368 0.494671322301503 0.47347806285107 0.25598906937908 0.0644299377561864 0.682860179140732 1 0.93538788522848 0.978381660847123 0.860543494762411 1 0.979899802641567 0.721997874601488 0.761165932898133 1 1
0 0 0 0.0430241384545316 0.12867769849704 0.368058296644907 0.408805222407773 0.447700015181418 0.42826780021254 0.467101867314407 0.604098982844998 0.497312889023835 0.604098982844998 0.496614543798391 0.582784272051009 0.623743737665098 0.643297403977532 0.741976620616366 0.956824047366024 0.935509336572036 0.87132230150296 1 1 1 1 1 1 1 1 1 1 1 1 1 0.957127675724913 0.957127675724913 0.978685289206012 0.956824047366024 0.901442234704721 0.66163655685441 0.621679064824655 0.540033399119478 0.410657355396994 0.453742219523303 0.25598906937908 0.0644299377561864 0.643297403977532 0.940610293001366 0.95746166691969 0.800698345225444 0.839593137999089 0.819553666312434 0.800698345225444 0.800698345225444 0.800455442538333 0.960042507970244 0.978442386518901
0 0 0.149840595111583 0.230180658873539 0.233976013359648 0.389706998633672 0.447700015181418 0.565143464399575 0.582480643692121 0.582480643692121 0.518050705935934 0.560831941703355 0.582875360558676 0.580810687718233 0.623743737665098 0.682769090633065 0.739911947775922 0.798087141339001 0.935448610900258 1 0.870988310308183 1 1 0.978594200698345 0.978594200698345 1 1 0.978594200698345 0.978594200698345 0.978594200698345 0.956915135873691 1 0.978594200698345 1 1 0.95667223318658 1 0.957066950053135 0.958888720206467 0.841505996660088 0.643297403977532 0.43230605738576 0.294640959465614 0.0213147107939882 0.0213147107939882 0.219310763625323 0.623743737665098 0.741976620616366 0.7399726734477 0.702596022468499 0.761530286928799 0.682860179140732 0.741733717929254 0.781387581600121 0.800698345225444 1 0.978685289206012
0 0 0.0642477607408532 0.408805222407773 0.389706998633672 0.408805222407773 0.42826780021254 0.561074844390466 0.539669045088811 0.453529679672081 0.561105207226355 0.496250189767724 0.662972521633521 0.801123424927888 1 1 0.855776529527858 0.880582966449066 0.860543494762411 1 0.956945498709579 1 1 0.914103537270381 0.978594200698345 1 0.978594200698345 0.957006224381357 0.935782602095036 0.935327159556703 0.978594200698345 0.935782602095036 0.935327159556703 0.957006224381357 0.957006224381357 1 0.978320935175345 0.935509336572036 0.957066950053135 1 0.940610293001366 0.623743737665098 0.475573098527402 0.060270229239411 0.0213147107939882 0.10147259754061 0.516654015485046 0.643297403977532 0.682860179140732 0.682860179140732 0.559101260057689 0.623743737665098 0.682860179140732 0.702596022468499 0.6807651434644 0.800698345225444 1
0 0.149840595111583 0.214756338241992 0.408805222407773 0.408805222407773 0.604098982844998 0.604098982844998 0.582419918020343 0.604098982844998 0.604098982844998 0.496250189767724 0.561165932898133 0.643297403977532 0.980142705328678 1 1 0.957127675724913 0.957066950053135 0.979899802641567 0.978685289206012 0.978320935175345 1 0.956915135873691 0.978594200698345 1 0.978594200698345 0.956915135873691 0.957006224381357 0.957006224381357 0.957006224381357 0.957006224381357 1 1 1 0.957006224381357 1 1 0.935691513587369 1 1 1 0.900743889479277 0.682860179140732 0.602520115378776 0.128890238348262 0.042933049946865 0.420525277060877 0.516654015485046 0.53620768179748 0.537877637771368 0.171792925459238 0.171792925459238 0.602337938363443 0.682860179140732 0.641293456808866 0.721997874601488 0.800698345225444
0.0216183391528769 0.12867769849704 0.233976013359648 0.42826780021254 0.604098982844998 0.604098982844998 0.604098982844998 0.580871413390011 0.623743737665098 0.60242902687111 0.60242902687111 0.580810687718233 0.623743737665098 0.9407924700167 1 0.914012448762714 1 1 1 0.978320935175345 1 0.957006224381357 0.978594200698345 1 1 0.957006224381357 0.978594200698345 1 1 1 1 1 1 1 1 1 1 1 0.957127675724913 0.914012448762714 1 0.900743889479277 0.900743889479277 0.821648701988766 0.643297403977532 0.581114316077121 0.559435251252467 0.682860179140732 0.699195384848945 0.702596022468499 0.559101260057689 0.128981326855928 0.424654622741764 0.623743737665098 0.621618339152877 0.741794443601032 0.840564748747533
0 0.193168361925004 0.408805222407773 0.584788219219675 0.604098982844998 0.604098982844998 0.604098982844998 0.643297403977532 0.702596022468499 0.662972521633521 0.643297403977532 0.623743737665098 0.643297403977532 0.879186275998178 1 1 0.913496280552604 0.892576286625171 0.957158038560802 1 1 0.978594200698345 0.978594200698345 0.871170487323516 0.914164262942159 0.935691513587369 0.956915135873691 1 1 1 0.957218764232579 0.914376802793381 0.892879914984059 0.892879914984059 1 1 1 1 0.935721876423258 1 0.978685289206012 0.978685289206012 0.957066950053135 0.978381660847123 0.980507059359344 0.980507059359344 0.918991953848489 0.839593137999089 0.817974798846212 0.761530286928799 0.702596022468499 0.602186124183999 0.602337938363443 0.623743737665098 0.621618339152877 0.721997874601488 1
0 0.150174586306361 0.408805222407773 0.584788219219675 0.604098982844998 0.497039623500835 0.60242902687111 0.722635494155154 0.921481706391377 0.722544405647487 0.643297403977532 0.643297403977532 0.722180051616821 0.839259146804312 0.914012448762714 1 1 1 1 1 0.978594200698345 0.956945498709579 0.785243661758008 0.914164262942159 0.957006224381357 0.957006224381357 0.957006224381357 1 1 0.806558372551996 0.871474115682405 1 1 1 1 1 1 1 0.978685289206012 1 0.935509336572036 0.914012448762714 0.93538788522848 0.957066950053135 0.957066950053135 0.93538788522848 1 0.957066950053135 0.978381660847123 0.840564748747533 0.781387581600121 0.761530286928799 0.741794443601032 0.721997874601488 0.721997874601488 0.741794443601032 1
0.149840595111583 0.150174586306361 0.408805222407773 0.604098982844998 0.582480643692121 0.582419918020343 0.742492788826476 0.901229694853499 0.762016092303021 0.643297403977532 0.939092151206923 0.93727038105359 0.7792621830879 0.819219675117656 0.957127675724913 0.871261575831183 1 1 0.978594200698345 0.978594200698345 0.806892363746774 0.95718840139669 0.849612873842417 0.913769546075603 0.957006224381357 0.957006224381357 0.935448610900258 1 0.978442386518901 1 1 0.979899802641567 0.979899802641567 0.840564748747533 1 0.957066950053135 0.978685289206012 0.957066950053135 0.957066950053135 0.957066950053135 1 1 0.979899802641567 0.809807195992106 1 1 1 0.892515560953393 0.89260664946106 0.773493244269015 0.672051009564293 0.808046151510551 0.95718840139669 0.978381660847123 0.880582966449066 1 1
0.193077273417337 0.214756338241992 0.604098982844998 0.604098982844998 0.540033399119478 0.539486868073478 0.643570669500531 0.861332928495521 0.939335053894034 0.894337331106725 0.937634735084257 0.937331106725368 0.840777288598755 0.880582966449066 0.957066950053135 1 1 0.978594200698345 1 1 0.914558979808714 0.785243661758008 0.935782602095036 0.978594200698345 1 0.956854410201913 0.935448610900258 0.95718840139669 1 1 0.960042507970244 0.960042507970244 0.800698345225444 0.761530286928799 0.819553666312434 0.980507059359344 1 0.956702596022468 0.958888720206467 0.957066950053135 0.957066950053135 0.828146348868984 0.785243661758008 0.870988310308183 0.789980264156672 1 0.978685289206012 1 1 0.979899802641567 0.960042507970244 1 1 0.957066950053135 1 1 1
0.214756338241992 0.408805222407773 0.604098982844998 0.604098982844998 0.518263245787156 0.474753301958403 0.643297403977532 0.920813724001822 0.894306968270836 0.876119629573402 0.780841050554122 0.879186275998178 0.860543494762411 0.960133596477911 0.957066950053135 1 1 1 0.978594200698345 0.978412023683012 0.95718840139669 0.978412023683012 0.914224988613936 0.978685289206012 1 0.956854410201913 0.893092454835282 1 1 1 0.840564748747533 0.800698345225444 0.761530286928799 0.761530286928799 0.821648701988766 0.921360255047821 0.980507059359344 0.980507059359344 0.70982237741005 1 0.937574009412479 0.665887353878852 0.708607863974495 0.625808410505541 0.786883254896007 0.828510702899651 1 0.900288446940944 1 0.940306664642478 0.980173068164567 0.978442386518901 0.957218764232579 1 1 1 1
0.214756338241992 0.408805222407773 0.604098982844998 0.51817215727949 0.453802945195081 0.623743737665098 0.74291786852892 0.9407924700167 0.915955670259602 0.935509336572036 0.900440261120389 0.880582966449066 0.978381660847123 1 1 1 1 0.978594200698345 1 0.978412023683012 0.978412023683012 0.95718840139669 0.95718840139669 0.914316077121603 1 0.935964779110369 0.871686655533627 0.958585091847579 1 0.95718840139669 0.860543494762411 0.761530286928799 0.722392591468043 0.802337938363443 0.720904812509488 0.448216183391529 0.408987399423106 0.42854106573554 0.57737968726279 0.794231061181114 0.921360255047821 0.63309549111887 0.609807195992106 0.585942006983452 0.765204190071353 0.89260664946106 0.978442386518901 0.935721876423258 1 0.920540458478822 1 1 0.957370578412024 0.978594200698345 0.978594200698345 1 1
0.389706998633672 0.42826780021254 0.604098982844998 0.258782450280856 0.582419918020343 0.60242902687111 0.762714437528465 0.741976620616366 0.875724912706847 0.935509336572036 0.935509336572036 0.935509336572036 0.957066950053135 1 0.979899802641567 0.978776377713678 1 1 1 0.892485198117504 1 0.978412023683012 0.95718840139669 0.935570062243813 1 1 0.935995141946258 0.980173068164567 0.978594200698345 0.80646728404433 0.799453468954 0.682860179140732 0.643297403977532 0.578776377713678 0.408987399423106 0.330499468650372 0.214027630180659 0.311310156368605 0.408987399423106 0.555761348109913 0.657810839532412 0.554061029300137 0.613086382268104 0.56663124335813 0.646060422043419 0.870957947472294 0.957127675724913 0.828237437376651 -9999 0.785243661758008 1 0.828298163048429 0.935418248064369 1 1 1 1
0.171762562623349 0.233976013359648 0.42826780021254 0.604098982844998 0.582875360558676 0.623743737665098 0.702596022468499 0.662972521633521 0.695491118870502 0.754880825869136 0.876119629573402 0.720419007135266 0.840564748747533 1 1 1 1 1 0.978594200698345 0.978594200698345 0.978594200698345 0.935570062243813 1 1 1 1 1 1 0.914224988613936 0.95855472901169 0.60592075299833 0.489600728708061 0.602520115378776 0.496857446485502 0.516320024290269 0.0197054804918779 0 0.0197054804918779 0.272810080461515 0.408987399423106 0.42854106573554 0.448216183391529 0.46971307120085 0.648307271899195 0.646060422043419 0.978503112190679 0.935509336572036 -9999 -9999 -9999 0.956945498709579 0.785243661758008 0.785243661758008 0.978594200698345 1 1 1
0.214756338241992 0.214756338241992 0.408805222407773 0.447669652345529 0.518354334294823 0.518263245787156 0.70283892515561 0.643297403977532 0.623743737665098 0.722392591468043 0.643297403977532 0.580780324882344 0.661181114316077 0.880582966449066 0.957066950053135 0.978685289206012 1 1 1 1 0.978594200698345 0.978594200698345 0.914042811598603 0.828055260361318 1 1 0.95718840139669 0.935539699407925 0.849369971155306 0.89260664946106 0.765204190071353 0.489691817215728 0.42854106573554 0.389251556095339 0.408987399423106 0.194777592227114 0 0 0.0197054804918779 0.389342644603006 0.408987399423106 0.389251556095339 0.512676483983604 0.59353271595567 0.689297100349173 0.849461059662972 0.978685289206012 -9999 -9999 -9999 0.978442386518901 0.785243661758008 0.828449977227873 1 1 0.956975861545468 1
0.193441627448004 0.128586609989373 0.253711856687415 0.387490511613785 0.582480643692121 0.539942310611811 0.662972521633521 0.840564748747533 0.722331865796265 0.643297403977532 0.643297403977532 0.600333991194777 0.761530286928799 0.978381660847123 0.957066950053135 1 1 0.978442386518901 0.935721876423258 0.957097312889024 1 0.978594200698345 0.957370578412024 1 1 0.978776377713678 0.95718840139669 0.913708820403826 0.957127675724913 1 0.870897221800516 0.546773948686807 0.46810384089874 0.408987399423106 0.408987399423106 0.252831334446637 0.214240170031881 0.17145893426446 0 0.272263549415515 0.330499468650372 0.408987399423106 0.408987399423106 0.554061029300137 0.707575527554274 0.892697737968726 0.978381660847123 -9999 -9999 -9999 1 0.956763321694246 0.935782602095036 0.978594200698345 1 0.956975861545468 1
0.0430848641263094 0.214756338241992 0.389706998633672 0.408805222407773 0.582480643692121 0.582480643692121 0.604098982844998 0.682769090633065 0.559222711401245 0.643297403977532 0.682860179140732 0.780841050554122 0.957066950053135 0.93538788522848 0.800698345225444 0.978685289206012 0.957066950053135 0.957066950053135 1 0.957066950053135 0.935509336572036 0.935630787915591 1 0.957127675724913 0.935630787915591 0.914012448762714 0.956945498709579 0.978442386518901 0.935509336572036 0.978442386518901 1 1 1 0.527614999240929 0.430484287232427 0.518263245787156 0.272172460907849 0 0 0.0197054804918779 0 0.369606801275239 0.408987399423106 0.532564141490815 0.777349324426901 0.940610293001366 0.978381660847123 -9999 -9999 -9999 1 0.957097312889024 0.978594200698345 0.978594200698345 1 0.978594200698345 1
0.0430848641263094 0.171489297100349 0.233976013359648 0.408805222407773 0.584788219219675 0.582480643692121 0.475390921512069 0.582419918020343 0.580810687718233 0.643297403977532 0.956793684530135 0.978442386518901 0.839593137999089 0.820677091240322 0.940610293001366 0.879186275998178 0.900743889479277 0.956824047366024 0.956702596022468 0.978381660847123 0.957066950053135 1 1 0.957066950053135 0.978685289206012 0.978685289206012 0.95718840139669 0.978685289206012 0.978685289206012 0.957066950053135 0.935570062243813 0.93538788522848 0.978442386518901 0.980507059359344 0.535812964930924 0.408987399423106 0.273963868225292 0.0197054804918779 0 0 0.0973736146956126 0.408987399423106 0.408987399423106 0.491270684681949 0.548626081676028 0.771944739638682 1 -9999 -9999 1 1 0.849430696827084 1 1 0.978594200698345 0.978594200698345 0.956975861545468
0 0 0.0214968878093214 0.0643084864126309 0.408805222407773 0.404736602398664 0.540033399119478 0.623743737665098 0.643297403977532 0.980142705328678 1 0.741976620616366 0.80160923030211 0.940610293001366 0.901320783361166 0.881463488689844 0.921299529376044 0.940610293001366 0.897737968726279 0.940610293001366 0.879186275998178 0.900743889479277 1 0.900743889479277 0.937574009412479 0.940610293001366 0.817974798846212 0.940610293001366 0.978381660847123 0.957066950053135 1 0.978381660847123 1 0.899954455746167 0.682769090633065 0.539881584940033 0.194777592227114 0.175072111735236 0 0 0.0197054804918779 0.408987399423106 0.578654926370123 0.702596022468499 0.841505996660088 0.796386822529224 1 -9999 -9999 1 1 1 1 0.956975861545468 0.978594200698345 0.978594200698345 0.978594200698345
