data-raw/DATASET_PNE_1/DATASET_PNE/a_DATA/PFGS/ENVSUIT_A1B/HS_f0_H1_alpines.asc
NCOLS 619 
NROWS 782 
XLLCORNER 876826 
YLLCORNER 1947424 
CELLSIZE 100 
NODATA_value -9999 
[rows 140 to 174 of 782, columns 78 to 155 of 619]
1 1 0.98031937850669 0.94159113796576 0.711207020572579 0.626183282980866 0.587541360955258 0.541735002157963 0.373500215796288 0.218213206732844 0.218213206732844 0 0 0 0 0 0 0 0 0 0 0 0 0 0 0 0 0 0 0 0 0 0 0 0 0 0 0 0 0 0 0 0 0.0849661919148324 0.880592720471875 0.961127895266868 1 1 1 1 0.611048769961157 0.511840023018271 0.214904330312185 0.175053949072076 0.0196806214933103 0 0 0.0218673572147892 0 0 0 0 0 0 0 0 0 0 0.0974823766364552 0.116616314199396 0.116616314199396 0.116616314199396 0.0974823766364552 0.0974823766364552 0.0974823766364552 0.0974823766364552 0.0974823766364552 0.0974823766364552
1 1 1 1 0.941965184865487 0.902776578909509 0.94159113796576 0.711552294633866 0.49828801611279 0.196460940871817 0.109164149043303 0 0 0 0 0 0 0 0 0 0 0 0 0 0 0 0 0 0 0 0 0 0 0 0 0 0 0 0 0 0 0 0 0 0.405409293626816 0.839044741763775 0.630412890231621 1 1 0.611048769961157 0.611048769961157 0.551546540066178 0.571601208459214 0.44269889224572 0.136037980146741 0 0 0 0 0 0 0 0 0 0 0 0 0 0.0974823766364552 0.116616314199396 0.116616314199396 0.116616314199396 0.116616314199396 0.0974823766364552 0.0974823766364552 0.0974823766364552 0.0974823766364552 0.0974823766364552
1 1 1 1 1 1 1 1 0.512444252625522 0.256883901596893 0.087584520212919 0 0 0 0 0 0 0 0 0 0 0 0 0 0 0 0 0 0 0 0 0 0 0 0 0 0 0 0 0 0 0 0 0 0 0.126629261976694 0.364177816141562 0.611048769961157 0.785498489425982 0.884131779600058 0.611048769961157 0.611048769961157 0.569730973960581 0.319781326427852 0.175053949072076 0.155287009063444 0.0386706948640483 0 0 0 0 0 0 0 0 0 0 0 0.0974823766364552 0.116616314199396 0.116616314199396 0.116616314199396 0.116616314199396 0.116616314199396 0.0974823766364552 0.0974823766364552 0.0974823766364552 0.0974823766364552
1 1 1 1 1 1 1 1 0.585901309164149 0.296475327291037 0.277772982304704 0 0 0 0 0 0 0 0 0 0 0 0 0 0 0 0 0 0 0 0 0 0 0 0 0 0 0 0 0 0 0 0 0 0 0 0.182160840166882 0.423421090490577 0.688649115235218 0.95899870522227 0.630585527262264 0.611048769961157 0.786937131348007 0.589181412746367 0.214904330312185 0 0.135663933247015 0 0 0 0 0 0 0 0 0 0 0 0.0974823766364552 0.155545964609409 0.116616314199396 0.116616314199396 0.116616314199396 0.116616314199396 0.116616314199396 0.116616314199396 0.0974823766364552 0.0974823766364552
1 1 1 1 1 1 1 0.826010645950223 0.569443245576176 0.469745360379801 0.297626240828658 0 0 0 0 0 0 0 0 0 0 0 0 0 0 0 0 0 0 0 0 0 0 0 0 0 0 0 0 0 0 0 0 0 0 0 0.271759459070637 0.320586965904186 0.549733851244425 0.803510286289743 1 0.689454754711552 0.939433175082722 0.523838296647964 0.273773557761473 0.0192778017551431 0.0969932383829665 0.135663933247015 0 0 0 0 0 0 0 0 0 0 0 0 0.0974823766364552 0.116616314199396 0.116616314199396 0.116616314199396 0.116616314199396 0.116616314199396 0.116616314199396 0.0974823766364552
1 1 1 1 1 1 1 0.884333189469141 0.610933678607395 0.277312616889656 0.258293770680478 0 0 0 0 0 0 0 0 0 0 0 0 0 0 0 0 0 0 0 0.0969932383829665 0 0 0 0 0 0 0 0 0 0 0 0 0 0 0 0.0388433318946914 0.201553733275788 0.38371457344267 0.869198676449432 1 -9999 1 0.640310746655158 0.414559056250899 0.195425118687959 0.116414904330312 0.193583657027766 0 0 0 0 0 0 0 0 0 0 0 0 0 0.0974823766364552 0.155545964609409 0.116616314199396 0.13598043446986 0.13598043446986 0.116616314199396 0.116616314199396
1 1 1 1 1 1 1 0.978391598331175 0.5393468565674 0.431995396345849 0.27305423680046 0.0193641202704647 0 0 0 0 0 0 0 0 0 0 0 0 0 0 0 0 0 0 0.193583657027766 0 0 0 0 0 0 0 0 0 0 0 0 0 0 0 0.0388433318946914 0.206646525679758 0.364321680333765 0.487526974536038 1 1 1 1 0.523895842324845 0.392835563228312 0.357962883038412 0.155287009063444 0.193583657027766 0.174420946626385 0 0 0 0 0 0 0 0 0 0 0 0 0.0974823766364552 0.116616314199396 0.155545964609409 0.155545964609409 0.13598043446986 0.116616314199396
1 1 1 1 1 1 1 0.98031937850669 0.800431592576608 0.531635735865343 0.23429722342109 0 0 0 0 0 0 0 0 0 0 0 0 0 0 0 0 0 0 0.174420946626385 0.193583657027766 0 0.0193641202704647 0 0 0 0 0 0 0 0 0 0 0 0 0 0.104243993669976 0.254812257229176 0.310602790965329 0.361962307581643 0.669371313480075 0.862178103869947 1 1 1 0.589440368292332 0.658149906488275 0.437404689972666 0.155287009063444 0.0193641202704647 0 0 0 0 0 0 0 0 0 0 0 0 0 0.0974823766364552 0.116616314199396 0.155545964609409 0.155545964609409 0.116616314199396
1 1 1 1 1 1 1 0.98031937850669 0.723349158394476 0.531002733419652 0.214933103150626 0 0 0 0 0 0 0 0 0 0 0 0 0 0 0 0 0 0 0.0969932383829665 0.193583657027766 0 0.0969932383829665 0 0 0 0 0 0 0 0 0 0 0 0 0 0.0850812832685944 0.213379369874838 0.274349014530283 0.373730398503812 0.529679182851388 0.78653431160984 1 1 1 1 0.462609696446554 0.63654150481945 0.480765357502518 0.0969932383829665 0 0 0 0 0 0 0 0 0 0 0 0 0 0 0.0974823766364552 0.21406991799741 0.155545964609409 0.116616314199396
1 1 1 1 1 1 1 0.98031937850669 0.743001007049345 0.473226873831103 0.214933103150626 0.109164149043303 0 0 0 0 0 0 0 0 0 0 0 0 0 0 0 0 0 0.193583657027766 0.193583657027766 0.283901596892533 0.116242267299669 0.038929650410013 0 0 0 0 0 0 0 0 0 0 0 0 0 0 0.121565242411164 0.301222845633722 0.321680333764926 0.571601208459214 0.591339375629406 1 1 1 1 0.920011509135376 0.839361242986621 0.480765357502518 0.160207164436772 0 0 0 0 0 0 0 0 0 0 0 0 0 0 0 0.0974823766364552 0.116616314199396
1 1 1 1 1 1 1 0.98031937850669 0.684448280822903 0.550683354912962 0.255905625089915 0.109164149043303 0 0 0 0 0 0 0 0 0 0 0 0 0 0 0 0 0 0.174420946626385 0.213120414328874 0.208890807078118 0.295899870522227 0.310631563803769 0.0582362250035966 0.0193641202704647 0 0.0193641202704647 0.0969932383829665 0 0 0 0 0 0 0 0 0 0 0.0826068191627104 0.157790246007769 0.299784203711696 0.549733851244425 0.611048769961157 1 1 1 1 1 0.922140699179974 0.5011365271184 0.189095094231046 0 0 0 0 0 0 0 0 0 0 0 0 0 0 0 0.0974823766364552
1 1 1 1 1 1 0.98031937850669 0.961127895266868 0.645720040281974 0.336066752985182 0.277772982304704 0.174651129333909 0 0 0 0 0 0 0 0 0 0 0 0 0 0 -9999 0 0 0.0969932383829665 0.193583657027766 0.155287009063444 0.645403539059128 0.373471442957848 0.346367429146885 0.368177240684794 0.373500215796288 0.348956984606531 0.308300963890088 0.0193641202704647 0.155287009063444 0 0 0 0 0 0 0 0.041404114515897 0.106804776291181 0.116501222845634 0.196978851963746 0.343432599625953 0.571601208459214 0.980750971083297 0.980290605668249 1 1 1 1 0.882980866062437 0.460480506401957 0.206646525679758 0.104330312185297 0 0 0 0 0 0 0 0 0 0 0 0 0 0.0585239533880017
1 1 1 1 1 0.961127895266868 0.961127895266868 0.684448280822903 0.469716587541361 0.296935692706085 0.218213206732844 0 0 0 0 0 0 0 0 0 0 0 0 0 0 0 0 -9999 0 0.0193641202704647 0.193583657027766 0.193583657027766 0.374478492303266 0.665429434613725 0.490001438641922 0.649201553733276 0.668076535750252 0.508876420658898 0.56742914688534 0.412142137821896 0.28088044885628 0.0193641202704647 0 0 0 0 0 0 0 0.0824629549705078 0.145590562508992 0.203625377643505 0.303438354193641 0.446410588404546 0.921939289310891 0.980290605668249 0.93710257516904 1 1 1 1 0.760753848367141 0.415537332757877 0.286721335059704 0.0778593008200259 0 0 0 0 0 0 0 0 0 0 0 0 0
1 1 1 1 1 1 0.961127895266868 0.805754567688102 0.43147748525392 0.0629837433462811 0 0 0 0 0 0 0 0 0 0.0196806214933103 0 0 0 0 0 0 0 0 0 0 0.193583657027766 0.193583657027766 0.373931808372896 0.74605092792404 1 0.762681628542656 0.743029779887786 0.723751978132643 0.782362250035966 0.547921162422673 0.41179686376061 0.227880880448856 0 0 0 0 0 0.0196806214933103 0.0196806214933103 0.085167601783916 0.145590562508992 0.184347575888361 0.332211192634153 0.343432599625953 0.610876132930514 0.591339375629406 0.571601208459214 1 1 1 1 1 0.714976262408286 0.381153790821464 0.158193065745936 0.162998129765501 0 0 0 0 0 0 0 0 0 0 0 0
1 1 1 1 1 1 0.649949647532729 0.143864192202561 0.104100129477773 0.0849374190763919 0 0 0 0 0 0 0 0 0 0.0196806214933103 0 0 0 0 0 0 0 0 -9999 0 0.0583800891957992 0.174420946626385 0.412717594590706 0.785268306718458 0.94159113796576 0.940900589843188 0.895295640914976 0.862437059415911 0.841173931808373 0.762681628542656 0.548065026614876 0.41179686376061 0.215767515465401 0 0 0.0193641202704647 0 0 0.0196806214933103 0.0196806214933103 0.271788231909078 0.271788231909078 0.310372608257805 0.216170335203568 0.766335779024601 0.591339375629406 0.486117105452453 0.611048769961157 0.956150194216659 1 1 1 0.934570565386275 0.734426701194073 0.446410588404546 0.306373183714573 0.0824341821320673 0 0 0 0 0 0 0 0 0 0 0
1 1 1 1 0.98031937850669 0.961127895266868 0.922399654725939 0.101625665371889 0.0630700618616026 0.0218385843763487 0 0 0 0 0 0 0 0 0 0.0196806214933103 0 0 0 0 0 0 0 0 0 -9999 0.038929650410013 0.0193641202704647 0.038929650410013 0.629175658178679 0.843964897137103 0.821982448568551 1 1 1 0.98034815134513 0.782765069774133 0.545331606963027 0.509020284851101 0.308070781182564 0.193900158250611 0.0386706948640483 0 0.0196806214933103 0 0.116702632714717 0.271788231909078 0.271788231909078 0.245029492159402 0.259818731117825 0.601582506114228 0.766997554308733 0.50617177384549 0.611048769961157 0.956150194216659 1 1 1 1 0.980578334052654 0.486260969644655 0.424514458351316 0.247417637749964 0 0 0 0 0 0 0 0 0 0 0
1 1 1 1 1 1 1 0.123464249748238 0.0849374190763919 0.106977413321824 0 0 0 0 0 0 0 0 0 0.0196806214933103 0 0 0 0 0 0.0583225435189181 0 0 0 0 -9999 0 0 0.431276075384837 0.824687095381959 0.801899007337074 1 1 1 1 1 0.941360955258236 0.823277226298374 0.567314055531578 0.469860451733564 0.324528844770537 0.0193641202704647 0.0631563803769242 0.0217234930225867 0.264767659329593 0.271788231909078 0.206387570133794 0.288562796719896 0.410703495899871 0.591339375629406 0.825463962019853 0.527924039706517 0.611048769961157 0.912616889656164 1 1 1 1 0.978190188462092 0.50617177384549 0.402906056682492 0.221378218961301 0.0972234210904906 0 0 0 0 0 0 0 0 0 0
1 1 1 1 1 1 1 0.493022586678176 0.121191195511437 0.213436915551719 0.0630700618616026 0 0 0 0 0 0 0 0 0.0196806214933103 0 0 0 0 0 0.0583225435189181 0.0583225435189181 0 0 0 -9999 0 0 0.47135663933247 0.824543231189757 0.801899007337074 1 1 1 1 1 1 0.95842324845346 0.920845921450151 0.743288735433751 0.469860451733564 0.18429003021148 0 0.0217234930225867 0.189497913969213 0.145590562508992 0.368810243130485 0.266954395051072 0.390620054668393 0.551747949935261 0.980607106891095 0.547662206876708 0.611048769961157 0.825348870666091 0.978190188462092 1 1 1 0.630412890231621 0.549791396921306 0.571601208459214 0.551546540066178 0.345043878578622 0.228254927348583 0 0 0 0 0 0 0 0 0
1 1 1 1 1 1 1 0.571198388721047 0.256855128758452 0.256855128758452 0.0634153359228888 0 0 0 0 0 0 0 0 0.0196806214933103 0 0 0 0 -9999 0.0583225435189181 0.0386419220256078 0.125881168177241 0 0 -9999 0 0.211019997122716 0.41179686376061 0.645748813120414 0.841173931808373 1 1 1 1 1 1 1 1 0.821752265861027 0.567198964177816 0.262178103869947 0.0193641202704647 0.0631563803769242 0.465371888936844 0.249748237663645 0.368810243130485 0.216170335203568 0.216170335203568 0.529736728528269 0.649892101855848 0.961041576751547 0.978391598331175 0.978190188462092 1 1 1 1 0.78708099554021 0.611048769961157 0.611048769961157 0.589238958423248 0.486692562221263 0.221378218961301 0.0994677024888505 0 0 0 0 0 0 0 0
1 1 1 1 1 1 0.92303265717163 0.727952812544957 0.67921162422673 0.468910948065027 0.0827219105164724 0.0581211336498346 0 0 0 0 0 0 0.0196806214933103 0.0196806214933103 0 0 0 0 0 0.0583225435189181 0.257056538627536 0.186793267155805 0 0 0 0 0.215767515465401 0.431276075384837 0.626096964465545 0.841173931808373 1 1 1 1 1 1 1 1 0.841173931808373 0.567198964177816 0.262178103869947 0.0193641202704647 0.167457919723781 0.543029779887786 0.116501222845634 0.216170335203568 0.216170335203568 0.175053949072076 0.468162854265573 0.569270608545533 0.939433175082722 0.84721622788088 0.978190188462092 1 1 1 1 0.961617033520357 0.630412890231621 0.611048769961157 0.611048769961157 0.50617177384549 0.468162854265573 0.487872248597324 0.310516472450007 0 0 0 0 0 0 0
1 1 1 1 1 1 0.92303265717163 0.956495468277946 0.815508559919436 0.5426845058265 0.235275499928068 0.0581211336498346 0 0 0 0 0 0 0.0196806214933103 0.0388145590562509 0 0 0 0 0 0.0583225435189181 0.189584232484535 0.529477772982305 0.232311897568695 0.123723205294202 0.179686376060998 -9999 0.276219249028917 0.470579772694576 0.645576176089771 0.841173931808373 1 1 1 1 1 1 1 1 0.782793842612574 0.606387570133794 0.410012947777298 0.104416630700619 0.344123147748525 0.308157099697885 0.157790246007769 0.216170335203568 0.216170335203568 0.531894691411308 0.446410588404546 0.844338944036829 0.978391598331175 0.86911235793411 0.978190188462092 1 1 1 1 1 1 1 1 0.611048769961157 0.611048769961157 0.591339375629406 0.371112070205726 0.169961156668105 0 0 0 0 0 0
1 1 0.978161415623651 1 1 1 1 0.956495468277946 1 0.644281398359948 0.332872967918285 0.0194504387857862 0 0 0 0 0 0 0.0196806214933103 0.0196806214933103 0 0 0 0 0 0.0583225435189181 0.186706948640483 0.471385412170911 0.472392461516329 0.431276075384837 0.41179686376061 0.315091353762049 0.354395051071788 0.489742483095957 0.723694432455762 0.98034815134513 1 1 1 1 1 1 1 1 0.782362250035966 0.43878578621781 0.385210761041577 0.354078549848943 0.274291468853402 0.392950654582075 0.157790246007769 0.216170335203568 0.727492447129909 0.549733851244425 0.701078981441519 0.934426701194073 0.956150194216659 0.86908358509567 1 1 1 1 1 1 1 1 1 1 0.883815278377212 0.591339375629406 0.468220399942454 0.25000719320961 0.12642785210761 0.0217522658610272 0 0 0 0
1 1 1 1 1 1 1 1 1 0.64215220831535 0.235102862897425 0 0 0 0 0 0 0 0 0.0196806214933103 0 0 0 0 0 0.0386419220256078 0.315091353762049 0.471385412170911 0.823996547259387 0.685771831391167 0.490058984318803 0.450956696878147 0.432196806214933 0.645288447705366 0.781988203136239 0.98034815134513 1 0.978391598331175 1 1 1 1 1 1 0.697137102575169 0.482203999424543 0.509020284851101 0.470694864048338 0.332211192634153 0.548496619191483 0.177442094662638 0.688246295497051 1 0.824888505251043 0.803510286289743 0.912789526686808 1 0.978190188462092 1 1 1 1 1 1 1 1 1 1 1 1 0.509624514458351 0.286145878290893 0.228254927348583 0.0437347144295785 0 0 0 0
1 1 1 1 1 1 1 0.92303265717163 1 0.552409725219393 0.344180693425406 0.0630700618616026 0 0 0 0 0 0 0 0.0196806214933103 0 0 0 0 0.0386419220256078 0.104071356639332 0.451359516616314 0.626672421234355 0.881714861171054 0.960523665659617 0.684966191914832 0.765415048194504 0.843303121852971 0.801409869083585 0.782391022874407 1 1 1 1 1 1 1 1 1 0.658351316357359 0.545734426701194 0.547662206876708 0.548582937706805 0.412314774852539 0.390648827506833 0.368982880161128 0.452136383254208 0.920011509135376 0.941303409581355 0.84721622788088 0.803510286289743 1 0.956581786793267 1 1 1 1 1 1 1 1 1 1 0.961358077974392 1 1 0.468220399942454 0.286145878290893 0.106977413321824 0 0 0 0
1 1 1 1 1 1 0.980837289598619 0.961588260681916 0.97810386994677 0.530686232196806 0.274003740468997 0.0849374190763919 0 0 0 0 0 0 0 0 0 0 0 0 0.12360811394044 0.237692418357071 0.509164149043303 0.88315350309308 0.801409869083585 0.88088044885628 0.801409869083585 1 1 0.841173931808373 0.98034815134513 1 1 1 1 1 1 1 1 1 0.958480794130341 0.540612861458783 0.586908358509567 0.568033376492591 0.568033376492591 0.412458639044742 0.390591281829953 0.841432887354337 0.938685081283269 0.934714429578478 0.803510286289743 0.978190188462092 1 1 1 1 1 1 1 1 1 1 1 0.611048769961157 0.649949647532729 1 0.941648683642641 1 0.487814702920443 0.206416342972234 0 0 0 0
1 1 1 1 1 1 0.961588260681916 0.92303265717163 0.978391598331175 0.606790389871961 0.230729391454467 0.103985038124011 0 0 0 0 0 0 0.0196806214933103 0.0196806214933103 0 0 0 0 0.10168321104877 0.235045317220544 0.62638469284995 0.921795425118688 0.801409869083585 0.88090922169472 0.821493310315063 0.841173931808373 1 1 1 1 1 1 1 1 1 1 1 1 0.98034815134513 0.85955977557186 0.499755430873256 0.781988203136239 0.626355920011509 0.782160840166882 0.741677456481082 0.878463530427277 0.93482952093224 0.825550280535175 0.912645662494605 0.956581786793267 1 1 1 1 1 1 1 1 1 1 1 1 0.611048769961157 0.825003596604805 0.611048769961157 0.509624514458351 0.591339375629406 0.426183282980866 0.0389008775715724 0 0 0
1 1 1 1 1 1 1 0.88427564379226 0.689167026327147 0.477715436627823 0.179916558768522 0.104186447993095 0 0 0 0 0 0 0.427794561933535 0.0196806214933103 0 0 0 0 0.0602503236944325 0.256855128758452 0.785498489425982 0.802301827075241 0.821493310315063 1 1 1 1 1 1 1 1 1 1 -9999 1 1 1 1 1 0.958480794130341 0.658495180549561 0.841490433031219 0.782448568551288 1 0.840713566393325 0.934570565386275 0.847388864911523 0.934628111063156 1 1 1 1 1 1 1 0.934570565386275 1 1 1 1 1 0.978132642785211 0.591339375629406 0.591339375629406 0.611048769961157 0.531693281542224 0.347029204431017 0.349302258667818 0.310286289742483 0.172406847935549 0.15278377211912 0
1 1 1 1 1 1 1 0.92303265717163 0.649805783340527 0.477715436627823 0.179369874838153 0 0 0 0 0 0 0 0.427794561933535 0.0196806214933103 0 0 0 0 0.106776003452741 0.276305567544238 0.704071356639333 0.98034815134513 1 1 1 1 1 1 1 1 1 1 1 -9999 1 1 1 1 1 0.936670982592433 0.736786073946195 1 0.980290605668249 0.879125305711408 0.95842324845346 0.956581786793267 0.956524241116386 1 1 1 1 1 1 1 0.97810386994677 1 1 1 1 0.938685081283269 0.897453603798015 0.659128182995252 0.489972665803481 0.591339375629406 0.432455761760898 0.390591281829953 0.22811106315638 0.0217522658610272 0.0657171629981298 0 0.109250467558625 0.0655445259674867
1 1 1 1 1 1 1 0.92303265717163 0.786822039994245 0.577413321824198 0.319752553589412 0.213235505682636 0 0 0 0 0 0 0.447273773557761 0.194015249604373 0 0 0 0 0.0194792116242267 0.314976262408287 0.665084160552438 0.821982448568551 1 1 1 1 1 1 1 1 1 1 -9999 1 1 1 1 1 1 0.98034815134513 0.98034815134513 1 1 0.934570565386275 0.956581786793267 0.891066033664221 1 1 1 1 1 1 1 1 1 1 1 0.978132642785211 0.91687526974536 0.7561789670551 0.620342396777442 0.628226154510142 0.373327578765645 0.351460221550856 0.351460221550856 0.293367860739462 0.26683930369731 0.152927636311322 0 0 0 0
1 1 1 1 1 0.978391598331175 1 1 0.803539059128183 0.727981585383398 0.319608689397209 0.232685944468422 0 0 0 0 0 0.0196806214933103 0.447273773557761 0.427880880448856 0 0 0 0.0194792116242267 0.0633002445691268 0.314976262408287 0.606560207164437 1 1 1 1 1 1 1 1 1 1 1 -9999 1 1 1 1 1 1 1 0.98034815134513 0.98034815134513 0.978132642785211 1 0.869198676449432 0.978391598331175 1 1 1 1 1 1 1 1 1 0.978190188462092 0.934714429578478 0.807998849086462 0.745015105740181 0.717249316645087 0.659128182995252 0.68088044885628 0.591339375629406 0.591339375629406 0.368781470292044 0.390591281829953 0.412458639044742 0.288677888073658 0.109250467558625 0 0 0
1 1 1 1 1 1 1 1 1 0.893367860739462 0.361012803913106 0.0193641202704647 0.0194504387857862 0 0 0 0 0.466896849374191 0.447273773557761 0.427880880448856 0 0 0 -9999 -9999 -9999 0.726916990361099 0.782218385843763 1 1 1 1 1 1 1 1 1 1 -9999 1 1 1 1 1 1 1 1 1 1 1 0.978391598331175 1 1 1 1 1 1 1 1 0.956495468277946 0.912818299525248 0.781786793267156 0.781786793267156 0.786304128902316 0.813120414328873 0.755229463386563 0.591339375629406 0.446410588404546 0.424658322543519 0.489972665803481 0.368839015968925 0.368781470292044 0.32754999280679 0.252654294346137 0 0 0 0
1 1 1 1 1 1 1 0.864882750683355 0.511581067472306 0.900417206157387 0.398072219824486 0.232685944468422 0 0 0 0 0 0.505366134369155 0.447273773557761 0.447273773557761 0 -9999 0 0.0435333045604949 0.041404114515897 0.276535750251762 0.785527262264422 1 1 1 1 1 1 1 1 1 1 -9999 1 1 1 1 1 1 1 1 1 1 1 1 1 1 1 1 1 1 1 1 1 1 0.934714429578478 0.781786793267156 0.873370738023306 0.864652567975831 0.626096964465545 0.50617177384549 0.440914976262408 0.375226586102719 0.446410588404546 0.487872248597324 0.531491871673141 0.307898144151921 0.233117537045029 0.128902316213494 0 0 0 0
1 1 1 1 1 1 1 1 0.530945187742771 0.80054668393037 0.371946482520501 0.193583657027766 0 0 0 0 0.0196806214933103 0.524902891670263 0.447273773557761 0.447273773557761 0.2134944612286 0.0653143432599626 0 0 0.041404114515897 0.276535750251762 0.721968062149331 0.956322831247303 1 1 1 1 1 1 1 1 1 1 1 1 1 1 1 1 1 1 1 1 1 1 1 1 1 1 1 1 1 1 1 1 0.978190188462092 0.978132642785211 0.825780463242699 0.685081283268594 0.608775715724356 0.543231189756869 0.781786793267156 0.781786793267156 0.781786793267156 0.506027909653287 0.489972665803481 0.307898144151921 0 0 0 0 0 0
1 1 1 1 1 1 1 1 1 0.554769097971515 0.352352179542512 0.0582362250035966 0 0 0 0 0.447273773557761 0.486174651129334 0.466896849374191 0.447273773557761 0.447273773557761 0.109221694720184 0.109221694720184 0 0.0630125161847216 0.313422529132499 0.550107898144152 0.961099122428427 1 1 1 1 1 1 1 1 1 1 1 1 1 1 1 1 1 1 1 1 1 1 1 1 1 1 1 1 1 1 1 0.956495468277946 1 0.978190188462092 0.942454323118976 0.864710113652712 0.961617033520357 0.978132642785211 0.978391598331175 0.803510286289743 0.97807509710833 0.934225291324989 0.76627823334772 0.16797583081571 0.0220399942454323 0 0 0 0 0
1 1 0.847072363688678 1 1 1 1 1 0.781786793267156 0.49328154222414 0.411048769961157 0.193583657027766 0 0 0 0 0.505366134369155 0.486174651129334 0.466896849374191 0.447273773557761 0.447273773557761 0.0583225435189181 0 0 0.0216084016688246 0.466810530858869 0.508675010789814 0.6460940871817 0.801409869083585 1 1 1 1 1 1 1 1 1 1 1 1 1 1 1 1 1 1 1 1 1 1 1 1 1 1 1 1 1 1 1 1 1 1 1 1 1 0.978391598331175 1 0.934541792547835 0.803510286289743 0.762077398935405 0.552035678319666 0 0 0 0 0 0.0218385843763487
