data-raw/DATASET_PNE_1/DATASET_PNE/a_DATA/PFGS/ENVSUIT_A1B/HS_f60_H1_alpines.asc
NCOLS 619 
NROWS 782 
XLLCORNER 876826 
YLLCORNER 1947424 
CELLSIZE 100 
NODATA_value -9999 
[rows 352 to 383 of 782, columns 355 to 425 of 619]
0.368263559200115 0.583196662350741 0.563544813695871 0.684707236368868 0.912616889656164 0.956207739893541 0.89046180405697 0.978132642785211 1 1 0.978132642785211 1 1 1 1 1 1 1 0.890893396633578 -9999 -9999 0.956322831247303 1 -9999 -9999 -9999 -9999 -9999 -9999 -9999 1 1 1 1 1 1 1 1 1 1 1 -9999 1 -9999 -9999 1 1 0.978247734138973 0.978247734138973 1 1 1 1 1 1 1 1 1 1 1 1 1 1 1 1 1 1 0.956207739893541 1 0.978132642785211 0.807998849086462
0.348698029060567 0.524845345993382 0.563544813695871 0.704761904761905 0.868910948065027 0.847101136527118 0.977960005754568 0.978132642785211 1 0.978132642785211 0.978132642785211 1 1 1 1 1 1 1 1 -9999 1 -9999 1 -9999 -9999 -9999 1 -9999 1 1 1 1 1 1 1 1 1 -9999 -9999 1 1 1 -9999 -9999 -9999 -9999 -9999 1 0.978247734138973 0.956495468277946 0.978132642785211 1 1 1 1 1 1 1 1 1 1 1 1 1 1 0.978132642785211 0.890922169472018 0.893022586678176 0.622730542368005 0.563544813695871 0.505366134369155
0.213005322975111 0.387685225147461 0.60503524672709 0.583196662350741 0.702690260394188 0.803625377643505 0.977960005754568 0.977960005754568 1 0.978132642785211 1 0.978132642785211 1 1 0.978247734138973 0.956322831247303 1 1 1 -9999 1 -9999 1 -9999 -9999 1 1 -9999 1 1 1 1 1 1 1 1 1 -9999 -9999 -9999 -9999 -9999 -9999 -9999 -9999 -9999 -9999 -9999 1 0.934455474032513 0.934455474032513 1 1 1 1 1 1 1 1 1 0.978132642785211 0.978132642785211 0.912674435333046 0.912674435333046 0.663271471730686 0.663271471730686 0.563544813695871 0.508013235505683 0.505366134369155 0.447273773557761 0.36912674435333
0.271385412170911 0.251733563516041 0.583196662350741 0.583196662350741 0.762077398935405 0.934397928355632 0.977960005754568 0.977960005754568 1 1 1 1 1 1 1 1 1 1 1 1 1 1 1 1 1 1 1 -9999 1 1 1 1 1 1 1 1 -9999 -9999 1 -9999 -9999 1 1 1 1 1 1 -9999 -9999 0.956207739893541 0.978132642785211 0.956322831247303 0.912789526686808 0.978132642785211 0.956236512731981 0.978132642785211 0.978132642785211 1 1 0.978132642785211 0.893080132355057 0.623133362106172 0.603078693713135 0.563544813695871 0.466896849374191 0.447273773557761 0.427794561933535 0.329995684074234 0.290864623795137 0.193583657027766 0.193583657027766
0.271385412170911 0.232426988922457 0.445978995827938 0.563544813695871 0.781786793267156 1 1 1 1 1 1 1 1 1 1 1 1 1 1 1 1 1 1 1 1 1 1 1 1 1 1 1 -9999 1 1 1 1 -9999 -9999 -9999 -9999 -9999 -9999 1 1 1 1 -9999 -9999 1 1 1 1 0.978247734138973 0.849661919148324 0.8494317364408 0.914746079700762 0.978132642785211 0.934484246870954 0.623133362106172 0.563544813695871 0.563544813695871 0.446036541504819 0.329707955689829 0.290922169472018 0.193583657027766 0.232628398791541 0.0771399798590131 0.115868220399942 0.0580060422960725 0
0.0963026902603942 0.193583657027766 0.329276363113221 0.563544813695871 0.722428427564379 1 0.977960005754568 1 1 1 1 1 1 1 1 1 1 1 1 1 1 1 1 1 1 1 1 1 1 1 1 1 -9999 1 -9999 -9999 1 1 1 -9999 1 1 1 1 1 1 1 1 1 1 1 1 0.781786793267156 0.762077398935405 0.762077398935405 0.704761904761905 0.682923320385556 0.663271471730686 0.663271471730686 0.563544813695871 0.504589267731262 0.36852251474608 0.154711552294634 0.193583657027766 0.135232340670407 0.0771399798590131 0.0580060422960725 0 0 0 0
0.0194504387857862 0.135232340670407 0.329909365558912 0.563544813695871 0.682923320385556 0.682923320385556 0.977960005754568 1 1 1 1 1 1 1 1 1 1 1 1 1 1 1 1 1 1 1 1 1 1 1 1 -9999 1 1 -9999 -9999 -9999 1 -9999 1 -9999 -9999 1 -9999 1 1 1 1 1 1 1 1 0.762077398935405 0.762077398935405 0.682923320385556 0.602877283844051 0.583196662350741 0.563544813695871 0.524643936124299 0.407941303409581 0.213177960005755 0.135146022155086 0 0 0 0 0 0 0 0.0196806214933103 0.0775140267587397
0.0580060422960725 0.135232340670407 0.270953819594303 0.563544813695871 0.603452740612861 0.682923320385556 1 1 1 1 1 1 1 1 1 1 1 1 1 1 1 1 1 1 1 1 1 1 1 1 1 -9999 1 1 1 1 1 1 -9999 -9999 -9999 1 -9999 1 1 1 0.978132642785211 1 0.978132642785211 1 1 1 0.762077398935405 0.682923320385556 0.602877283844051 0.583196662350741 0.583196662350741 0.583196662350741 0.309624514458351 0.310228744065602 0.213264278521076 0.0388433318946914 0.0775140267587397 0.329564091497626 0.524902891670263 0.50562508991512 0.524902891670263 0.524902891670263 0.524902891670263 0.50562508991512 0.271097683786506
0 0.135232340670407 0.193382247158682 0.426614875557474 0.563544813695871 0.563544813695871 0.682923320385556 0.781786793267156 0.977960005754568 1 1 0.977960005754568 0.977960005754568 1 1 1 1 1 1 1 1 1 1 1 1 1 1 1 1 1 1 -9999 -9999 1 1 1 1 1 1 -9999 1 1 -9999 -9999 -9999 1 1 1 0.978132642785211 1 1 1 1 0.742425550280535 0.662839879154079 0.583196662350741 0.583196662350741 0.583196662350741 0.583196662350741 0.329535318659186 0.583196662350741 0.544180693425406 0.465947345705654 0.4662638469285 0.155028053517479 0.213005322975111 0.193382247158682 0.058034815134513 0.0388433318946914 0.0196806214933103 0
0 0.193583657027766 0.232628398791541 0.329966911235793 0.505107178823191 0.563544813695871 0.563544813695871 0.622931952237088 0.781786793267156 0.977960005754568 0.977960005754568 0.977960005754568 0.977960005754568 1 1 1 1 1 1 1 0.978132642785211 0.978132642785211 1 1 1 1 1 1 1 1 1 -9999 -9999 1 1 1 -9999 1 1 1 1 1 -9999 -9999 1 -9999 -9999 1 1 1 1 1 0.956322831247303 0.722428427564379 0.548928211768091 0.602877283844051 0.583196662350741 0.563659905049633 0.466004891382535 0.387829089339663 0.583196662350741 0.563832542080276 0.213091641490433 0.19381383973529 0.116673859876277 0.19381383973529 0.097137102575169 0.0388433318946914 0 0.193583657027766 0.135232340670407
0 0.115868220399942 0.115868220399942 0.388951230038843 0.329995684074234 0.427794561933535 0.505452452884477 0.563544813695871 0.563544813695871 0.682923320385556 0.702690260394188 0.846986045173356 0.890807078118256 0.93428283700187 0.956092648539778 1 1 1 0.978132642785211 0.978132642785211 0.978132642785211 0.934455474032513 0.978132642785211 0.978132642785211 1 1 1 1 1 1 1 -9999 1 -9999 1 -9999 -9999 -9999 1 1 1 -9999 1 1 -9999 1 0.978247734138973 1 1 0.978132642785211 0.978132642785211 1 1 0.956322831247303 0.682923320385556 0.682923320385556 0.332326283987915 0.232685944468422 0.252136383254208 0.348813120414329 0.563659905049633 0.407164436771688 0.193986476765933 0.155229463386563 0.193986476765933 0.155229463386563 0.115983311753705 0.232628398791541 0.388951230038843 0.388951230038843 0.36912674435333
0 0 0.0963026902603942 0.212976550136671 0.271385412170911 0.252078837577327 0.310228744065602 0.368752697453604 0.544008056394763 0.563544813695871 0.682923320385556 0.682923320385556 0.803625377643505 0.912530571140843 0.977960005754568 0.978190188462092 1 1 1 1 1 0.978132642785211 0.956322831247303 0.978132642785211 1 1 1 1 1 1 1 -9999 -9999 -9999 1 -9999 -9999 -9999 1 1 1 -9999 -9999 -9999 1 -9999 1 1 1 1 0.978132642785211 1 1 1 0.978132642785211 0.682923320385556 0.704761904761905 0.60503524672709 -9999 -9999 0.583196662350741 0.407164436771688 -9999 0.232369443245576 0.408631851532154 0.388951230038843 0.388951230038843 0.447072363688678 0.466695439505107 0.544008056394763 0.563544813695871
0 0 0 0.0963026902603942 0.115868220399942 0.0963026902603942 0.115868220399942 0.154711552294634 0.251906200546684 0.465688390159689 0.563544813695871 0.563544813695871 0.682923320385556 0.682923320385556 0.890749532441375 0.934397928355632 0.934570565386275 0.956150194216659 1 1 1 1 0.9123579341102 0.978132642785211 1 1 1 1 1 -9999 -9999 -9999 -9999 -9999 -9999 -9999 -9999 -9999 1 1 1 1 -9999 1 1 1 -9999 1 1 1 1 1 1 1 1 0.978132642785211 0.682923320385556 0.563544813695871 -9999 0.58538339807222 0.565846640771112 0.563544813695871 -9999 0.505337361530715 0.54665515753129 0.563544813695871 0.583225435189181 0.563544813695871 0.682923320385556 0.682923320385556 0.682923320385556
0 0 0 0 0 0 0 0.0388433318946914 0.115983311753705 0.213005322975111 0.348755574737448 0.504589267731262 0.563544813695871 0.563544813695871 0.563544813695871 0.702776578909509 0.685110056107035 0.682923320385556 0.825377643504532 0.825377643504532 1 1 1 0.978132642785211 1 1 1 1 1 -9999 -9999 -9999 -9999 -9999 -9999 -9999 -9999 1 1 1 1 1 1 1 1 -9999 -9999 -9999 -9999 1 1 1 1 1 1 1 1 1 0.934656883901597 0.825377643504532 0.805725794849662 0.781786793267156 0.722428427564379 0.682923320385556 0.722428427564379 0.781786793267156 0.781786793267156 1 0.978132642785211 1 1
0.0191339375629406 0 0 0 0 0 0 0 0 0.0968493741907639 0.174277082434182 0.252107610415768 0.329276363113221 0.445978995827938 0.563544813695871 0.583196662350741 0.602877283844051 0.682923320385556 0.702920443101712 0.847273773557761 1 1 0.9123579341102 0.978132642785211 1 1 1 1 1 -9999 -9999 -9999 -9999 -9999 -9999 -9999 1 1 1 1 1 1 1 1 1 -9999 -9999 -9999 -9999 -9999 -9999 1 1 1 1 -9999 -9999 0.890749532441375 0.890749532441375 0.869141130772551 0.890749532441375 0.978190188462092 1 1 1 0.956322831247303 1 1 1 1 1
0 0 0 0 0 0 0 0 0 0 0.0388433318946914 0.116702632714717 0.193986476765933 0.251733563516041 0.485656740037405 0.583196662350741 0.583196662350741 0.702920443101712 0.702920443101712 0.803625377643505 1 0.956322831247303 0.956322831247303 0.978132642785211 1 1 1 1 1 -9999 -9999 1 1 -9999 -9999 -9999 1 1 1 1 1 1 1 1 1 -9999 -9999 -9999 -9999 -9999 0.978247734138973 1 -9999 0.978132642785211 0.978132642785211 -9999 0.956207739893541 -9999 0.956380376924184 0.934455474032513 0.890749532441375 0.869141130772551 0.978132642785211 0.978132642785211 0.978132642785211 0.978132642785211 0.978132642785211 0.978132642785211 0.978132642785211 1 0.978132642785211
0 0 0 0 0 0 0 0 0 0 0.0196806214933103 0.097137102575169 0.155229463386563 0.407337073802331 0.583196662350741 0.583196662350741 0.583196662350741 0.583196662350741 0.682923320385556 0.869169903610991 0.956150194216659 0.803826787512588 0.956322831247303 1 1 1 1 1 1 1 1 1 1 -9999 -9999 -9999 1 1 1 -9999 1 -9999 1 -9999 -9999 -9999 -9999 -9999 1 1 1 -9999 -9999 -9999 -9999 1 0.978247734138973 1 1 1 1 0.956207739893541 -9999 0.978132642785211 1 1 1 1 0.978132642785211 0.978132642785211 1
0 0 0 0 0 0 0 0 0 0 0 0.0388433318946914 0.466666666666667 0.583196662350741 0.583196662350741 0.583196662350741 0.583196662350741 0.682923320385556 0.781786793267156 0.91238670694864 0.890893396633578 0.934426701194073 0.978132642785211 1 1 1 1 1 1 1 1 1 1 1 1 1 1 1 1 -9999 -9999 1 1 1 1 1 1 1 1 1 -9999 -9999 -9999 -9999 -9999 1 1 1 1 1 1 1 -9999 1 1 1 1 1 -9999 1 1
0 0 0.0963026902603942 0 0 0.0196806214933103 0.0196806214933103 0.0388433318946914 0.0388433318946914 0 0 0.0388433318946914 0.291727808948353 0.583196662350741 0.583196662350741 0.583196662350741 0.722687383110344 0.781786793267156 0.93428283700187 0.956322831247303 0.956322831247303 0.956322831247303 1 1 1 1 1 1 1 1 1 1 1 1 1 1 1 1 -9999 -9999 -9999 -9999 1 1 1 1 1 1 1 1 1 1 -9999 -9999 -9999 -9999 1 -9999 1 1 -9999 -9999 -9999 1 0.978247734138973 0.978247734138973 1 1 -9999 1 -9999
0.0196806214933103 0 0.193583657027766 0 0 0.251618472162279 0 0.0196806214933103 0.0388433318946914 0 0 0.0388433318946914 0.097137102575169 0.486030786937131 0.563544813695871 0.662868651992519 0.781786793267156 0.869169903610991 0.93428283700187 1 1 1 1 1 1 1 1 1 1 1 1 1 1 1 1 1 1 -9999 -9999 -9999 -9999 -9999 -9999 1 1 1 1 1 1 1 1 1 -9999 -9999 -9999 1 1 -9999 1 1 1 -9999 -9999 1 1 1 -9999 -9999 -9999 0.978247734138973 1
0.154912962163717 0.0963026902603942 0.252078837577327 0.0580060422960725 0 0 0.0196806214933103 0 0.0196806214933103 0 0 0 0.0776003452740613 0.29046180405697 0.563544813695871 0.625118687958567 0.781786793267156 0.956150194216659 1 1 1 1 1 1 1 1 1 1 1 1 1 1 1 1 1 1 1 -9999 -9999 -9999 -9999 -9999 -9999 -9999 1 1 1 1 1 1 1 1 -9999 -9999 -9999 1 -9999 -9999 -9999 -9999 1 -9999 1 1 1 1 1 1 0.956409149762624 1 1
0.251762336354481 0.154769097971515 0.36912674435333 0.0580060422960725 0 0 0.213264278521076 0.0196806214933103 0 0 0 0.0580060422960725 0.115983311753705 0.309912242842756 0.583196662350741 0.683038411739318 0.93428283700187 1 1 1 1 1 1 1 1 1 1 1 1 1 1 1 1 1 1 1 1 1 -9999 -9999 -9999 -9999 -9999 -9999 1 1 1 1 1 1 1 -9999 -9999 -9999 -9999 -9999 -9999 1 1 1 1 1 1 1 1 1 1 1 1 1 1
0.563544813695871 0.368148467846353 0.388951230038843 0.0771399798590131 0 0 0 0.232426988922457 0 0 0 0.116069630269026 0.115983311753705 0.309825924327435 0.583196662350741 0.702690260394188 0.890922169472018 0.956150194216659 1 1 1 1 1 1 1 1 1 1 1 1 1 1 1 1 1 1 1 1 -9999 1 1 1 -9999 -9999 -9999 -9999 1 1 1 -9999 -9999 1 1 1 -9999 1 1 1 1 1 1 1 1 1 1 1 1 1 1 1 1
0.603280103582218 0.544008056394763 0.388951230038843 0.154538915263991 0 0 0 0.505366134369155 0 0 0 0.0194504387857862 0.154711552294634 0.426442238526831 0.563544813695871 0.702690260394188 0.869026039418789 0.956322831247303 1 0.934397928355632 1 1 1 1 1 1 1 1 1 1 1 1 1 1 1 1 1 1 1 1 1 1 1 1 -9999 -9999 1 1 1 1 -9999 -9999 -9999 -9999 1 1 1 1 -9999 -9999 -9999 1 1 1 1 1 1 1 1 1 1
0.583196662350741 0.465400661775284 0.193583657027766 0.193583657027766 0 0 0 0.524902891670263 0.0196806214933103 0 0 0 0.173960581211337 0.426787512588117 0.563544813695871 0.722428427564379 0.912530571140843 0.978190188462092 1 1 1 1 1 1 1 1 1 1 1 1 1 1 1 1 1 1 1 1 1 1 1 1 1 1 -9999 -9999 1 1 1 1 1 1 1 1 1 1 -9999 -9999 1 1 1 1 1 1 1 1 1 1 1 1 0.978132642785211
0.583196662350741 0.504589267731262 0.154711552294634 0.193583657027766 0 0 0 0 0.0196806214933103 0 0 0 0.135232340670407 0.466695439505107 0.563544813695871 0.742080276219249 0.912530571140843 0.93428283700187 1 1 1 1 1 1 1 1 1 1 1 1 1 1 1 1 1 1 1 1 1 1 1 1 1 -9999 -9999 -9999 1 -9999 -9999 -9999 1 1 1 1 1 1 -9999 -9999 1 1 1 1 1 1 1 1 1 0.978132642785211 0.956207739893541 0.978132642785211 1
0.583196662350741 0.544008056394763 0.271529276363113 0.154538915263991 0 0 0 0 0.0196806214933103 0 0 0 0.0963026902603942 0.447072363688678 0.563544813695871 0.682923320385556 0.956207739893541 1 1 0.978132642785211 1 1 1 1 1 1 1 1 1 1 1 1 1 1 1 1 1 0.978247734138973 1 1 1 -9999 -9999 -9999 -9999 -9999 -9999 -9999 -9999 -9999 1 1 -9999 -9999 -9999 1 1 1 1 1 1 1 1 1 1 1 1 1 1 1 1
0.702690260394188 0.583628254927349 0.427794561933535 0.154711552294634 0 0.0580060422960725 0 0 0.057977269457632 0 0 0 0.116069630269026 0.388116817724068 0.563544813695871 0.622931952237088 0.781786793267156 0.977960005754568 1 1 1 1 1 1 1 1 1 1 1 1 1 1 1 1 1 0.978247734138973 1 0.89100848798734 1 1 -9999 -9999 -9999 -9999 -9999 1 1 1 1 -9999 1 -9999 1 -9999 1 1 1 1 1 1 1 1 1 1 1 1 1 1 1 1 1
0.781786793267156 0.742425550280535 0.48597324126025 0.213264278521076 0 0.135232340670407 0 0 0.271097683786506 0 0 0 0.135232340670407 0.310228744065602 0.563544813695871 0.583196662350741 0.781786793267156 0.803625377643505 1 0.93428283700187 0.93428283700187 1 1 1 1 1 1 1 1 1 1 1 1 1 1 0.956207739893541 0.890864623795137 1 1 1 -9999 -9999 -9999 -9999 1 1 1 1 1 1 1 -9999 -9999 1 1 1 1 1 1 1 1 1 1 1 1 1 1 0.847273773557761 0.825377643504532 1 1
0.781786793267156 0.583225435189181 0.544008056394763 0.388951230038843 0.154538915263991 0.193583657027766 0 0 0.310027334196518 0.097137102575169 0 0 0.135232340670407 0.193382247158682 0.445978995827938 0.563544813695871 0.602877283844051 0.781786793267156 0.803539059128183 0.781786793267156 0.93428283700187 0.956322831247303 1 1 1 1 1 0.956265285570421 1 1 1 1 1 1 0.956092648539778 0.978132642785211 1 1 1 1 -9999 -9999 1 1 1 1 1 1 1 -9999 -9999 -9999 -9999 1 1 1 1 1 1 1 1 1 1 1 1 1 1 0.803539059128183 0.803539059128183 0.825435189181413 0.781786793267156
0.956150194216659 0.781786793267156 0.563544813695871 0.388951230038843 0.271385412170911 0.252078837577327 0 0.0196806214933103 0.466465256797583 0.486088332614012 0 0 0 0.0582937706804776 0.27132786649403 0.445978995827938 0.583196662350741 0.622931952237088 0.682923320385556 0.742339231765214 0.781786793267156 0.956150194216659 0.956150194216659 0.93428283700187 0.890893396633578 0.934426701194073 0.956322831247303 1 0.978132642785211 1 1 0.978132642785211 0.912271615594878 0.978132642785211 0.978132642785211 1 1 1 1 1 1 1 1 1 1 1 1 -9999 -9999 -9999 -9999 -9999 1 1 1 1 1 1 1 1 1 1 1 1 1 1 0.803539059128183 0.803539059128183 0.724672708962739 0.682923320385556 0.682923320385556
0.977960005754568 0.702690260394188 0.563544813695871 0.427794561933535 0.388951230038843 0.36912674435333 0 0 0.446986045173356 0.271097683786506 0 0 0 0.0388433318946914 0.193583657027766 0.329995684074234 0.484879873399511 0.563544813695871 0.563544813695871 0.583196662350741 0.682923320385556 0.722687383110344 0.781786793267156 0.781786793267156 0.781786793267156 0.781786793267156 0.781786793267156 0.93428283700187 0.978132642785211 0.9123579341102 0.978190188462092 0.978190188462092 0.978190188462092 0.978190188462092 0.956322831247303 1 0.978190188462092 1 1 1 1 1 1 1 1 1 -9999 -9999 -9999 -9999 -9999 1 1 1 1 1 1 1 1 1 1 1 1 1 1 1 0.847273773557761 0.702920443101712 0.682923320385556 0.583196662350741 0.544065602071644
