data-raw/DATASET_PNE_1/DATASET_PNE/a_DATA/PFGS/ENVSUIT_A1B/HS_f60_H1_alpines.asc
NCOLS 619 
NROWS 782 
XLLCORNER 876826 
YLLCORNER 1947424 
CELLSIZE 100 
NODATA_value -9999 
[rows 288 to 319 of 782, columns 142 to 212 of 619]
0 0 0 0 0 0 0 0 0 0 0 0 0 0 0 0 0 0 0 0 0 0 0 0 0 0 0 0 0 0 0 0 0 0 0 0 0 0 0 0 0 0 0 0 0 0 0 0 0 0 0 0 0 0 0.0387570133793699 0.115868220399942 0.31123579341102 0.446986045173356 0.466465256797583 0.486002014098691 0.50562508991512 0.58762767947058 0.871212775140268 0.762134944612286 0.781786793267156 0.847273773557761 1 1 1 -9999 1
0 0 0 0 0 0 0 0 0 0 0 0 0 0 0 0 0 0 0 0 0 0 0 0 0 0 0 0 0 0 0 0 0 0 0 0 0 0 0 0 0 0 0 0 0 0 0 0 0 0 0 0 0 0 0 0.115868220399942 0.31123579341102 0.446986045173356 0.466465256797583 0.50562508991512 0.50562508991512 0.585786217810387 0.783973528988635 0.762134944612286 0.781786793267156 0.93428283700187 1 1 1 -9999 1
0 0 0 0 0 0 0 0 0 0 0 0 0 0 0 0 0 0 0 0 0 0 0 0 0 0 0 0.0191339375629406 0 0 0 0 0 0 0 0 0 0 0 0 0 0 0 0 0 0 0 0 0 0 0 0 0 0 0 0.115868220399942 0.330398503812401 0.446986045173356 0.466465256797583 0.466465256797583 0.549388577183139 0.76460940871817 0.762134944612286 0.781786793267156 0.825521507696734 -9999 0.978132642785211 1 1 1 1
0 0 0 0 0 0 0 0 0 0 0 0 0 0 0 0 0 0 0 0 0 0 0 0 0 0 0 0 0 0 0 0 0 0 0 0 0 0 0 0 0 0 0 0 0 0 0 0 0 0 0 0 0 0 0.0387570133793699 0.213379369874838 0.388951230038843 0.388951230038843 0.466465256797583 0.50562508991512 0.527463674291469 0.805898431880305 0.762134944612286 0.781786793267156 0.956150194216659 -9999 0.978132642785211 1 1 1 1
0 0 0 0 0 0 0 0 0 0 0 0 0 0 0 0 0 0 0 0 0 0 0 0 0 0 0 0 0 0 0 0 0 0 0 0 0 0 0 0 0 0 0 0 0 0 0 0 0 0 0 0 0 0.0387570133793699 0.193669975543087 0.388951230038843 0.388951230038843 0.388951230038843 0.466465256797583 0.50562508991512 0.686663789382823 0.783973528988635 0.825550280535175 0.781786793267156 0.847273773557761 -9999 0.978132642785211 1 1 1 1
0 0 0 0 0 0 0 0 0 0 0 0 0 0 0 0 0 0 0 0 0 0 0 0 0 0 0 0 0 0 0 0 0 0 0 0 0 0 0 0 0 0 0 0 0 0 0 0 0 0 0 0.115868220399942 0.252078837577327 0.329995684074234 0.388951230038843 0.388951230038843 0.388951230038843 0.388951230038843 0.466465256797583 0.605121565242411 0.830125161847216 0.805898431880305 0.825550280535175 0.803682923320386 0.847273773557761 1 -9999 -9999 1 1 1
0 0 0 0 0 0 0 0 0 0 0 0 0 0 0 0 0 0 0 0 0 0 0 0 0 0 0 0 0 0 0 0 0.0192490289167026 0 0 0 0 0 0 0 0 0 0 0 0 0 0 0 0 0 0.115868220399942 0.388951230038843 0.388951230038843 0.388951230038843 0.388951230038843 0.388951230038843 0.466465256797583 0.50562508991512 0.605121565242411 0.644741763774996 0.849546827794562 0.825550280535175 0.781786793267156 0.934426701194073 -9999 -9999 1 1 1 1 1
0 0 0 0 0 0 0 0 0 0 0 0 0 0 0 0 0 0 0 0 0 0 0 0 0 0 0 0 0 0 0 0 0.115868220399942 0.271241547978708 0.34941735002158 0.212803913106028 0.115868220399942 0 0.0580060422960725 0 0 0 0 0 0 0.0580060422960725 0.0194504387857862 0 0 0 0.115868220399942 0.388951230038843 0.388951230038843 0.388951230038843 0.388951230038843 0.466465256797583 0.466465256797583 0.624888505251043 0.66401956553014 0.807480937994533 0.914947489569846 0.869198676449432 0.956150194216659 -9999 -9999 -9999 -9999 1 1 1 1
0 0 0 0 0 0 0 0 0 0 0 0 0 0 0 0 0 0 0 0 0 0 0 0 0 0 0 0.0580060422960725 0 0 0 0 0 0 0.115868220399942 0.115868220399942 0.0963026902603942 0 0.0194504387857862 0 0 0 0 0 0 0.115868220399942 0 0 0 0 0.115868220399942 0.388951230038843 0.388951230038843 0.466465256797583 0.466465256797583 0.466465256797583 0.644741763774996 0.742770824341821 0.762134944612286 0.978132642785211 0.890807078118256 0.93428283700187 0.869198676449432 -9999 -9999 -9999 1 1 1 1 1
0 0 0 0 0 0 0 0 0 0 0 0 0 0 0 0 0 0 0 0 0 0 0 0 0 0.0580060422960725 0 0 0 0 0 0 0 0 0 0.115868220399942 0.115868220399942 0.0580060422960725 0.115868220399942 0 0 0 0 0 0.0194504387857862 0.0771399798590131 0 0.0387570133793699 0 0.0771399798590131 0.232801035822184 0.388951230038843 0.388951230038843 0.427794561933535 0.486088332614012 0.664422385268307 0.742770824341821 0.762134944612286 0.762134944612286 0.781786793267156 0.912530571140843 -9999 0.912559343979284 -9999 1 1 1 1 1 1 1
0 0 0 0 0 0 0 0 0 0 0 0 0 0 0 0 0 0 0 0 0 0 0 0 0.0194504387857862 0.115868220399942 0 0.115868220399942 0 0 0 0 0 0.0963026902603942 0.115868220399942 0.115868220399942 0.232685944468422 0.0963026902603942 0 0 0 0 0 0 0.0771399798590131 0.0771399798590131 0.0967055099985614 0.330513595166163 0.154970507840598 0.232801035822184 0.369529564091498 0.388951230038843 0.427794561933535 0.466465256797583 0.664422385268307 0.762134944612286 0.762134944612286 0.762134944612286 0.827621924902892 0.890807078118256 0.956150194216659 0.934426701194073 0.978132642785211 1 1 1 1 1 1 1 1
0 0 0 0 0 0 0 0 0 0 0 0 0 0 0 0 0 0 0 0 0 0 0 0 0.154538915263991 0.252078837577327 0.0963026902603942 0.154538915263991 0.0194504387857862 0 0 0 0 0.0963026902603942 0.271385412170911 0.251963746223565 0.271385412170911 0.115868220399942 0 0 0 0 0 0 0.115868220399942 0.154884189325277 0.154826643648396 0.388951230038843 0.349820169759747 0.388951230038843 0.388951230038843 0.427794561933535 0.447273773557761 0.605581930657459 0.742770824341821 0.783973528988635 0.869198676449432 0.847129909365559 0.934599338224716 0.912530571140843 0.912559343979284 -9999 1 1 1 1 1 1 1 1 1
0 0 0 0 0 0 0 0 0 0 0 0 0 0 0 0 0 0 0 0 0 0 0 0.115868220399942 0.252078837577327 0.115868220399942 0 0.115868220399942 0.0194504387857862 0 0 0 0.0578909509423105 0.0387570133793699 0.349820169759747 0.388951230038843 0.251963746223565 0.271385412170911 0.115868220399942 0 0 0 0 0.0194504387857862 0.271385412170911 0.291497626240829 0.388951230038843 0.388951230038843 0.388951230038843 0.388951230038843 0.466465256797583 0.466465256797583 0.388951230038843 0.605581930657459 0.742770824341821 0.805869659041864 0.849546827794562 0.890807078118256 0.912559343979284 1 1 -9999 1 1 1 1 1 0.978132642785211 1 1 1
0 0 0 0 0 0 0 0 0 0 0 0 0 0 0 0 0 0 0 0.0194504387857862 0 0 0.0194504387857862 0.115868220399942 0.213235505682636 0.115868220399942 0.388951230038843 0.135232340670407 0.0771399798590131 0 0 0 0.135174794993526 0.174277082434182 0.349820169759747 0.388951230038843 0.388951230038843 0.388951230038843 0.329995684074234 0.154538915263991 0 0 0 0 0.291094806502662 0.388951230038843 0.388951230038843 0.427794561933535 0.388951230038843 0.388951230038843 0.466465256797583 0.466465256797583 0.388951230038843 0.625205006473889 0.762134944612286 0.849345417925478 0.914630988347 0.890950942310459 0.934599338224716 1 1 1 1 1 1 1 0.934599338224716 0.912674435333046 0.93428283700187 0.847273773557761 0.934369155517192
0 0 0 0 0 0 0 0 0 0 0 0 0 0 0 0 0 0 0 0.0194504387857862 0.115868220399942 0.0387570133793699 0 0.115868220399942 0.174190763918861 0.349820169759747 0.427794561933535 0.115868220399942 0.115868220399942 0.0387570133793699 0.0387570133793699 0.193669975543087 0.232801035822184 0.252280247446411 0.388951230038843 0.388951230038843 0.466465256797583 0.388951230038843 0.310574018126888 0.115868220399942 0 0 0.0578909509423105 0.115868220399942 0.388951230038843 0.388951230038843 0.388951230038843 0.427794561933535 0.427794561933535 0.427794561933535 0.427794561933535 0.466465256797583 0.427794561933535 0.605581930657459 0.742770824341821 0.783973528988635 0.893022586678176 0.93428283700187 1 1 1 1 1 1 1 0.934599338224716 0.934714429578478 0.912674435333046 0.847446410588405 0.781786793267156 0.869198676449432
0 0 0 0 0 0 0 0 0 0 0 0 0 0 0 0 0 0 0.115868220399942 0 0.115868220399942 0.0963026902603942 0.115868220399942 0.232685944468422 0.388951230038843 0.388951230038843 0.466465256797583 0.232801035822184 0.193669975543087 0.232801035822184 0.252280247446411 0.31123579341102 0.369529564091498 0.408631851532154 0.388951230038843 0.388951230038843 0.466465256797583 0.388951230038843 0.329995684074234 0.115868220399942 0.0963026902603942 0.115868220399942 0.388951230038843 0.388951230038843 0.388951230038843 0.388951230038843 0.388951230038843 0.466465256797583 0.466465256797583 0.466465256797583 0.447273773557761 0.50562508991512 0.585728672133506 0.605351747949935 0.704215220831535 0.783973528988635 0.849345417925478 0.93428283700187 0.934426701194073 1 1 1 1 1 1 1 0.978190188462092 0.869198676449432 1 0.912559343979284 0.912559343979284
0 0 0 0 0 0 0 0 0 0 0 0 0 0 0 0 0 0 0.154538915263991 0.0580060422960725 0.115868220399942 0.271385412170911 0.388951230038843 0.388951230038843 0.388951230038843 0.447273773557761 0.466465256797583 0.388951230038843 0.388951230038843 0.369529564091498 0.330599913681485 0.369529564091498 0.369529564091498 0.388951230038843 0.388951230038843 0.388951230038843 0.466465256797583 0.388951230038843 0.349820169759747 0.213379369874838 0.0194504387857862 0.0968493741907639 0.369529564091498 0.388951230038843 0.388951230038843 0.466465256797583 0.466465256797583 0.50562508991512 0.50562508991512 0.50562508991512 0.50562508991512 0.50562508991512 0.50562508991512 0.585728672133506 0.625205006473889 0.742770824341821 0.762134944612286 0.893022586678176 0.956322831247303 0.956322831247303 1 1 1 1 0.934599338224716 0.978190188462092 0.978190188462092 0.978190188462092 0.934599338224716 0.936814846784635 0.958624658322543
0 0 0 0 0 0 0 0 0 0 0 0 0 0 0 0 0 0 0.135232340670407 0.115868220399942 0.272104733131923 0.388951230038843 0.388951230038843 0.388951230038843 0.408631851532154 0.466465256797583 0.466465256797583 0.447273773557761 0.388951230038843 0.388951230038843 0.388951230038843 0.388951230038843 0.427794561933535 0.427794561933535 0.427794561933535 0.427794561933535 0.466465256797583 0.388951230038843 0.388951230038843 0.388951230038843 0.388951230038843 0.466465256797583 0.466465256797583 0.388951230038843 0.447273773557761 0.466465256797583 0.50562508991512 0.50562508991512 0.466465256797583 0.466465256797583 0.466465256797583 0.486002014098691 0.50562508991512 0.466465256797583 0.585728672133506 0.605581930657459 0.742770824341821 0.827593152064451 0.936670982592433 0.936670982592433 0.934599338224716 1 1 1 0.978276506977413 0.956466695439505 0.934397928355632 0.934599338224716 0.892907495324414 0.871299093655589 0.936757301107754
0 0 0 0 0 0 0 0 0 0 0 0 0 0 0 0 0 0.135232340670407 0.329995684074234 0.388951230038843 0.388951230038843 0.427794561933535 0.388951230038843 0.447273773557761 0.466465256797583 0.466465256797583 0.466465256797583 0.466465256797583 0.466465256797583 0.427794561933535 0.388951230038843 0.427794561933535 0.466465256797583 0.466465256797583 0.447273773557761 0.466465256797583 0.466465256797583 0.466465256797583 0.466465256797583 0.447273773557761 0.427794561933535 0.408631851532154 0.427794561933535 0.388951230038843 0.466465256797583 0.50562508991512 0.583887210473313 0.50562508991512 0.466465256797583 0.466465256797583 0.466465256797583 0.466465256797583 0.466465256797583 0.466465256797583 0.466465256797583 0.605581930657459 0.625205006473889 0.742770824341821 0.827593152064451 0.936670982592433 1 0.934599338224716 0.934599338224716 1 1 0.978190188462092 0.893022586678176 0.827794561933535 0.827794561933535 0.705135951661631 0.70784059847504
0 0 0 0 0 0 0 0 0 0 0 0 0 0 0 0 0 0.349820169759747 0.388951230038843 0.291152352179542 0.388951230038843 0.388951230038843 0.388951230038843 0.466465256797583 0.466465256797583 0.466465256797583 0.466465256797583 0.447273773557761 0.447273773557761 0.447273773557761 0.447273773557761 0.466465256797583 0.466465256797583 0.466465256797583 0.408113940440224 0.466465256797583 0.466465256797583 0.466465256797583 0.466465256797583 0.447273773557761 0.388951230038843 0.388951230038843 0.447273773557761 0.447273773557761 0.466465256797583 0.524902891670263 0.50562508991512 0.466465256797583 0.427794561933535 0.388951230038843 0.466465256797583 0.466465256797583 0.466465256797583 0.427794561933535 0.427794561933535 0.466465256797583 0.605581930657459 0.644741763774996 0.704215220831535 0.849345417925478 0.958538339807222 0.958480794130341 1 0.956236512731981 1 0.956150194216659 0.893022586678176 0.762134944612286 0.644741763774996 0.644741763774996 0.50562508991512
0 0 0 0 0 0 0 0 0 0 0 0 0 0 0 0 0 0.252366565961732 0.369356927060855 0.290950942310459 0.466465256797583 0.50562508991512 0.466465256797583 0.486088332614012 0.605351747949935 0.605581930657459 0.605581930657459 0.644914400805639 0.62529132498921 0.586390447417638 0.566537188893684 0.585728672133506 0.585728672133506 0.566537188893684 0.566537188893684 0.585728672133506 0.56573154941735 0.466465256797583 0.466465256797583 0.466465256797583 0.447273773557761 0.466465256797583 0.466465256797583 0.466465256797583 0.50562508991512 0.527665084160552 0.466465256797583 0.427794561933535 0.408631851532154 0.388951230038843 0.408631851532154 0.369529564091498 0.388951230038843 0.388951230038843 0.388951230038843 0.427794561933535 0.466465256797583 0.605581930657459 0.684534599338225 0.742770824341821 0.849345417925478 0.936670982592433 0.914630988347 1 0.93428283700187 0.871270320817149 0.762134944612286 0.762134944612286 0.605581930657459 0.466465256797583 0.466465256797583
0 0 0 0 0 0 0 0 0 0 0 0 0 0 0 0 0.0193065745935837 0.115868220399942 0.349964033951949 0.447043590850237 0.466465256797583 0.527665084160552 0.486088332614012 0.466465256797583 0.585728672133506 0.644741763774996 0.644741763774996 0.644741763774996 0.644741763774996 0.605581930657459 0.566911235793411 0.586390447417638 0.605581930657459 0.62529132498921 0.644741763774996 0.585728672133506 0.605351747949935 0.605351747949935 0.585728672133506 0.605581930657459 0.605581930657459 0.625205006473889 0.625205006473889 0.644741763774996 0.50562508991512 0.466465256797583 0.427794561933535 0.388951230038843 0.33091641490433 0.388951230038843 0.369529564091498 0.193669975543087 0.31123579341102 0.349820169759747 0.388951230038843 0.388951230038843 0.466465256797583 0.466465256797583 0.625205006473889 0.684534599338225 0.762134944612286 0.871270320817149 0.827593152064451 0.978190188462092 0.827593152064451 0.762134944612286 0.762134944612286 0.726053805207884 0.466465256797583 0.388951230038843 0.427794561933535
0 0 0 0 0 0 0 0 0 0 0 0 0.115868220399942 0 0 0 0 0.155661055963171 0.369155517191771 0.447043590850237 0.466465256797583 0.50562508991512 0.50562508991512 0.585728672133506 0.566537188893684 0.664451158106747 0.725564666954395 0.68372895986189 0.66401956553014 0.644741763774996 0.644741763774996 0.644741763774996 0.808344123147749 0.723493022586678 0.764666954395051 0.664451158106747 0.664451158106747 0.704215220831535 0.704215220831535 0.645374766220688 0.684534599338225 0.684534599338225 0.625205006473889 0.644741763774996 0.466465256797583 0.447273773557761 0.388951230038843 0.369529564091498 0.292073083009639 0.369529564091498 0.29158394475615 0.0387570133793699 0.0963026902603942 0.115868220399942 0.388951230038843 0.388951230038843 0.388951230038843 0.447273773557761 0.486088332614012 0.644741763774996 0.704215220831535 0.723493022586678 0.762134944612286 0.762134944612286 0.762134944612286 0.762134944612286 0.742770824341821 0.644741763774996 0.447273773557761 0.388951230038843 0.388951230038843
0 0 0 0 0 0 0 0 0 0 0 0 0.0194504387857862 0 0 0.115868220399942 0.115868220399942 0.427794561933535 0.408113940440224 0.38874982016976 0.486002014098691 0.466465256797583 0.466465256797583 0.585728672133506 0.644741763774996 0.605581930657459 0.605581930657459 0.585728672133506 0.585728672133506 0.585728672133506 0.605581930657459 0.605581930657459 0.68372895986189 0.723090202848511 0.742770824341821 0.871471730686232 0.786390447417638 0.767112645662495 0.726111350884765 0.704215220831535 0.742770824341821 0.742770824341821 0.790418644799309 0.644741763774996 0.447273773557761 0.427794561933535 0.388951230038843 0.388951230038843 0.291468853402388 0.0385843763487268 0.116155948784348 0 0.0963026902603942 0.115868220399942 0.329995684074234 0.388951230038843 0.388951230038843 0.388951230038843 0.427794561933535 0.466465256797583 0.605581930657459 0.645374766220688 0.684678463530427 0.704215220831535 0.665055387713998 0.626183282980866 0.625205006473889 0.466465256797583 0.466465256797583 0.388951230038843 0.388951230038843
0 0 0 0 0 0 0 0 0 0 0 0 0 0 0.0194504387857862 0.0387570133793699 0.0580060422960725 0 0.0775715724356208 0.330801323550568 0.232743490145303 0.349935261113509 0.388951230038843 0.466465256797583 0.447273773557761 0.466465256797583 0.466465256797583 0.466465256797583 0.466465256797583 0.585728672133506 0.605351747949935 0.644741763774996 0.70562508991512 0.829952524816573 0.742770824341821 0.893022586678176 0.958538339807222 0.936670982592433 0.871040138109624 0.914947489569846 1 0.784031074665516 0.66401956553014 0.624888505251043 0.466465256797583 0.427794561933535 0.388951230038843 0.330686232196806 0.116098403107467 0.0771399798590131 0.0967055099985614 0 0 0 0.213235505682636 0.271385412170911 0.388951230038843 0.388951230038843 0.388951230038843 0.388951230038843 0.447273773557761 0.585728672133506 0.625205006473889 0.625205006473889 0.605581930657459 0.447273773557761 0.466465256797583 0.466465256797583 0.388951230038843 0.388951230038843 0.388951230038843
0 0 0 0 0 0 0 0 0 0 0 0 0 0 0 0 0.0193065745935837 0.291267443533305 0 0.369356927060855 0.252366565961732 0.388951230038843 0.388951230038843 0.388951230038843 0.388951230038843 0.427794561933535 0.447273773557761 0.466465256797583 0.466465256797583 0.466465256797583 0.50562508991512 0.688677888073658 0.729592864336067 0.744986332901741 0.762134944612286 0.808142713278665 1 1 0.784031074665516 0.742770824341821 0.703812401093368 0.644741763774996 0.624888505251043 0.466465256797583 0.466465256797583 0.388951230038843 0.388951230038843 0.310976837865055 0.0771399798590131 0 0 0 0 0 0.213235505682636 0.213235505682636 0.271385412170911 0.388951230038843 0.388951230038843 0.388951230038843 0.427794561933535 0.447273773557761 0.466465256797583 0.466465256797583 0.427794561933535 0.388951230038843 0.388951230038843 0.388951230038843 0.388951230038843 0.291094806502662 0.310574018126888
0 0 0 0 0 0 0 0 0 0 0 0 0 0 0 0.0580060422960725 0.252078837577327 0.154538915263991 0.0775715724356208 0.388951230038843 0.0580060422960725 0.388951230038843 0.310574018126888 0.388951230038843 0.388951230038843 0.408631851532154 0.388951230038843 0.466465256797583 0.466465256797583 0.50562508991512 0.50562508991512 0.644741763774996 0.707955689828802 0.72754999280679 0.742770824341821 0.829981297655014 0.98034815134513 0.98034815134513 0.704215220831535 0.664997842037117 0.644741763774996 0.585728672133506 0.466465256797583 0.427794561933535 0.427794561933535 0.388951230038843 0.388951230038843 0.272191051647245 0.0385843763487268 0 0 0 0 0 0.0963026902603942 0.193583657027766 0.154538915263991 0.115868220399942 0.291094806502662 0.388951230038843 0.388951230038843 0.427794561933535 0.427794561933535 0.388951230038843 0.388951230038843 0.388951230038843 0.388951230038843 0.388951230038843 0.388951230038843 0.0387570133793699 0.135232340670407
0 0 0 0 0 0 0 0 0 0 0 0 0 0 0 0.0580060422960725 0.154538915263991 0.0580060422960725 0 0.135232340670407 0 0.388951230038843 0.232657171629981 0.174190763918861 0.388951230038843 0.31123579341102 0.427852107610416 0.466465256797583 0.466465256797583 0.50562508991512 0.50562508991512 0.545331606963027 0.685915695583369 0.685915695583369 0.723493022586678 0.747834843907351 0.958538339807222 0.784031074665516 0.665055387713998 0.644741763774996 0.585728672133506 0.50617177384549 0.466465256797583 0.427794561933535 0.388951230038843 0.388951230038843 0.388951230038843 0.291094806502662 0 0 0 0 0 0 0 0 0.115868220399942 0.115868220399942 0.115868220399942 0.0771399798590131 0.388951230038843 0.388951230038843 0.388951230038843 0.388951230038843 0.349820169759747 0.271385412170911 0.154538915263991 0.115868220399942 0.154538915263991 0.0194504387857862 0.115868220399942
0 0 0 0 0 0 0 0 0 0 0 0 0 0 0 0 0 0 0 0.0967055099985614 0 0 0 0.310574018126888 0.252280247446411 0.175226586102719 0.350079125305711 0.427794561933535 0.466465256797583 0.466465256797583 0.50562508991512 0.56460940871817 0.685915695583369 0.70562508991512 0.723493022586678 0.726111350884765 1 0.784031074665516 0.645374766220688 0.605581930657459 0.56573154941735 0.466465256797583 0.466465256797583 0.466465256797583 0.466465256797583 0.350222989497914 0.21404114515897 0.135692706085455 0 0 0 0 0 0 0 0 0 0 0.0963026902603942 0 0.135232340670407 0.388951230038843 0.349820169759747 0.271385412170911 0.135232340670407 0.115868220399942 0 0.0194504387857862 0 0.154538915263991 0.0963026902603942
0 0 0 0 0 0 0 0 0 0 0 0 0 0 0 0 0 0 0 0 0 0 0 0 0.0771399798590131 0.175226586102719 0.116702632714717 0.388951230038843 0.427794561933535 0.466465256797583 0.466465256797583 0.545331606963027 0.685915695583369 0.723493022586678 0.686951517767228 0.807998849086462 1 0.764666954395051 0.645374766220688 0.566537188893684 0.50562508991512 0.466465256797583 0.466465256797583 0.466465256797583 0.466465256797583 0.427737016256654 0.311753704502949 0.292073083009639 0.0775427995971803 0 0 0 0 0 0 0 0 0 0.0194504387857862 0.0194504387857862 0.0963026902603942 0.19381383973529 0.388951230038843 0.154538915263991 0.0963026902603942 0 0 0 0 0 0
0 0 0 0 0 0 0 0 0 0 0 0 0 0 0 0 0 0 0 0 0 0 0 0 0 0.0578909509423105 0.466465256797583 0.466465256797583 0.388951230038843 0.427794561933535 0.466465256797583 0.644741763774996 0.644741763774996 0.684678463530427 0.706574593583657 0.893022586678176 0.784031074665516 0.723493022586678 0.684534599338225 0.585728672133506 0.50562508991512 0.50562508991512 0.466465256797583 0.466465256797583 0.466465256797583 0.466465256797583 0.466465256797583 0.33091641490433 0 0 0 0 0 0 0 0 0 0 0 0 0 0 0.252395338800173 0 0 0 0 0 0 0 0
0 0 0 0 0 0 0 0 0 0 0 0 0 0 0 0 0 0 0 0 0 0 0 0 0 0 0.253114659761185 0.466465256797583 0.427794561933535 0.447273773557761 0.50562508991512 0.624888505251043 0.644914400805639 0.645863904474176 0.764666954395051 0.805783340526543 0.764666954395051 0.742770824341821 0.684534599338225 0.605581930657459 0.56573154941735 0.466465256797583 0.466465256797583 0.466465256797583 0.486002014098691 0.486002014098691 0.466465256797583 0.466465256797583 0.0193065745935837 0 0 0 0 0 0 0 0 0 0 0 0 0 0 0 0 0 0 0 0 0 0
