data-raw/DATASET_PNE_1/DATASET_PNE/a_DATA/PFGS/ENVSUIT_A1B/HS_f60_P1_ubacPion.asc
NCOLS 619 
NROWS 782 
XLLCORNER 876826 
YLLCORNER 1947424 
CELLSIZE 100 
NODATA_value -9999 
[rows 588 to 615 of 782, columns 448 to 511 of 619]
0.75562047504128 0.739193022566578 0.844023879080401 0.765189042719844 0.948050298488505 1 1 0.858165036623058 0.482492908251831 0.635166603158474 0.251111393369745 0.213853253736399 0.214149625301664 0.553325712350226 0.519369998729836 0.973792285871544 0.895761886616707 0.611160506371989 0.895465515051442 1 1 0.739193022566578 0.541640204919768 0.595537491003006 0.577331809136712 0.739193022566578 1 1 1 1 0.97387696346162 0.595537491003006 0.541640204919768 0.921884923155087 0.973749947076506 0.742283754604344 0.690080020322622 0.858165036623058 0.895761886616707 1 1 1 1 0.559591854015835 0.541851898894957 0.559591854015835 0.765400736695034 1 1 1 1 1 0.804140734154706 0.538083746136585 0.343198272577162 0.0550827723442991 0.0181210042762183 0 0.0181210042762183 0.0550827723442991 0.21503873999746 0.390490706634489 0.768618485117914 0.820398831449257
0.739193022566578 0.765189042719844 0.843431135949871 0.577331809136712 0.922265972310428 1 0.895761886616707 0.430543206740336 0.464117871205386 0.575257208179855 0.375502773191075 0.269359414031077 0.177484228798848 0.530208730259537 0.660950929336551 0.858165036623058 0.904102629239172 0.94775392692324 0.791227401668149 0.974173335026885 0.947372877767899 0.523180490283247 0.721283712265549 0.948050298488505 0.974173335026885 1 1 1 1 1 0.921842584360049 0.739193022566578 0.523180490283247 0.869681188873365 1 0.794148778525763 0.713408696388501 0.778483424361743 0.948007959693467 1 1 1 1 0.559591854015835 0.114526440577501 0.585841906939328 1 1 1 1 1 0.848046064609001 0.768322113552648 0.516448621872222 0.195605233075067 0.12621194800796 0.0181210042762183 0.0892501799398789 0.269359414031077 0.724459121893391 0.768618485117914 0.716287734451078 0.768406791142724 0.838138786570134
0.739193022566578 0.869808205258478 0.541640204919768 0.327067191667725 1 0.974215673821923 0.611075828781913 0.233710148609171 0.482492908251831 0.511960709598205 0.198018544392227 0.251111393369745 0.177484228798848 0.486007028239976 0.634870231593209 0.608662517464753 0.904102629239172 1 1 1 1 1 0.97387696346162 1 1 1 0.974173335026885 1 0.721241373470511 0.469071510224819 0.0563529361954359 0.559380160040645 0.523180490283247 0.921969600745163 0.895846564206783 0.784072145306745 0.702231254498497 0.741945044244041 0.947796265718278 1 1 1 0.948050298488505 0.559591854015835 0.327067191667725 0.585587874169101 1 1 1 0.973792285871544 0.786146746263601 0.742114399424192 0.706507472797324 0.2664803759685 0.0711291756636606 0.177865277954189 0.195605233075067 0.269359414031077 0.750666836021847 0.776451162199924 0.812142766416868 0.849824294000593 0.838138786570134 0.910411109699818
0.559591854015835 0.739193022566578 0.523180490283247 0.523180490283247 1 1 0.430543206740336 0.41216816969389 0.511960709598205 0.251492442525086 0.0595283458232779 0.142173673737245 0.306786908844574 0.177484228798848 0.556331766797917 0.538083746136585 0.922011939540201 0.973749947076506 0.895465515051442 0.948219653668657 0.921969600745163 0.921969600745163 0.948219653668657 1 1 1 1 1 0.289343325288962 0.253058977941488 0.253058977941488 0.523180490283247 0.773699140522461 0.921969600745163 0.768068080782421 0.820398831449257 0.445573478978788 0.840044032346839 0.895761886616707 0.974215673821923 1 1 0.948050298488505 0.559591854015835 0.559591854015835 0.765400736695034 0.895465515051442 1 1 0.79601168550743 0.742537787374571 0.366569287438079 0.108260298911893 0.0712985308438122 0.035691604216944 0.0181210042762183 0 0.269359414031077 0.750666836021847 0.757991447563402 0.741733350268851 0.930098649392438 1 1
0.896015919386934 0.595537491003006 0.541640204919768 1 1 0.833693213091155 0.601380244718235 0.690376391887887 0.582497142131335 0.419704475210636 0.198018544392227 0.0355222490367924 0.28798848384775 0.177484228798848 0.28798848384775 0.638172657606165 0.922011939540201 0.647487192514501 0.504382065286422 0.48613404462509 0.504382065286422 0.593674584021339 0.807485498962699 0.922011939540201 0.895761886616707 1 1 1 0.54943054320674 0.531690588085863 0.523180490283247 0.747449087598967 0.921969600745163 0.974215673821923 0.802023794402811 0.582581819721411 0.848257758584191 0.922011939540201 1 0.974215673821923 1 1 0.922265972310428 0.585841906939328 0.817435115796604 0.739193022566578 0.765189042719844 1 1 0.770439053304543 0.768618485117914 0.170964054363013 0.0181210042762183 0.0181210042762183 0.0181210042762183 0 0.0536432533130107 0.300478428383928 0.683602184681824 0.686735255514628 0.575087852999704 0.875904991743935 1 1
0.765189042719844 0.739193022566578 1 0.947923282103391 0.974215673821923 0.647614208899615 0.726322028875058 0.511960709598205 0.393623777467293 0.0355222490367924 0.0711291756636606 0.124433718616368 0.177484228798848 0.0355222490367924 0.541216816969389 0.637706930860748 0.832380710444981 0.530208730259537 0.253058977941488 0.449256954147085 0.511960709598205 0.549007155256361 0.777890681231212 0.858165036623058 0.530208730259537 0.895761886616707 1 0.773699140522461 0.504382065286422 0.297599390321351 0.630721029679495 0.921969600745163 0.843134764384606 0.79461450527118 0.686735255514628 0.830348448283162 0.947796265718278 0.973792285871544 0.948219653668657 0.895465515051442 1 1 0.895761886616707 0.559591854015835 0.747660781574156 0.541640204919768 0.947372877767899 1 1 0.922011939540201 0.637791608450823 0.0181210042762183 0.0439053304542953 0 0 0 0.0617723019602862 0.378339472458614 0.665354164020492 0.794318133705915 0.794191117320801 1 1 1
0.948092637283543 0.747279732418815 0.956306363520894 0.921969600745163 0.948219653668657 0.699817943181337 0.567466869892883 0.430797239510564 0.214149625301664 0.159744273677971 0 0 0.0355222490367924 0.177484228798848 0.559591854015835 0.663829967399128 0.655997290317118 0.412803251619459 0.48613404462509 0.530208730259537 0.593716922816377 0.611922604682671 0.664253355349507 0.726322028875058 0.637791608450823 0.947796265718278 1 0.773275752572082 0.449256954147085 0.523180490283247 0.921969600745163 0.895888903001821 0.895761886616707 0.759684999364918 0.8762013633092 0.947796265718278 0.824632710953046 0.62962022100851 0.48613404462509 0.755366442271053 1 1 0.97387696346162 0.613573817689149 0.345696261484398 0.253058977941488 0.974173335026885 1 0.921546212794784 0.840044032346839 0.645624285532834 0.0368347516829671 0.0181210042762183 0 0 0.0181210042762183 0.24598839917016 0.407510902239722 0.665354164020492 0.608366145899488 0.830136754307972 1 1 1
0.541640204919768 0.523180490283247 0.791523773233414 0.921969600745163 0.833989584656421 0.523180490283247 0.530208730259537 0.195605233075067 0.159744273677971 0 0 0 0 0.213853253736399 0.559591854015835 0.663829967399128 0.511960709598205 0.287268724332106 0.456369871713451 0.611922604682671 0.663829967399128 0.716287734451078 0.716287734451078 0.530208730259537 0.637791608450823 0.947796265718278 0.921969600745163 0.921969600745163 0.773275752572082 0.94775392692324 0.869681188873365 0.921969600745163 0.947923282103391 0.538083746136585 1 0.717896608662517 0.412803251619459 0.253058977941488 0.37761971294297 0.577585841906939 0.947372877767899 1 0.817943181337059 0.253058977941488 0.156230153689826 0.253058977941488 0.974173335026885 1 0.973792285871544 0.742537787374571 0.296244548880139 0.0181210042762183 0.0181210042762183 0 0.0181210042762183 0.0892501799398789 0.389135865193277 0.594944747872476 0.427833523857911 0.519369998729836 0.67242474279182 1 1 1
0.603793556035395 0.541640204919768 0.921969600745163 0.895761886616707 0.511960709598205 0.511960709598205 0.449045260171895 -9999 0.142173673737245 0 0 0.0181210042762183 0 0.162284601380245 0.343198272577162 0.504382065286422 0.393623777467293 0.493585672551759 0.541640204919768 0.541216816969389 0.559591854015835 0.41216816969389 0.445488801388712 0.60129556712816 0.726322028875058 0.8762013633092 0.798086286464287 0.621364155976121 0.575214869384817 0.895761886616707 0.895761886616707 0.947923282103391 0.892544138193827 0.812142766416868 0.911808289936068 0.430543206740336 0.253058977941488 0.270629577882213 0.577585841906939 0.973495914306279 1 0.97387696346162 0.399170159617257 0.130107117151446 0.0379778991489902 0.523180490283247 1 1 0.876709428849655 0.742114399424192 0.18870400948389 0.0181210042762183 0 0.0181210042762183 0.161649519454676 0.273635632329904 0.646979126974046 0.425716584106016 0.198018544392227 0.233710148609171 0.4750836191202 1 1 1
0.611414539142216 0.699775604386299 0.859477539269232 0.549007155256361 0.41216816969389 0.467759007578644 -9999 0.269359414031077 0.0181210042762183 0 0 0 0 0.125322833312164 0.269359414031077 0.251111393369745 0.306786908844574 0.325246623481096 0.306786908844574 0.177484228798848 0.409627841991617 0.504382065286422 0.716330073246115 0.752106355053135 0.858165036623058 0.852068250137601 0.947965620898429 0.974215673821923 0.921969600745163 0.896227613362124 0.744231339176087 0.85007832677082 0.642702908675219 0.812142766416868 0.832380710444981 0.430543206740336 0.430543206740336 0.486303399805242 0.523180490283247 0.921546212794784 0.974173335026885 0.541640204919768 0.0517803463313434 0.505440535162369 0.843431135949871 1 1 1 0.89470341674076 0.750666836021847 0.269359414031077 0.213853253736399 0.0712985308438122 0.198441932342606 0.403446377916085 0.739193022566578 0.453533172445912 0.453533172445912 0.0198992336678098 0.287268724332106 0.973792285871544 1 1 1
0.549007155256361 0.567466869892883 0.611668571912443 0.41216816969389 0.393623777467293 -9999 0.504382065286422 0.0909013929463567 0.0181210042762183 0 0 0.0368347516829671 0.0550827723442991 0.250815021804479 0.0355222490367924 0 0.392057242050891 0.233540793429019 0.198018544392227 0.41216816969389 0.608620178669715 0.582116092975994 0.538083746136585 0.556331766797917 0.575130191794742 0.921969600745163 0.947965620898429 1 0.895465515051442 0.86997756043863 0.768618485117914 0.611668571912443 0.177484228798848 0.79440281129599 0.8762013633092 0.68186629408527 0.540920445404124 0.523180490283247 0.754350311190144 0.974173335026885 0.948050298488505 0.271772725348237 0.541640204919768 0.791439095643338 0.631737160760405 0.685592108048605 1 1 0.8762013633092 0.739193022566578 0.295567128159533 0.347516829671028 0.312333290994538 0.742834158939837 0.686735255514628 0.634870231593209 0.686735255514628 0.40132943816419 0.445573478978788 0.973792285871544 1 1 1 1
-9999 0.530208730259537 0.593716922816377 0.430543206740336 0.401583470934417 0.269359414031077 0.0550827723442991 0.0368347516829671 0.0181210042762183 0 0 0.0181210042762183 0.195605233075067 0.159744273677971 0.198018544392227 0.401583470934417 0.47487192514501 0.609085905415132 0.556331766797917 0.556331766797917 0.530208730259537 0.538083746136585 0.511960709598205 0.575130191794742 0.62962022100851 0.896142935772048 1 1 0.895465515051442 1 0.718150641432745 0.716287734451078 0.38384351581354 0.742537787374571 0.741945044244041 1 0.94775392692324 0.843431135949871 0.895465515051442 0.7913967568483 0.523180490283247 0.541640204919768 0.577585841906939 0.54943054320674 0.271772725348237 0.486303399805242 0.611160506371989 0.717896608662517 0.698209068969897 0.768618485117914 0.28798848384775 0.370887844531945 0.732291798975401 0.750666836021847 0.538083746136585 0.538083746136585 0.973792285871544 0.938143020449638 0.877852576315678 1 1 1 1 1
0.690376391887887 0.511960709598205 0.198018544392227 0.178331004699606 0.195605233075067 0.0726533722850248 0.0550827723442991 0 0 0 0 0.195605233075067 0.177484228798848 0.357762818070198 0.41216816969389 0.437994834667005 0.634870231593209 0.653668656590033 0.741945044244041 0.663872306194166 0.575130191794742 0.575130191794742 0.876624751259579 0.869681188873365 0.895465515051442 1 0.974173335026885 0.948050298488505 1 1 0.92243532749058 0.690376391887887 0.530208730259537 0.419450442440408 0.645624285532834 0.973792285871544 0.947796265718278 0.973749947076506 0.817308099411491 0.577585841906939 0.577585841906939 0.799737499470765 0.577585841906939 0.271772725348237 0.253058977941488 0.359752741436979 1 0.708370379778991 0.41216816969389 0.712985308438122 0.690503408273001 0.497438502900207 0.768618485117914 0.556331766797917 0.556331766797917 0.851771878572336 0.947796265718278 0.973792285871544 0.973792285871544 1 1 1 0.523900249798891 0.973919302256658
0.511960709598205 0.456369871713451 0.419450442440408 0.401583470934417 0.213853253736399 0.0550827723442991 0.0550827723442991 0 0.0181210042762183 0.0550827723442991 0.250815021804479 0.195605233075067 0.393623777467293 0.511960709598205 0.437994834667005 0.437994834667005 0.456369871713451 0.556331766797917 0.575130191794742 0.947796265718278 0.851771878572336 0.895465515051442 0.895465515051442 1 1 1 1 1 0.948050298488505 1 1 0.868495702612304 0.690376391887887 0.716160718065964 0.858165036623058 0.929886955417249 0.904102629239172 1 1 1 1 1 0.729539777297938 0.253058977941488 0.253058977941488 0.253058977941488 0.798086286464287 0.556331766797917 0.582581819721411 0.768322113552648 0.490621956899107 0.582581819721411 0.705533680511453 0.973792285871544 1 1 1 1 1 1 1 1 1 1
0.760066048520259 0.716287734451078 0.504382065286422 0.325246623481096 0.145052711799822 0.110504255048901 0 0 0.0712985308438122 0.28798848384775 0.541216816969389 0.541640204919768 0.556712815953258 0.4750836191202 0.198018544392227 0.41216816969389 0.511960709598205 0.504382065286422 0.869681188873365 1 0.974215673821923 1 1 0.948050298488505 1 1 1 1 1 1 1 1 1 0.947796265718278 0.948219653668657 0.629662559803548 0.575130191794742 0.948007959693467 0.947796265718278 0.851771878572336 0.504382065286422 0.253058977941488 0.467504974808417 0.467504974808417 0.0397561285405817 0.449256954147085 0.655785596341928 0.556331766797917 0.768322113552648 0.768322113552648 0.482492908251831 0.582581819721411 0.840044032346839 0.973792285871544 1 1 0.97387696346162 1 1 1 1 1 1 1
1 0.744231339176087 0.488166306786909 0.199458063423515 0.142173673737245 0.090012278250561 0.110504255048901 0.110504255048901 0.269359414031077 0.559591854015835 0.700198992336678 0.655912612727042 0.658071891273974 0.621364155976121 0.653202929844617 0.885981624962954 1 1 1 1 1 1 0.948050298488505 0.948389008848808 0.922265972310428 0.869935221643592 1 1 0.948050298488505 1 1 1 1 1 1 0.727676870316271 0.974215673821923 0.947796265718278 1 0.982090689698971 0.504382065286422 0.430543206740336 0.523180490283247 0.825691180828994 0.592954824505694 0.974003979846733 0.752572081798552 0.741945044244041 0.79440281129599 0.445573478978788 0.840044032346839 0.929886955417249 0.878318303061095 1 1 0.843431135949871 0.97387696346162 0.97387696346162 1 1 1 1 1 1
1 0.786358440238791 0.523349845463398 0.325246623481096 0.343198272577162 0.343198272577162 0.559591854015835 0.611626233117405 0.79440281129599 0.734027689571955 0.922011939540201 1 1 1 1 1 1 1 1 1 1 1 1 0.817223421821415 0.896481646132351 1 1 1 1 1 1 1 1 1 0.77331809136712 1 0.948219653668657 0.824632710953046 0.948219653668657 0.745797874592489 0.430543206740336 0.234514585714891 0.253058977941488 0.324188153605148 0.48613404462509 0.611075828781913 0.804140734154706 0.79440281129599 0.445573478978788 0.750243448071468 1 0.973792285871544 1 1 1 1 0.97387696346162 1 1 1 1 1 1 1
0.655912612727042 0.742537787374571 0.559591854015835 0.214149625301664 0.585799568144291 0.851771878572336 0.843896862695288 0.817773826156908 0.982133028494009 1 1 1 1 1 1 1 1 1 1 1 1 1 1 1 1 1 1 1 1 1 1 1 1 1 1 1 1 1 0.8762013633092 0.655785596341928 0.324188153605148 0.0987764088234049 0.104153435793217 0 0.234683940895042 0.538083746136585 0.786358440238791 0.538083746136585 0.723993395147974 0.948007959693467 1 0.895465515051442 1 1 1 0.97387696346162 1 1 1 1 1 1 1 1
0.74236843219442 0.716287734451078 0.504382065286422 0.467759007578644 0.760277742495449 0.947796265718278 0.947796265718278 0.947965620898429 0.974215673821923 1 1 1 1 1 1 1 1 1 1 1 1 1 1 1 1 1 1 1 1 1 1 0.739193022566578 1 1 1 1 1 0.974003979846733 0.482619924636945 0.744316016766163 0.430543206740336 0.28858122697828 0.253058977941488 0.430543206740336 0.430543206740336 0.63444684364283 0.79440281129599 0.482492908251831 0.8762013633092 0.947796265718278 1 0.973495914306279 1 1 1 1 1 1 1 1 1 1 1 1
0.638130318811127 0.663914644989204 0.559591854015835 0.559591854015835 0.742537787374571 1 0.921969600745163 0.895888903001821 1 1 1 1 0.843685168720098 0.948050298488505 1 1 1 1 1 1 1 1 1 1 1 1 1 1 1 1 1 0.843685168720098 0.791650789618528 0.974173335026885 1 1 1 1 0.482492908251831 0.804140734154706 0.556331766797917 0.511960709598205 0.493331639781532 0.430543206740336 0.198018544392227 0.538083746136585 0.79440281129599 0.556331766797917 0.8762013633092 1 1 1 0.703332063169482 0.541640204919768 0.974173335026885 1 1 1 1 1 1 1 1 1
0.611922604682671 0.559591854015835 0.559591854015835 0.559591854015835 0.768618485117914 1 0.947965620898429 1 0.974173335026885 1 1 0.896185274567086 0.817646809771794 0.843304119564757 0.974173335026885 1 1 1 1 1 1 1 1 1 1 1 1 1 1 1 1 0.947796265718278 0.6675981201575 0.308268766670901 0.843431135949871 1 1 1 0.742537787374571 0.538083746136585 0.530208730259537 0.430543206740336 0.375883822346416 0.198018544392227 0.198018544392227 0.563868072314662 0.750243448071468 0.856344468436428 0.948007959693467 0.904060290444134 1 1 0.921546212794784 0.791693128413565 1 0.843431135949871 1 1 1 1 1 1 1 1
0.755747491426394 0.577331809136712 0.74236843219442 0.716287734451078 0.86997756043863 1 1 1 0.974173335026885 0.974173335026885 0.922265972310428 0.869427156103137 0.947923282103391 0.922138955925314 1 1 0.973919302256658 1 1 1 1 1 1 1 1 1 1 1 1 1 1 1 0.948050298488505 0.765189042719844 0.739193022566578 1 1 1 0.742537787374571 0.463779160845082 0.437994834667005 0.269147720055887 0.198018544392227 0.198018544392227 0.198018544392227 0.608366145899488 0.519369998729836 0.822473432406114 0.877852576315678 0.430543206740336 1 1 1 0.870400948389009 1 0.791650789618528 1 1 1 1 1 1 1 1
1 1 1 1 1 1 1 1 1 0.974173335026885 0.974173335026885 0.974173335026885 0.843219441974681 0.843939201490326 1 0.947796265718278 0.739193022566578 0.869808205258478 1 1 1 1 1 1 1 1 1 1 1 1 1 1 0.948050298488505 0.974173335026885 0.703543757144672 1 1 0.922011939540201 0.690503408273001 0.661120284516703 0.537745035776282 0.516448621872222 0.198018544392227 0.497438502900207 0.519369998729836 0.287268724332106 0.619839959354757 0.575130191794742 0.62962022100851 0.523180490283247 1 1 1 0.639781531817605 0.791650789618528 1 1 1 1 1 1 1 1 1
1 1 1 1 1 1 1 1 1 1 1 0.974173335026885 0.895973580591896 0.747576103984081 0.973919302256658 0.843177103179643 0.791058046487997 1 1 1 1 1 1 1 1 1 1 1 1 1 1 1 1 0.765189042719844 0.541640204919768 0.843431135949871 1 1 0.71603370168085 0.541640204919768 0.419704475210636 0.463779160845082 0.568483000973792 0.537745035776282 0.322706295778822 0.430543206740336 0.253058977941488 1 1 1 1 0.921969600745163 0.791947161183793 0.817900842542021 1 1 1 1 1 1 1 1 1 1
1 1 1 1 1 1 1 1 1 1 1 1 1 0.765019687539693 1 0.947965620898429 1 1 1 1 1 1 1 1 1 1 1 1 1 1 1 1 1 0.922265972310428 0.271772725348237 0.613616156484186 1 1 0.786062068673525 0.585799568144291 0 0.195605233075067 0.537745035776282 0.555993056437614 0.716626444811381 0.575130191794742 1 1 1 1 0.869511833693213 0.70337440196452 0.559380160040645 1 1 1 1 1 1 1 1 1 1 1
1 1 1 1 1 1 1 1 1 1 1 1 1 1 1 1 1 1 1 1 1 1 1 1 1 1 1 1 0.791947161183793 1 1 -9999 1 1 0.869511833693213 0.523180490283247 1 0.948007959693467 0.812142766416868 0.611922604682671 0.493543333756721 0.259621491172361 0.537745035776282 0.716626444811381 1 0.973792285871544 1 0.973495914306279 0.559380160040645 0.70337440196452 0.721326051060587 0.739193022566578 1 1 1 1 1 1 1 1 1 1 1 1
1 1 1 1 1 1 1 1 1 1 1 1 1 1 1 1 1 1 1 1 1 1 1 1 1 1 1 1 1 0.948219653668657 1 -9999 1 1 0.921969600745163 0.416825437148059 0.895465515051442 1 0.850501714721199 0.742537787374571 0.585799568144291 0.449045260171895 0.742537787374571 0.948219653668657 0.947796265718278 0.673779584233033 0.523180490283247 0.523180490283247 0.559380160040645 0.895761886616707 0.452390024979889 1 1 1 1 1 1 1 1 1 1 1 1 1
1 1 1 1 1 1 1 1 1 1 1 1 1 1 1 1 1 1 1 1 1 1 1 1 1 1 1 1 1 1 1 1 1 1 0.541640204919768 0.253058977941488 0.523180490283247 1 0.922011939540201 0.716753461196494 0.663829967399128 0.504382065286422 0.734027689571955 0.929886955417249 0.629112155468055 0.270629577882213 -9999 0.523180490283247 1 0.922265972310428 0.416825437148059 1 1 1 1 1 1 1 1 1 1 1 1 1
