data-raw/DATASET_PNE_1/DATASET_PNE/a_DATA/PFGS/ENVSUIT_A1B/HS_f90_C2_VaccUli.asc
NCOLS 619 
NROWS 782 
XLLCORNER 876826 
YLLCORNER 1947424 
CELLSIZE 100 
NODATA_value -9999 
[rows 150 to 174 of 782, columns 399 to 455 of 619]
0.785243661758008 0.808744496735995 0.585942006983452 0.587308334598451 0.587763777136785 0.528586609989373 0.693456808865948 0.591042963412783 0 0 0 0.175132837407014 0.467526947016851 0.549810232275694 0.693608623045392 0.920631546986489 0.980507059359344 0.978776377713678 0.978776377713678 1 0.978442386518901 0.978442386518901 0.957218764232579 1 0.978776377713678 0.935995141946258 0.957552755427357 0.935570062243813 0.849855776529528 0.849855776529528 1 1 0.914346439957492 0.935570062243813 0.978776377713678 1 1 1 1 1 0.935570062243813 0.935570062243813 1 1 1 1 1 1 1 1 1 1 1 1 1 1 1
0.785243661758008 0.785243661758008 0.851586458175194 0.894701685137392 0.813025656596326 0.56608471231213 0.575466828601791 0.693456808865948 0.63391528768787 0 0 0 0.536025504782147 0.508425686959162 0.56608471231213 0.587308334598451 0.980507059359344 1 0.957127675724913 0.978442386518901 1 0.935570062243813 0.935570062243813 0.935570062243813 0.957218764232579 0.935995141946258 1 0.956915135873691 0.978503112190679 1 1 0.978776377713678 0.935995141946258 0.978776377713678 0.978776377713678 1 1 1 1 0.957218764232579 0.914346439957492 0.957552755427357 1 1 1 1 1 1 1 1 1 1 1 -9999 1 1 1
0.935570062243813 0.871383027174738 0.806558372551996 0.89233338393806 0.978685289206012 0.956975861545468 0.56608471231213 0.630302110217094 0.528222255958707 0.510520722635494 0 0 0.136268407469258 0.448216183391529 0.506907545164718 0.56608471231213 0.920631546986489 1 0.957127675724913 0.957127675724913 0.935570062243813 0.978776377713678 0.978776377713678 0.935904053438591 0.893031729163504 1 0.978503112190679 1 1 1 0.849855776529528 0.978776377713678 0.935995141946258 0.957552755427357 0.978776377713678 0.978776377713678 0.978776377713678 0.978776377713678 1 0.935570062243813 0.914346439957492 1 1 1 1 1 1 -9999 -9999 1 1 1 1 -9999 -9999 1 1
0.893031729163504 0.91440716562927 0.850129042052528 0.850129042052528 0.913951723090937 0.935509336572036 0.956975861545468 0.753271595567026 0.60941247912555 0.487110976165174 0.571489297100349 0.175132837407014 0 0.471808106877182 0.489206011841506 0.608987399423106 0.819037498102323 0.980507059359344 0.978776377713678 0.957127675724913 0.957218764232579 0.935570062243813 0.957218764232579 0.914346439957492 0.914346439957492 1 1 1 1 0.978503112190679 0.849855776529528 0.957218764232579 0.93593441627448 0.914376802793381 -9999 -9999 1 1 1 0.978776377713678 1 1 1 1 1 1 -9999 -9999 -9999 1 1 1 -9999 -9999 -9999 1 1
0.893031729163504 0.957218764232579 0.935995141946258 0.871534841354182 0.828449977227873 0.806862000910885 1 0.937240018217702 0.627539092151207 0.607621071808107 0.568210110824351 0.528586609989373 0 0.215545771975102 0.487110976165174 0.693608623045392 0.940671018673144 0.980507059359344 0.957127675724913 1 1 1 0.978776377713678 0.935570062243813 0.82854106573554 0.978776377713678 0.956945498709579 0.978503112190679 1 0.978503112190679 1 1 0.914376802793381 0.93593441627448 -9999 -9999 0.978776377713678 0.914346439957492 1 1 1 1 1 1 1 1 -9999 -9999 1 1 1 1 1 1 1 1 1
0.893031729163504 0.893031729163504 0.935904053438591 0.914346439957492 0.871534841354182 0.849946865037195 0.980507059359344 0.775861545468347 0.65195081220586 0.610748443904661 0.571398208592683 0.549901320783361 0.11656292697738 0.155488082586914 0.528586609989373 0.797601335964779 0.917261272202824 0.960649764688022 1 0.978776377713678 1 1 0.957218764232579 0.892485198117504 0.82854106573554 0.978776377713678 0.956793684530135 0.978503112190679 1 1 1 0.871200850159405 1 1 -9999 -9999 1 1 1 1 1 1 1 1 1 1 -9999 1 1 1 1 1 1 1 1 1 1
0.893001366327615 0.914589342644603 0.914619705480492 0.893031729163504 0.893031729163504 1 0.874449673599514 0.775861545468347 0.609078487930773 0.691817215727949 0.652406254744193 0.448216183391529 0 0.408987399423106 0.630302110217094 0.792986184909671 0.900592075299833 0.526461211477152 1 0.957127675724913 0.978776377713678 1 0.957218764232579 0.892485198117504 0.849855776529528 0.935995141946258 1 1 1 1 1 1 -9999 -9999 -9999 -9999 -9999 -9999 1 1 1 1 1 1 -9999 -9999 1 1 1 1 1 1 1 1 1 1 -9999
0.893001366327615 0.893031729163504 0.91468043115227 0.957127675724913 0.871291938667071 1 0.980507059359344 0.874358585091847 0.733171398208593 0.673356611507515 0.469895248216183 0.136268407469258 0 0.42854106573554 0.608987399423106 0.587763777136785 0.56608471231213 0.67347806285107 0.940671018673144 0.978776377713678 0.978776377713678 1 0.978776377713678 0.871261575831183 0.849855776529528 0.935570062243813 0.978442386518901 1 1 1 -9999 -9999 -9999 -9999 -9999 -9999 1 1 1 1 1 1 1 1 1 -9999 1 1 1 1 1 1 1 1 1 1 -9999
0.849855776529528 0.85006831638075 0.89260664946106 0.935509336572036 0.957127675724913 1 0.62905723394565 0.651798998026416 0.52840443297404 0.467526947016851 0.291938667071504 0.0197054804918779 0 0.450129042052528 0.506907545164718 0.628844694094428 0.56608471231213 0.56608471231213 0.694671322301503 0.960528313344466 0.978776377713678 0.978776377713678 0.978776377713678 0.892485198117504 0.892576286625171 0.957218764232579 1 1 1 -9999 -9999 -9999 -9999 -9999 -9999 1 1 1 1 1 1 1 1 1 1 1 1 1 1 1 1 1 1 1 1 1 1
0.849825413693639 0.89260664946106 0.957127675724913 1 0.980507059359344 0.960649764688022 0.693092454835282 0.673022620312737 0.587308334598451 0.651798998026416 0.630302110217094 0.506907545164718 0.42854106573554 0.272445726430849 0.42854106573554 0.506907545164718 0.526461211477152 0.58949445878245 0.880916957643844 0.978351298011234 0.978776377713678 0.978776377713678 0.978776377713678 0.892485198117504 0.957127675724913 0.978776377713678 0.978442386518901 1 1 1 -9999 -9999 -9999 -9999 -9999 1 1 1 1 1 1 1 1 1 1 1 1 1 1 1 1 1 1 1 1 1 1
0.957218764232579 0.914285714285714 0.893062091999393 0.935509336572036 1 0.95746166691969 -9999 0.980507059359344 0.980507059359344 0.894246242599059 0.915894944587824 0.691756490056171 0.589190830423562 0.528222255958707 0.450129042052528 0.510793988158494 0.526461211477152 0.609169576438439 0.880916957643844 0.95746166691969 1 0.978776377713678 0.978776377713678 0.871079398815849 0.957127675724913 0.978776377713678 1 1 1 1 1 -9999 1 1 -9999 1 1 1 1 1 1 1 1 1 1 1 1 1 1 1 1 1 1 1 1 1 1
0.785243661758008 0.785243661758008 0.957066950053135 0.935478973736147 0.935478973736147 0.935478973736147 -9999 0.914285714285714 0.914285714285714 0.978776377713678 1 0.978381660847123 0.85437983907697 0.653499316836192 0.487110976165174 0.469804159708517 0.530195840291483 0.609169576438439 0.880916957643844 0.937968726279034 0.914619705480492 0.93593441627448 0.957127675724913 0.978776377713678 0.935539699407925 0.978776377713678 1 1 1 1 1 -9999 1 1 -9999 1 1 1 1 1 1 1 1 1 1 1 1 1 1 1 1 1 1 1 1 1 1
0.785243661758008 0.785243661758008 0.849825413693639 0.935570062243813 0.893031729163504 0.957127675724913 0.828237437376651 0.828510702899651 0.892545923789282 0.957127675724913 0.957127675724913 0.978351298011234 1 0.733171398208593 0.573523607104904 0.594929406406558 0.530195840291483 0.633824199180203 0.779383634431456 0.916745103992713 0.893062091999393 0.893062091999393 0.957218764232579 0.978776377713678 0.978776377713678 0.978776377713678 1 1 1 1 1 1 1 1 1 1 1 1 1 1 -9999 -9999 -9999 1 1 1 1 1 1 1 1 1 1 1 1 1 1
-9999 0.785243661758008 0.893031729163504 0.893031729163504 0.893031729163504 0.871443752846516 0.828237437376651 0.828237437376651 0.828237437376651 0.914164262942159 0.913951723090937 0.957127675724913 0.978351298011234 0.980507059359344 0.54804918779414 0.530195840291483 0.450129042052528 0.551844542280249 0.655503264004858 0.899347199028389 0.978685289206012 0.893062091999393 0.893062091999393 0.978776377713678 0.95718840139669 0.978776377713678 0.978776377713678 1 1 1 1 1 1 1 1 1 1 1 1 1 1 -9999 -9999 -9999 1 1 1 1 1 1 1 1 1 1 1 1 1
-9999 0.914073174434492 0.871443752846516 0.892849552148171 0.892849552148171 0.892849552148171 0.828237437376651 0.828237437376651 0.806922726582663 0.82854106573554 0.935570062243813 0.935570062243813 0.978776377713678 1 0.734689540003036 0.42854106573554 0.389342644603006 0.508698952482162 0.508698952482162 0.547867010778807 0.978685289206012 0.978685289206012 1 0.978776377713678 0.957218764232579 0.978776377713678 0.978776377713678 0.978776377713678 0.978776377713678 1 1 1 1 1 1 1 1 1 1 1 1 -9999 -9999 -9999 1 1 1 1 1 1 1 1 1 1 -9999 -9999 -9999
-9999 0.828237437376651 0.828237437376651 0.806922726582663 0.871443752846516 0.914073174434492 0.849855776529528 0.849855776529528 0.828237437376651 0.892667375132837 0.935570062243813 0.978776377713678 0.978776377713678 0.957127675724913 0.756004250797024 0.467526947016851 0.33083345984515 0.530195840291483 0.467526947016851 0.487110976165174 0.831820252011538 0.95746166691969 0.978776377713678 0.957552755427357 0.978776377713678 0.978776377713678 0.957218764232579 0.978776377713678 1 1 1 1 1 1 1 1 1 1 1 1 1 1 -9999 -9999 1 1 1 1 1 1 1 1 1 1 1 1 1
0.849855776529528 0.849855776529528 0.871261575831183 0.849855776529528 0.828237437376651 0.849855776529528 0.849855776529528 0.957218764232579 0.849855776529528 0.871231212995294 0.935570062243813 1 0.935539699407925 0.978776377713678 0.980507059359344 0.900986792166388 0.272111735236071 0.551601639593138 0.508698952482162 0.487110976165174 0.546500683163807 0.568149385152573 0.936238044633369 0.978776377713678 1 0.957218764232579 0.978776377713678 0.978776377713678 0.978776377713678 1 1 1 1 1 1 1 1 1 1 1 1 1 -9999 -9999 1 1 1 1 1 1 1 1 1 1 1 1 1
1 1 1 1 1 1 1 1 0.957218764232579 0.913951723090937 0.892728100804615 0.935570062243813 0.892485198117504 0.957127675724913 1 0.980507059359344 0.508698952482162 0.42854106573554 0.695642933049947 0.715530590557158 0.487110976165174 0.546500683163807 0.70578412023683 0.957066950053135 1 1 0.978776377713678 0.957127675724913 0.978776377713678 1 1 1 1 1 1 1 1 1 1 1 1 1 1 -9999 1 1 1 1 1 1 1 1 1 1 1 1 1
1 1 1 1 1 1 1 1 1 1 0.828237437376651 0.828237437376651 0.871079398815849 0.957127675724913 0.957127675724913 1 0.65061484742675 0.0606042204341885 0.450129042052528 0.801457416122666 0.632275694549871 0.507150447851829 0.606588735387885 0.851616821011082 1 0.978776377713678 0.978776377713678 0.935630787915591 0.978776377713678 1 1 1 1 1 1 1 1 1 1 1 1 1 1 1 1 1 1 1 1 1 1 1 1 1 1 1 -9999
1 1 1 1 1 1 1 1 1 1 1 0.828237437376651 0.828237437376651 0.935570062243813 0.978776377713678 0.978776377713678 0.938879611355701 0.272111735236071 0.0973128890238348 0.512676483983604 0.881250948838622 0.546500683163807 0.672263549415515 0.685805374221952 0.935843327766813 0.95746166691969 0.957552755427357 0.957552755427357 0.95718840139669 0.978776377713678 1 1 1 1 1 1 1 1 1 1 1 1 1 1 1 1 1 1 1 1 1 1 1 -9999 -9999 -9999 -9999
1 1 1 1 -9999 -9999 1 1 1 1 1 0.849855776529528 0.871352664338849 0.849855776529528 0.935904053438591 0.978776377713678 1 0.530347654470927 0 0.252709883103082 0.700349172612722 0.675542735691513 0.589373007438895 0.646121147715197 0.851616821011082 0.935843327766813 1 0.957552755427357 0.892819189312282 0.978776377713678 0.978776377713678 1 1 1 1 1 1 1 1 1 1 1 1 1 1 1 1 1 1 1 1 -9999 -9999 -9999 -9999 -9999 -9999
1 1 1 -9999 -9999 -9999 -9999 1 1 1 1 1 0.892667375132837 0.828237437376651 0.935539699407925 0.957552755427357 0.957127675724913 0.65061484742675 0.0390162441172005 0 0.489388188856839 0.758402914832245 0.507150447851829 0.566600880522241 0.70578412023683 0.872840443297404 0.95746166691969 0.935904053438591 0.892819189312282 0.978776377713678 0.978776377713678 1 1 1 1 1 1 1 1 1 1 1 1 1 1 1 1 1 1 1 1 -9999 -9999 -9999 -9999 -9999 -9999
-9999 1 1 1 1 -9999 -9999 1 1 1 1 1 0.892576286625171 0.914073174434492 0.978776377713678 0.914346439957492 0.957127675724913 1 0.389585547290117 0 0.33083345984515 0.841384545316533 0.671079398815849 0.546500683163807 0.586640352208896 0.748656444511917 0.935843327766813 0.957552755427357 0.957552755427357 0.978776377713678 0.978776377713678 1 1 1 1 1 1 1 1 1 1 1 1 1 1 1 1 1 1 1 -9999 -9999 -9999 -9999 1 1 1
1 1 1 1 1 1 1 1 1 1 1 1 0.935570062243813 0.978776377713678 0.978776377713678 0.978776377713678 0.957127675724913 1 0.86136329133141 0.021587976316988 0 0.716957643843935 0.855199635645969 0.546500683163807 0.487839684226507 0.770062243813572 0.935843327766813 0.95746166691969 0.957552755427357 0.892819189312282 0.978776377713678 0.978776377713678 1 1 1 1 1 1 1 1 1 1 1 1 1 1 1 1 1 -9999 -9999 -9999 -9999 -9999 1 1 1
1 1 1 1 1 -9999 -9999 1 1 1 1 1 1 0.978776377713678 1 1 0.957127675724913 1 0.960528313344466 0.021587976316988 0 0.590769697889783 0.507150447851829 0.487110976165174 0.487839684226507 0.608289054197662 0.980142705328678 0.978776377713678 0.957552755427357 0.892819189312282 0.957552755427357 1 1 1 1 1 1 1 1 1 1 1 1 1 1 1 1 1 1 1 1 1 1 1 1 1 1
