data-raw/DATASET_PNE_1/DATASET_PNE/a_DATA/PFGS/ENVSUIT_A1B/HS_f90_C4_shrubs.asc
NCOLS 619 
NROWS 782 
XLLCORNER 876826 
YLLCORNER 1947424 
CELLSIZE 100 
NODATA_value -9999 
[rows 364 to 391 of 782, columns 512 to 575 of 619]
0.461066145687971 0.537697858937044 0.911167816275268 1 0.48678282365137 0.530281886687134 1 1 0.530521111598421 0.588812248315458 0.657589410310594 0.56345440771899 0.588732506678362 0.356405246999721 0.207567481360392 0.188549100913042 0 0.63235118216977 0.891710856823891 1 1 1 1 1 1 0.847813085602647 0.866472628683067 1 1 1 1 0.497508073840756 0.523264622622702 1 1 1 1 0.964315617399625 0.891710856823891 0.891710856823891 0.653642199274351 0.47916749730872 0.689326581874726 0.478768789123241 0.489852876679558 0.841074917268052 0.982018260834895 0.78669112076871 0.489852876679558 0.530202145050038 0.478768789123241 0.478928272397432 0.453171723615486 0.732945257366134 0.902555719468921 1 1 1 1 1 1 1 -9999 -9999
0.599537498504844 0.766197520035086 0.766197520035086 1 0.467246122562896 0.53777760057414 0.938638810254775 1 1 0.766117778397991 0.657589410310594 0.657589410310594 0.537697858937044 0.538056696303975 0.305410470076951 0.227383278178701 0.227383278178701 0.657589410310594 0.657589410310594 0.722977552729158 1 1 1 1 1 1 1 1 1 1 1 1 1 1 1 1 1 1 0.848411147880866 0.804513376659623 1 1 0.522985526892867 0.342570072963598 0.342570072963598 0.533750647900801 0.689326581874726 0.964315617399625 0.982018260834895 0.956261712052949 0.797456241776644 0.576930744388182 0.478768789123241 0.478768789123241 0.732945257366134 0.964315617399625 0.982018260834895 1 1 1 1 1 -9999 -9999
1 1 1 1 0.964315617399625 0.563414536900443 0.415932379091743 0.802998285554802 1 1 0.964315617399625 0.873051313743471 0.748215780869981 0.784338742474383 0.504884175272118 0.504884175272118 0.530441369961325 0.837446672780192 0.873051313743471 0.657589410310594 0.946413619871616 1 1 1 1 1 1 1 1 1 1 1 1 1 0.98229735656473 1 1 1 0.964315617399625 0.679039910689366 1 1 1 0.974602288584985 0.785973446034847 0.638291934133408 0.530202145050038 0.155894900522308 0.342570072963598 0.504525337905187 0.525816355009768 0.489852876679558 0.453171723615486 0.478768789123241 0.464255811171803 0.829432638252063 0.771500338901958 0.982018260834895 1 1 1 1 -9999 -9999
1 1 1 1 1 0.711534627805909 0.415932379091743 0.538056696303975 0.766197520035086 1 1 1 1 1 0.657589410310594 0.538056696303975 0.606993341573303 0.657589410310594 0.873051313743471 0.873051313743471 0.873051313743471 0.98229735656473 1 1 1 1 1 1 1 1 1 1 1 0.866472628683067 0.784259000837287 0.722977552729158 0.504804433635022 0.837406801961644 1 0.964315617399625 1 0.939077389258802 1 1 0.974761771859176 1 1 1 1 1 1 0.80419441011124 0.0555799210557793 0.036840636338264 0.220007176747339 0.478928272397432 0.507994099118855 0.768908735696344 0.974642159403533 1 1 1 1 -9999
0.974642159403533 0.956939515968263 0.974642159403533 1 1 1 1 0.784338742474383 0.711534627805909 0.964315617399625 1 1 1 1 1 0.581316534428452 0.589131214863841 0.891710856823891 1 1 0.946413619871616 0.729994816793589 0.793987480562976 0.537937083848331 0.563374666081895 0.556197918743272 0.650332921334875 0.855149316215462 1 1 1 0.946413619871616 0.617718591762689 0.722977552729158 0.891710856823891 0.847813085602647 0.83007057134883 0.697260874765759 0.96383716757705 1 1 1 1 1 1 1 1 1 1 1 1 1 1 0.451058570232447 0 0.036840636338264 0.137514453171724 0.137514453171724 0.710059407519636 1 1 1 1 -9999
0.555719468920697 0.974642159403533 0.956939515968263 1 0.974642159403533 1 1 1 0.777640444958335 0.487022048562657 0.53777760057414 0.964315617399625 1 1 1 1 1 0.98229735656473 1 1 1 0.946413619871616 0.78382042183326 0.581595630158287 0.458833379849288 0.188469359275946 0.537618117299948 1 1 1 1 0.884892946852199 0.563374666081895 0.479047884853076 0.866472628683067 0.866472628683067 1 1 0.98229735656473 1 1 1 1 1 1 1 1 1 1 1 1 1 1 1 0.974761771859176 0.0934970694948367 0.036840636338264 0 0.206411227622503 0.949244447988517 0.94900522307723 0.94900522307723 1 1
0.833539332562497 0.763247079462541 0.78896375742594 0.745345081934532 0.817471392687692 0.938957776803158 1 1 0.892986723017424 0.544196802360353 0.56955464295682 0.56955464295682 0.599537498504844 1 0.909852079263187 1 1 1 0.777760057413979 0.784338742474383 1 1 0.98229735656473 0.928312268250867 0.748215780869981 0.606953470754755 0.63235118216977 1 1 1 1 1 0.910131174993023 0.686934332761852 0.581276663609904 0.581236792791356 0.783102747099398 1 1 1 1 1 1 1 1 1 1 1 1 1 1 1 1 1 1 0.931023483912125 0.174594314421275 0.0179817391651051 0.0934970694948367 0.725369801842032 0.974602288584985 1 1 -9999
0.80818149196603 0.899366053985088 0.956939515968263 0.640405087516447 0.499780710497987 0.592918942625892 0.672540967266058 0.944579562218412 0.624895339101312 0.56955464295682 0.892986723017424 1 1 1 1 1 0.964315617399625 0.689924644152944 0.548742075674814 0.53016227423149 1 1 1 1 1 1 1 1 1 0.909812208444639 0.873051313743471 1 1 1 0.530481240779873 0.722977552729158 1 1 1 1 1 1 1 1 1 1 1 1 1 1 1 1 1 1 1 1 1 0.574060045452733 0.137514453171724 0.382241537418763 0.974761771859176 1 1 -9999
0.736095052031418 0.863322834017782 1 0.919141979984849 0.555719468920697 0.481918583788525 0.575495394920458 0.956939515968263 0.974642159403533 0.974642159403533 1 1 1 1 1 0.946134524141781 1 1 0.664526932737929 0.461305370599258 0.683186475818349 1 1 1 1 1 1 1 1 0.847813085602647 0.873051313743471 1 1 1 1 1 1 1 1 1 1 1 1 1 1 1 1 1 1 1 1 1 1 1 0.974761771859176 1 1 1 0.174594314421275 0 1 1 1 1
0.920776683545313 0.80818149196603 0.642318886806746 0.495753757824648 0.604042901000758 0.679199393963558 0.593277779992823 0.937123719149954 1 1 1 1 0.981818906742155 0.981818906742155 1 1 1 1 1 1 0.693712371914995 0.938638810254775 1 1 1 1 1 1 1 1 1 0.884892946852199 0.891710856823891 1 1 1 1 1 1 1 1 1 1 1 1 1 1 1 1 1 1 1 1 1 1 1 1 0.94900522307723 1 0 0.393644591523464 1 1 0.923727124117858
0.528328216578286 0.642318886806746 0.441768669510785 0.441768669510785 1 1 0.827957417965791 0.98229735656473 1 1 0.981818906742155 0.639727283601132 0.441768669510785 0.711295402894621 0.945416849407918 1 1 1 0.873051313743471 0.740680196164427 0.855149316215462 0.693712371914995 0.657589410310594 1 1 1 1 1 0.765280491208485 0.800845261353216 1 0.855149316215462 1 1 1 1 1 1 1 1 1 1 1 1 1 1 1 1 0.657589410310594 0.873051313743471 1 1 1 1 1 1 1 1 1 1 0.155894900522308 1 0.928232526613771 0.974642159403533
0.459630796220246 0.616602208843348 0.441768669510785 0.390694150950919 0.416410828914318 0.857382082054145 1 0.974642159403533 0.881184960727244 0.828037159602887 0.632231569714126 0.416410828914318 0.441768669510785 0.416091862365934 0.441768669510785 0.974642159403533 1 1 0.891950081735178 0.632231569714126 0.639727283601132 0.811570511542602 0.657589410310594 0.657589410310594 1 1 1 1 0.910131174993023 1 1 1 1 1 1 1 1 1 1 1 1 1 1 1 1 1 1 1 0.836928352139069 1 1 1 1 1 1 1 1 1 1 1 0.525816355009768 1 0.855149316215462 0.604401738367689
0.542243132251505 0.714843905745385 0.441768669510785 0.416410828914318 0.416410828914318 0.441768669510785 0.433914118256848 0.502611538614888 0.616602208843348 0.567999681033452 0.527969379211355 0.441768669510785 0.416410828914318 0.459630796220246 0.513576013715562 0.441768669510785 1 1 1 1 0.837287189506001 0.639727283601132 0.711534627805909 0.618595749770743 0.836968222957617 0.931701287827439 1 0.854830349667079 0.910131174993023 1 1 1 1 1 1 1 1 0.981818906742155 1 1 1 1 1 1 1 1 1 1 1 1 0.818707388062677 0.676049599298274 0.910131174993023 1 1 1 1 0.898369283521391 1 1 1 0.931023483912125 0.761054184442407 0.512021051792193
0.98229735656473 1 0.441768669510785 0.357282405007775 0.459630796220246 0.510505960687373 0.416410828914318 0.441768669510785 0.459630796220246 0.441768669510785 0.441768669510785 0.946134524141781 1 1 1 1 0.459630796220246 0.693792113552091 1 1 1 0.639727283601132 0.765280491208485 0.946134524141781 0.711534627805909 0.600733623061281 0.765958295123799 0.928033172521032 1 1 1 0.927714205972649 0.847693473147004 0.765041266297197 0.909054662892229 1 1 1 1 1 1 1 0.873051313743471 0.891710856823891 1 1 1 1 1 0.964315617399625 0.657589410310594 0.639727283601132 0.712172560902675 1 1 1 1 0.974642159403533 1 1 1 0.974602288584985 0.909812208444639 0.195446752521829
0.98229735656473 1 0.740759937801523 0.766117778397991 0.856465053227543 0.946134524141781 0.47992504286113 0.441768669510785 0.263027789960528 0.263027789960528 0.642318886806746 0.964315617399625 0.365097085443164 0.365136956261712 0.639727283601132 0.614369443004665 0.41637095809577 0.314461145887325 0.441768669510785 0.594553646186356 0.85518918703401 0.873290538654759 0.836928352139069 0.521470435788047 0.510027510864798 0.33985885730234 0.701447310713289 1 1 1 0.58897173158965 0.167856146086679 0.416410828914318 0.454567202264663 0.804433635022527 0.949244447988517 1 1 1 1 1 0.819066225429608 0.693712371914995 0.946134524141781 1 1 1 1 0.783102747099398 0.657589410310594 0.639727283601132 0.639727283601132 0.639727283601132 0.855149316215462 1 1 1 1 1 1 1 1 1 0.458474542482357
0.928272397432319 1 0.946134524141781 0.766117778397991 0.494238666719828 0.314022566883298 0.519596507316295 0.365416051991547 0.237630078545513 0.237630078545513 0.41617160400303 0.263027789960528 0 0.21199314221921 0.21199314221921 0.31398269606475 0.441768669510785 0.391172600773494 0.34005821139508 0.314660499980065 0.314461145887325 0.632231569714126 0.981818906742155 1 1 1 1 1 0.981818906742155 0.783541326103425 0.237590207726965 0.441768669510785 0.416410828914318 0.441768669510785 0.462062916151669 0.822295761731988 0.895378972130298 0.819066225429608 1 1 0.837287189506001 0.729994816793589 0.964116263306886 0.819066225429608 0.765280491208485 0.819066225429608 1 1 0.836928352139069 0.639727283601132 0.639727283601132 0.563255053626251 0.639727283601132 0.891710856823891 1 1 1 1 1 1 1 1 1 0.483832383078825
0.928272397432319 0.928272397432319 0.68581794984251 0.711534627805909 0.352218811052191 0.262629081775049 0.21199314221921 0.26298791914198 0.26298791914198 0.331924564411307 0.314501016705873 0.186595430804194 0 0.237630078545513 0.263027789960528 0.0179817391651051 0.288983692835214 0.288983692835214 0.314421275068777 0.0179817391651051 0 0.0179817391651051 0.314421275068777 0.365336310354452 1 1 1 1 0.459630796220246 0.614369443004665 0.515928392009888 0.45652087237351 0.339380407479766 0.476376540010366 0.237630078545513 0.441768669510785 0.416410828914318 0.657589410310594 0.801243969538695 0.657589410310594 0.639727283601132 0.765280491208485 1 1 1 1 1 1 1 0.657589410310594 0.639727283601132 0.639727283601132 0.639727283601132 0.963916909214146 0.982098002471991 1 1 1 1 0.94900522307723 1 0.974602288584985 1 0.78972130297835
0.693313663729516 0.766117778397991 0.385391332084048 0.334954746620948 0.409074598301503 0.288385630556995 0.288385630556995 0.288385630556995 0.21199314221921 0.21199314221921 0.313703600334915 0.186595430804194 0.111638291934133 0.212232367130497 0.212232367130497 0.212232367130497 0.41617160400303 1 1 1 1 1 1 1 1 1 0.949244447988517 0.288983692835214 0.34005821139508 -9999 0.58897173158965 0.639727283601132 0.289103305290858 0.657589410310594 0.21199314221921 0.729994816793589 0.60627566683944 0.416410828914318 0.416410828914318 0.639727283601132 0.639727283601132 0.639727283601132 0.783023005462302 0.964116263306886 1 1 1 1 1 1 0.639727283601132 0.639727283601132 0.639727283601132 0.910131174993023 1 1 1 1 1 1 0.974602288584985 0.94900522307723 1 0.778916311151868
0.639727283601132 0.874167696662813 0.820421833260237 0.711534627805909 0.874765758941031 0.711534627805909 0.21199314221921 0.355129380806188 0.186595430804194 0.186595430804194 0.212232367130497 0.212232367130497 0.186595430804194 0.660460109246043 1 1 1 1 1 1 1 0.639727283601132 0.639727283601132 1 1 1 0.866392887045971 0.365296439535904 0.0815358239304653 0.515928392009888 0.359714524939197 0.237630078545513 0.186595430804194 0.747737331047406 -9999 0.232287388860093 0.729994816793589 0.884215142936885 0.21199314221921 0.342849168693433 0.58897173158965 0.385311590446952 0.262629081775049 0.439137195486623 0.729994816793589 1 1 1 1 1 0.69419082173757 0.639727283601132 0.639727283601132 0.891710856823891 1 1 1 1 1 1 1 0.94900522307723 1 1
0.711534627805909 0.910051433355927 0.729994816793589 1 1 0.639727283601132 0.390454926039632 0.339340536661218 0.186595430804194 0.21199314221921 0.21199314221921 0.313663729516367 1 1 1 1 1 0.783860292651808 0.801762290179817 0.2883058889199 0.130616801562936 0 0.2883058889199 0.21199314221921 0.891192536182768 0.909852079263187 0.569594513775368 0.34005821139508 0 0.314461145887325 0.263386627327459 0.263346756508911 0.237390853634225 0.854830349667079 0.38858099756788 0.339420278298313 0.902675331924565 0.9096128543519 0.783860292651808 0.588612894222718 0.58897173158965 0.295203540528687 0.262629081775049 0.416051991547386 0.657589410310594 1 1 1 1 1 0.836928352139069 0.639727283601132 0.639727283601132 0.800964873808859 1 1 0.671903034169292 1 1 0.923766994936406 1 0.94900522307723 1 0.735417248116104
0.820421833260237 0.639727283601132 0.600175431601611 0.430485227861728 0.784019775926 0.639727283601132 0.365097085443164 0.41617160400303 0.416410828914318 0.416410828914318 0.657589410310594 1 1 1 0.450699732865516 0.339340536661218 0.339340536661218 0.339340536661218 0.390654280132371 0.390654280132371 0.288425501375543 0.186595430804194 0.0932578445835493 0.212272237949045 0.85518918703401 1 0.528328216578286 0.365017343806068 0.0929388780351661 0.21199314221921 0.441768669510785 0.416410828914318 0.639727283601132 0.928033172521032 0.639727283601132 0.346238188270005 0.819185837885252 0.747737331047406 0.657589410310594 0.639727283601132 0.269526733383836 0.0256369363263028 0.263147402416172 0.476376540010366 0.693712371914995 0.956580678601332 1 1 1 1 0.982098002471991 0.729954945975041 0.639727283601132 0.712172560902675 1 1 0.707946254136597 1 1 0.949364060444161 0.974602288584985 0.94900522307723 0.946413619871616 0.761014313623859
0.657549539492046 0.639727283601132 0.639727283601132 0.456082293369483 0.711534627805909 0.639727283601132 0.639727283601132 0.410749172680515 0.441768669510785 0.441768669510785 0.910051433355927 1 1 1 0.5156891670986 0.130616801562936 0.130616801562936 0.364937602168973 0.313663729516367 0.0813364698377258 0.0369203779753598 0.186595430804194 0.186595430804194 0.074558430684582 0.80132371117579 0.829472509070611 0.459630796220246 0.434272955623779 0.0369203779753598 0.288983692835214 0.441768669510785 0.441768669510785 0.657589410310594 0.854830349667079 0.288545113831187 0.729994816793589 0.339380407479766 0.729994816793589 0.729994816793589 0.657589410310594 0.36840636338264 0.244288505243013 0.334516167616921 0.186595430804194 0.502412184522148 1 1 1 1 1 1 0.800964873808859 0.657589410310594 0.729954945975041 1 1 0.635859814201986 0.974642159403533 1 1 0.974602288584985 0.94900522307723 0.8591762688888 0.602607551533033
0.729755591882301 0.747737331047406 0.675411666201507 0.639727283601132 0.711534627805909 0.693313663729516 0.639727283601132 0.495873370280292 0.416051991547386 0.639727283601132 0.783860292651808 1 0.639727283601132 0.946134524141781 0.946134524141781 0.441768669510785 0.364937602168973 0.130616801562936 0.130616801562936 0.074558430684582 0.111638291934133 0.130616801562936 0.21199314221921 0.186595430804194 0.85518918703401 0.854830349667079 0.459630796220246 0.459630796220246 0.340098082213628 0.441768669510785 0.441768669510785 0.441768669510785 0.657589410310594 0.854830349667079 0.365057214624616 0.783860292651808 0.783780551014712 0.639727283601132 0.872732347195088 0.657589410310594 0.946134524141781 1 1 0.765958295123799 0.854830349667079 1 1 0.836928352139069 0.80132371117579 1 1 0.928112914158128 0.657589410310594 0.657589410310594 1 1 0.974642159403533 1 0.844782903393007 0.974602288584985 1 0.923607511662214 0.68183086798772 0.639727283601132
0.639727283601132 0.639727283601132 0.675411666201507 0.639727283601132 0.675411666201507 0.801762290179817 0.462062916151669 0.639727283601132 0.339340536661218 0.0743989474103903 0.441768669510785 0.801762290179817 0.657589410310594 0.711534627805909 0.928272397432319 0.390454926039632 0.441768669510785 0.364937602168973 0.244368246880108 0.0813364698377258 0.055699533511423 0.130616801562936 0.186595430804194 0.186595430804194 0.783860292651808 1 0.946134524141781 0.729117658785535 0.459630796220246 0.441768669510785 0.481878712969977 0.441768669510785 0.436705075555201 0.98229735656473 0.21199314221921 0.783860292651808 0.946134524141781 0.639727283601132 0.365057214624616 1 1 1 1 1 1 1 0.836928352139069 0.712172560902675 0.712172560902675 1 1 1 0.910131174993023 0.800964873808859 1 1 1 0.921055779275148 0.797057533591165 1 0.94900522307723 0.923607511662214 0.657589410310594 0.600135560783063
0.639727283601132 0.639727283601132 0.639727283601132 0.639727283601132 0.639727283601132 0.675411666201507 0.390813763406563 0.441768669510785 0.320680993580798 0.313942825246202 0.946134524141781 1 1 1 1 1 0.783860292651808 0.390813763406563 0.2883058889199 0.186595430804194 0.237630078545513 0.14919660300626 0.14919660300626 0.074558430684582 0.186595430804194 0.928033172521032 1 1 0.441768669510785 0.416410828914318 0.539332562497508 0.462062916151669 0.443124277341414 1 0.920776683545313 0.98229735656473 0.766117778397991 0.263346756508911 0.639727283601132 0.639727283601132 0.639727283601132 0.657589410310594 0.639727283601132 0.639727283601132 0.639727283601132 1 0.855149316215462 0.657589410310594 0.639727283601132 0.891710856823891 1 1 1 1 1 1 1 1 1 1 0.974602288584985 0.974602288584985 0.639727283601132 0.639727283601132
0.639727283601132 0.639727283601132 0.365017343806068 0.416410828914318 0.639727283601132 0.639727283601132 0.639727283601132 0.476017702643435 0.422989513974722 0.946134524141781 1 1 1 1 1 1 1 1 0.946134524141781 1 1 0.237231370360033 0.130616801562936 0 0 0.657589410310594 1 1 0.441768669510785 0.441768669510785 0.441768669510785 0.459630796220246 0.946134524141781 -9999 1 1 1 0.130616801562936 0 0.371914995414856 0.339340536661218 0.838204218332602 1 0.270124795662055 0.167856146086679 0.657589410310594 0.783501455284877 0.765280491208485 0.639727283601132 0.891710856823891 1 1 1 1 1 1 1 1 1 0.974602288584985 0.974602288584985 1 0.195287269247638 0.632191698895578
0.639727283601132 0.639727283601132 0.639727283601132 0.639727283601132 0.639727283601132 0.639727283601132 0.639727283601132 0.639727283601132 0.657589410310594 1 1 1 1 1 1 1 1 1 1 1 1 1 1 0.783860292651808 1 1 1 1 0.441768669510785 0.441768669510785 0.441768669510785 -9999 -9999 -9999 -9999 0.441768669510785 0.928033172521032 1 0.14919660300626 0.200231250747578 0.346676767274032 0.346317929907101 0.783860292651808 0.294924444798852 0.167856146086679 0.237390853634225 0.80172241936127 0.783501455284877 0.657589410310594 0.891710856823891 1 1 1 1 1 1 1 1 1 0.94900522307723 1 0.628005262948048 0.0934970694948367 1
0.639727283601132 0.639727283601132 0.639727283601132 0.639727283601132 0.639727283601132 0.639727283601132 0.639727283601132 0.729755591882301 0.85670427813883 0.801403452812886 1 1 1 1 1 1 1 0.9096128543519 1 1 1 1 1 1 1 1 -9999 1 1 -9999 -9999 -9999 -9999 -9999 -9999 1 0.628603325226267 0.459630796220246 0 0 0.269885570750768 0.783860292651808 0.86603404967904 0.186595430804194 0.186595430804194 0.365057214624616 0.836928352139069 0.765280491208485 0.783501455284877 1 1 1 1 1 1 1 1 1 1 0.94900522307723 1 0.632191698895578 0.295642119532714 0.974602288584985
