data-raw/DATASET_PNE_1/DATASET_PNE/a_DATA/PFGS/ENVSUIT_A1B/HS_f45_H8_notgraz.asc
NCOLS 619 
NROWS 782 
XLLCORNER 876826 
YLLCORNER 1947424 
CELLSIZE 100 
NODATA_value -9999 
[rows 312 to 337 of 782, columns 413 to 471 of 619]
0.915331691503525 0.883345305919647 0.936505407094955 0.894011855125427 0.90455886721611 0.89395871758461 0.893932163715363 0.893932163715363 0.851544857025146 0.957559585571289 0.925692737102509 0.936425685882568 0.894011855125427 0.894011855125427 0.90455886721611 0.851518303155899 0.798570722341537 0.946972697973251 0.872691988945007 0.809250563383102 0.915132433176041 0.91519883275032 0.7618288397789 0.677147269248962 0.638505876064301 0.577003799378872 0.475080374628305 0.414388565346599 0.425015268847346 0.394011855125427 0.394011855125427 0.394011855125427 0.373674988746643 0.313554376363754 0.185914292931557 0.12680321931839 0.263980776071548 0.234969839453697 0.0487367510795593 0.0290507692843676 0.0193007625639439 0 0 0 0 0 0 0 0 0 0 0 0 0 0 0 0 0 0
0.978826284408569 0.989506125450134 0.936531960964203 0.915185570716858 0.946879744529724 0.915119141340256 0.893852472305298 0.883159339427948 0.840772032737732 0.91515901684761 0.936478853225708 0.925852119922638 0.894011855125427 0.894011855125427 0.894011855125427 0.894011855125427 0.894011855125427 0.862264543771744 0.830344587564468 0.904545575380325 0.925785720348358 0.782271981239319 0.709572017192841 0.658603653311729 0.564756512641907 0.507877053692937 0.414388565346599 0.403761861845851 0.394011855125427 0.394011855125427 0.394011855125427 0.415331691503525 0.323570042848587 0.34478360414505 0.293509751558304 0.126072630286217 0.106453068554401 -9999 0.0290507692843676 0.0193007625639439 0 0 0 0 0 0 0 0 0 0 0 0 0 0 0 0 0 0 0.00963045656681061
0.989320158958435 1 0.90455886721611 0.925865411758423 0.925692737102509 0.925692737102509 0.872838139533997 0.90455886721611 0.819744437932968 0.904611974954605 0.862184852361679 0.883996188640594 0.894011855125427 0.883996188640594 0.894011855125427 0.90455886721611 0.841396331787109 0.883770346641541 0.802369743585587 0.791676610708237 0.781501531600952 0.729616641998291 0.732100635766983 0.618846461176872 0.506136924028397 0.414388565346599 0.435562280938029 0.425878703594208 0.445949891582131 0.445949891582131 0.424656638875604 0.394011855125427 0.394011855125427 0.373674988746643 0.292433768510818 0.272800922393799 0.253287643194199 0.0485242158174515 0.0193007625639439 0.00967030599713326 0.00967030599713326 0.00967030599713326 0 0 0 0 0 0 0 0 0 0 0 0 0 0 0 0 0.0584601908922195
1 0.978839576244354 0.968305826187134 0.915066003799438 0.90455886721611 0.894011855125427 0.90455886721611 0.83047741651535 0.840944737195969 0.862184852361679 0.822945713996887 0.853975713253021 0.894011855125427 0.894011855125427 0.813873171806335 0.823623180389404 0.812930047512054 0.771804660558701 0.761257648468018 0.802861243486404 0.793004959821701 0.771738260984421 0.7630774974823 0.609003469347954 0.506136924028397 0.488576291128993 0.528904652222991 0.499070165678859 0.497967638075352 0.456921963021159 0.415265262126923 0.394011855125427 0.394011855125427 0.394011855125427 0.312876909971237 0.292433768510818 0.262944668531418 0.107236787676811 0.0193007625639439 0.00967030599713326 0 0.00967030599713326 0 0 0 0 0 0 0 0 0 0 0 0 0 0 0.00967030599713326 0.0487367510795593 0.224170446395874
1 0.968199580907822 0.946946144104004 0.915066003799438 0.894011855125427 0.894011855125427 0.894011855125427 0.894011855125427 0.894011855125427 0.843282580375671 0.864084362983704 0.874139904975891 0.864084362983704 0.864084362983704 0.864084362983704 0.864150792360306 0.864150792360306 0.854055404663086 0.854055404663086 0.833811521530151 0.823981821537018 0.656225919723511 0.75423076748848 0.655389070510864 0.495457082986832 0.414388565346599 0.518224811181426 0.50773093663156 0.499256132170558 0.488576291128993 0.487699581310153 0.425015268847346 0.403761861845851 0.403761861845851 0.394011855125427 0.373674988746643 0.292433768510818 0.263396292924881 0.21452671289444 0.0487367510795593 0.0290507692843676 0.0193007625639439 0 0 0 0 0 0 0 0 0 0 0 0.0193007625639439 0.0193007625639439 0.0193007625639439 0.0389867424964905 0.21452671289444 0.263396292924881
0.989506125450134 0.946839869022369 0.915066003799438 0.894011855125427 0.894011855125427 0.894011855125427 0.904704988002777 0.91525200009346 0.904704988002777 0.874206304550171 0.843282580375671 0.874206304550171 0.895884811878204 0.906431823968887 0.895884811878204 0.864150792360306 0.843880355358124 0.822945713996887 0.822945713996887 0.812876909971237 0.792433768510818 0.781860202550888 0.62680321931839 0.773837029933929 0.64016629755497 0.601910158991814 0.664860114455223 0.631027340888977 -9999 0.620334208011627 0.694575071334839 0.613307312130928 0.555843368172646 0.484843663871288 0.425055114552379 0.394011855125427 0.383770346641541 0.292433768510818 0.273411959409714 0.262944668531418 0.224276721477509 0.068303182721138 0.0290507692843676 0.00967030599713326 0.00967030599713326 0.0193007625639439 0.0193007625639439 0.0193007625639439 0.0193007625639439 0.0193007625639439 0.0193007625639439 0.0193007625639439 0.0487367510795593 0.136513382196426 0.165524289011955 0.126670390367508 0.244932383298874 0.253540009260178 0.293204218149185
0.968212842941284 0.915132433176041 0.936438977718353 0.894011855125427 0.894011855125427 0.91525200009346 0.904704988002777 0.904704988002777 -9999 0.904704988002777 0.91525200009346 0.894011855125427 0.894011855125427 0.894011855125427 0.894011855125427 0.904704988002777 0.894011855125427 0.894011855125427 0.874139904975891 0.894011855125427 0.822945713996887 0.822945713996887 0.645453095436096 0.782418102025986 0.740110516548157 0.718950062990189 0.677598893642426 -9999 -9999 0.793695718050003 -9999 0.698852330446243 0.742275714874268 0.712122425436974 0.675154745578766 0.548577349632978 0.509750006720424 0.48942643404007 0.47873330116272 0.363526463508606 0.292433768510818 0.292433768510818 0.253646284341812 0.234345525503159 0.21452671289444 0.194814160466194 0.184904754161835 0.204683721065521 0.204683721065521 0.214407160878181 0.215190887451172 0.225100293755531 0.24388299882412 0.263396292924881 0.293509751558304 0.283494055271149 0.283494055271149 0.312783926725388 0.38386332988739
0.957533001899719 0.946839869022369 0.946946144104004 0.90455886721611 0.925852119922638 0.91525200009346 -9999 -9999 -9999 -9999 0.894011855125427 0.883491396903992 0.947052419185638 0.957599431276321 0.904731541872025 0.89389231801033 0.894011855125427 -9999 0.894011855125427 0.894011855125427 0.894011855125427 0.894011855125427 -9999 -9999 -9999 0.958768337965012 0.980088204145432 0.969395071268082 0.958768337965012 0.937953293323517 0.948526859283447 0.841901123523712 0.74943545460701 0.718113243579865 0.793695718050003 0.775776416063309 0.64609070122242 0.548404663801193 0.519380463287234 0.5 0.5 0.41525200009346 0.363526463508606 0.283029139041901 0.283029139041901 0.292433768510818 0.272800922393799 0.272800922393799 0.272800922393799 0.272800922393799 0.293509751558304 0.283494055271149 0.272800922393799 0.303126901388168 0.303126901388168 0.303126901388168 0.303126901388168 0.38386332988739 0.394011855125427
0.978879421949387 0.915132433176041 0.936438977718353 0.894011855125427 0.92591854929924 -9999 -9999 -9999 -9999 -9999 0.957599431276321 0.946786761283875 0.946786761283875 0.936213165521622 0.936279594898224 0.946826606988907 -9999 -9999 -9999 0.872798293828964 0.90455886721611 0.90455886721611 0.947052419185638 -9999 0.915265262126923 0.904691696166992 0.904691696166992 0.904691696166992 0.936385869979858 0.947052419185638 0.957679122686386 0.936478823423386 0.883371859788895 0.936412423849106 0.88335856795311 0.771113932132721 0.751813173294067 0.711285561323166 0.704511031508446 0.607196941971779 0.53882734104991 0.519592996686697 0.5 0.5 0.5 0.5 0.363526463508606 0.343229442834854 0.292433768510818 0.292433768510818 0.303126901388168 0.293509751558304 0.303126901388168 0.313806742429733 0.333745121955872 0.333745121955872 0.394011855125427 0.394011855125427 0.394011855125427
0.872665464878082 0.883345305919647 0.90455886721611 0.91525200009346 -9999 -9999 -9999 -9999 -9999 0.830198466777802 0.946879744529724 0.936213165521622 0.946786761283875 0.978653609752655 0.946879744529724 0.915012896060944 -9999 -9999 0.968106597661972 -9999 -9999 0.946826606988907 0.936253041028976 0.936253041028976 0.904505729675293 0.915132433176041 0.904505729675293 0.925639599561691 0.925706028938293 0.915079295635223 0.915105879306793 0.946879744529724 0.946999281644821 0.936372578144073 0.947052419185638 0.925838828086853 0.88335856795311 0.791676610708237 0.729470521211624 0.709386050701141 0.743232101202011 0.703913286328316 0.616867244243622 0.558247655630112 0.519592996686697 0.509750006720424 0.48942643404007 0.394011855125427 0.363526463508606 0.343229442834854 0.292433768510818 0.303126901388168 0.343853771686554 0.405661374330521 0.416208386421204 0.404704988002777 0.394011855125427 0.394011855125427 0.403761861845851
0.978653609752655 0.904505729675293 0.851345628499985 -9999 -9999 -9999 -9999 -9999 -9999 0.883345276117325 0.968119889497757 0.968080043792725 0.947198539972305 0.904638558626175 0.904638558626175 -9999 -9999 0.936213165521622 0.936213195323944 -9999 -9999 0.936213195323944 0.946786761283875 0.978653609752655 0.978653609752655 0.978653609752655 0.978653609752655 0.946879744529724 0.925639599561691 -9999 -9999 0.915066033601761 0.915066033601761 0.915132433176041 0.946932852268219 0.936306148767471 0.946919590234756 0.904545575380325 0.88335856795311 0.873117059469223 0.791676610708237 0.760287970304489 0.708124101161957 0.68890306353569 0.743165701627731 0.656119659543037 0.548497647047043 0.499176440760493 0.436425715684891 0.404585421085358 0.394011855125427 0.343229442834854 0.364164084196091 0.436505407094955 0.404704988002777 0.394011855125427 0.394011855125427 0.403761861845851 0.454039465636015
0.925825566053391 0.946786761283875 -9999 -9999 -9999 -9999 -9999 -9999 -9999 0.968252688646317 0.894011855125427 0.947198539972305 0.947198539972305 0.968239426612854 -9999 1 1 -9999 0.936505407094955 0.978653609752655 -9999 0.968239426612854 -9999 0.925878703594208 1 1 1 1 0.968080043792725 -9999 -9999 0.957506448030472 0.957506448030472 0.936399132013321 0.904439330101013 0.904505729675293 0.904505729675293 0.925626307725906 0.925732582807541 0.946919590234756 0.925905257463455 0.925905257463455 0.947105526924133 0.85199648141861 0.791676610708237 0.783029139041901 0.754004955291748 0.626510992646217 0.519380463287234 0.5 0.394011855125427 0.394011855125427 0.478799700737 0.404704988002777 0.394011855125427 0.394011855125427 0.394011855125427 0.465463206171989 0.641773611307144
0.915265262126923 0.936253041028976 0.809024751186371 -9999 -9999 -9999 -9999 -9999 -9999 0.978879421949387 -9999 0.904704988002777 1 0.915212124586105 0.904638558626175 0.968372255563736 1 -9999 0.925878703594208 -9999 -9999 0.904638558626175 0.957692414522171 -9999 -9999 1 1 1 1 1 -9999 1 1 0.98942643404007 0.957692414522171 0.968080043792725 0.946879744529724 0.915012896060944 0.915012896060944 0.893932163715363 0.968252718448639 0.925798982381821 0.957546293735504 0.978799700737 0.936531960964203 0.893985271453857 0.772096902132034 0.741133332252502 0.594816833734512 0.499176440760493 0.394011855125427 0.394011855125427 0.404704988002777 0.394011855125427 0.394011855125427 0.425015268847346 0.444289460778236 0.622366577386856 0.71035572886467
0.894011855125427 0.978653609752655 0.946919590234756 -9999 -9999 -9999 -9999 -9999 -9999 -9999 -9999 -9999 0.904585421085358 0.978919267654419 0.978919267654419 0.947025835514069 0.978919267654419 1 1 -9999 -9999 -9999 0.915132433176041 -9999 1 0.98942643404007 -9999 -9999 1 1 1 0.978919267654419 1 0.946999281644821 0.957692414522171 0.978812992572784 0.98942643404007 0.968080043792725 0.957506448030472 0.904505729675293 0.915012896060944 0.904505729675293 0.936306148767471 0.904691696166992 0.915212124586105 0.904704988002777 0.782046169042587 0.658125430345535 0.546173058450222 0.499176440760493 0.394011855125427 0.404638558626175 0.404638558626175 0.394011855125427 0.425015268847346 0.485932897776365 0.673574030399323 0.720849603414536 0.740110516548157
0.957572847604752 0.894011855125427 -9999 -9999 -9999 -9999 -9999 -9999 -9999 -9999 -9999 -9999 -9999 0.989492833614349 0.989492833614349 0.915132433176041 0.936399132013321 0.947065711021423 1 -9999 -9999 -9999 -9999 -9999 1 -9999 -9999 1 0.989452987909317 0.947025835514069 0.978945821523666 1 0.925825566053391 0.968239426612854 0.978919267654419 0.915331691503525 1 0.915331691503525 0.915212124586105 0.968199580907822 0.978759855031967 0.904319763183594 0.851571410894394 0.968053460121155 0.830437570810318 0.810060858726501 0.792314231395721 0.669230356812477 0.548404663801193 0.456802425906062 0.394011855125427 0.447118818759918 0.415265262126923 0.478108970448375 0.506150215864182 0.671368986368179 0.718750834465027 0.811455577611923 0.89405170083046
-9999 -9999 -9999 -9999 -9999 -9999 -9999 -9999 -9999 -9999 -9999 -9999 -9999 0.989492833614349 0.978826284408569 1 1 1 0.957692414522171 0.989492833614349 -9999 -9999 -9999 -9999 -9999 -9999 1 -9999 -9999 -9999 -9999 1 1 0.915132433176041 0.957692414522171 0.894011855125427 0.894011855125427 0.851544857025146 0.957546293735504 0.915132433176041 0.915066033601761 0.914893358945847 0.925798982381821 0.915411382913589 0.809529483318329 0.802861243486404 0.793111234903336 0.763980776071548 0.558247655630112 0.403761861845851 0.518224811181426 0.509750006720424 0.519380463287234 0.563720412552357 0.764405846595764 0.77252197265625 0.896960735321045 0.968305826187134 0.978799700737
-9999 -9999 -9999 -9999 -9999 -9999 -9999 -9999 -9999 -9999 -9999 -9999 -9999 0.989492833614349 0.957612723112106 1 0.936399132013321 0.957692414522171 1 -9999 -9999 -9999 -9999 -9999 -9999 -9999 1 -9999 -9999 -9999 -9999 -9999 -9999 -9999 1 1 -9999 -9999 0.936199903488159 0.936239719390869 0.872585743665695 0.946893006563187 0.840944737195969 0.936478823423386 0.791822731494904 0.80328631401062 0.773837029933929 0.651497021317482 0.527403622865677 0.518636595457792 0.548138998448849 0.548404663801193 0.618527665734291 0.701575413346291 0.750883340835571 0.851690977811813 0.968172997236252 0.915185570716858 0.968172997236252
-9999 -9999 -9999 -9999 -9999 -9999 -9999 -9999 -9999 -9999 -9999 -9999 -9999 0.915212124586105 1 1 -9999 -9999 -9999 0.925905257463455 0.936399132013321 -9999 -9999 -9999 -9999 -9999 -9999 -9999 -9999 -9999 -9999 1 -9999 -9999 -9999 -9999 -9999 1 0.97870671749115 1 0.947105556726456 0.946932852268219 0.830318003892899 0.872811555862427 0.90455886721611 0.782418102025986 0.793111234903336 0.733229726552963 0.626351580023766 0.597061716020107 0.577402301132679 0.577402301132679 0.706012055277824 0.669070973992348 0.740097224712372 0.873117059469223 0.915132433176041 0.904505729675293 -9999
-9999 -9999 -9999 -9999 -9999 -9999 -9999 -9999 -9999 -9999 -9999 -9999 -9999 1 0.989492833614349 -9999 -9999 -9999 0.925705999135971 0.925705999135971 0.947025835514069 0.957692414522171 0.936399132013321 1 -9999 -9999 -9999 -9999 -9999 0.989452987909317 1 0.978919267654419 0.978919267654419 -9999 -9999 -9999 -9999 -9999 1 0.968239426612854 0.925825566053391 0.946932852268219 0.947118818759918 0.904704988002777 0.819770991802216 0.801692306995392 0.782418102025986 0.773637801408768 -9999 0.773837029933929 -9999 -9999 0.733083605766296 0.653250440955162 0.761217802762985 0.84176829457283 0.894011825323105 1 0.989452987909317
-9999 -9999 -9999 -9999 -9999 -9999 -9999 -9999 0.957625985145569 0.915212124586105 -9999 -9999 1 0.936505407094955 -9999 -9999 -9999 0.925878703594208 0.978919267654419 0.989492833614349 0.957692414522171 0.946999281644821 0.936332732439041 0.925705999135971 1 -9999 -9999 -9999 -9999 1 1 1 0.968239426612854 0.98942643404007 0.947025835514069 -9999 -9999 -9999 -9999 0.947025835514069 1 0.936531960964203 0.946946144104004 0.894011855125427 0.894011825323105 0.904704988002777 0.833638846874237 -9999 -9999 0.773013472557068 0.773837029933929 -9999 0.752623468637466 0.742010027170181 0.752517193555832 0.739393204450607 0.883438259363174 0.978799700737 0.98942643404007
-9999 -9999 -9999 -9999 -9999 -9999 -9999 0.915132433176041 0.894011855125427 -9999 1 0.968226134777069 0.968226134777069 0.904638558626175 -9999 -9999 -9999 0.915212124586105 1 0.946999281644821 0.894011855125427 0.894011855125427 0.936452269554138 0.936332732439041 1 1 -9999 -9999 -9999 -9999 0.989452987909317 0.947025835514069 0.978919267654419 0.968239426612854 0.957692414522171 -9999 -9999 -9999 -9999 -9999 0.936531960964203 0.968239426612854 1 0.894011855125427 0.872811555862427 0.822945713996887 -9999 -9999 0.812677651643753 0.772561848163605 0.783454209566116 0.782564222812653 0.729430675506592 0.760407537221909 0.820634424686432 0.809024751186371 0.978799700737 0.925812274217606 0.968172997236252
-9999 -9999 -9999 -9999 -9999 -9999 0.894011855125427 0.904638558626175 0.947025835514069 0.978919267654419 0.978919267654419 0.915132433176041 1 1 1 -9999 -9999 1 0.989492833614349 0.968239426612854 0.925958395004272 0.968239426612854 0.936452269554138 0.894011855125427 1 0.978919267654419 0.978919267654419 0.978919267654419 -9999 0.947025835514069 1 0.936332732439041 0.968239426612854 0.968106597661972 0.989320158958435 0.957572847604752 0.904638558626175 0.89395871758461 0.946786761283875 0.946946144104004 0.894011855125427 1 0.968106597661972 0.894011855125427 -9999 -9999 -9999 0.904704988002777 0.864137500524521 0.801745414733887 0.809888154268265 0.872811555862427 0.841064274311066 0.862065315246582 0.819571763277054 0.830078899860382 1 0.946972727775574 0.915305107831955
-9999 -9999 -9999 -9999 -9999 -9999 0.904585421085358 0.925905257463455 0.936399132013321 0.904585421085358 0.957705706357956 0.925759136676788 0.894011855125427 0.925878703594208 -9999 -9999 -9999 0.947025835514069 1 0.968239426612854 1 1 0.978919267654419 0.925958395004272 1 0.978919267654419 0.989492833614349 0.915132433176041 0.915132433176041 0.915132433176041 1 0.978919267654419 0.925878703594208 0.947025835514069 0.978653609752655 0.947025865316391 0.90453228354454 0.936372578144073 0.936186611652374 0.915066033601761 0.841024398803711 -9999 -9999 -9999 -9999 0.98942643404007 0.968252688646317 0.915105879306793 0.780624836683273 0.862184852361679 0.957599401473999 0.894038408994675 0.862251251935959 0.904519021511078 0.883159339427948 0.894011855125427 0.90455886721611 0.936279594898224 0.904439300298691
-9999 -9999 0.925825566053391 0.957546293735504 1 -9999 -9999 0.978919267654419 0.915212124586105 1 0.915212124586105 0.978919267654419 1 0.968252688646317 0.968239426612854 0.968239426612854 0.915331691503525 0.947025835514069 1 1 1 0.968199580907822 0.936452269554138 0.98942643404007 0.947198539972305 1 0.978919267654419 0.925825566053391 0.904638558626175 0.957692414522171 0.989492833614349 0.883159339427948 0.925878703594208 0.904638558626175 0.904638558626175 0.925679445266724 0.946893036365509 0.946893036365509 0.872758418321609 0.989373296499252 -9999 -9999 -9999 -9999 0.98942643404007 0.925931841135025 0.904691696166992 0.798703551292419 0.946972697973251 1 1 0.915145725011826 0.872811555862427 0.851637840270996 0.841011136770248 0.904519021511078 0.894011855125427 0.946999281644821 0.978799700737
0.957692414522171 0.989492833614349 1 1 -9999 -9999 -9999 1 1 0.915212124586105 0.968239426612854 1 0.978932559490204 0.978826284408569 1 0.968252688646317 0.925958395004272 0.925958395004272 0.957479864358902 1 0.915052741765976 0.894011855125427 0.936253011226654 0.936253011226654 0.904638558626175 1 0.936372578144073 1 0.915132433176041 0.925825566053391 0.957692414522171 0.968093305826187 0.904638558626175 0.925958395004272 0.904505729675293 0.947065711021423 0.925905257463455 0.925705999135971 0.914946466684341 0.947065711021423 0.98942643404007 0.893945425748825 0.883212447166443 0.893839180469513 0.893772721290588 0.872652143239975 0.904279887676239 0.957466602325439 0.957652568817139 0.968172997236252 0.947105526924133 0.872811555862427 0.893985271453857 0.75950425863266 0.780704528093338 0.851943343877792 0.862237989902496 0.862237989902496 0.968172997236252
-9999 -9999 0.968372255563736 0.978919267654419 -9999 -9999 0.947065711021423 0.968226134777069 0.989492833614349 0.894011855125427 0.925905257463455 1 0.968252688646317 0.978826284408569 1 1 0.978919267654419 0.872745156288147 0.936531960964203 0.957533001899719 0.90455886721611 0.925825566053391 0.915212124586105 0.925759136676788 0.947052419185638 1 0.957692414522171 0.925825566053391 0.894011855125427 0.936372578144073 1 0.91522541642189 0.946919590234756 0.968252688646317 0.90455886721611 1 0.946959435939789 0.968332409858704 0.946932852268219 0.894011855125427 0.957599431276321 0.936438977718353 0.936439007520676 0.904585421085358 0.893786013126373 0.936199903488159 0.98942643404007 0.957466602325439 0.957599431276321 0.915238678455353 0.904691696166992 0.883504688739777 0.727531135082245 0.729523658752441 0.729470521211624 0.697683364152908 0.730081558227539 0.770556032657623 0.851744115352631
