data-raw/DATASET_PNE_1/DATASET_PNE/a_DATA/PFGS/ENVSUIT_A1B/HS_f15_P3_ubac2.asc
NCOLS 619 
NROWS 782 
XLLCORNER 876826 
YLLCORNER 1947424 
CELLSIZE 100 
NODATA_value -9999 
[rows 532 to 559 of 782, columns 384 to 447 of 619]
-9999 0.343024805188179 0.2883435562253 0.280924916267395 0.300180055201054 0.332605369389057 0.320718862116337 0.169811950996518 0.295095361769199 0.556131631135941 0.885486125946045 0.742698073387146 0.770572155714035 0.766421049833298 0.766421049833298 0.752417325973511 0.752417325973511 0.673913061618805 0.752417325973511 0.764420539140701 0.776140332221985 0.788226872682571 0.82400307059288 0.752417325973511 0.752417325973511 0.764337182044983 0.752417325973511 0.752417325973511 0.752417325973511 0.63496932387352 0.428814366459846 0.302430659532547 0.481228321790695 0.352627366781235 0.107461988925934 0.126383706927299 0.116997867822647 0.0981428399682045 0.107461988925934 0.135869562625885 0.126333683729172 0.116581089794636 0.295895576477051 0.314717262983322 0.402740716934204 0.311749811284244 0.805681496858597 0.645772188901901 0.654991313815117 0.829937964677811 0.886336356401443 0.761636435985565 0.871599078178406 0.871599078178406 0.883518934249878 0.883518934249878 0.895422101020813 0.91939514875412 0.724009722471237 0.664543867111206 0.8341224193573 0.796095609664917 0.519055066630244 0.466791152954102
-9999 0.314467199146748 0.326353691518307 0.331121630966663 0.331121630966663 0.314467199146748 0.386669769883156 0.295095361769199 0.654274493455887 0.754584550857544 0.790094017982483 0.742698073387146 0.67404642701149 0.787643373012543 0.766421049833298 0.732912123203278 0.722942799329758 0.752417325973511 0.732912123203278 0.764420539140701 0.776307016611099 0.82400307059288 0.764253795146942 0.752417325973511 0.752417325973511 0.776340365409851 0.764320492744446 0.752417325973511 0.752417325973511 0.80536475777626 0.338073492050171 0.240547475405037 0.490780860185623 0.352627366781235 0.154774606227875 0.0981428399682045 0.0981428399682045 0.107461988925934 0.107461988925934 0.135869562625885 0.0973759666085243 0.116581089794636 0.324186444282532 0.364497184753418 0.445452123880386 0.500550132244825 0.73979726433754 0.796078950166702 0.626683786511421 0.666894495487213 0.80628165602684 0.862313270568848 0.871599078178406 0.871599078178406 0.871599078178406 0.862096548080444 -9999 0.871599078178406 0.874216437339783 0.723509594798088 0.864497184753418 0.8341224193573 0.692618012428284 0.490780860185623
0.347792752087116 0.328687652945518 0.352243930101395 0.352243930101395 0.364130437374115 0.326353691518307 0.273823019117117 0.546812474727631 0.705404758453369 0.754584550857544 0.742698073387146 0.732912123203278 0.752417325973511 0.778424233198166 0.752417325973511 0.742631375789642 0.752417325973511 0.742631375789642 0.752417325973511 0.754517883062363 0.788143515586853 0.82400307059288 0.752417325973511 0.764420539140701 0.752417325973511 0.835756212472916 0.764320492744446 0.776423722505569 0.752417325973511 0.757235288619995 0.753350883722305 0.276940520852804 0.455221384763718 0.362046539783478 0.352627366781235 0.0981428399682045 0.0981428399682045 0.107461988925934 0.107461988925934 0.126333683729172 0.117047876119614 0.126433715224266 0.164277136325836 0.364497184753418 0.457238584756851 0.490780860185623 0.5098692830652 0.607828736305237 0.711489722132683 0.654991313815117 0.678764328360558 0.841774463653564 0.945718854665756 0.967007845640182 0.919278472661972 0.871599078178406 0.895522117614746 -9999 0.871599078178406 0.862313270568848 0.664277121424675 0.864497184753418 0.82465323805809 0.688983708620071
0.705321401357651 0.578470945358276 0.368548281490803 0.342708058655262 0.415544152259827 0.360879570245743 0.141954526305199 0.682265281677246 0.65644171833992 0.634769260883331 0.715474128723145 0.766421049833298 0.778424233198166 0.752417325973511 0.752417325973511 0.703387588262558 0.742631375789642 0.752417325973511 0.732912123203278 0.756801813840866 0.788060158491135 0.811899840831757 0.835739552974701 0.752417325973511 0.776257008314133 0.764337182044983 0.800296753644943 0.752417325973511 0.752417325973511 0.73344561457634 0.819651901721954 0.569685265421867 0.500316736288369 0.490780860185623 0.164277136325836 0.135969594120979 0.0981428399682045 0.0981428399682045 0.107461988925934 0.0981428399682045 0.126433715224266 0.126433715224266 0.352627366781235 0.352627366781235 0.388386905193329 0.490780860185623 0.500550132244825 0.5098692830652 0.607828736305237 0.814967304468155 0.645772188901901 0.678764328360558 0.700470104813576 0.80873230099678 0.936149626970291 0.91939514875412 0.871599078178406 -9999 -9999 0.919195115566254 0.701970517635345 0.862179905176163 0.852627366781235 0.824069738388062
0.852427333593369 0.861646443605423 0.871499091386795 0.895488798618317 0.883618950843811 0.556915193796158 0.473276197910309 0.860929578542709 0.728944361209869 0.736546397209167 0.617581367492676 0.787643373012543 0.754584550857544 0.752417325973511 0.732912123203278 0.715274095535278 0.727277278900146 0.756801813840866 0.725243419408798 0.764253824949265 0.735062688589096 0.790277421474457 0.752417325973511 0.764420539140701 0.752417325973511 0.812016546726227 0.752417325973511 0.752417325973511 0.752417325973511 0.742864787578583 0.807715386152267 0.739497184753418 0.528424233198166 0.490780860185623 0.352627366781235 0.211272999644279 0.116997867822647 0.107461988925934 0.117047876119614 0.0388436913490295 0.126433715224266 0.23938050866127 0.305331408977509 0.183465585112572 0.188166841864586 0.490780860185623 0.490780860185623 0.50010001193732 0.50010001193732 0.617114543914795 0.814967304468155 0.852627366781235 0.654991313815117 0.65532474219799 0.79321151971817 0.919495195150375 0.883502244949341 0.871599078178406 -9999 -9999 0.871599078178406 0.93116495013237 0.862179905176163 0.864497184753418
0.816734462976456 0.840740859508514 0.852610677480698 0.864513874053955 0.878000795841217 0.899206459522247 0.860929578542709 0.774423182010651 0.676213651895523 0.763753682374954 0.693318217992783 0.790310740470886 0.752417325973511 0.703387588262558 0.739180475473404 0.76710456609726 0.806715130805969 0.800163388252258 0.776140332221985 0.752417325973511 0.752417325973511 0.752417325973511 0.752417325973511 0.752417325973511 0.799980014562607 0.824103087186813 0.752417325973511 0.752417325973511 0.752417325973511 0.752417325973511 0.828904390335083 0.80551478266716 0.509702572599053 0.478677660226822 0.364497184753418 0.23938050866127 0.116997867822647 0.107461988925934 0.126333683729172 0.117047876119614 0.126433715224266 0.333655655384064 0.239563882350922 0.145405441522598 0.176297008991241 0.433532267808914 0.481228321790695 0.481228321790695 0.500550132244825 0.5098692830652 0.617114543914795 0.767904758453369 0.814967304468155 0.843408226966858 0.645822212100029 0.772039204835892 0.945502132177353 0.895422101020813 0.871599078178406 -9999 0.871599078178406 0.871599078178406 0.978694319725037 0.862179905176163
0.754584550857544 0.766421020030975 0.802113890647888 0.814117074012756 0.802113890647888 0.839890629053116 0.628300875425339 0.6445552110672 0.585689514875412 0.775640189647675 0.754584550857544 0.752417325973511 0.752417325973511 0.732912123203278 0.713356912136078 0.755234748125076 0.830571502447128 0.782925456762314 0.752417325973511 0.764253795146942 0.752417325973511 0.752417325973511 0.752417325973511 0.752417325973511 0.752417325973511 0.859679251909256 0.752417325973511 0.764520525932312 0.752417325973511 0.752417325973511 0.73344561457634 0.80551478266716 0.509702572599053 0.278440922498703 0.343208193778992 0.23938050866127 0.116997867822647 0.0981428399682045 0.117047876119614 0.0973759666085243 0.126433715224266 0.324186444282532 0.22085890173912 0.154924646019936 0.360212713479996 0.322769403457642 0.421579092741013 0.481228321790695 0.471809148788452 0.462423324584961 0.5098692830652 0.636069610714912 0.626650422811508 0.60777872800827 0.843408226966858 0.65532474219799 0.716774463653564 0.93373230099678 0.871599078178406 0.871599078178406 0.871599078178406 0.880818217992783 0.916594415903091 0.964173793792725
0.788026809692383 0.788026809692383 0.812133252620697 0.778307557106018 0.754534542560577 0.749066412448883 0.738730311393738 0.565917581319809 0.575770199298859 0.732912123203278 0.754584550857544 0.752417325973511 0.752417325973511 0.752417325973511 0.735062688589096 0.79889640212059 0.715374112129211 0.727377325296402 0.723176181316376 0.696502417325974 0.752417325973511 0.752417325973511 0.752417325973511 0.752417325973511 0.835939586162567 0.764320492744446 0.752417325973511 0.73551282286644 0.752417325973511 0.658042162656784 0.73344561457634 0.796062260866165 0.556915163993835 0.481228321790695 0.343208193778992 0.32415309548378 0.116997867822647 0.107461988925934 0.126333683729172 0 0.107195250689983 0.164210453629494 0.201953858137131 0.239563882350922 0.145405441522598 0.169161781668663 0.209639236330986 0.366997867822647 0.294311821460724 0.188216865062714 0.359029084444046 0.5098692830652 0.5098692830652 0.598242849111557 0.711489722132683 0.843408226966858 0.654991313815117 0.883502244949341 0.943018108606339 0.871599078178406 0.895605504512787 0.786759823560715 0.89800614118576 0.880818217992783
0.788143485784531 0.823702991008759 0.823702991008759 0.764253824949265 0.766421049833298 0.754534542560577 0.811916500329971 0.358495607972145 0.577804058790207 0.684082418680191 0.754584550857544 0.764420539140701 0.752417325973511 0.723176181316376 0.723176181316376 0.693468272686005 0.705454796552658 0.715374112129211 0.698419600725174 0.712456673383713 0.723176181316376 0.752417325973511 0.752417325973511 0.752417325973511 0.752417325973511 0.752417325973511 0.752417325973511 0.752417325973511 0.752417325973511 0.742998152971268 0.73344561457634 0.82465323805809 0.66426046192646 0.490780860185623 0.352627366781235 0.343074828386307 0.135869562625885 0.117047876119614 0.00976927205920219 0 0 0.107195250689983 0.126433715224266 0.32415309548378 0.22112563252449 0.145405441522598 0.145405441522598 0.169278472661972 0.171629101037979 0.16921178996563 0.369581878185272 0.481228321790695 0.490780860185623 0.5098692830652 0.617114543914795 0.824186444282532 0.852627366781235 0.664543867111206 0.837056547403336 0.967007845640182 0.871599078178406 0.871599078178406 0.82453653216362 0.834089070558548
0.764420539140701 0.764420539140701 0.752417325973511 0.776257008314133 0.814350485801697 0.746882498264313 0.776140332221985 0.778307557106018 0.568018138408661 0.775640189647675 0.754584550857544 0.859762579202652 0.752417325973511 0.742631375789642 0.742631375789642 0.703387588262558 0.703387588262558 0.715374112129211 0.712456673383713 0.749683260917664 0.764253795146942 0.752417325973511 0.752417325973511 0.776190310716629 0.764337182044983 0.764320492744446 0.871599078178406 0.871599078178406 0.742998152971268 0.54509536921978 0.535809561610222 0.824386477470398 0.702237248420715 0.278440922498703 0.164277136325836 0.154991328716278 0.192467987537384 0.0193551611155272 0 0 0 0 0.107195250689983 0.126433715224266 0.135719522833824 0.135902911424637 0.14543879032135 0.135902911424637 0.135902911424637 0.135902911424637 0.154741257429123 0.164277136325836 0.278440922498703 0.466791152954102 0.575886890292168 0.796295672655106 0.824386477470398 0.843408226966858 0.664543867111206 0.900923550128937 0.966891169548035 0.871599078178406 0.871599078178406 0.981561720371246
0.752417325973511 0.752417325973511 0.752417325973511 0.752417325973511 0.897789418697357 0.788143515586853 0.754534542560577 0.800030022859573 0.455171391367912 0.775640189647675 0.754584550857544 0.764420539140701 0.752417325973511 0.752417325973511 0.752417325973511 0.752417325973511 0.723176181316376 0.71530744433403 0.723176181316376 0.764253795146942 0.752417325973511 0.732895463705063 0.764320492744446 0.629601240158081 0.752417325973511 0.93139836192131 0.898106157779694 0.654991313815117 0.73344561457634 0.73344561457634 0.526340365409851 0.749166429042816 0.302430659532547 0.164277136325836 0.154991328716278 0.116581089794636 0.0288910381495953 0 0 0 0 0 0 0.107195250689983 0.126433715224266 0.126433715224266 0.126433715224266 0.145188719034195 0.145188719034195 0.145188719034195 0.145188719034195 0.145188719034195 0.154741257429123 0.164277136325836 0.266521066427231 0.368264879100025 0.777640700340271 0.824386477470398 0.843158155679703 0.654991313815117 0.688316866755486 0.990780860185623 0.990780860185623 0.990780860185623
0.752417325973511 0.752417325973511 0.752417325973511 0.752417325973511 0.752417325973511 0.752417325973511 0.764253824949265 0.788026809692383 0.654407829046249 0.775640189647675 0.754584550857544 0.764420539140701 0.776390373706818 0.752417325973511 0.752417325973511 0.776257008314133 0.764253795146942 0.742631375789642 0.764253795146942 0.776523739099503 0.764520525932312 0.776423722505569 0.752417325973511 0.733578979969025 0.752417325973511 0.840807557106018 0.607495322823524 0.741364389657974 0.798512935638428 0.71469059586525 0.431898519396782 0.302430659532547 0.183248862624168 0.154991328716278 0.116581089794636 0 0 0 0 0 0 0 0 0 0 0.107195250689983 0.0973759666085243 0.117047876119614 0.126433715224266 0.126433715224266 0.126433715224266 0.135719522833824 0.135719522833824 0.135719522833824 0.154741257429123 0.164277136325836 0.302430659532547 0.405691529624164 0.607828736305237 0.833605617284775 0.645455434918404 0.645772188901901 0.852960765361786 0.683248847723007
0.667244613170624 0.752417325973511 0.752417325973511 0.752417325973511 0.752417325973511 0.752417325973511 0.752417325973511 0.788026809692383 0.742698073387146 0.763803690671921 0.754584550857544 0.764420539140701 0.835889577865601 0.752417325973511 0.723176181316376 0.69448521733284 0.752417325973511 0.764253795146942 0.752417325973511 0.776357024908066 0.756901860237122 0.752417325973511 0.752417325973511 0.907725393772125 0.919511884450912 0.781341701745987 0.741364389657974 0.647856116294861 0.726460367441177 0.6982361972332 0.222092553973198 0.17396305501461 0.154991328716278 0.116581089794636 0 0 0 0 0 0 0 0 0 0 0 0 0 0.00958588998764753 0.00958588998764753 0.00958588998764753 0.0973759666085243 0.107195250689983 0.107195250689983 0.126433715224266 0.126433715224266 0.154741257429123 0.164277136325836 0.278440922498703 0.386969859711826 0.607828736305237 0.626433700323105 0.833605617284775 0.655057996511459 0.636186301708221
0.752417325973511 0.713356912136078 0.742631375789642 0.752417325973511 0.752417325973511 0.752417325973511 0.752417325973511 0.849893301725388 0.693801671266556 0.752417325973511 0.752417325973511 0.752417325973511 0.764420539140701 0.752417325973511 0.713890373706818 0.713890373706818 0.619415163993835 0.742631375789642 0.732895463705063 0.756901860237122 0.723342895507812 0.73344561457634 0.73344561457634 0.814783930778503 0.73344561457634 0.73344561457634 0.770022004842758 0.506751790642738 0.371599107980728 0.371599107980728 0.268888384103775 0.154991328716278 0.0189717262983322 0 0 0 0 0 0 0 0 0 0 0 0 0 0 0 0 0 0 0 0 0 0.00958588998764753 0.116581089794636 0.154991328716278 0.164277136325836 0.278440922498703 0.386969859711826 0.597976110875607 0.730228051543236 0.852627366781235 0.664277121424675
0.732895463705063 0.752417325973511 0.723176181316376 0.752417325973511 0.752417325973511 0.752417325973511 0.763803690671921 0.859112411737442 0.571135640144348 0.752417325973511 0.752417325973511 0.752417325973511 0.776207000017166 0.752417325973511 0.648172855377197 0.728310883045197 0.696419060230255 0.696352362632751 0.686849802732468 0.723126173019409 0.73344561457634 0.73344561457634 0.73344561457634 0.73344561457634 0.723976403474808 0.705138057470322 0.619615241885185 0.500550132244825 0.481228321790695 0.436032950878143 0.154991328716278 0.126433715224266 0 0 0 0 0 0 0 0 0 0 0 0 0 0 0 0 0 0 0 0 0 0 0 0.00938583631068468 0.106761805713177 0.154991328716278 0.164277136325836 0.266521066427231 0.349176461808383 0.341274350881577 0.805464774370193 0.645772188901901
0.723342895507812 0.776140302419662 0.752417325973511 0.752417325973511 0.752417325973511 0.752417325973511 0.763803690671921 0.823402911424637 0.575770199298859 0.752417325973511 0.788510292768478 0.883602291345596 0.871682465076447 0.828420907258987 0.826153635978699 0.742681384086609 0.752417325973511 0.706638425588608 0.709322482347488 0.77887436747551 0.742864787578583 0.805231392383575 0.724159777164459 0.705138057470322 0.686333030462265 0.619615241885185 0.500550132244825 0.490780860185623 0.364497184753418 0.305531471967697 0.126433715224266 0 0 0 0 0 0 0 0 0 0 0 0 0 0 0 0 0 0 0 0 0 0 0 0 0 0.0189717262983322 0.154991328716278 0.164277136325836 0.290327429771423 0.311749811284244 0.569918639957905 0.598242849111557 0.617214575409889
0.732895463705063 0.799813270568848 0.752417325973511 0.752417325973511 0.752417325973511 0.764420539140701 0.885619521141052 0.799446523189545 0.575770199298859 0.764420539140701 0.824019730091095 0.799979984760284 0.771455705165863 0.561032935976982 0.842808067798615 0.819085091352463 0.776190310716629 0.732895463705063 0.723126173019409 0.752417325973511 0.862796723842621 0.828904390335083 0.695918917655945 0.619615241885185 0.381118313409388 0.371599107980728 0.469125092029572 0.164277136325836 0.126433715224266 0.117264606058598 0 0 0 0 0 0 0 0 0 0 0 0 0 0 0 0 0 0 0 0 0 0 0 0 0 0 0.0189717262983322 0.154991328716278 0.164277136325836 0.302430659532547 0.311749811284244 0.490780860185623 0.598242849111557 0.569668583571911
0.296645767986774 0.752417325973511 0.752417325973511 0.752417325973511 0.752417325973511 0.79993000626564 0.823702991008759 0.575770199298859 0.763803690671921 0.835806220769882 0.752417325973511 0.732962131500244 0.316117629408836 0.34700919687748 0.781891852617264 0.758052140474319 0.732895463705063 0.366431042551994 0.752417325973511 0.73344561457634 0.843341529369354 0.475943580269814 0.721125617623329 0.481228321790695 0.457238584756851 0.362046539783478 0.154991328716278 0.126433715224266 0.0189717262983322 0 0 0 0 0 0 0 0 0 0 0 0 0 0 0 0 0 0 0 0 0 0 0 0 0 0 0 0.0189717262983322 0.135902911424637 0.164277136325836 0.233345553278923 0.302430659532547 0.50010001193732 0.311749811284244 0.311749811284244
0.570585489273071 0.764253795146942 0.752417325973511 0.752417325973511 0.764420539140701 0.764420539140701 0.764420539140701 0.713123500347137 0.907358646392822 0.752417325973511 0.667194575071335 0.495182052254677 0.485612839460373 0.504267796874046 0.535809561610222 0.545245409011841 0.488380238413811 0.347459316253662 0.413043469190598 0.852627366781235 0.833872348070145 0.729377821087837 0.292878091335297 0.292878091335297 0.164277136325836 0.135902911424637 0.116581089794636 0 0 0 0 0 0 0 0 0 0 0 0 0 0 0 0 0 0 0 0 0 0 0 0 0 0 0 0 0 0.00958588998764753 0.116581089794636 0.154991328716278 0.154741257429123 0.245098695158958 0.490780860185623 0.302430659532547 0.302430659532547
0.732962131500244 0.752417325973511 0.752417325973511 0.752417325973511 0.764420539140701 0.752417325973511 0.752417325973511 0.752417325973511 0.871882498264313 0.752417325973511 0.581538408994675 0.547345966100693 0.523139491677284 0.523156180977821 0.394288465380669 0.535809561610222 0.478944376111031 0.328654304146767 0.347459316253662 0.723976403474808 0.814733922481537 0.5098692830652 0.362046539783478 0.305531471967697 0.116581089794636 0 0 0 0 0 0 0 0 0 0 0 0 0 0 0 0 0 0 0 0 0 0 0 0 0 0 0 0 0 0 0 0.00958588998764753 0.116581089794636 0.126433715224266 0.154741257429123 0.352627366781235 0.254734605550766 0.231028273701668 0.219025075435638
0.780458122491837 0.752417325973511 0.752417325973511 0.752417325973511 0.752417325973511 0.752417325973511 0.742631375789642 0.752417325973511 0.871899157762527 0.754834622144699 0.504617914557457 0.386319696903229 0.513720318675041 0.428781017661095 0.347109228372574 0.598026126623154 0.45068684220314 0.319235131144524 0.328454256057739 0.31890170276165 0.290710851550102 0.37396639585495 0.154991328716278 0.116581089794636 0 0 0 0 0 0 0 0 0 0 0 0 0 0 0 0 0 0 0 0 0 0 0 0 0 0 0 0 0 0 0 0 0 0.00958588998764753 0.116581089794636 0.126433715224266 0.343074828386307 0.154741257429123 0.188033476471901 0.164277136325836
0.732962131500244 0.764203786849976 0.752417325973511 0.752417325973511 0.752417325973511 0.732912123203278 0.752417325973511 0.81196653842926 0.883535593748093 0.732962131500244 0.612163245677948 0.308415576815605 0.447536021471024 0.350660186260939 0.428497612476349 0.387670055031776 0.529091089963913 0.460106015205383 0.31890170276165 0.290077351033688 0.224693259224296 0.164410516619682 0.126433715224266 0 0 0 0 0 0 0 0 0 0 0 0 0 0 0 0 0 0 0 0 0 0 0 0 0 0 0 0 0 0 0 0 0 0 0 0.0193551611155272 0.0189050417393446 0.106761805713177 0.126433715224266 0.135902911424637 0.145188719034195
0.752417325973511 0.752417325973511 0.752417325973511 0.752417325973511 0.752417325973511 0.673913061618805 0.764420539140701 0.752417325973511 0.859762609004974 0.814250439405441 0.897656053304672 0.76100292801857 0.438033491373062 0.350660186260939 0.331721782684326 0.350776880979538 0.253084149211645 0.36603094637394 0.422345951199532 0.183248862624168 0.302430659532547 0.154991328716278 0.116581089794636 0 0 0 0 0 0 0 0 0 0 0 0 0 0 0 0 0 0 0 0 0 0 0 0 0 0 0 0 0 0 0 0 0 0 0 0 0 0.00958588998764753 0.00958588998764753 0.106761805713177 0.126433715224266
0.752417325973511 0.752417325973511 0.752417325973511 0.752417325973511 0.752417325973511 0.673913061618805 0.764420539140701 0.752417325973511 0.823986381292343 0.828470915555954 0.886303007602692 0.73344561457634 0.428497612476349 0.350660186260939 0.292878091335297 0.292878091335297 0.302430659532547 0.195168718695641 0.223426252603531 0.17369632422924 0.164277136325836 0.154991328716278 0.00958588998764753 0 0 0 0 0 0 0 0 0 0 0 0 0 0 0 0 0 0 0 0 0 0 0 0 0 0 0 0 0 0 0 0 0 0 0 0 0 0 0 0 0.0189050417393446
0.752417325973511 0.752417325973511 0.752417325973511 0.752417325973511 0.752417325973511 0.673913061618805 0.752417325973511 0.847509324550629 0.792644709348679 0.883518934249878 0.73344561457634 0.73344561457634 0.418945044279099 0.350660186260939 0.292878091335297 0.221475720405579 0.233178853988647 0.223759666085243 0.164277136325836 0.176146969199181 0.145188719034195 0.126433715224266 0.0189717262983322 0 0 0 0 0 0 0 0 0 0 0 0 0 0 0 0 0 0 0 0 0 0 0 0 0 0 0 0 0 0 0 0 0 0 0 0 0 0 0 0 0.00958588998764753
0.752417325973511 0.752417325973511 0.752417325973511 0.752417325973511 0.752417325973511 0.673913061618805 0.752417325973511 0.883602291345596 0.871532410383224 0.871599078178406 0.742864787578583 0.73344561457634 0.824319809675217 0.322402631863952 0.292878091335297 0.176146969199181 0.135719522833824 0.145188719034195 0.135902911424637 0.13830354809761 0.126433715224266 0.126433715224266 0.00958588998764753 0 0 0 0 0 0 0 0 0 0 0 0 0 0 0 0 0 0 -9999 0 0 0 0 0 0 0 0 0 0 0 0 0 0 0 0 0 0 0 0 0 0
0.752417325973511 0.752417325973511 0.752417325973511 0.752417325973511 0.656575113534927 0.673913061618805 0.764420539140701 0.871615767478943 0.752417325973511 0.752417325973511 0.752417325973511 0.73344561457634 0.495031997561455 0.322402631863952 0.292878091335297 0.154991328716278 0.117047876119614 0.126433715224266 0.116581089794636 0.126433715224266 0.116581089794636 0.097876101732254 0 0 0 0 0 0 0 0 0 0 0 0 0 0 0 0 0 0 -9999 0 0 0 0 0 0 0 -9999 0 0 0 0 0 0 0 0 0 0 0 0 0 0 0
0.752417325973511 0.752417325973511 0.752417325973511 0.664060443639755 0.362063214182854 0.673913061618805 0.752417325973511 0.776207000017166 0.752417325973511 0.752417325973511 0.752417325973511 0.773256212472916 0.35034342110157 0.341274350881577 0.292878091335297 0.154991328716278 0.107195250689983 0.097876101732254 0.00958588998764753 0.00958588998764753 0.00958588998764753 0.00958588998764753 0 0 0 0 0 0 0 0 0 0 0 0 0 0 0 0 -9999 0 0 0 0 0 0 0 0 0 0 0 0 0 0 0 0 0 0 0 0 0 0 0 0 0
