data-raw/DATASET_PNE_1/DATASET_PNE/a_DATA/PFGS/ENVSUIT_A1B/HS_f60_P1_ubacPion.asc
NCOLS 619 
NROWS 782 
XLLCORNER 876826 
YLLCORNER 1947424 
CELLSIZE 100 
NODATA_value -9999 
[rows 700 to 727 of 782, columns 448 to 511 of 619]
-9999 -9999 -9999 -9999 -9999 -9999 -9999 -9999 -9999 -9999 -9999 -9999 -9999 -9999 -9999 0.704051822685126 0.730047842838393 0.530674457004954 0.556458783183031 0.55688217113341 0.658579956814429 0.566958804352428 0.58520682501376 0 0.375037046445658 0.400821372623735 0 0.375037046445658 0.427325458317456 0 0 0 0.181379397942335 0.16177653583979 0.296498581650366 0.169355180151573 0.0519073627164571 0.052330750666836 0.0265040856937212 0.025784326178077 0.018629069816673 0 0.025784326178077 0.025784326178077 0 0 0 0 0.078115076844913 0 0 0.375037046445658 0.400863711418773 0.375037046445658 0.375037046445658 0.375037046445658 0.354883780007621 0 0.208518565561624 0 0 0 0 0.025784326178077
-9999 -9999 -9999 -9999 -9999 -9999 -9999 -9999 -9999 -9999 -9999 -9999 -9999 0.262923917185317 -9999 0.133155510394174 0.27130699860282 0.262923917185317 0.262923917185317 0.361403954443457 0.526228883525975 0.658622295609467 0.66598924594606 0.861721495406241 0.861721495406241 0.646132351073288 0.552013209704052 0.588974977772133 0.693594140310767 0.645285575172531 0.549769253567043 0.375037046445658 0.400821372623735 0.104111096998179 0.375037046445658 0.427325458317456 0.182945933358737 0 0.181379397942335 0.278504593759262 0.0720606291544943 0.0261230365383801 0.018629069816673 0.0261230365383801 0.104238113383293 0.0265040856937212 0 0 0.025784326178077 0 0 0 0 0 0 0 0.025784326178077 0.400863711418773 0.375037046445658 0 0.130107117151446 0.103857064227952 0 0
-9999 -9999 -9999 -9999 -9999 -9999 -9999 -9999 -9999 -9999 -9999 -9999 -9999 0.2584360049113 0.718023625047631 0.730555908378848 0.730555908378848 0.133155510394174 0.27130699860282 0.289428002879038 0.195562894280029 0.441593632245226 0.55887209450019 0.565011219780685 0.606587916507896 0.829078284432025 0.855582370125746 0.881705406664126 0.881705406664126 0.927642999280241 0.593378212456074 0.757695075998137 0.697912697404632 0.751259579152377 0.453067445700495 0.0522460730767602 0.400821372623735 0.375037046445658 0 0.018629069816673 0.270375545111986 0.314873618696812 0.018629069816673 0.025784326178077 0 0 0.0265040856937212 0 0 0 0 0 0 0 0 0 0.400821372623735 0.453152123290571 0.375037046445658 0.375037046445658 0.426986747957153 0.375037046445658 0 0.156187814894788
-9999 -9999 -9999 -9999 -9999 -9999 -9999 -9999 -9999 -9999 -9999 -9999 -9999 0.0522037342817223 0.208052838816207 0.155722088149371 0.323807104449807 0.602184681823955 0.486218722215166 0.227359329353487 0.208730259536814 0.208476226766586 0.18248020661332 0.253355349506753 0.359244675896524 0.802616537533342 0.83602184681824 0.652779541894238 0.42343028917397 0.397476607815742 0.213514543376096 0.282018713747407 0.548964816461323 0.619924636944833 0.639950886997756 0.606587916507896 0.719293788898768 0.822939159151531 0.849146873279987 0.901646979126974 0.973792285871544 0.94754223294805 0.947626910538126 0.947626910538126 0.98010076633219 0.453067445700495 0.505652229137559 0.479148143443838 0.375037046445658 0.375037046445658 0.375037046445658 0.143655531563572 0.288750582158432 0.350734578093907 0.16177653583979 0.018629069816673 0 0 0 0 0 0 0 0
-9999 -9999 -9999 -9999 -9999 -9999 -9999 -9999 -9999 -9999 0.849443244845252 0.560989034252085 0.783818112536517 0.751513611922605 0.770312036919429 0.576273339260765 0.50582158431771 0.250772683009442 0.250772683009442 0.0919598628223041 0.208222193996359 0.155722088149371 0.14429061348914 0.66700537702697 0.248698082052585 0.184554807570177 0.14128455904145 0 0 0.227105296583259 0.478936449468648 0.796096363097506 0.809814132689784 0.158982175367289 0.169736229306914 0.203945975697532 0.152377323341378 0.548964816461323 0.600194758457174 0.606587916507896 0.697319954274101 0.726618400440323 0.848342436174266 0.855667047715822 0.947626910538126 0.973749947076506 0.973749947076506 1 1 1 1 0.427325458317456 0.375037046445658 0.375037046445658 0.393666116262331 0.270375545111986 0.16177653583979 0.125111139336974 0.125111139336974 0 0 0 0 0
-9999 -9999 -9999 -9999 -9999 -9999 -9999 -9999 -9999 0.856005758076125 0.823658918667175 0.594775392692324 0.705237308946187 0.823658918667175 0.778017697616326 0.619924636944833 0.596087895338499 0.431135949870867 0.21423430289174 0.250772683009442 0.103772386637876 0.182226173843092 0.0367500740928913 0.569880181210043 0.0448367839451289 0.23472627969008 0.201236292815106 0.262923917185317 0.218552859985605 0.262923917185317 0.158982175367289 0.783521740971252 0.861806172996317 0.18548626106101 0.263304966340658 0.187687878402981 0.566958804352428 0.593378212456074 0.659850120665566 0.552902324399848 0.60891655023498 0.760574114060714 0.816037935560354 0.98010076633219 1 1 0.97387696346162 1 1 1 1 1 0.375037046445658 0.375037046445658 0 0.0362420085524366 0 0 0.078115076844913 0 0.025784326178077 0 0 0.375037046445658
-9999 -9999 -9999 -9999 -9999 -9999 -9999 -9999 0.0710868368686227 0.208476226766586 0.439010965747915 0.456920276048944 0.862271899741733 0.830221431898048 0.81773148736187 0.792666920699437 0.914729666793683 0.797324188153605 0.79783225369406 0.783818112536517 0.743807951225708 0.531605910495787 0.376645920657098 0.360557178542699 0.182099157457979 0.181972141072865 0.239425885939286 0.326728481307422 0.263982387061264 0.51225708116347 0.632202887505822 0.606376222532707 0.651975104788518 0.132986155214023 0.132986155214023 0.757695075998137 0.751471273127567 0.229772640670647 0.237054913417164 0.263304966340658 0.29560946695457 0.58702739320039 0.517210720182904 0.681146534569626 0.684237266607392 0.648545662390448 0.871713451035183 1 1 1 1 1 1 0.973749947076506 1 0.974173335026885 0 0 0.375037046445658 0.375037046445658 0.156484186460053 0.078115076844913 0.104111096998179 0
-9999 -9999 0.501545366018883 0.304500613912528 0.169439857741649 0.240442017020196 -9999 0.204750412803252 0.268809009695584 0.148482154197892 0.236589186671747 0.667894491722766 0.642067826749651 0.79783225369406 0.895761886616707 0.973749947076506 0.895338498666328 0.925780092298573 0.84283839281934 0.772047927515983 0.75803378635844 0.686142512384098 0.50582158431771 0.454210593166518 0.0259960201532664 0.155722088149371 0.122867183199966 0.4791058046488 0.51225708116347 0.438587577797536 0.462339641813794 0.566958804352428 0.47669249333164 0.600956856767856 0.221812947203523 0.725559930564376 0.61916253863415 0.240315000635082 0.543376095516322 0.162199923790169 0.300478428383928 0.499428426266988 0.663152546678522 0.684237266607392 0.542571658410602 0.375587450781151 0.818154875312249 1 1 1 0.97387696346162 1 0.791439095643338 0.921588551589822 0.947796265718278 0.947796265718278 0.0522884118717981 0.0522884118717981 0.375037046445658 0.375037046445658 0.375037046445658 0.375037046445658 0.375037046445658 0.431305305051018
-9999 0.809644777509632 0.705745374486642 0.456920276048944 0.456920276048944 0.402768957195478 0.751682967102756 0.331682120326856 0.341123671620306 0.699733265591261 0.550277319107498 0.797154832973454 0.921884923155087 0.86976586646344 0.921546212794784 1 0.922054278335239 0.849443244845252 0.856005758076125 0.783521740971252 0.569880181210043 0.578220923832508 0.148990219738346 0.234302891739701 0.0522037342817223 0.508700622380287 0.783521740971252 0.594521359922097 0.541174478174351 0.503111901435285 0.534400270968288 0.777340276895719 0.843431135949871 0.719293788898768 0.711588128201871 0.514585714890554 0 0.210423811338329 0.560904356662009 0.447182353190228 0.618823828273847 0.365214445996867 0.383462466658199 0.544434565392269 1 1 1 0.802023794402811 0.981794318133706 0.973495914306279 0.97387696346162 0.97387696346162 1 0.97387696346162 0.479275159828951 0.0522884118717981 0.104111096998179 0.375037046445658 0.375037046445658 0.531521232905712 0 0 0 0.400821372623735
0.810025826664973 0.569880181210043 0.569880181210043 0.39167619289555 0.486472754985393 0.757695075998137 0.783818112536517 0.600194758457174 0.947669249333164 0.921546212794784 1 0.973749947076506 0.895338498666328 0.685422752868453 0.809602438714594 0.763834201278632 0.576273339260765 0.531605910495787 0.204369363647911 0.10449214615352 0.0522037342817223 0.506583682628392 0.809602438714594 0.522926457513019 0.541174478174351 0.921546212794784 0.973919302256658 1 0.98010076633219 0.947796265718278 0.895042127101063 0.828951268046911 0.279393708455057 0.365172107201829 0.195901604640332 0.391295143740209 0.365214445996867 0.383462466658199 0.564418476650155 0.782124560735001 1 1 1 0.901604640331936 1 0.97387696346162 0.97387696346162 0.97387696346162 0.97387696346162 0.97387696346162 0.97387696346162 0.400863711418773 0.375037046445658 0.375037046445658 0.375037046445658 0.479275159828951 0 0 0 0.018629069816673 0.0748973284220331 0.45035776281807 0.487869935221644 0.404420170201956
0.869046106947796 0.973749947076506 0.973919302256658 0.973749947076506 0.973749947076506 1 0.725094203818959 0.783818112536517 0.56852533976883 0.378043100893349 0.475718701045768 0.288073161437826 0.0779880604597993 0.156526525255091 0.352512807485499 0.783818112536517 0.541174478174351 0.731275667894492 0.921546212794784 0.947796265718278 0.98010076633219 0.98010076633219 0.98010076633219 0.921588551589822 0.921546212794784 0.947796265718278 0.618823828273847 0.589313688132436 0.365214445996867 0.485414285109446 0.889834455311402 1 1 1 1 1 1 1 0.947796265718278 0.817223421821415 0.817223421821415 1 1 0.97387696346162 0.375037046445658 0.453152123290571 0 0 0 0 0 0.453490833650874 0.375037046445658 0.505525212752445 0 0 0.025784326178077 0 0.0925102671577967 0.45035776281807 0.487869935221644 0.47648079935645 0.096744146661586 0.303103433676278
0.947796265718278 0.816757695075998 1 0.817435115796604 0.751344256742453 0.56852533976883 0.258393666116262 0.648164613235107 0.71201151615225 0.167449934374868 0.122867183199966 0.510690545747068 0.783818112536517 0.541174478174351 0.672678775562047 0.901816334307126 0.973749947076506 0.947796265718278 0.947796265718278 0.945679325966383 0.122316778864474 0.500529234937974 0.97387696346162 0.98010076633219 0.852068250137601 0.628942800287904 0.628942800287904 0.871925145010373 1 0.981794318133706 1 1 0.973495914306279 0.973495914306279 0.973495914306279 0.843473474744909 0.947415216562937 0.765443075490072 0.947796265718278 1 1 0 0 0 0 0 0 0 0 0 0 0 0 0 0 0 0.235446039205724 0.422287141707947 0.422287141707947 0.276895719547822 0.410601634277488 0.733434946441424 0.817900842542021 0.908378847537999
0.973749947076506 0.947626910538126 0.600194758457174 0.705703035691604 0.56852533976883 0.49417841568229 0.756763622507303 0.167449934374868 0.115330877683221 0.718319996612896 0.685549769253567 0.518523222829078 0.588128201871375 0.921546212794784 0.973749947076506 0.921588551589822 0.835894830433126 1 0.201066937634955 0 0.222024641178712 1 0.853804140734155 0.800118548626106 0.745628519412338 0.835894830433126 0.782124560735001 1 1 1 0.973495914306279 0.973495914306279 0.791227401668149 0.97387696346162 0.948050298488505 0.921165163639443 0.868834412972607 0.947415216562937 0.973495914306279 0.427325458317456 0.025784326178077 0 0 0 0 0.103857064227952 0 0 0 0 0 0 0 0.0720606291544943 0.270375545111986 0.270375545111986 0.179516490960667 0.47648079935645 0.312672001354841 0.303103433676278 0.45437994834667 0.836148863203353 0.849866632795631 0.902112705872391
1 0.947669249333164 0.817435115796604 0.541174478174351 0.524535331724459 0.724289766713239 0.724205089123164 0.230450061391253 0.0779880604597993 0.517380075363055 0.606376222532707 0.58059189635463 0.705279647741225 0.921546212794784 1 0.981794318133706 0.34484948558364 1 1 0.315593378212456 0 0.909733688979212 0.853804140734155 0.421440365807189 0.764172911638935 0.945679325966383 1 1 0.945848681146535 0.902959481773149 0.973495914306279 0.947669249333164 0.97387696346162 0.97387696346162 1 1 0.947415216562937 0.973919302256658 0.947288200177823 0.973495914306279 0 0.125111139336974 0.018629069816673 0 0 0 0 0 0.018629069816673 0.0748973284220331 0 0 0.143232143613193 0.404420170201956 0.47648079935645 0.47648079935645 0.404420170201956 0.47648079935645 0.33079300563106 0.382785045937593 0.386129810745586 0.849781955205555 0.843177103179643 1
0.973749947076506 1 0.895042127101063 0.634108133282527 0.600194758457174 0.606376222532707 0.717981286252593 0.341208349210381 0.239891612684703 0.0519920403065329 0.196324992590711 0.708074008213726 -9999 -9999 0.849443244845252 0.822939159151531 0.921546212794784 1 1 0 0.750116431686354 0.974173335026885 0.786443117828867 0.025784326178077 0.252931961556374 0.34484948558364 0.782124560735001 0.72788856429146 0.828019814556078 0.928108726025657 1 1 0.973495914306279 0.973495914306279 1 1 1 1 -9999 -9999 1 1 1 1 1 0.018629069816673 0 0 0 0 0 0 0 0.235446039205724 0.288750582158432 0.296498581650366 0.296498581650366 0.386680215081079 0.513992971760024 0.668995300393751 0.590118125238156 0.469156187814895 0.496295355434184 0.700834074262247
0.973749947076506 0.973749947076506 0.973749947076506 0.973749947076506 0.974173335026885 1 0.973749947076506 0.947669249333164 0.797535882128795 0.639612176637453 0.468775138659554 0.394724586138279 -9999 0.594140310766756 0.660654557771286 0.0522037342817223 0.129853084381219 0.166814852449299 0.778398746771667 0.764977348744655 0.947626910538126 0.973749947076506 1 0.802023794402811 0.974173335026885 1 1 1 0.34484948558364 0.349464414242771 0.756043862991659 0.738092213895593 0.786019729878488 0.981794318133706 1 0.947669249333164 0.973495914306279 0.921588551589822 1 -9999 -9999 1 1 1 -9999 1 1 1 1 1 0 0.0362420085524366 0.018629069816673 0.025784326178077 0 0 0.296498581650366 0.350649900503832 0.0447521063550531 0.197256446081545 0.47648079935645 0.596722977264067 0.616241161776536 0.940259960201533
0.973749947076506 1 0.973749947076506 1 1 1 0.973749947076506 1 0.55688217113341 0.568991066514247 0.645708963122909 0.751344256742453 -9999 0.783437063381176 0.75803378635844 0.331512765146704 0 0.122697828019815 0.778017697616326 0.797154832973454 0.868834412972607 1 1 1 1 0.97387696346162 1 1 1 0.375714467166264 0.536686565900334 0.746432956518057 1 0.981794318133706 1 0.947669249333164 0.973495914306279 0.947372877767899 0.973495914306279 1 1 1 1 -9999 -9999 1 1 1 1 0.0447521063550531 0.018629069816673 0.296498581650366 0 0 0.207502434480715 0.422287141707947 0.232778695118337 0.0447521063550531 0.0628731106312714 0.530081713874423 0.738811973411237 0.806172996316525 0.86214488335662 0.339091409458487
1 0.948050298488505 1 1 0.973749947076506 1 1 0.936068419492781 0.921546212794784 0.921546212794784 0.869342478513062 0.823362547101909 0.86193318938143 0.789957237817012 0 0.156568864050129 0.606376222532707 0.823658918667175 0.849358567255176 0.973749947076506 1 1 1 1 1 0.945679325966383 0.909733688979212 0.775943096659469 0.663321901858673 0.756043862991659 1 1 0.973495914306279 0.973495914306279 0.973495914306279 1 0.947372877767899 1 1 -9999 1 1 -9999 -9999 1 1 1 0.92163089038486 0.973495914306279 0.143232143613193 0.314873618696812 0 0.0261230365383801 0.27913967568483 0.350649900503832 0.169355180151573 0.276895719547822 0.258901731656717 0.649731148651509 0.83661458994877 0.934459545281341 0.627460942461578 0.7913967568483 0.798213302849401
1 1 1 1 0.948050298488505 0.973749947076506 1 1 0.973749947076506 0.895761886616707 0.921546212794784 0.921546212794784 0.797154832973454 0.731487361869681 0.86214488335662 0.178585037469834 0.0519920403065329 0.159236208137516 0.659638426690376 0.921546212794784 0.973749947076506 0.973749947076506 0.973749947076506 0.974173335026885 0.759939032135145 0.973749947076506 1 0.92141919640967 0.724332105508277 0.478724755493459 0.756043862991659 0.964054363012829 1 0.973495914306279 0.973495914306279 0.973495914306279 0.973495914306279 0.921165163639443 1 -9999 -9999 -9999 -9999 -9999 1 1 1 1 1 1 0.974215673821923 0.947711588128202 0.169355180151573 0.404420170201956 0.232778695118337 0.0447521063550531 0.0367500740928913 0.541089800584275 0.0890808247597273 0.258901731656717 0.574283415893984 0.888183242304924 0.908378847537999 0.849654938820441
0.973749947076506 1 1 1 1 1 1 1 1 0.973749947076506 0.973749947076506 1 1 0.973749947076506 1 0.947669249333164 0.84283839281934 0.719293788898768 0.809644777509632 0.73292688090097 0 0.100215927854693 0.600194758457174 0.817308099411491 0.973749947076506 1 1 1 1 0.749820060121089 0.92141919640967 1 1 0.756043862991659 0.401710487319531 0.928108726025657 1 0.877132816800034 0.973495914306279 -9999 -9999 -9999 -9999 -9999 0.973495914306279 0.973495914306279 0.921588551589822 1 0.894957449510987 1 1 1 1 1 0.973495914306279 1 0.442101697785681 0.404420170201956 0.232778695118337 0.16097209873407 0.296498581650366 0.578009229857318 0.194546763199119 0.456666243278716
0.727592192726195 0.895761886616707 0.947965620898429 1 1 1 0.948050298488505 1 1 1 1 0.947245861382785 0.973749947076506 0.973749947076506 1 0.973749947076506 1 0.895550192641517 0.797535882128795 0.849866632795631 0.850755747491426 0.107201829035946 0.187772555993056 0.47808967356789 0.764977348744655 0.973749947076506 0.973749947076506 0.973749947076506 0.973749947076506 1 1 0.40835767814048 0.92946356746687 1 1 0.677886447351708 0.964054363012829 1 1 0.973495914306279 -9999 -9999 -9999 1 0.973495914306279 1 1 0.921038147254329 1 1 1 1 1 1 0.973495914306279 0.16097209873407 0.169355180151573 0.222405690334053 0.169355180151573 0.530081713874423 0.654515432490791 0.779626571827766 0.849781955205555 0.973919302256658
0.260595283458233 1 0.921842584360049 1 0.973749947076506 0.947923282103391 1 1 1 1 1 1 0.947245861382785 0.973749947076506 0.973749947076506 0.973749947076506 1 0.790973368897921 0.921546212794784 0.85007832677082 0.882128794614505 0.152250306956264 0.25682713069986 0.377238663787629 0.84283839281934 0.895550192641517 0.921122824844405 0.948389008848808 1 0.981794318133706 0.97387696346162 0.947669249333164 0.14831279901774 1 1 0.716076040475888 1 1 0.973495914306279 0.973495914306279 0.973495914306279 0.973495914306279 1 1 0.921207502434481 0.947415216562937 1 1 1 1 1 1 1 0.12299419958508 0.0890808247597273 0.276895719547822 0.408611710910707 0.540031330708328 0.810364537025276 0.849654938820441 0.973749947076506 1 0.810068165460011 0.947669249333164
0.921546212794784 0.973749947076506 1 0.895338498666328 1 1 1 1 1 1 1 1 1 1 0.973749947076506 0.973749947076506 0.973749947076506 1 1 1 0.844150895465515 0.849908971590668 0.28295016723824 0.425547228925865 0.204327024852873 0.581777382615691 0.895042127101063 0.921546212794784 0.973749947076506 0.973749947076506 1 1 0.775943096659469 0.740251492442525 0.200643549684576 0.901858673102163 1 1 0.947669249333164 0.947669249333164 0.973495914306279 1 1 1 1 0.921207502434481 1 1 1 1 1 1 0.947711588128202 1 0.276895719547822 0.675557813624624 0.62661416656082 0.78415682289682 0.928532113976036 1 1 0.901646979126974 1 0.973749947076506
0.810068165460011 0.947626910538126 1 0.973749947076506 1 1 1 1 1 0.921207502434481 1 1 1 1 1 1 0.948050298488505 1 0.973749947076506 0.973749947076506 0.973749947076506 1 0.973749947076506 0.895761886616707 0.921546212794784 0.641348067234007 0.309030864981583 0.489267115457894 0.33481519115966 0.573733011558491 0.947796265718278 0.843007747999492 1 1 1 0.723908717557898 0.775943096659469 0.174393496761082 0.775943096659469 1 0.921673229179897 0.973495914306279 0.973495914306279 1 1 0.973919302256658 1 1 1 1 1 1 1 1 1 1 1 0.78415682289682 0.765570091875185 1 1 1 0.973749947076506 1
1 0.837757737414793 0.973749947076506 0.973749947076506 0.973749947076506 0.973749947076506 0.973749947076506 1 1 1 0.79080401371777 1 1 1 1 1 1 1 1 0.973749947076506 0.973749947076506 0.973749947076506 1 0.973749947076506 0.86976586646344 0.895761886616707 0.947796265718278 0.372962445488801 0.408738727295821 0.452474702569965 0.310597400397985 0.97387696346162 0.954274101359075 1 1 1 0.919725644608154 0.740251492442525 0.300901816334307 0.656801727422838 0.749820060121089 0.973495914306279 0.947669249333164 1 1 0.947669249333164 1 1 1 1 1 1 1 1 0.973495914306279 0.973495914306279 0.973495914306279 0.947711588128202 0.875989669334011 0.947923282103391 1 1 1 0.947415216562937
-9999 0.973749947076506 0.973749947076506 0.973749947076506 0.973749947076506 1 1 1 1 0.790973368897921 1 1 1 1 1 1 1 1 1 0.973749947076506 1 1 0.973749947076506 0.947626910538126 0.947626910538126 1 0.844108556670477 0.881663067869088 0.509081671535628 0.426902070367077 0.849612600025403 1 1 1 1 0.981794318133706 0.743680934840594 0.775943096659469 0.697531648249291 0.723315974427368 0.973495914306279 1 1 0.973495914306279 1 0.973495914306279 1 1 1 1 1 1 0.973495914306279 0.973495914306279 1 1 1 1 1 1 1 1 0.948092637283543 1
-9999 -9999 1 1 1 1 1 1 0.973495914306279 1 1 1 1 1 1 1 1 1 0.947923282103391 0.97387696346162 0.947669249333164 0.973749947076506 0.973749947076506 1 0.973749947076506 0.947669249333164 0.973749947076506 0.713197002413311 0.311063127143402 0.215927854693255 1 0.973749947076506 0.973749947076506 1 0.823489563487023 0.753926923239765 0.657479148143444 0.773445107752233 0.719336127693806 1 0.974173335026885 1 1 1 1 1 1 0.947711588128202 1 1 1 0.974215673821923 1 1 1 1 1 1 1 1 -9999 1 1 1
-9999 -9999 -9999 1 1 1 1 1 1 1 0.973495914306279 0.973495914306279 1 1 1 1 1 1 1 1 1 1 1 0.973749947076506 1 0.973749947076506 0.869088445742834 0.947669249333164 0.178076971929379 0.329311147804733 0.197044752106355 0.903467547313603 0.973749947076506 1 0.973749947076506 0.947669249333164 0.64549726914772 0.74719505482874 0.973495914306279 0.921588551589822 1 1 1 1 1 1 1 0.973495914306279 1 1 1 1 1 0.780896735678902 1 1 1 1 1 1 -9999 1 1 1
