data-raw/DATASET_PNE_1/DATASET_PNE/a_DATA/PFGS/ENVSUIT_A1B/HS_f90_C4_shrubs.asc
NCOLS 619 
NROWS 782 
XLLCORNER 876826 
YLLCORNER 1947424 
CELLSIZE 100 
NODATA_value -9999 
[rows 504 to 531 of 782, columns 512 to 575 of 619]
0 0.127626490171843 0.0767911965232646 0 0 0 0.0257166779633986 0.127626490171843 0.127626490171843 0.127626490171843 0.128144810812966 0.204138590965273 0.153024201586859 0.0513934851082493 0 0 0.0252382281408237 0 0 0 0.0511542601969618 0 0 0 0 0.0252382281408237 0 -9999 0 0.204537299150752 0.0766715840676209 0 0.0509947769227702 0.179179458554284 0.255173238706591 0.255173238706591 0.178661137913161 0.255173238706591 0.255173238706591 0.255173238706591 0.255173238706591 0.255173238706591 -9999 0.229815398110123 0.178342171364778 0.0764323591563335 0.255173238706591 0.255173238706591 0.348710179019975 0.32997089430246 0.40855627766038 0.5023723137036 0.639727283601132 0.639727283601132 0.639727283601132 0.639727283601132 0.639727283601132 0.639727283601132 0.818707388062677 0.909812208444639 1 1 1 1
0 0 0 0 0 0.0513934851082493 0 0 0 0.076631713249073 0.0763127467006898 0.0252382281408237 0.076631713249073 0.076631713249073 0.229815398110123 0.0256768071448507 0.0509947769227702 0.0256768071448507 0.0510346477413181 0 0 0.0768310673418125 0.0763924883377856 0.0506359395558391 0 0 0 0 0.0511542601969618 0.255173238706591 0.0509947769227702 0 0 0.229775527291575 0.255173238706591 0.255173238706591 0.255173238706591 0.255173238706591 0.27383278178701 0.255173238706591 0.255173238706591 0.255173238706591 0.255173238706591 0.255173238706591 0.255173238706591 0.229815398110123 0.204098720146725 0.0764323591563335 0.255173238706591 0.311590446951876 0.42378693034568 0.540209720505562 0.639727283601132 0.639727283601132 0.639727283601132 0.463139428252462 0.42302938479327 -9999 -9999 0.614489055460309 0.371755512140664 0.42302938479327 0.974402934492245 1
0 0 0 0 0 0 0.0514333559267972 0.0514333559267972 0.0509150352856744 0.0257565487819465 0.0257565487819465 0.0256768071448507 0.17850165463897 0.204098720146725 0.204098720146725 0.274151748335393 0.204417686695108 0.178661137913161 0.204337945058012 0.204537299150752 0.0253977114150154 0.102547745305211 0.102069295482636 0.255173238706591 0 0 0 0 0 0 0.0763924883377856 0.0253977114150154 0.127825844264583 0.255173238706591 0.255173238706591 0.255173238706591 0.255173238706591 0.255173238706591 0.229775527291575 0.179139587735736 0.076631713249073 0.102348391212472 0.204417686695108 0.204417686695108 0.255173238706591 0.222399425860213 0.204058849328177 0.0256369363263028 0.255173238706591 0.255173238706591 0.348710179019975 0.639727283601132 0.639727283601132 0.639727283601132 0.639727283601132 0.639727283601132 0.639727283601132 0.639727283601132 0.639727283601132 0.712013077628484 0.818707388062677 0.818707388062677 0.26298791914198 0.836928352139069
0 0 0 0 0.0768310673418125 0.0256768071448507 0.153263426498146 0.0513137434711535 0.0767114548861688 0.0513137434711535 0.127825844264583 0.178461783820422 0.153223555679598 0.229576173198836 0.255173238706591 0.255173238706591 0.385550815358239 0.385550815358239 0.330210119213747 0.255173238706591 0.255173238706591 0.204537299150752 0.102069295482636 0.255173238706591 0.127985327538774 0.102069295482636 0 0.0763924883377856 0.0763924883377856 0 0 0 0 0 0.0767513257047167 0 0 0 0 0.0766715840676209 0.0509947769227702 0 0 0 0 0 0 0.255173238706591 0.255173238706591 0.274151748335393 0.292930903871456 0.292930903871456 0.5023723137036 0.619871615964276 0.639727283601132 0.639727283601132 0.639727283601132 0.639727283601132 0.909812208444639 1 0.89115266536422 0.855348670308201 0.585064391371955 1
0 0 0 0.0257565487819465 0.0770702922531 0.101949683026993 0.10218890793828 0.204098720146725 0.0253977114150154 0 0.0256768071448507 0.0767114548861688 0.102069295482636 0.204218332602368 0.255173238706591 0.255173238706591 0.255173238706591 0.369881583668913 0.542482357162793 0.50484430445357 0.350942944858658 0.311271480403493 0.255173238706591 0.178860492005901 0.255173238706591 0.229815398110123 0.0763924883377856 0 0.0763924883377856 0.0763924883377856 0 0 0 0 0 0 0 0 0 0 0 0 0 0 0 0 0.178421913001874 0.255173238706591 0.255173238706591 0.405207128902356 0.292930903871456 0.292930903871456 0.197679518360512 0.19106096248156 0.639727283601132 0.639727283601132 0.639727283601132 1 1 1 1 1 1 1
0 0 0 0 0 0 0.127825844264583 0.203779753598341 0.255173238706591 0.229456560743192 0.229576173198836 0.178621267094613 0.203700011961246 0.255173238706591 0.255173238706591 0.255173238706591 0.273035365416052 0.652804912084845 0.725090706112197 0.835094294485866 0.694788884015789 0.481759100514334 0.351222040588493 0.204138590965273 0.255173238706591 0.255173238706591 0.204417686695108 0 0 0.0763924883377856 0.0763924883377856 0.0252382281408237 0 0 0 0.0253977114150154 0 0 0 0 0 0 0 0 0 0 0.0510346477413181 0 0.0510346477413181 0.423188868067461 0.441768669510785 0.367569076193134 0.267254096726606 0.32997089430246 0.560025517323871 0.639727283601132 0.639727283601132 0.693513017822256 1 1 1 0.981898648379251 0.855508153582393 0.855508153582393
0.0514333559267972 0.102667357760855 0 0 0 0.229775527291575 0.203779753598341 0.31075315976237 0.330608827399226 0.475579123639408 0.403412942067701 0.255173238706591 0.309596906024481 0.363940831705275 0.327738128463777 0.327738128463777 0.454846297994498 0.687053945217495 0.390016347035605 0.693313663729516 0.83597145249392 0.712013077628484 0.501255930784259 0.313583987879271 0.255173238706591 0.255173238706591 0.255173238706591 0.152824847494119 0 0 0 0.102069295482636 0.178541525457518 0 0 0 0 0 0 0 0 0 0 0 0 0 0 0 0 0.0764323591563335 0.367569076193134 0.441768669510785 0.441768669510785 0.461584466329094 0.579921055779275 0.599657110960488 0.639727283601132 0.639727283601132 0.981898648379251 0.981898648379251 0.712013077628484 0.639727283601132 0.639727283601132 0.639727283601132
0.252382281408237 0.153303297316694 0.12806506917587 0.127746102627487 0.127387265260556 0.292891033052909 0.292891033052909 0.708903153781747 0.690123998245684 0.836768868864878 0.565527690283481 0.309596906024481 0.363940831705275 0.363940831705275 0.346198317451457 0.216538415533671 0.333878234520155 0.278338184282923 0.51190143933655 0.756269686216658 0.793389418284757 0.757306327498904 0.693513017822256 0.639727283601132 0.388541126749332 0.255173238706591 0.255173238706591 0.255173238706591 0.255173238706591 0.0510346477413181 0 0 0.178541525457518 0.127785973446035 0.153542522227981 0.178860492005901 0.229935010565767 0.204537299150752 0.255173238706591 0.204537299150752 0.229935010565767 0.229935010565767 0.12806506917587 0.204537299150752 0.179179458554284 0 0.0507954228300307 0.127068298712173 0 0 0 0.229456560743192 0.348710179019975 0.441768669510785 0.600135560783063 0.579841314142179 0.639727283601132 0.639727283601132 0.639727283601132 0.442805310793031 0.620987998883617 0.639727283601132 0.639727283601132 0.639727283601132
0.255173238706591 0.255173238706591 0.427056337466608 0.445038076631713 0.368725329931023 0.348869662294167 0.448227742115546 0.584306845819545 0.800127586619353 0.718910729237271 0.712013077628484 0.78134843108329 0.818707388062677 0.767353773772976 0.615844663290937 0.431083290139947 0.72369522746302 0.749292292970775 0.836928352139069 0.836928352139069 0.945975040867589 0.793309676647661 0.765280491208485 0.711016307164786 0.639727283601132 0.350942944858658 0.313583987879271 0.255173238706591 0.274989035524899 0.255173238706591 0.255173238706591 0.255173238706591 0.229775527291575 0 0 0.0253977114150154 0.153422909772338 0.229775527291575 0.255173238706591 0.255173238706591 0.255173238706591 0.255173238706591 0.255173238706591 0.229935010565767 0.229935010565767 0 0 0.0256369363263028 0.152745105857023 0.0510346477413181 0.0510346477413181 0.0256369363263028 0.0510346477413181 0.0513934851082493 0.10238826203102 0.10218890793828 0.42378693034568 0.639727283601132 0.619871615964276 0.50161476815119 0.279454567202265 0.242015868585782 0.254216339061441 0.620987998883617
0.178621267094613 0.229456560743192 0.291774650133567 0.512021051792193 0.656991348032375 0.584306845819545 0.584306845819545 0.639727283601132 0.639727283601132 0.818707388062677 0.909174275347873 1 0.897611737968981 0.920059008811451 0.920059008811451 0.974602288584985 0.974243451218053 1 1 1 1 1 0.945735815956302 1 0.909254016984969 0.639727283601132 0.425381763087596 0.369602487939077 0.313583987879271 0.330210119213747 0.311271480403493 0.311271480403493 0.255173238706591 0.255173238706591 0.204417686695108 0 0 0 0 0 0.0506359395558391 0 0 0.255173238706591 0.178820621187353 0 0.102348391212472 0.0256369363263028 0.255173238706591 0.255173238706591 0.0510346477413181 0 0.0767911965232646 0.255173238706591 0.229456560743192 0.292930903871456 0.222917746501336 0.42378693034568 0.441768669510785 0.541286232606355 0.349148758024002 0.228818627646426 0.305250986802759 0.349427853753838
0.127467006897652 0.203700011961246 0.291774650133567 0.420238427494917 0.963239105298832 1 0.818707388062677 0.661018300705714 0.635421235197959 0.974243451218053 1 0.927833818428292 0.836928352139069 0.909812208444639 1 1 1 1 1 1 1 1 1 1 1 0.836928352139069 0.639727283601132 0.639727283601132 0.501255930784259 0.501255930784259 0.425381763087596 0.369602487939077 0.366851401459272 0.313583987879271 0.255173238706591 0.255173238706591 0.178860492005901 0.178860492005901 0.255173238706591 0.255173238706591 0.229935010565767 0.178860492005901 0 0.204218332602368 0.204218332602368 0 0.102308520393924 0.0762728758821419 0.255173238706591 0.255173238706591 0 0 0.178740879550257 0.255173238706591 0.10218890793828 0.153502651409433 0.128104939994418 0.248275587097803 0.121287030022726 0.580319763964754 0.620987998883617 0.639727283601132 0.836928352139069 1
0.0766715840676209 0.127666360990391 0.261592440492803 0.687053945217495 0.89115266536422 1 0.923408157569475 0.974243451218053 0.974323192855149 1 0.963677684302859 0.945735815956302 0.982018260834895 1 1 1 1 1 1 1 1 1 1 1 1 1 0.693513017822256 0.693513017822256 0.747458235317571 0.711016307164786 0.639727283601132 0.639727283601132 0.482476775248196 0.619991228419919 0.255173238706591 0.255173238706591 0.255173238706591 0.178900362824449 0.229935010565767 0.255173238706591 0.204537299150752 0 0 0 0.255173238706591 0.0255970655077549 0.178661137913161 0.229815398110123 0.204098720146725 0.27383278178701 0.076631713249073 0.0510346477413181 0.0511542601969618 0.153303297316694 0.0767911965232646 0.146684741437742 0.172082452852757 0.165663251066544 0.560025517323871 0.639727283601132 0.800885132171763 0.927156014512978 0.981898648379251 0.981898648379251
0.14672461225629 0.262110761133926 0.468402376300785 0.614489055460309 0.792950839280731 0.909812208444639 0.974243451218053 1 1 1 1 1 1 1 1 1 1 1 1 1 1 1 1 1 1 1 0.837526414417288 0.765280491208485 0.837526414417288 1 0.981898648379251 0.598939436226626 0.639727283601132 0.619991228419919 0.600175431601611 0.408356923567641 0.27383278178701 0.204537299150752 0.178820621187353 0.0766715840676209 0.255173238706591 0.153422909772338 0 0.255173238706591 0.0766715840676209 0.153462780590886 0.179179458554284 0.229815398110123 0.178342171364778 0.255173238706591 0.0767911965232646 0.0767911965232646 0.0256369363263028 0.10218890793828 0.153462780590886 0.0510346477413181 0.139946573103146 0.54367848171923 0.639727283601132 0.765280491208485 1 1 1 1
0.14062437701846 0.433196443522986 0.356325505362625 0.588373669311431 0.588373669311431 0.613970734819186 1 1 1 1 1 1 1 1 1 1 1 1 1 1 1 0.836928352139069 1 1 1 1 1 0.891033052908576 0.818707388062677 0.855348670308201 1 0.946094653323233 0.765280491208485 0.639727283601132 0.639727283601132 0.501255930784259 0.482476775248196 0.179179458554284 0.179179458554284 0 0.153462780590886 0.255173238706591 0.255173238706591 0.27383278178701 0.27383278178701 0.102428132849567 0.255173238706591 0.204417686695108 0.229416689924644 0.255173238706591 0.10218890793828 0.0256369363263028 0.0256369363263028 0.10218890793828 0.10218890793828 0.0510346477413181 0.146684741437742 0.114190024321199 0.712013077628484 1 1 0.963677684302859 0.77564690403094 0.372393445237431
0.211315338303895 0.312068896774451 0.194968302699254 0.614489055460309 0.639727283601132 0.639727283601132 0.639727283601132 0.747298752043379 1 1 1 1 1 1 1 1 1 1 1 1 0.750727642438499 0.470555400502372 0.800964873808859 1 1 1 1 0.963996650851242 0.818707388062677 0.818707388062677 0.818707388062677 1 0.981898648379251 0.739603684063634 0.657589410310594 0.639727283601132 0.639727283601132 0.540289462142658 0.27383278178701 0 0 0 0.229775527291575 0.204417686695108 0.27383278178701 0.313504246242175 0.255173238706591 0.255173238706591 0.27383278178701 0.204058849328177 0.255173238706591 0.0767911965232646 0.0256369363263028 0.0767911965232646 0.0767911965232646 0.120968063474343 0.120968063474343 0.0633946014911686 0.747737331047406 1 0.963677684302859 0.321119572584825 0.321119572584825 0.397352577648419
0.0701327698257645 0.0899086958255253 0.342290977233763 0.639727283601132 0.639727283601132 0.639727283601132 0.67573063274989 0.67573063274989 0.747298752043379 1 0.770423826801164 0.276623739085363 0.569594513775368 0.790718073442048 1 1 1 1 1 1 1 0.674175670826522 0.818707388062677 0.818707388062677 1 1 1 1 1 0.891033052908576 0.891033052908576 1 1 0.927435110242813 0.765280491208485 0.67573063274989 0.657589410310594 0.639727283601132 0.292572066504525 0 0 0 0.0509947769227702 0.0256369363263028 0.10218890793828 0.255173238706591 0.313504246242175 0.153143814042502 0.312387863322834 0.229815398110123 0.127267652804912 0.255173238706591 0.0510346477413181 0.0513934851082493 0.0767911965232646 0.10218890793828 0.127905585901679 0.563414536900443 0.818707388062677 1 0.855348670308201 0.818707388062677 0.836928352139069 0.836928352139069
0 0.382082054144572 0.361070132769826 0.613970734819186 0.613970734819186 0.67573063274989 0.67573063274989 0.212351979586141 0.712013077628484 0.928033172521032 0.830429408715761 0.598022407400024 0.47821059766357 0.476336669191819 0.554922052549739 0.6565128982098 0.725489414297676 0.901558949005223 1 1 1 1 1 0.692197280810175 1 1 1 1 1 1 1 1 1 0.981898648379251 0.909254016984969 0.765280491208485 0.855508153582393 0.657589410310594 0.639727283601132 0.329931023483912 0 0 0.204417686695108 0.076631713249073 0 0 0.255173238706591 0.27383278178701 0.255173238706591 0.229815398110123 0.0256369363263028 0.229456560743192 0.0767911965232646 0.10218890793828 0.10218890793828 0.0513934851082493 0.153462780590886 0.483633028986085 1 0.873250667836211 0.981898648379251 1 1 1
0.0444958334994617 0.639727283601132 0.588732506678362 0.613970734819186 0.639727283601132 0.67573063274989 1 1 1 1 1 1 1 0.850205334715522 0.725489414297676 0.426896854192417 0.54100713687652 0.802041385909653 0.822335632550536 1 1 1 1 1 1 1 1 1 1 1 1 1 1 1 1 0.909254016984969 0.909254016984969 0.631912603165743 0.639727283601132 0.639727283601132 0.179179458554284 0 0.204417686695108 0.255173238706591 0.0256369363263028 0 0.255173238706591 0.313504246242175 0.229775527291575 0.255173238706591 0.229815398110123 0.255173238706591 0.255173238706591 0.255173238706591 0.255173238706591 0.0767911965232646 0.0767911965232646 0.349746820302221 0.712013077628484 0.818707388062677 0.712013077628484 0.639727283601132 0.836928352139069 0.909134404529325
0.356724213548104 0.621745544436027 0.382082054144572 0.247119333359914 0.584705554005024 0.974243451218053 1 0.974243451218053 0.974243451218053 0.974243451218053 1 1 1 1 1 0.699772736334277 0.542402615525697 0.776803157768829 0.861967226187154 0.861967226187154 0.861967226187154 1 1 1 1 1 1 1 1 1 1 1 1 1 1 1 0.963996650851242 0.639727283601132 0.639727283601132 0.639727283601132 0.127706231808939 0.0764323591563335 0.44148957378095 0.484948765998166 0.0764323591563335 0.178382042183326 0.255173238706591 0.255173238706591 0.255173238706591 0.255173238706591 0.27383278178701 0.27383278178701 0.255173238706591 0.27383278178701 0.255173238706591 0.255173238706591 0.0767911965232646 0.292930903871456 0.619871615964276 0.765599457756868 0.639727283601132 0.165663251066544 0.107571468442247 0.42302938479327
0.0764323591563335 0.761213667716598 1 1 1 1 0.964196004943981 0.946094653323233 1 1 1 1 1 1 1 1 0.725489414297676 0.802041385909653 0.802041385909653 0.784059646744548 0.723017423547705 0.441768669510785 0.441768669510785 0.531796977791954 0.524540488816235 0.802041385909653 1 1 1 1 1 1 1 1 1 1 1 0.67573063274989 0.639727283601132 0.765320362027032 0.614050476456282 0.639727283601132 0.639727283601132 0.639727283601132 0.204098720146725 0.292572066504525 0.27383278178701 0.255173238706591 0.255173238706591 0 0.255173238706591 0.27383278178701 0.27383278178701 0.27383278178701 0.312627088234121 0.311191738766397 0.32997089430246 0.32997089430246 0.32997089430246 0.405047645628165 0.120968063474343 0.0955304812407799 0.620987998883617 0.639727283601132
0.980742394641362 0.980742394641362 0.829950958893186 0.794745026115386 0.760057413978709 0.688648777959411 0.711016307164786 0.928392009887963 1 1 1 1 1 1 1 1 1 1 1 1 1 1 1 0.675531278657151 0.200271121566126 0.365455922810095 0.551612774610263 0.980184203181691 1 1 1 1 1 1 1 1 1 0.747298752043379 0.711016307164786 0.873330409473307 0.747458235317571 0.711016307164786 0.67573063274989 0.614050476456282 0.639727283601132 0.639727283601132 0.369602487939077 0.255173238706591 0.179179458554284 0.255173238706591 0.255173238706591 0.204417686695108 0.204098720146725 0.255173238706591 0.292811291415813 0.292811291415813 0.348710179019975 0.32997089430246 0.32997089430246 0.32997089430246 0.146684741437742 0.60113233124676 0.818707388062677 0.800885132171763
0.408356923567641 0.311271480403493 0.22949643156174 0 0.0253977114150154 0.255173238706591 0.273912523424106 0.255173238706591 0.349746820302221 0.639727283601132 0.639727283601132 0.639727283601132 0.963996650851242 1 1 1 1 1 1 1 1 1 1 1 1 1 0.698895578326223 0.61560543837965 0.797854949962123 0.555639727283601 0.834177265659264 1 1 1 1 1 1 0.963996650851242 0.873330409473307 0.765280491208485 0.873330409473307 0.873330409473307 0.765280491208485 0.639727283601132 0.639727283601132 0.639727283601132 0.369602487939077 0.332243530959691 0.178740879550257 0.27383278178701 0.255173238706591 0.255173238706591 0.229815398110123 0 0.178661137913161 0.27383278178701 0.27383278178701 0.255173238706591 0.255173238706591 0.32997089430246 0.405964674454767 0.639727283601132 0.783023005462302 0.639727283601132
0.152984330768311 0.204537299150752 0.204098720146725 0.255173238706591 0.255173238706591 0.255173238706591 0.255173238706591 0.255173238706591 0.292891033052909 0.486902436107013 0.349746820302221 0.273912523424106 0.468402376300785 0.392209242055739 0.783501455284877 1 1 1 1 1 1 1 1 1 1 1 1 1 1 0.798891591244368 0.674454766556357 0.855348670308201 1 1 1 1 1 1 1 0.836928352139069 0.800885132171763 0.873330409473307 0.765280491208485 0.67573063274989 0.693513017822256 0.639727283601132 0.520513536142897 0.388541126749332 0.178382042183326 0.27383278178701 0.204417686695108 0.255173238706591 0.27383278178701 0.229815398110123 0 0.255173238706591 0.292811291415813 0.255173238706591 0.255173238706591 0.32997089430246 0.483633028986085 0.639727283601132 0.746581077309517 0.639727283601132
0.171962840397113 0.0513137434711535 0.273912523424106 0.329931023483912 0.409114469120051 0.346198317451457 0.363940831705275 0.329931023483912 0.603165742992704 0.639727283601132 0.526135321558152 0.325186396076711 0.356325505362625 0.34253020214505 0.463019815796818 0.613970734819186 0.639727283601132 0.67573063274989 0.920417846178382 1 0.945815557593397 1 1 1 1 1 1 1 1 1 1 1 1 1 1 1 1 1 1 0.891033052908576 0.836928352139069 0.836928352139069 0.765280491208485 0.67573063274989 0.693513017822256 0.639727283601132 0.639727283601132 0.311550576133328 0.229815398110123 0.27383278178701 0.127267652804912 0.229815398110123 0.349746820302221 0.313464375423627 0.127068298712173 0.204098720146725 0.292811291415813 0.27383278178701 0.32997089430246 0.292930903871456 0.32997089430246 0.639727283601132 0.67573063274989 0.639727283601132
0.127586619353295 0 0.327738128463777 0.164267772417368 0.382919341334078 0.700211315338304 0.782145847454248 0.818707388062677 0.945735815956302 1 0.818707388062677 0.639727283601132 0.639727283601132 0.563055699533511 0.57031218850923 0.613970734819186 0.302858737689885 0.07535584705554 0.175989793070452 0.416091862365934 0.314341533431681 0.67573063274989 0.891033052908576 1 1 1 1 1 1 1 0.946214265778876 1 1 1 1 1 1 1 1 1 1 1 0.800885132171763 0.783023005462302 0.855508153582393 0.693513017822256 0.614050476456282 0.639727283601132 0.348710179019975 0.329931023483912 0.311550576133328 0.255173238706591 0.584306845819545 0.639727283601132 0.639727283601132 0.619871615964276 0.639727283601132 0.32997089430246 0.255173238706591 0.255173238706591 0.255173238706591 0.639727283601132 0.783023005462302 0.639727283601132
0 0.038515210717276 0.524580359634783 0.326063554084765 0.468402376300785 0.639727283601132 0.639727283601132 0.67573063274989 0.67573063274989 0.879629998803875 1 0.927833818428292 0.765280491208485 0.982018260834895 0.792950839280731 0.639727283601132 0.416091862365934 0.657868506040429 0.818707388062677 0.963996650851242 1 1 1 1 1 1 1 1 1 1 1 1 1 1 1 1 1 1 1 1 1 1 1 0.981898648379251 1 0.67573063274989 0.639727283601132 0.639727283601132 0.639727283601132 0.639727283601132 0.614050476456282 0.614050476456282 0.639727283601132 0.639727283601132 0.639727283601132 0.639727283601132 0.639727283601132 0.639727283601132 0.443602727163989 0.0767911965232646 0.255173238706591 0.443602727163989 0.639727283601132 0.783023005462302
-9999 0 0.0187392847175153 0.515091104820382 0.639727283601132 0.639727283601132 0.639727283601132 0.695865396116582 0.721542203261433 0.739523942426538 1 0.963717555121407 1 1 1 0.855348670308201 0.818707388062677 1 1 1 1 1 1 1 1 1 1 1 1 1 1 1 1 1 1 1 1 1 1 1 1 1 1 1 1 0.909254016984969 0.729476496152466 0.67573063274989 0.657589410310594 0.67573063274989 0.639727283601132 0.639727283601132 0.639727283601132 0.639727283601132 0.639727283601132 0.639727283601132 0.639727283601132 0.639727283601132 0.639727283601132 0.639727283601132 0.443602727163989 0.405047645628165 0.178541525457518 0.292930903871456
-9999 -9999 0.213946812328057 -9999 0.0885132171763486 0.781866751724413 0.783023005462302 0.712013077628484 0.739523942426538 0.818707388062677 0.89191021091663 1 1 1 1 1 1 1 1 1 1 1 1 1 1 1 1 1 1 1 1 1 1 1 1 1 1 1 1 1 1 1 1 1 1 0.981898648379251 0.765280491208485 0.909254016984969 0.981898648379251 0.783501455284877 0.67573063274989 0.711016307164786 0.711016307164786 0.639727283601132 0.639727283601132 0.639727283601132 0.639727283601132 0.711016307164786 0.639727283601132 0.657589410310594 0.639727283601132 0.639727283601132 0.639727283601132 0.619871615964276
