data-raw/DATASET_PNE_1/DATASET_PNE/a_DATA/PFGS/ENVSUIT_A1B/HS_f30_H2_dryGrass.asc
NCOLS 619 
NROWS 782 
XLLCORNER 876826 
YLLCORNER 1947424 
CELLSIZE 100 
NODATA_value -9999 
[rows 405 to 431 of 782, columns 427 to 487 of 619]
1 1 0.963180333314877 0.483638779691047 0.231880848236532 0.160345495819722 0.21377553845302 0.186811361497149 0.186811361497149 0.213554066773711 0.240518243729583 0.15979181662145 0.240518243729583 0.186811361497149 0.267205581086319 0.465422734067881 0.483638779691047 0.521953380211505 0.578650130114612 0.578650130114612 0.578650130114612 0.578650130114612 0.54160899175018 0.503294391229722 0.429101378661204 0.267205581086319 0.240241404130447 0.267205581086319 0.267205581086319 0.267205581086319 0.267205581086319 0.267205581086319 0.267205581086319 0.267205581086319 0.429101378661204 0.483638779691047 0.483638779691047 0.54160899175018 0.578650130114612 0.616189579757488 0.634239521621173 0.634239521621173 0.652843142683129 0.652843142683129 0.652843142683129 0.652843142683129 0.652843142683129 0.652843142683129 0.670228669508887 0.982725209013897 1 1 0.982725209013897 0.965616521787277 0.965616521787277 0.965616521787277 0.982891312773379 0.965616521787277 0.982725209013897 0.982725209013897 0.982725209013897
1 0.981950058136316 0.771275123193622 0.322296661314434 0.079508332871934 0.05359614639278 0.106749349426942 0.21377553845302 0.0804495875089973 0.18697746525663 0.160234759980068 0.267205581086319 0.267205581086319 0.287802447262056 0.483638779691047 0.521953380211505 0.558994518575937 0.59741985493605 0.634239521621173 0.634239521621173 0.634239521621173 0.634239521621173 0.578650130114612 0.54160899175018 0.483638779691047 0.447151320524888 0.429101378661204 0.447151320524888 0.465422734067881 0.465422734067881 0.483638779691047 0.483638779691047 0.465422734067881 0.465422734067881 0.483638779691047 0.578650130114612 0.616189579757488 0.634239521621173 0.634239521621173 0.634239521621173 0.652843142683129 0.652843142683129 0.652843142683129 0.652843142683129 0.652843142683129 0.652843142683129 0.652843142683129 0.652843142683129 0.722883561264603 0.982725209013897 1 1 1 0.982891312773379 1 1 1 1 0.982725209013897 0.960135097724379 0.828470184375173
1 0.963180333314877 0.411992691434583 0.160400863739549 0.106472509827806 0.05359614639278 0.052710259675544 0.0800066441503793 0.106749349426942 0.160234759980068 0.267205581086319 0.448756990199878 0.447151320524888 0.465422734067881 0.503294391229722 0.578650130114612 0.59741985493605 0.634239521621173 0.704279940202647 0.806489120203754 0.704279940202647 0.634239521621173 0.634239521621173 0.596700071978296 0.54160899175018 0.483638779691047 0.483638779691047 0.501356514035768 0.521953380211505 0.558994518575937 0.578650130114612 0.578650130114612 0.521953380211505 0.54160899175018 0.59741985493605 0.634239521621173 0.634239521621173 0.634239521621173 0.652843142683129 0.652843142683129 0.652843142683129 0.652843142683129 0.652843142683129 0.652843142683129 0.652843142683129 0.808537733237362 0.861801672111179 1 1 1 1 1 1 1 1 0.973423398482919 1 0.843696362327667 0.713249543214661 0.52710259675544 0.54443275566137
1 0.822379713194175 0.375671336027905 0.106804717346769 0.106472509827806 0.0803388516693428 0.052710259675544 0.0264104977575992 0.133215215104369 0.267205581086319 0.429101378661204 0.485078345606555 0.523891257405459 0.54160899175018 0.578650130114612 0.578650130114612 0.634239521621173 0.704279940202647 0.877636897181773 0.877636897181773 0.704279940202647 0.704279940202647 0.634239521621173 0.634239521621173 0.634239521621173 0.578650130114612 0.578650130114612 0.616189579757488 0.616189579757488 0.634239521621173 0.634239521621173 0.634239521621173 0.634239521621173 0.634239521621173 0.634239521621173 0.634239521621173 0.652843142683129 0.652843142683129 0.652843142683129 0.652843142683129 0.652843142683129 0.652843142683129 0.652843142683129 0.722883561264603 0.791207574331432 1 1 1 1 1 1 1 1 1 0.982725209013897 0.973312662643265 0.803277780853773 0.747799125186867 0.612479929129063 0.491888599745308 0.450694867393832
0.981950058136316 0.771275123193622 0.616189579757488 0.186811361497149 0.13338131886385 0 0 0.0537068822324345 0.106804717346769 0.267205581086319 0.466806932063562 0.523891257405459 0.576546149161176 0.66330767953048 0.577764243397376 0.578650130114612 0.634239521621173 0.634239521621173 0.877636897181773 0.841924588893195 0.634239521621173 0.652843142683129 0.634239521621173 0.634239521621173 0.634239521621173 0.634239521621173 0.634239521621173 0.634239521621173 0.634239521621173 0.634239521621173 0.634239521621173 0.634239521621173 0.634239521621173 0.634239521621173 0.652843142683129 0.652843142683129 0.652843142683129 0.652843142683129 0.652843142683129 0.652843142683129 0.652843142683129 0.652843142683129 0.740102984330879 1 1 1 1 1 1 1 1 1 1 1 0.946569957366702 0.956037871657162 0.785227838990089 0.598859420851559 0.491888599745308 0.424284369636233 0.423952162117269
0.963180333314877 0.650074746691767 0.160400863739549 0.133049111344887 0.13338131886385 0.0800066441503793 0.0264104977575992 0.0537068822324345 0.106804717346769 0.21377553845302 0.240462875809756 0.466806932063562 0.505675211782293 0.523891257405459 0.503294391229722 0.521953380211505 0.578650130114612 0.634239521621173 0.634239521621173 0.704279940202647 0.670339405348541 0.652843142683129 0.652843142683129 0.652843142683129 0.652843142683129 0.652843142683129 0.652843142683129 0.652843142683129 0.652843142683129 0.652843142683129 0.652843142683129 0.652843142683129 0.652843142683129 0.652843142683129 0.652843142683129 0.652843142683129 0.652843142683129 0.652843142683129 0.652843142683129 0.722883561264603 0.722883561264603 1 1 1 1 1 1 1 1 1 1 1 1 0.946569957366702 1 0.944964287691711 0.676762084048502 0.52710259675544 0.388904268866619 0.450694867393832 0.663639887049444
0.875089972869719 0.579148441393057 0.0530424671945075 0.0800620120702065 0.133215215104369 0.0537068822324345 0.0537068822324345 0.0527656275953712 0.106749349426942 0.106804717346769 0.267205581086319 0.287802447262056 0.429101378661204 0.447151320524888 0.503294391229722 0.521012125574442 0.558994518575937 0.634239521621173 0.634239521621173 0.670339405348541 1 0.89624051824373 0.652843142683129 0.652843142683129 0.652843142683129 0.652843142683129 0.652843142683129 0.652843142683129 0.652843142683129 0.652843142683129 0.688721554731189 0.895852942804939 0.688721554731189 0.652843142683129 0.652843142683129 0.652843142683129 0.652843142683129 0.722883561264603 0.809257516195117 0.965616521787277 1 1 1 1 1 1 1 1 0.973312662643265 1 1 0.929405902220254 0.946016278168429 0.803277780853773 0.713249543214661 0.561430707048336 0.628979569237584 0.560710924090582 0.450694867393832 0.848734843031947 1
0.632246276507392 0.537511765682963 0.079508332871934 0.106472509827806 0.0537068822324345 0.15979181662145 0.133215215104369 0.106804717346769 0.106527877747633 0.106527877747633 0.187198936935939 0.429101378661204 0.485078345606555 0.483638779691047 0.54160899175018 0.54160899175018 0.514921654393445 0.634239521621173 0.634239521621173 0.652843142683129 0.722883561264603 0.652843142683129 0.670671612867505 0.652843142683129 0.652843142683129 0.652843142683129 0.652843142683129 0.652843142683129 0.688721554731189 0.723603344222358 0.965616521787277 0.965616521787277 0.965616521787277 0.705553402358673 0.774818670062566 0.740933503128287 0.773655943746194 0.982725209013897 0.982725209013897 1 1 1 1 1 1 1 1 0.973312662643265 0.946569957366702 0.919993355849621 1 0.791484413930569 0.700348817894912 0.524500304523559 0.689995016887216 0.768562095122086 0.638668955207353 0.503239023309894 1 1 1
0.700625657494048 0.160400863739549 0.106804717346769 0.105918830629533 0.106804717346769 0.187365040695421 0.375671336027905 0.375671336027905 0.375671336027905 0.429101378661204 0.447151320524888 0.465422734067881 0.483638779691047 0.59741985493605 0.616189579757488 0.570400310060351 0.54160899175018 0.634239521621173 0.634239521621173 0.652843142683129 0.652843142683129 0.670671612867505 1 1 0.722883561264603 0.722883561264603 0.670671612867505 0.965616521787277 0.965616521787277 0.948341730801174 0.948341730801174 0.965616521787277 0.965616521787277 0.965616521787277 0.965616521787277 0.982891312773379 0.982725209013897 1 1 1 1 1 1 1 1 1 1 1 0.866840152815459 0.919993355849621 0.948064891202038 0.82631083550191 0.543159293505343 0.768617463041913 0.611704778251481 0.523835889485632 0.972703615525165 1 1 1 1
0.569514423343115 0.106804717346769 0.21377553845302 0.133492054703505 0.429101378661204 0.465422734067881 0.483638779691047 0.483638779691047 0.483638779691047 0.483638779691047 0.483638779691047 0.483638779691047 0.578650130114612 0.634239521621173 0.634239521621173 0.634239521621173 0.616189579757488 0.634239521621173 0.652843142683129 0.670671612867505 0.652843142683129 0.740102984330879 1 1 1 0.965450418027795 0.965616521787277 1 1 1 1 1 1 1 1 1 1 1 1 1 1 1 1 1 1 1 0.838990089142351 0.946680693206356 0.946569957366702 0.886440396434306 0.852555229500028 0.594817562704169 0.465422734067881 0.465478101987708 0.848734843031947 1 1 1 1 1 1
0.21377553845302 0.079508332871934 0.187198936935939 0.429101378661204 0.483638779691047 0.483638779691047 0.578650130114612 0.59741985493605 0.59741985493605 0.59741985493605 0.570732517579315 0.616189579757488 0.634239521621173 0.634239521621173 0.634239521621173 0.634239521621173 0.634239521621173 0.634239521621173 0.652843142683129 0.688721554731189 0.652843142683129 0.790986102652123 1 1 1 1 1 1 1 1 1 1 1 1 1 0.973312662643265 1 1 1 1 1 1 1 1 0.946569957366702 0.946569957366702 0.919993355849621 0.982725209013897 0.899285753834228 0.878965727257627 0.620065334145396 0.465422734067881 0.773268368307403 1 1 1 1 1 1 1 0.744643153756713
0.382758429765794 0.39471790044848 0.447151320524888 0.483638779691047 0.501356514035768 0.59741985493605 0.634239521621173 0.634239521621173 0.634239521621173 0.634239521621173 0.634239521621173 0.634239521621173 0.634239521621173 0.634239521621173 0.84264437185095 0.722883561264603 0.634239521621173 0.652843142683129 0.652843142683129 0.652843142683129 0.652843142683129 0.722883561264603 1 1 1 1 1 1 1 1 1 1 1 1 1 1 1 1 0.946514589446874 0.973257294723437 1 1 0.973257294723437 1 1 1 0.93915065610985 0.933669232046952 0.893084546813576 0.806046176845136 0.500636731078013 1 1 1 1 1 1 1 1 0.727534466530092 0.973534134322573
0.422014284923315 0.465422734067881 0.483638779691047 0.501356514035768 0.59741985493605 0.634239521621173 0.634239521621173 0.634239521621173 0.806489120203754 0.704279940202647 0.634239521621173 0.634239521621173 0.652843142683129 0.652843142683129 0.825092741265711 0.722883561264603 0.652843142683129 0.652843142683129 0.652843142683129 0.740102984330879 0.947898787442556 0.80798405403909 1 1 1 1 1 1 1 1 1 1 1 1 1 0.973257294723437 0.973257294723437 1 1 1 1 1 0.965616521787277 0.93915065610985 0.88173412324899 0.788162338740933 0.858701068600853 0.669287414871823 0.63208017274791 1 1 1 1 1 0.979679973423398 0.724046287580976 0.727534466530092 0.825092741265711 0.965173578428658 1 1
0.466806932063562 0.483638779691047 0.483638779691047 0.59741985493605 0.634239521621173 0.634239521621173 0.651735784286584 0.704279940202647 0.704279940202647 0.634239521621173 0.670339405348541 0.774763302142738 0.722883561264603 0.652843142683129 0.652843142683129 0.652843142683129 0.652843142683129 0.722883561264603 0.80798405403909 0.947898787442556 0.913459941310005 0.930014949338353 1 1 1 1 1 1 1 1 1 1 1 1 0.973257294723437 1 1 1 0.939039920270195 0.808703836996844 0.666519018880461 0.650296218371076 0.588671723603344 0.615469796799734 0.505121532584021 0.528874370189912 0.89120203753945 1 1 1 1 1 1 1 0.869220973368031 0.913459941310005 0.982725209013897 1 1 1 1
0.466806932063562 0.483638779691047 0.521012125574442 0.615469796799734 0.634239521621173 0.738940258014506 0.859974530756879 0.704279940202647 0.669065943192514 0.808094789878744 1 1 0.913792148828969 0.652843142683129 0.740102984330879 0.965173578428658 0.790986102652123 0.756325784840264 0.825535684624329 0.895354631526494 0.965616521787277 1 1 1 1 1 1 1 1 1 1 1 1 1 1 1 0.973312662643265 0.919993355849621 0.973312662643265 0.920048723769448 0.920713138807375 1 1 1 1 1 1 1 1 1 1 1 1 1 0.956037871657162 1 0.946680693206356 1 0.946569957366702 0.973312662643265 0.946846796965838
0.503294391229722 0.483638779691047 0.59741985493605 0.607219976745474 0.634239521621173 0.912740158352251 0.963844748352804 0.774763302142738 0.774763302142738 0.913792148828969 1 1 0.652843142683129 0.722883561264603 0.947898787442556 1 0.965450418027795 0.825535684624329 0.947898787442556 1 1 0.973257294723437 1 1 1 1 1 1 0.973257294723437 1 1 1 1 1 1 1 1 1 1 1 1 1 1 1 1 1 1 1 1 1 1 1 0.973312662643265 0.982725209013897 1 0.946680693206356 1 0.866065001937877 0.946846796965838 1 1
0.501356514035768 0.59741985493605 0.634239521621173 0.634239521621173 0.634239521621173 0.824040750788993 0.825092741265711 0.652843142683129 0.722883561264603 0.687724932174298 0.722883561264603 0.722883561264603 0.860306738275843 1 1 1 1 0.973257294723437 1 1 1 1 1 1 1 1 1 1 1 1 1 1 1 1 1 1 1 1 0.946459221527047 0.892475499695476 0.838713249543215 1 1 1 1 1 1 1 1 0.946569957366702 0.919273572891867 1 0.919661148330657 1 0.973257294723437 1 0.972703615525165 1 0.965616521787277 0.965616521787277 0.965616521787277
0.616189579757488 0.634239521621173 0.580532639388738 0.634239521621173 0.634239521621173 0.652843142683129 0.652843142683129 0.652843142683129 0.652843142683129 0.670671612867505 1 1 1 1 1 1 1 0.973589502242401 1 1 1 1 1 1 1 1 1 1 1 1 1 1 1 1 1 0.973257294723437 1 1 1 1 1 0.919716516250485 0.946680693206356 0.946680693206356 1 0.973312662643265 0.919993355849621 0.946680693206356 0.946791429046011 0.973257294723437 1 0.946680693206356 0.946680693206356 1 0.973312662643265 0.973312662643265 0.973534134322573 1 0.670671612867505 0.75820829411439 0.965616521787277
1 1 1 0.634239521621173 0.652843142683129 0.652843142683129 0.652843142683129 0.652843142683129 1 1 1 1 1 1 1 1 0.972703615525165 0.919993355849621 0.973589502242401 1 1 1 1 1 1 1 1 1 1 1 1 1 1 1 1 0.973257294723437 1 1 0.919550412491003 0.973257294723437 0.973257294723437 1 0.973257294723437 0.973257294723437 1 0.973257294723437 1 0.920048723769448 1 1 1 0.973257294723437 1 1 0.973312662643265 1 0.973534134322573 0.775206245501357 0.652843142683129 0.774043519184984 0.688721554731189
1 1 1 1 0.652843142683129 0.652843142683129 1 1 1 1 1 1 1 1 0.972980455124301 0.973700238082055 0.947289740324456 0.866563313216322 -9999 0.973589502242401 0.973257294723437 1 1 1 1 1 1 1 1 1 1 1 1 1 1 1 1 1 1 1 1 1 1 1 1 1 0.973257294723437 1 1 0.973312662643265 1 1 1 1 1 1 1 0.705719506118155 0.634239521621173 0.634239521621173 0.634239521621173
1 1 1 1 1 1 1 1 1 1 1 0.972980455124301 0.973700238082055 0.946293117767566 1 0.946680693206356 1 0.945684070649466 0.973589502242401 0.946514589446874 1 1 1 1 1 1 1 1 1 1 1 1 0.946846796965838 1 1 1 1 1 1 1 -9999 1 1 1 1 0.973534134322573 1 1 1 0.973312662643265 1 0.973312662643265 0.973312662643265 1 1 1 0.80898067659598 0.728752560766292 0.634239521621173 0.634239521621173 0.634239521621173
1 1 1 1 1 1 1 1 1 1 1 1 1 1 1 0.972980455124301 1 1 1 1 1 1 1 1 1 1 1 1 1 1 1 1 1 1 1 1 1 1 1 1 1 1 1 1 1 1 1 1 1 1 1 1 1 1 1 1 0.652843142683129 0.634239521621173 0.634018049941864 0.615469796799734 0.59741985493605
1 1 1 1 1 1 1 1 1 1 1 1 1 1 1 1 1 1 1 1 1 1 1 1 1 1 1 1 1 1 1 1 1 0.930014949338353 0.930014949338353 0.965450418027795 0.982725209013897 1 1 -9999 1 1 0.982725209013897 1 1 0.965616521787277 1 1 1 1 1 1 1 1 1 1 0.634239521621173 0.634239521621173 0.626986324123803 0.483638779691047 0.483638779691047
1 1 1 1 1 1 1 1 1 1 1 1 1 1 1 1 1 1 1 1 1 1 1 1 1 1 1 1 1 1 1 1 0.965616521787277 0.670671612867505 0.722883561264603 0.790986102652123 0.861247992912906 0.965450418027795 -9999 -9999 1 1 0.965616521787277 1 0.791429046010741 0.740213720170533 0.80798405403909 0.982725209013897 1 1 1 1 0.982725209013897 0.982725209013897 1 1 0.634239521621173 0.59741985493605 0.447151320524888 0.368694978129672 0.0528763634350257
1 1 1 1 1 1 1 1 1 1 1 1 1 1 1 1 1 1 1 1 1 1 1 1 1 1 1 1 1 1 0.756768728198882 0.652843142683129 0.825978627982947 0.756768728198882 0.652843142683129 0.705553402358673 0.705553402358673 0.705553402358673 0.774154255024639 0.705553402358673 0.723603344222358 0.688721554731189 0.740545927689497 0.808759204916671 0.652843142683129 0.652843142683129 0.652843142683129 0.652843142683129 0.705553402358673 0.965616521787277 0.965616521787277 0.965616521787277 0.965616521787277 0.965616521787277 0.965616521787277 0.894247273129948 0.634239521621173 0.483638779691047 0.133325950944023 0 0
1 1 1 1 1 1 1 1 1 1 1 1 1 1 1 0.965450418027795 1 1 1 1 1 1 1 1 1 1 1 1 1 0.670671612867505 0.842256796412159 0.652067991805548 0.634239521621173 0.634239521621173 0.634239521621173 0.652843142683129 0.688721554731189 0.688721554731189 0.688721554731189 0.652843142683129 0.652843142683129 0.652843142683129 0.670671612867505 0.634239521621173 0.652843142683129 0.652843142683129 0.652843142683129 0.652843142683129 0.652843142683129 0.688721554731189 0.740545927689497 0.774154255024639 0.791429046010741 0.670671612867505 0.982725209013897 0.652067991805548 0.521953380211505 0.342284480372072 0 0 0
1 1 1 1 1 1 1 1 1 1 1 1 1 1 1 1 0.965450418027795 1 1 1 1 1 1 1 1 1 1 0.652843142683129 0.652843142683129 0.669065943192514 0.634018049941864 0.572172083494823 0.501356514035768 0.501356514035768 0.634239521621173 0.634239521621173 0.634239521621173 0.634239521621173 0.652843142683129 0.634239521621173 0.634239521621173 0.634239521621173 0.634239521621173 0.634239521621173 0.634239521621173 0.634239521621173 0.634239521621173 0.634239521621173 0.634239521621173 0.652067991805548 0.929018326781463 0.964121587951941 0.946569957366702 0.634239521621173 0.790100215934887 0.521953380211505 0.301478323459388 0 0 0 0
