data-raw/DATASET_PNE_1/DATASET_PNE/a_DATA/PFGS/ENVSUIT_A1B/HS_f60_H1_alpines.asc
NCOLS 619 
NROWS 782 
XLLCORNER 876826 
YLLCORNER 1947424 
CELLSIZE 100 
NODATA_value -9999 
[rows 384 to 415 of 782, columns 284 to 354 of 619]
0.193583657027766 0.193583657027766 0.193583657027766 0 0 0 0 0 0 0 0 0 0 0 0 0 0 0 0 0 0 0 0 0 0 0.115868220399942 0.0580060422960725 0.115868220399942 0.135232340670407 0.0963026902603942 0.0386994677024889 0 0 0 0 0 0.154538915263991 0.0967055099985614 0.330801323550568 0.389210185584808 0.427449287872249 0.310458926773126 0.446784635304273 0.271068910948065 0.310458926773126 0.466494029636024 0.486088332614012 0.466494029636024 0.212775140267587 0.154538915263991 0.154538915263991 0.135750251762336 0.154912962163717 0.154538915263991 0.154538915263991 0.116069630269026 0.154538915263991 0.271529276363113 0.485627967198964 0.563544813695871 0.583196662350741 0.583196662350741 0.704761904761905 0.934340382678751 0.934397928355632 0.912530571140843 0.912530571140843 0.956092648539778 0.977960005754568 0.956150194216659 1
0.0191339375629406 0 0 0 0 0 0 0 0 0 0 0 0 0 0 0 0 0 0 0 0 0 0 0 0.0580060422960725 0.232426988922457 0.193583657027766 0.193583657027766 0.115868220399942 0.193583657027766 0.0771399798590131 0 0 0 0 0 0.0580060422960725 0 0.0385843763487268 0.408574305855273 0.583196662350741 0.466609120989786 0.544180693425406 0.368896561645806 0.485340238814559 0.563544813695871 0.563544813695871 0.544180693425406 0.524902891670263 0.50562508991512 0.50562508991512 0.232254351891814 0.0388433318946914 0.0580060422960725 0.193583657027766 0.154538915263991 0.251819882031362 0.368954107322687 0.524643936124299 0.563544813695871 0.583196662350741 0.583196662350741 0.682923320385556 0.890807078118256 0.977960005754568 0.977960005754568 0.977960005754568 0.977960005754568 0.956207739893541 0.803625377643505 0.744267011940728
0 0 0 0 0 0 0 0 0 0 0 0 0 0 0 0 0 0 0 0 0 0 0 0.115868220399942 0.173960581211337 0.193583657027766 0.115868220399942 0.193583657027766 0.271385412170911 0.388951230038843 0.0771399798590131 0 0 0 0 0 0 0 0.0385843763487268 0.408372895986189 0.583196662350741 0.544180693425406 0.563544813695871 0.524528844770537 0.563544813695871 0.563544813695871 0.563544813695871 0.544180693425406 0.524902891670263 0.524902891670263 0.50562508991512 0.329707955689829 0.252078837577327 0.155028053517479 0.388433318946914 0.388433318946914 0.427247878003165 0.427794561933535 0.563544813695871 0.563544813695871 0.583196662350741 0.702690260394188 0.912530571140843 1 0.977960005754568 0.977960005754568 0.977960005754568 0.977960005754568 0.977960005754568 0.764264134656884 0.704761904761905
0 0 0 0 0 0 0 0 0 0 0 0 0 0 0 0 0 0 0 0 0.0580060422960725 0.0580060422960725 0.0580060422960725 0.193583657027766 0.193583657027766 0.193583657027766 0.252078837577327 0.388951230038843 0.368839015968925 0.388951230038843 0.36912674435333 0.212976550136671 0 0 0 0 0 0 0 0.388951230038843 0.563544813695871 0.563544813695871 0.563544813695871 0.563544813695871 0.563544813695871 0.563544813695871 0.563544813695871 0.563544813695871 0.50562508991512 0.486088332614012 0.290807078118256 0.271155229463387 0.349043303121853 0.485829377068048 0.544180693425406 0.524586390447418 0.485627967198964 0.563544813695871 0.583196662350741 0.682923320385556 0.702690260394188 0.803625377643505 0.977960005754568 0.977960005754568 1 0.977960005754568 1 1 0.803625377643505 0.744525967486693 0.583196662350741
0 0 0 0 0 0 0 0 0 0 0 0 0 0 0 0 0 0 0 0 0 0.0580060422960725 0.115868220399942 0.388951230038843 0.0771399798590131 0.388951230038843 0.388951230038843 0.427794561933535 0.544180693425406 0.388951230038843 0.271385412170911 0.388951230038843 0.115868220399942 0 0 0 0 0 0 0.0963026902603942 0.486088332614012 0.583196662350741 0.583196662350741 0.603049920874694 0.583196662350741 0.583196662350741 0.583196662350741 0.60503524672709 0.563544813695871 0.563544813695871 0.407509710832974 0.34889943892965 0.387685225147461 0.583196662350741 0.583196662350741 0.583196662350741 0.465400661775284 0.54665515753129 0.685110056107035 0.803625377643505 0.934397928355632 0.93428283700187 0.934714429578478 0.956322831247303 1 1 1 0.977960005754568 0.803625377643505 0.742425550280535 0.602877283844051
0 0 0 0 0 0 0 0 0 0 0 0 0 0 0 0 0 0 0 0.0580060422960725 0 0 0.0387570133793699 0.329995684074234 0.388951230038843 0.388951230038843 0.427794561933535 0.584635304272767 0.663271471730686 0.466896849374191 0.427794561933535 0.388951230038843 0.252078837577327 0 0 0 0 0 0 0.115868220399942 0.466896849374191 0.663271471730686 0.682923320385556 0.682923320385556 0.682923320385556 0.682923320385556 0.682923320385556 0.583196662350741 0.583196662350741 0.583196662350741 0.583196662350741 0.387685225147461 0.387685225147461 0.583196662350741 0.583196662350741 0.583196662350741 0.583196662350741 0.663271471730686 0.803625377643505 1 0.956150194216659 0.978190188462092 0.956322831247303 0.956322831247303 1 1 1 1 0.781786793267156 0.781786793267156 0.602877283844051
0 0 0 0 0 0 0 0 0 0 0 0 0 0 0 0 0 0 0 0 0 0 0 0.271385412170911 0.388951230038843 0.524643936124299 0.584635304272767 0.603999424543231 0.663271471730686 0.486174651129334 0.427794561933535 0.388951230038843 0.252078837577327 0.115868220399942 0 0 0 0 0.369356927060855 0.427794561933535 0.427794561933535 0.682923320385556 0.682923320385556 0.890634441087613 0.868882175226586 0.868882175226586 0.781786793267156 0.682923320385556 0.682923320385556 0.583196662350741 0.583196662350741 0.583196662350741 0.583196662350741 0.583196662350741 0.583196662350741 0.583196662350741 0.60503524672709 0.722428427564379 0.91238670694864 0.978132642785211 0.9123579341102 0.978132642785211 0.978132642785211 0.978132642785211 0.978132642785211 1 0.956322831247303 0.977960005754568 0.781786793267156 0.781786793267156 0.682923320385556
0 0 0 0 0 0 0 0 0.0194504387857862 0 0 0 0 0 0 0 0 0 0 0.115868220399942 0.0771399798590131 0.0196806214933103 0.0775140267587397 0.466465256797583 0.486088332614012 0.623536181844339 0.762134944612286 0.803625377643505 0.803625377643505 0.643590850237376 0.505366134369155 0.388951230038843 0.388951230038843 0.115868220399942 0 0 0.0967055099985614 0.310574018126888 0.388951230038843 0.466896849374191 0.663271471730686 0.762134944612286 0.803625377643505 0.956322831247303 0.956322831247303 1 0.956322831247303 0.956150194216659 0.803625377643505 0.803625377643505 0.602877283844051 0.583196662350741 0.583196662350741 0.60503524672709 0.583196662350741 0.682923320385556 0.702690260394188 0.868853402388146 0.912818299525248 0.91238670694864 0.978132642785211 1 1 1 1 0.934397928355632 0.803826787512588 0.978190188462092 0.781786793267156 0.781786793267156 0.722572291756582
0 0 0 0 0 0 0 0 0.115868220399942 0 0 0 0 0 0 0 0 0.135232340670407 0.0775715724356208 0.252078837577327 0.154711552294634 0.097137102575169 0.116673859876277 0.466896849374191 0.486174651129334 0.762134944612286 0.803625377643505 0.803625377643505 0.803625377643505 0.704761904761905 0.563544813695871 0.505366134369155 0.388951230038843 0.388951230038843 0.388951230038843 0.310574018126888 0.310574018126888 0.388951230038843 0.427794561933535 0.563544813695871 0.563544813695871 0.682923320385556 0.868709538195943 0.956322831247303 1 1 1 1 1 1 0.742425550280535 0.764264134656884 0.702920443101712 0.724759027478061 0.682923320385556 0.803625377643505 0.890778305279816 0.956322831247303 0.91238670694864 0.978132642785211 1 1 1 1 1 1 0.803826787512588 0.934426701194073 1 0.825435189181413 0.722572291756582
0 0 0 0 0 0 0 0 0.0963026902603942 0 0 0 0 0 0 0 0 0.0194504387857862 0.349935261113509 0.0582649978420371 0.097137102575169 0.155229463386563 0.38762767947058 0.447072363688678 0.762134944612286 0.803625377643505 0.781786793267156 0.803625377643505 0.583196662350741 0.583196662350741 0.583196662350741 0.583196662350741 0.563544813695871 0.42811106315638 0.389210185584808 0.447273773557761 0.349848942598187 0.485829377068048 0.563544813695871 0.563544813695871 0.583196662350741 0.682923320385556 0.89046180405697 0.956322831247303 0.978132642785211 0.978132642785211 1 1 1 0.977960005754568 0.977960005754568 0.977960005754568 0.912530571140843 0.912530571140843 0.869026039418789 0.890778305279816 0.934426701194073 0.91238670694864 0.956322831247303 0.956322831247303 1 1 1 1 1 1 0.956322831247303 0.825550280535175 0.956150194216659 0.97807509710833 0.803539059128183
0 0 0 0 0 0 0 0 0 0 0.0388433318946914 0 0 0.0194504387857862 0.0771399798590131 0.0194504387857862 0 0.0388433318946914 0.0774277082434182 0.135721478923896 0.19381383973529 0.563544813695871 0.563861314918717 0.762134944612286 0.956092648539778 0.803625377643505 0.781786793267156 0.825550280535175 0.622730542368005 0.583196662350741 0.583196662350741 0.583196662350741 0.583196662350741 0.583196662350741 0.544180693425406 0.485829377068048 0.42811106315638 0.563544813695871 0.563544813695871 0.583196662350741 0.682923320385556 0.934397928355632 0.956322831247303 0.978132642785211 0.93428283700187 1 0.978132642785211 1 1 1 0.93428283700187 0.956322831247303 0.956322831247303 0.956322831247303 0.934426701194073 0.781786793267156 0.956322831247303 0.912559343979284 1 1 1 1 1 1 1 1 1 0.869141130772551 0.9123579341102 1 0.956150194216659
0 0 0 0 0 0 0 0 0 0 0.0583225435189181 0.0583225435189181 0 0.291152352179542 0.349935261113509 0.330110775427996 0.0388433318946914 0.0774277082434182 0.135721478923896 0.544180693425406 0.524643936124299 0.563544813695871 0.643216803337649 0.781786793267156 0.956092648539778 0.803625377643505 0.803625377643505 0.803625377643505 0.803625377643505 0.583196662350741 0.583196662350741 0.583196662350741 0.583196662350741 0.563544813695871 0.544180693425406 0.544180693425406 0.524586390447418 0.563544813695871 0.583196662350741 0.583196662350741 0.682923320385556 0.890634441087613 0.978132642785211 0.89046180405697 1 1 1 0.978132642785211 0.91238670694864 0.91238670694864 0.91238670694864 0.956322831247303 0.956322831247303 0.890893396633578 0.956322831247303 0.956322831247303 0.912731981009927 1 1 1 1 1 1 1 1 1 1 0.934455474032513 0.934426701194073 0.912501798302403 0.956322831247303
0 0 0 0 0 0 0 0 0 0.0194504387857862 0 0.0583225435189181 0 0.155200690548123 0.369587109768379 0.174305855272623 0.213350597036398 0.0775140267587397 0.155114372032801 0.466666666666667 -9999 -9999 -9999 0.803625377643505 0.781786793267156 0.781786793267156 0.803625377643505 0.781786793267156 0.781786793267156 0.781786793267156 0.583196662350741 0.563544813695871 0.563544813695871 0.563544813695871 0.563544813695871 0.563544813695871 0.563544813695871 0.583196662350741 0.583196662350741 0.682923320385556 0.724528844770537 1 0.978132642785211 0.978132642785211 1 1 1 1 1 1 0.93428283700187 0.956092648539778 1 -9999 -9999 -9999 0.978132642785211 1 1 1 1 1 1 1 1 1 1 0.978132642785211 0.978132642785211 0.956322831247303 0.934426701194073
0 0 0 0 0 0 0 0 0 0.0580060422960725 0.0194504387857862 0 0.0775140267587397 0 0.0967055099985614 0.0775140267587397 0.50562508991512 0.097137102575169 0.0194504387857862 -9999 -9999 -9999 -9999 0.781786793267156 0.825550280535175 0.803711696158826 0.803711696158826 0.781786793267156 0.781786793267156 0.781786793267156 0.642813983599482 0.583196662350741 0.583196662350741 0.563544813695871 0.563544813695871 0.583196662350741 0.583196662350741 0.583196662350741 0.583196662350741 0.682923320385556 1 1 0.956322831247303 0.978132642785211 1 1 1 1 1 0.956322831247303 1 -9999 -9999 -9999 -9999 -9999 1 1 1 1 1 1 1 1 1 1 0.956322831247303 0.956322831247303 0.934397928355632 1 0.934426701194073
0 0 0 0 0 0 0 0 0 0 0.0580060422960725 0 0 0 0 0.154538915263991 0.0967055099985614 0.0771399798590131 0 0.213264278521076 0.388951230038843 0.427794561933535 0.544180693425406 0.663271471730686 0.781786793267156 0.803625377643505 0.803625377643505 0.803711696158826 0.825550280535175 1 0.762077398935405 0.762077398935405 0.702690260394188 0.682923320385556 0.682923320385556 0.583196662350741 0.583196662350741 0.602877283844051 0.762077398935405 0.783915983311754 0.93428283700187 1 0.89046180405697 1 1 1 1 1 1 -9999 -9999 -9999 -9999 -9999 -9999 -9999 -9999 -9999 -9999 -9999 1 1 1 1 1 1 1 1 0.912588116817724 0.847388864911523 0.93428283700187
0 0 0 0 0 0 0 0 0 0 0 0 0 0 0 0 0.213034095813552 0.0967055099985614 0 0 0.330110775427996 0.388951230038843 0.427794561933535 0.563544813695871 0.583196662350741 0.583196662350741 0.781786793267156 0.781786793267156 0.977960005754568 1 1 0.93428283700187 0.868882175226586 0.977960005754568 0.764005179110919 0.762077398935405 0.742425550280535 0.781786793267156 1 0.978190188462092 0.978132642785211 0.956322831247303 0.956236512731981 1 1 1 1 1 -9999 -9999 -9999 -9999 -9999 -9999 -9999 -9999 -9999 -9999 -9999 1 1 1 1 1 1 1 1 1 1 0.93428283700187 0.869026039418789
0 0 0 0 0 0 0 0 0 0 0 0 0 0 0 0 0 0.0386994677024889 0 0 0.154538915263991 0.388951230038843 0.388951230038843 0.447273773557761 0.623104589267731 0.583196662350741 0.803625377643505 0.742310458926773 0.781786793267156 0.977960005754568 0.977960005754568 1 1 1 1 1 1 1 1 1 0.91238670694864 0.978132642785211 0.978190188462092 1 1 1 1 -9999 1 -9999 1 -9999 -9999 0.956322831247303 -9999 -9999 1 -9999 1 1 1 1 1 1 1 1 1 1 1 1 1
0 0 0 0 0 0 0 0 0 0 0 0 0 0 0 0 0 0 0 0 0.0194504387857862 0.330110775427996 0.388951230038843 0.388951230038843 0.583196662350741 0.583196662350741 0.602877283844051 0.702920443101712 0.781786793267156 1 1 1 1 0.978276506977413 1 0.956322831247303 0.91238670694864 1 1 0.91238670694864 0.934196518486549 1 1 1 1 1 1 1 1 1 -9999 1 1 1 1 0.934484246870954 0.97807509710833 1 1 1 1 1 1 1 1 1 1 1 1 1 0.913106027909653
0 0 0 0 0 0 0 0 0 0 0 0 0 0 0 0 0 0 0 0 0 0.116069630269026 0.388951230038843 0.388951230038843 0.60503524672709 0.583196662350741 0.602877283844051 0.602877283844051 0.682923320385556 1 0.977960005754568 1 1 1 1 1 1 0.956322831247303 0.89046180405697 0.934196518486549 1 0.978190188462092 1 1 1 1 1 1 1 1 1 1 1 1 1 1 1 1 1 1 1 1 1 1 1 1 1 1 1 1 0.890950942310459
0 0 0 0 0 0 0 0 0 0 0 0 0 0 0 0 0 0 0 0 0.0194504387857862 0.330110775427996 0.388951230038843 0.388951230038843 0.563544813695871 0.583196662350741 0.583196662350741 0.583196662350741 0.682923320385556 0.781786793267156 0.977960005754568 0.977960005754568 1 0.977960005754568 1 1 1 0.978132642785211 0.978132642785211 1 1 1 1 1 1 1 1 1 1 1 1 1 1 1 1 1 1 1 1 1 1 1 1 1 1 1 1 1 1 1 1
0 0 0 0 0 0 0 0 0 0 0 0 0 0 0 0 0 0 0 0 0.116069630269026 0.388951230038843 0.388951230038843 0.466494029636024 0.486088332614012 0.563544813695871 0.563544813695871 0.563544813695871 0.583196662350741 0.762077398935405 0.803625377643505 0.781786793267156 0.977960005754568 1 1 1 1 0.978132642785211 1 1 1 1 1 1 1 1 1 1 1 1 1 0.978247734138973 1 1 1 1 1 1 1 1 1 1 1 1 1 1 1 1 1 1 1
0 0 0 0 0 0 0 0 0 0 0 0 0 0 0 0 0 0.135232340670407 0.115868220399942 0.0580060422960725 0.213034095813552 0.388951230038843 0.407624802186736 0.60503524672709 0.544180693425406 0.563544813695871 0.563544813695871 0.563544813695871 0.583196662350741 0.583196662350741 0.744525967486693 0.803625377643505 0.781786793267156 1 1 1 1 1 1 1 1 1 1 1 1 1 1 1 1 1 1 1 1 1 1 1 1 1 1 1 1 1 1 1 1 1 1 1 1 1 1
0 0 0 0 0 0.0575456768810243 0 0 0 0 0 0 0 0 0 0 0.116069630269026 0.173960581211337 0.0194504387857862 0.0580060422960725 0.310574018126888 0.388951230038843 0.466494029636024 0.544180693425406 0.583196662350741 0.583196662350741 0.563544813695871 0.563544813695871 0.583196662350741 0.849028916702633 0.783829664796432 0.764264134656884 0.803539059128183 0.890778305279816 1 1 1 1 1 1 1 1 1 1 1 1 1 1 1 1 1 1 1 1 1 1 1 1 1 1 1 1 1 1 1 1 1 1 1 1 0.978132642785211
0 0 0 0 0 0.0575456768810243 0 0 0 0 0 0 0 0 0 0.0580060422960725 0.173960581211337 0.13537620486261 0.0580060422960725 0.232685944468422 0.330110775427996 0.388951230038843 0.563544813695871 0.505366134369155 0.544180693425406 0.544180693425406 0.583196662350741 0.583196662350741 0.563544813695871 0.783829664796432 0.803539059128183 0.682923320385556 0.825377643504532 0.890778305279816 0.890778305279816 1 1 1 0.978132642785211 1 0.978132642785211 1 1 1 1 1 1 1 1 1 1 1 1 1 1 1 1 1 1 1 1 1 1 1 1 1 1 1 1 1 1
0 0 0 0 0 0.115925766076823 0 0 0 0 0 0 0 0 0 0.252078837577327 0.173960581211337 0.154538915263991 0.0194504387857862 0.311120702057258 0.290605668249173 0.368954107322687 0.563544813695871 0.583196662350741 0.563544813695871 0.563544813695871 0.563544813695871 0.563544813695871 0.583196662350741 0.783829664796432 0.583196662350741 0.682923320385556 0.722572291756582 0.724672708962739 0.825348870666091 0.913077255071213 0.934599338224716 1 1 1 0.978132642785211 1 1 1 1 1 1 1 1 1 1 1 1 1 0.978190188462092 0.956265285570421 1 0.978190188462092 1 1 1 1 1 1 1 1 1 1 1 1 1
0 0 0 0 0 0 0 0 0 0 0 0 0 0 0 0.173960581211337 0.0771399798590131 0 0.096964465544526 0.563832542080276 0.563832542080276 0.583196662350741 0.563544813695871 0.583196662350741 0.583196662350741 0.583196662350741 0.583196662350741 0.583196662350741 0.603280103582218 0.622730542368005 0.602877283844051 0.602877283844051 0.662868651992519 0.803539059128183 0.825377643504532 1 1 1 0.978132642785211 1 1 1 1 1 1 1 1 1 1 1 1 1 1 1 1 1 1 0.956322831247303 0.956322831247303 0.956322831247303 1 1 1 1 1 1 1 1 1 1 1
0 0 0 0 0 0 0 0 0 0 0 0 0 0 0 0 0 0.0967055099985614 0 0.563832542080276 0.583196662350741 0.583196662350741 0.583196662350741 0.583196662350741 0.583196662350741 0.583196662350741 0.583196662350741 0.583196662350741 0.583196662350741 0.662868651992519 0.583196662350741 0.682923320385556 0.781786793267156 0.825377643504532 1 1 1 1 0.978132642785211 1 1 1 1 1 1 1 1 1 1 1 1 1 1 1 1 1 1 1 1 0.9123579341102 0.9123579341102 1 1 1 1 1 1 1 1 1 1
0 0 0 0 0 0 0 0 0 0 0 0 0 0 0 0 0 0 0.0776003452740613 0.544180693425406 0.644569126744353 0.583196662350741 0.583196662350741 0.583196662350741 0.583196662350741 0.702920443101712 0.702920443101712 0.622730542368005 0.602877283844051 0.622730542368005 0.622730542368005 0.803625377643505 0.803539059128183 0.978276506977413 1 1 0.956092648539778 0.956092648539778 0.978132642785211 1 1 1 1 1 1 1 1 1 1 1 1 1 1 1 1 1 1 0.978276506977413 0.978276506977413 0.890950942310459 0.978276506977413 0.97807509710833 1 1 1 1 1 1 1 1 1
0 0 0 0 0 0 0 -9999 0 0 0 0 0 0 0 0 0 0.115868220399942 0.135146022155086 0.544180693425406 0.583196662350741 0.485829377068048 0.583196662350741 0.583196662350741 0.583196662350741 0.644569126744353 0.724672708962739 0.686404833836858 0.662868651992519 0.662868651992519 0.722572291756582 0.847302546396202 0.869141130772551 1 1 0.978132642785211 0.9123579341102 1 1 1 1 1 1 1 1 1 1 1 1 1 1 1 1 1 1 1 0.978276506977413 0.978276506977413 0.803539059128183 0.825435189181413 0.912789526686808 1 1 0.978190188462092 1 1 1 1 1 1 1
0 0 0 0 0 0 0 0 0 0 0 0 0 0 0 0 0 0.193583657027766 0.329995684074234 0.349331031506258 0.407221982448569 0.504589267731262 0.583196662350741 0.583196662350741 0.602877283844051 0.686376060998417 0.78820313623939 0.825377643504532 0.825377643504532 0.803539059128183 0.781786793267156 0.913077255071213 0.868882175226586 1 1 1 1 1 1 1 1 1 1 1 1 1 1 1 1 1 1 1 1 1 0.978132642785211 0.847388864911523 0.781786793267156 0.742339231765214 0.622960725075529 0.742339231765214 0.783800891957992 0.781786793267156 1 0.978190188462092 1 1 1 1 1 1 1
0 0 0 0 0 0 0 0 0 0 0 0 0 0 0 0 0.0580060422960725 0.154538915263991 0.271097683786506 0.426614875557474 0.563544813695871 0.563544813695871 0.583196662350741 0.60503524672709 0.742310458926773 0.722687383110344 0.742339231765214 0.868910948065027 0.977960005754568 0.847302546396202 0.825435189181413 0.934915839447562 0.86908358509567 1 0.934397928355632 0.978190188462092 1 1 1 1 1 1 1 1 1 0.978276506977413 1 1 1 0.956236512731981 0.956322831247303 0.934426701194073 0.847101136527118 0.868853402388146 0.781786793267156 0.742339231765214 0.603280103582218 0.583628254927349 0.583196662350741 0.603280103582218 0.622960725075529 0.742339231765214 0.781786793267156 0.956322831247303 0.978132642785211 1 1 1 1 1 1
0 0 0 0 0 0 0 0 0 0 0 0 0 0 0 0 0.115868220399942 0.310286289742483 0.29046180405697 0.583196662350741 0.583196662350741 0.563544813695871 0.583196662350741 0.583196662350741 0.622730542368005 0.781786793267156 0.781786793267156 0.9123579341102 1 0.890605668249173 0.781786793267156 0.956668105308589 0.781786793267156 1 0.89046180405697 0.9123579341102 1 1 1 1 1 1 1 1 0.934541792547835 0.956236512731981 1 1 0.956466695439505 0.934397928355632 0.934426701194073 0.868709538195943 0.781786793267156 0.781786793267156 0.662868651992519 0.563544813695871 0.563544813695871 0.563544813695871 0.544065602071644 0.583196662350741 0.583196662350741 0.603280103582218 0.781786793267156 0.890634441087613 0.934397928355632 1 1 1 1 1 1
