data-raw/DATASET_PNE_1/DATASET_PNE/a_DATA/PFGS/ENVSUIT_A1B/HS_f15_C3_cushion.asc
NCOLS 619 
NROWS 782 
XLLCORNER 876826 
YLLCORNER 1947424 
CELLSIZE 100 
NODATA_value -9999 
[rows 224 to 251 of 782, columns 63 to 125 of 619]
1 1 1 1 1 1 1 1 1 1 1 0.988026767969131 1 1 0.988108932971954 0.872915476560593 0.669226974248886 0.909286946058273 1 1 1 1 1 0.342417657375336 0 0 0 0 0.0119937565177679 0 0.132198307663202 0.250451825559139 0.526554673910141 0.695740580558777 0.79370328783989 0.884929746389389 0.836852043867111 0.879836529493332 0.891830265522003 0.88180810213089 0.952271431684494 0.945144981145859 0.703010752797127 0.660457566380501 0.951614230871201 0.879836529493332 0.915674030780792 0.915674030780792 0.891830265522003 0.939846366643906 0.891932964324951 0.952107131481171 1 0.988026767969131 1 1 1 0.976012498140335 1 1 1 1 1
1 1 1 1 1 1 1 1 1 1 1 0.988108932971954 0.952312499284744 1 1 0.988252699375153 0.81302884221077 0.945370882749557 0.609258204698563 1 1 1 0.933048576116562 0.250451825559139 0 0 0 0 0.0119937565177679 0.120225086808205 0.204037629067898 0.199416738003492 0.29298447072506 0.698287189006805 0.79370328783989 0.897005647420883 0.825310111045837 0.988252699375153 1 0.891830265522003 0.891830265522003 0.82155179977417 0.708165600895882 0.687340840697289 0.963690131902695 0.884744942188263 0.891583830118179 0.903577595949173 0.927729398012161 0.927749931812286 0.891932964324951 0.940113365650177 1 0.988026767969131 1 1 0.952045500278473 0.928057998418808 0.891912430524826 0.879836529493332 0.879836529493332 0.879836529493332 0.903659731149673
1 1 1 1 1 1 1 1 1 1 0.988108932971954 0.975827664136887 0.930666238069534 1 1 1 1 0.978702872991562 0.717325240373611 1 1 0.99049124121666 0.314897730946541 0.0959500540047884 0 0 0 0 0 0.0842848941683769 0.250451825559139 0.364885404706001 0.581286445260048 0.79370328783989 0.947855919599533 0.860921710729599 0.788671642541885 1 0.988108932971954 0.869814336299896 0.762548267841339 0.772488296031952 0.76316437125206 0.981085181236267 0.939723163843155 0.927647262811661 0.903557062149048 0.879836529493332 0.903557062149048 0.891912430524826 0.903680264949799 0.891932964324951 1 1 1 1 0.988026767969131 0.891912430524826 0.915756195783615 0.904008865356445 0.891912430524826 0.879836529493332 0.879836529493332
1 1 1 1 1 1 1 1 1 1 0.988026767969131 0.930666238069534 0.915571331977844 0.891830265522003 1 1 0.987924098968506 0.966709107160568 0.969194114208221 1 1 0.894746571779251 0.189928531646729 0 0 0.0243571847677231 0 0 0 0.192351922392845 0.194919084198773 0.673991620540619 0.773905366659164 0.865727424621582 0.887496918439865 0.804649651050568 0.776760041713715 1 0.988108932971954 0.762548267841339 0.774624168872833 0.75285467505455 0.724102526903152 0.981085181236267 0.939723163843155 0.927647262811661 0.903680264949799 0.879836529493332 0.927729398012161 0.891583830118179 0.879836529493332 0.879836529493332 0.988026767969131 1 1 1 0.90390619635582 0.939805299043655 0.903557062149048 0.903926730155945 0.879836529493332 0.903926730155945 0.879836529493332
1 1 1 1 1 1 1 1 1 1 1 0.879836529493332 0.782346189022064 0.940195500850677 1 0.95237410068512 1 1 1 0.987883031368256 0.902242690324783 0.462375745177269 0.0101248668506742 0 0.0243571847677231 0.0243571847677231 0 0 0.0837303847074509 0.238478600978851 0.236753467470407 0.71085599064827 0.734227389097214 0.851412981748581 0.831512361764908 0.661710351705551 0.728559106588364 0.879836529493332 0.879836529493332 0.753039509057999 0.724102526903152 0.762548267841339 0.75285467505455 1 0.939723163843155 0.964080333709717 0.915674030780792 0.891583830118179 0.903680264949799 0.915632963180542 0.879836529493332 0.8921177983284 0.988026767969131 1 1 0.964018732309341 0.975642830133438 0.988108932971954 0.915674030780792 0.891583830118179 0.891583830118179 0.903700798749924 0.951901763677597
1 1 1 1 1 0.987924098968506 0.988108932971954 0.988108932971954 1 0.964224100112915 0.928283900022507 1 0.792142450809479 1 1 1 1 0.918549239635468 0.884847611188889 0.949416756629944 0.80329418182373 0.342417657375336 0 0 0.0364741645753384 0.0243571847677231 0.0122812781482935 0 0.204242996871471 0.238478600978851 0.227717075496912 0.65493306517601 0.634477943181992 0.8635094165802 0.894294738769531 0.69925245642662 0.65497413277626 0.874989718198776 0.879836529493332 0.73379610478878 0.707467332482338 0.94537091255188 0.762548267841339 1 1 0.939723163843155 0.939723163843155 0.903680264949799 0.927729398012161 0.903557062149048 0.879836529493332 0.879836529493332 0.952004432678223 0.940113365650177 0.964080333709717 0.964080333709717 1 0.988108932971954 0.988108932971954 0.891583830118179 0.915653496980667 1 0.976012498140335
1 1 1 1 1 1 1 1 1 1 1 1 0.964059799909592 0.975991934537888 0.987718731164932 0.987718731164932 0.952004432678223 0.841514021158218 0.891809731721878 0.894397437572479 0.288692183792591 0.0221186233684421 0 0 0 0.0364741645753384 0.0364741645753384 0 0.0960322022438049 0.278957530856133 0.44335825741291 0.683685213327408 0.634580612182617 0.724657028913498 0.80226731300354 0.775630474090576 0.777252942323685 0.909040510654449 0.879836529493332 0.639160439372063 0.667337566614151 0.981085181236267 0.78240779042244 0.927770465612411 1 0.964080333709717 0.964080333709717 0.915653496980667 0.903680264949799 0.939846366643906 0.975827664136887 0.976197332143784 0.940113365650177 0.927729398012161 0.915982097387314 0.927729398012161 1 1 0.988108932971954 0.988108932971954 0.963916033506393 1 0.988108932971954
1 1 1 1 1 1 1 1 0.988108932971954 1 0.916187465190887 0.928283900022507 0.988252699375153 0.86716502904892 0.738581299781799 0.655282199382782 0.703832268714905 0.724533796310425 0.734432756900787 0.351187065243721 0.342417657375336 0.0101248668506742 0 0 0 0.0241928864270449 0.012075905688107 0 0.0358375087380409 0.306066706776619 0.413065806031227 0.742524445056915 0.715025067329407 0.597449272871017 0.78240779042244 0.836934208869934 0.729401141405106 0.882280468940735 0.831348061561584 0.6575618237257 0.648628100752831 0.820874065160751 0.851043283939362 0.939682096242905 0.964080333709717 1 1 0.964080333709717 0.891583830118179 0.90390619635582 1 0.988108932971954 0.963916033506393 0.976197332143784 0.915653496980667 0.927729398012161 1 1 0.988108932971954 0.964100867509842 1 0.951819598674774 1
1 1 1 1 1 0.940298199653625 1 1 1 0.988026767969131 1 0.963916033506393 1 0.976135700941086 0.807750761508942 0.916084796190262 0.988108932971954 1 1 1 1 0.69925245642662 0.0101248668506742 0 0 0.0243571847677231 0.0364741645753384 0.0122812781482935 0 0.342417657375336 0.315513834357262 0.680912673473358 0.793826520442963 0.744167417287827 0.792409420013428 0.80226731300354 0.849030643701553 0.903844565153122 0.784502595663071 0.73379610478878 0.648628100752831 0.794360458850861 0.762548267841339 0.891912430524826 0.879836529493332 0.903824031352997 0.939723163843155 1 0.915653496980667 0.915653496980667 1 0.988108932971954 0.96371066570282 0.951799064874649 0.927729398012161 1 0.891809731721878 1 1 0.939949065446854 1 0.879836529493332 0.988108932971954
1 1 1 1 1 0.916290163993835 1 1 1 1 1 1 1 0.951963365077972 0.916207998991013 0.928119599819183 0.975807100534439 0.975642830133438 0.79370328783989 0.77441880106926 1 1 0.811077803373337 0.0242750346660614 0.0243571847677231 0.0122812781482935 0.0122812781482935 0.0122812781482935 0 0.214511625468731 0.28218188136816 0.382917121052742 0.803479015827179 0.773905366659164 0.80226731300354 0.772857964038849 0.894253671169281 0.880185633897781 0.916207998991013 0.705331459641457 0.629857048392296 0.575474396348 0.743345931172371 0.762548267841339 0.879836529493332 0.879836529493332 0.927770465612411 0.964080333709717 0.964080333709717 0.939723163843155 0.963916033506393 0.903557062149048 0.879836529493332 0.891583830118179 0.879836529493332 1 1 1 1 0.93970263004303 0.904193699359894 0.81128317117691 0.860059142112732
1 1 1 1 1 0.916084766387939 1 1 1 1 0.891830265522003 0.988252699375153 0.988088399171829 1 0.952004432678223 1 0.930686771869659 0.963936567306519 0.959829151630402 0.958966583013535 1 0.95196333527565 0.62944632768631 0.1665776707232 0 0 0.0122812781482935 0.0122812781482935 0 0.0582025796175003 0.202045507729053 0.37149840593338 0.774624168872833 0.734905123710632 0.80226731300354 0.724739193916321 0.84882527589798 0.832005262374878 0.859956473112106 0.753717243671417 0.653700813651085 0.452764317393303 0.49977408349514 0.73379610478878 0.791895985603333 0.879836529493332 0.879836529493332 0.939723163843155 0.951799064874649 0.951799064874649 0.964080333709717 0.927647262811661 0.879836529493332 0.915653496980667 1 1 1 1 0.939805299043655 0.987883031368256 0.904193699359894 0.762548267841339 0.762548267841339
1 1 1 1 1 1 1 0.976012498140335 1 1 0.927934765815735 0.762548267841339 0.762548267841339 0.891830265522003 0.762897402048111 0.916125863790512 0.945473581552505 0.964100867509842 1 1 1 0.8635094165802 0.436806857585907 0.177852623164654 0.0122812781482935 0.0122812781482935 0 0.0122812781482935 0 0.0120964432135224 0.0822927802801132 0.332292787730694 0.410354882478714 0.74490675330162 0.695555746555328 0.792409420013428 0.882177770137787 0.868068665266037 0.849174410104752 0.594450831413269 0.715764403343201 0.47196663916111 0.481660231947899 0.762548267841339 0.782264024019241 0.869814336299896 0.891830265522003 0.891830265522003 0.891912430524826 0.987883031368256 1 0.915653496980667 0.879836529493332 0.964080333709717 1 1 1 0.951983898878098 0.903885662555695 0.975909799337387 0.879836529493332 0.762548267841339 0.762548267841339
1 1 1 1 1 1 1 1 1 1 0.964388400316238 0.762548267841339 0.762548267841339 0.963916033506393 1 1 0.952312499284744 0.940298199653625 0.822167903184891 1 0.987924098968506 0.951922297477722 0.543436288833618 0.130678549408913 0.0242134239524603 0.0122812781482935 0.0242750346660614 0.0361455678939819 0 0 0 0.226402692496777 0.434321865439415 0.793970257043839 0.6959048807621 0.80226731300354 0.891932964324951 0.891932964324951 0.836010009050369 0.546003445982933 0.509488210082054 0.415160596370697 0.705701127648354 0.753039509057999 0.816027283668518 0.869814336299896 0.869814336299896 0.879836529493332 0.90390619635582 0.879836529493332 0.975991934537888 0.927729398012161 0.903680264949799 0.964080333709717 1 0.964018732309341 0.916187465190887 0.879836529493332 0.879836529493332 0.879836529493332 0.879836529493332 0.762548267841339 0.820812463760376
1 1 1 1 1 1 1 1 1 1 0.976135700941086 0.928283900022507 0.772406131029129 0.772406131029129 0.73379610478878 0.829910457134247 0.803643316030502 0.589809417724609 0.68594428896904 0.987924098968506 0.951983898878098 1 0.752834141254425 0.165858864784241 0 0.0242339596152306 0.0122812781482935 0.024254497140646 0 0 0 0.0825802981853485 0.351556733250618 0.788938641548157 0.803479015827179 0.714963465929031 0.90390619635582 0.951840132474899 0.807730227708817 0.781791657209396 0.415160596370697 0.357348226010799 0.779368281364441 0.781709522008896 0.856567800045013 0.893904536962509 0.869814336299896 0.879836529493332 0.879836529493332 0.879836529493332 0.90390619635582 0.964080333709717 0.891583830118179 0.891830265522003 0.928099066019058 0.879836529493332 0.879836529493332 0.869937568902969 0.891912430524826 0.891912430524826 0.879836529493332 0.791320949792862 0.762548267841339
1 1 1 1 1 1 1 1 1 1 0.988026767969131 1 0.762548267841339 0.720036134123802 0.829787224531174 0.806066691875458 0.87336727976799 0.719769179821014 0.894500106573105 0.923560351133347 0.942434072494507 0.987718731164932 0.407233223319054 0.677400827407837 0.360880643129349 0.0221186233684421 0.0361455678939819 0.0122812781482935 0 0 0 0.0342150656506419 0.303232572972775 0.739957273006439 0.844265997409821 0.773905366659164 0.870286703109741 0.90390619635582 0.891727596521378 0.846052765846252 0.473055109381676 0.120204554870725 0.875441551208496 0.743099480867386 0.859340339899063 0.810995638370514 0.816027283668518 0.869814336299896 0.879836529493332 0.879836529493332 0.891830265522003 0.879836529493332 0.882034003734589 0.879836529493332 0.952271431684494 0.869937568902969 0.801014542579651 0.830690860748291 0.869937568902969 0.869937568902969 0.869937568902969 0.810872435569763 0.753039509057999
1 1 1 1 1 1 1 1 1 1 1 0.951922297477722 0.969009280204773 0.772406131029129 0.862626314163208 0.94263944029808 0.940195530653 0.884929746389389 0.939907997846603 0.882403671741486 0.930358171463013 0.963895499706268 0.644109904766083 0.902016758918762 0.980797678232193 0.674977421760559 0.360880643129349 0.141686517745256 0 0 0 0.0240901987999678 0.199909634888172 0.388647004961967 0.815575450658798 0.841719388961792 0.851412981748581 0.88238313794136 0.792635351419449 0.753409177064896 0.746426522731781 0.270927466452122 0.776760041713715 0.689764231443405 0.826480746269226 0.859340339899063 0.864022850990295 0.869814336299896 0.849913746118546 0.850365549325943 0.891830265522003 0.879836529493332 0.831491827964783 0.879836529493332 0.879836529493332 0.830690860748291 0.791320949792862 0.859915375709534 0.891830265522003 0.891830265522003 0.859915375709534 0.810872435569763 0.743551284074783
1 1 1 1 1 1 1 1 1 -9999 -9999 -9999 0.801260977983475 1 1 1 1 0.928242832422256 0.92791423201561 0.882403671741486 0.939907997846603 0.7839275598526 0.706625312566757 0.778916448354721 0.842027455568314 0.882629603147507 0.980797678232193 0.980797678232193 0.25981680303812 0.0483036227524281 0 0 0.226443767547607 0.351556733250618 0.863180816173553 0.88238313794136 0.870286703109741 0.812145739793777 0.398155733942986 0.827404916286469 0.839295983314514 0.811899304389954 0.792635351419449 0.346607230603695 0.731578081846237 0.825248509645462 0.867329329252243 0.850899517536163 0.869814336299896 0.859915375709534 0.891912430524826 0.879836529493332 0.872997611761093 0.879836529493332 0.879836529493332 0.859915375709534 0.801014542579651 0.837755680084229 0.916207998991013 0.869937568902969 0.869937568902969 0.903926730155945 0.791649550199509
1 1 1 1 1 1 1 1 1 1 1 1 0.940359801054001 1 1 1 1 0.891932964324951 0.903844565153122 0.812618106603622 0.92791423201561 0.370348319411278 0.696069180965424 0.822619736194611 0.887271016836166 0.839460283517838 0.971247851848602 1 0.980797678232193 0.913805156946182 0.106382977217436 0 0 0.47196663916111 0.90390619635582 0.90390619635582 0.851412981748581 0.267908491194248 0.558859780430794 0.870286703109741 0.90390619635582 0.851412981748581 0.744126319885254 0.422471851110458 0.550090372562408 0.590630918741226 0.817814022302628 0.864043384790421 0.88180810213089 0.879836529493332 0.859915375709534 0.791895985603333 0.96416249871254 0.940195500850677 0.879836529493332 0.869814336299896 0.894212603569031 0.653926715254784 0.699745357036591 0.76928448677063 0.807812362909317 0.782099723815918 0.975971400737762
1 1 1 1 1 1 1 1 1 1 1 1 0.940174967050552 1 0.988252699375153 1 1 1 0.903844565153122 0.851412981748581 0.851412981748581 0.812618106603622 0.803068280220032 0.832169562578201 0.928016930818558 0.863201349973679 0.887271016836166 0.99049124121666 0.951922297477722 1 1 0.0361044928431511 0 0.868356198072433 0.951840132474899 0.90390619635582 0.656678721308708 0.213382072746754 0.675881057977676 0.851412981748581 0.879836529493332 0.851412981748581 0.62659165263176 0.473383724689484 0.616898059844971 0.431919015944004 0.794093489646912 0.916207998991013 0.916207998991013 0.869814336299896 0.762548267841339 0.879836529493332 0.988088399171829 1 1 0.867329329252243 0.81021523475647 0.754949480295181 0.634744942188263 0.855807930231094 0.677647262811661 0.916207998991013 0.904111564159393
0.879836529493332 1 1 1 1 1 1 1 1 1 0.987903565168381 0.879836529493332 0.988108932971954 1 1 1 1 0.899264752864838 0.860716342926025 0.87283331155777 0.884806543588638 0.822270601987839 0.773617833852768 0.754477143287659 0.51182946562767 0.570894598960876 0.793580055236816 0.729277908802032 0.417768836021423 0.360880643129349 1 0.250451825559139 0 0.878193557262421 0.97603303194046 0.863180816173553 0.276451990008354 0.593998998403549 0.622011810541153 0.793580055236816 0.870286703109741 0.793333619832993 0.705434173345566 0.34266410022974 0.831697195768356 0.513677820563316 0.825474411249161 0.807586461305618 0.903926730155945 0.867329329252243 0.724615946412086 0.904111564159393 0.940195500850677 0.903926730155945 0.819723963737488 0.819744527339935 0.789000242948532 0.916125863790512 0.770804226398468 0.164647169411182 0.705043941736221 0.753039509057999 0.810872435569763
0.879836529493332 1 1 1 1 1 1 1 1 1 1 1 0.975786566734314 1 0.92791423201561 0.772406131029129 0.849030643701553 0.833504468202591 0.981085181236267 0.921280711889267 0.546619564294815 0.154316931962967 0.161874635145068 0.161874635145068 0.070750841870904 0.291875466704369 0.534543663263321 0.25981680303812 0.923642486333847 0.961698025465012 0.980797678232193 0.0601741559803486 0 0.858662635087967 0.988108932971954 0.803479015827179 0.303417399525642 0.803479015827179 0.803479015827179 0.650230020284653 0.853815823793411 0.7839275598526 0.822619736194611 0.324262715876102 0.646307408809662 0.84369096159935 0.782613158226013 0.812741309404373 0.891830265522003 0.573276922106743 0.726977735757828 0.921116411685944 0.795674860477448 0.813193142414093 0.891727596521378 0.855828464031219 0.805142521858215 0.904193699359894 0.860921710729599 0.265546701848507 0.346463486552238 0.375277243554592 0.78195595741272
1 1 1 1 1 1 1 1 1 1 1 0.988108932971954 0.909307479858398 0.928222298622131 0.915941029787064 0.915982097387314 0.916002631187439 1 1 0.916331231594086 0.855356127023697 0.308264195919037 0.258892633020878 0.0240696631371975 0.152057828381658 0.705577909946442 0.36096279323101 0.360880643129349 1 0.961698025465012 0.324077874422073 0 0 0.360880643129349 0.988108932971954 0.471884503960609 0.471884503960609 0.880452662706375 0.82109996676445 0.453051835298538 0.844265997409821 0.821983098983765 0.416741952300072 0.0580998919904232 0.841719388961792 0.952148199081421 0.879836529493332 0.861168146133423 0.21393658220768 0.230202078819275 0.805881857872009 0.571880400180817 0.891932964324951 0.863406717777252 0.860921710729599 0.851412981748581 0.607040196657181 0.873202979564667 0.269982755184174 0.674689888954163 0.20496179908514 0.602521985769272 0.859915375709534
1 1 1 1 1 1 1 1 1 1 1 -9999 0.870286703109741 0.92795529961586 0.952107131481171 1 1 1 1 1 0.904214233160019 0.834243834018707 0.302801288664341 0.0482625495642424 0.161073686555028 0.79370328783989 0.39877188205719 0.827938884496689 0.971247851848602 0.400086253881454 0.250451825559139 0 0 0.154255323112011 0.988108932971954 0.788096606731415 0.856259763240814 0.807216793298721 0.153782963752747 0.166433913633227 0.161422815173864 0.311981439590454 0.841719388961792 0.860921710729599 0.891932964324951 0.904214233160019 0.836913675069809 0.0101248668506742 0.362995982170105 0.814445912837982 0.787234038114548 0.310358993709087 0.903844565153122 0.904214233160019 0.812145739793777 0.841719388961792 0.860921710729599 0.792573720216751 0.269982755184174 0.867945462465286 0.585414439439774 0.76468414068222 0.630124032497406
1 1 1 1 1 1 1 1 1 0.964018732309341 1 0.987903565168381 0.988088399171829 0.976197332143784 1 1 0.952291965484619 0.891727596521378 1 1 0.915756195783615 0.891932964324951 0.357717901468277 0.118541032075882 0.163825679570436 0.705577909946442 0.408547610044479 0.889920324087143 0.785816967487335 0.305019311606884 0.250451825559139 0.25981680303812 0.250451825559139 0 0.906124234199524 0.868499964475632 0.795140892267227 0.141481146216393 0.389201521873474 0.865809589624405 0.877782791852951 0.891932964324951 0.891932964324951 0.916331231594086 0.940154433250427 0.891932964324951 0.15193460509181 0.279409348964691 0.757722020149231 0.781873822212219 0.780888050794601 0.531771138310432 0.873202979564667 0.928078532218933 0.915961563587189 0.952148199081421 0.906658172607422 0.851412981748581 0.298242010176182 0.975827664136887 0.774398267269135 0.459890738129616 0.559291064739227
1 1 1 1 1 1 1 1 1 0.879836529493332 1 1 0.987903565168381 1 0.879836529493332 0.963874965906143 1 0.801918178796768 1 1 0.915756195783615 0.891932964324951 0.578842520713806 0.258543506264687 0.197075493633747 0.333504483103752 0.370574221014977 0.769305020570755 0.889920324087143 0.29583915323019 0.429680436849594 0.760042697191238 0.277869053184986 0 0.178633041679859 0.351762101054192 0.250451825559139 0.238560751080513 0.890166759490967 0.875154048204422 0.584880501031876 0.417358070611954 0.841719388961792 0.904214233160019 0.964121431112289 0.6845683157444 0.367041811347008 0.851412981748581 0.792573720216751 0.733939856290817 0.792573720216751 0.63614147901535 0.860921710729599 0.940051764249802 0.988108932971954 0.281894359737635 0.231762915849686 0.551178857684135 0.927770465612411 0.927770465612411 0.159328024834394 0.836893141269684 0.783763259649277
1 1 1 1 1 1 1 1 1 0.879836529493332 0.879836529493332 0.951737463474274 0.903557062149048 0.927708864212036 0.987883031368256 0.964224100112915 0.988252699375153 0.988252699375153 1 1 0.891932964324951 0.903844565153122 0.646389544010162 0.36096279323101 0.306374773383141 0.351556733250618 0.351556733250618 0.880781233310699 0.589501351118088 0.619937568902969 0.418487638235092 0.942372471094131 0.641830295324326 0.250451825559139 0 0.0481803975999355 0 0.342438191175461 0.918405503034592 0.898833483457565 0.853815823793411 0.866097092628479 0.646307408809662 0.879836529493332 0.940154433250427 0.36042882502079 0.904214233160019 0.891932964324951 0.860921710729599 0.705577909946442 0.715148270130157 0.436909541487694 0.916207998991013 0.891932964324951 0.988108932971954 0.594841033220291 0.921486079692841 0.860921710729599 0.851412981748581 0.121724303811789 0.860921710729599 0.891953498125076 0.87047153711319
1 1 1 1 1 1 0.891912430524826 1 1 1 1 1 1 0.975909799337387 0.951901763677597 0.879836529493332 1 1 1 1 0.884909212589264 0.916331231594086 0.832169562578201 0.370656371116638 0.245050519704819 0.327815659344196 0.351556733250618 0.405590251088142 0.351556733250618 0.560009837150574 0.629076659679413 0.971247851848602 0.848127007484436 0.734925657510757 0.250451825559139 0 0 0.165797255933285 0.83570197224617 0.928181231021881 0.884847611188889 0.8635094165802 0.87291544675827 0.870286703109741 0.915756195783615 0.879836529493332 0.891583830118179 0.904214233160019 0.853713124990463 0.559434816241264 0.868089228868484 0.361414611339569 0.865994423627853 0.841719388961792 0.940400898456573 0.875688016414642 0.894561737775803 0.416906267404556 0.549987688660622 0.812022507190704 0.903700798749924 0.942659974098206 0.860921710729599
1 1 1 1 1 0.939990133047104 0.879836529493332 1 1 0.940072298049927 0.964121431112289 1 1 0.987883031368256 0.952250897884369 0.952127665281296 0.904111564159393 1 1 0.96420356631279 0.988108932971954 0.724739164113998 0.286392018198967 0.406083136796951 0.320668697357178 0.380082979798317 0.697917520999908 0.825248509645462 0.837139576673508 0.396451160311699 0.6930912733078 0.96188285946846 0.952148199081421 0.810338467359543 0.980797678232193 0.250451825559139 0 0.108354558236897 0.342438191175461 0.83570197224617 0.827445983886719 0.853815823793411 0.870286703109741 0.848948508501053 0.695658415555954 0.879836529493332 0.88519674539566 0.865994423627853 0.858662635087967 0.439805313944817 0.928879499435425 0.457487881183624 0.854021191596985 0.853815823793411 0.866097092628479 0.891932964324951 0.880165129899979 0.315329015254974 0.851412981748581 0.860921710729599 0.897313714027405 0.47549906373024 0.6845683157444
