data-raw/DATASET_PNE_1/DATASET_PNE/a_DATA/PFGS/ENVSUIT_A1B/HS_f30_H4_undergrowth.asc
NCOLS 619 
NROWS 782 
XLLCORNER 876826 
YLLCORNER 1947424 
CELLSIZE 100 
NODATA_value -9999 
[rows 234 to 259 of 782, columns 177 to 235 of 619]
0.859427463740524 0.799993076949704 0.508498044238291 0.533974869327426 0.552632489875039 0.552632489875039 0.552632489875039 0.552632489875039 0.515282633528333 0.552632489875039 0.533974869327426 0.504032676797397 0.799993076949704 0.799993076949704 0.799993076949704 0.950742497144242 0.82695835785247 0.955519401848454 0.73432794489252 0.696562705528056 0.664647443663678 0.935650247499048 0.979888538890235 1 0.773547024819135 0.827166049361349 0.831666032053723 0.69410502267299 0.827166049361349 0.69410502267299 0.712762643220603 0.975630862958219 0.840077538163315 0.708262660528229 0.708401121534148 0.529509501886531 0.578905465748209 0.627539894077331 0.577555470940497 0.477863546678667 0.422375298556544 0.496832704489598 0.552632489875039 0.552632489875039 0.750320191076188 0.975319325694901 0.925819516078784 1 1 1 1 1 0.937692547336356 0.962061684378137 1 1 0.95112326491052 0.93184256983627 0.975319325694901
0.859427463740524 0.840077538163315 0.464778981619301 0.478486621205303 0.552632489875039 0.577347779431618 0.533974869327426 0.478244314444944 0.422375298556544 0.313129564886289 0.552632489875039 0.676001246149053 0.651632109107273 0.799993076949704 0.950742497144242 0.900827304510367 0.926131053342103 0.697774239329849 0.733981792377722 0.403544601751532 0.658935927169511 0.839489078888158 0.677801239226003 0.386063899754232 0.673716639551386 1 0.802173837792932 0.637993700024231 0.201183841600609 0.347433279102773 0.69410502267299 0.799993076949704 0.775139326387206 0.781681608916889 0.65204749212503 0.552632489875039 0.387102357298626 0.35657170549344 0.54013638409083 0.328360275537402 0.347364048599813 0.45979438540621 0.552632489875039 0.601855377479317 0.750320191076188 1 0.950327114126484 0.876354321714147 0.9754924019523 1 1 1 0.962061684378137 0.962061684378137 1 1 0.926200283845062 0.937381010073038 0.937381010073038
0.939215618401468 0.750112499567309 0.24995673093565 0.31115649555194 0.484509674962789 0.539997923084911 0.478244314444944 0.422375298556544 0.164837827546817 0.109695731939493 0.460625151441725 0.750320191076188 0.775000865381287 0.799993076949704 0.950742497144242 0.9754924019523 0.851812108414968 0.677282010453806 0.71501263456679 0.49655578247776 0.851846723666448 0.959604001523071 0.583647755200942 0.975630862958219 0.975146249437502 0.799993076949704 0.775312402644605 1 0.827166049361349 1 0.815708401121534 0.799993076949704 0.775139326387206 0.68887811969954 0.49825192980027 0.331717954930943 0.362802450759805 0.301394994634636 0.465678978157776 0.182180068538198 0.484648135968708 0.422375298556544 0.552632489875039 0.626570667035896 0.750320191076188 1 0.950327114126484 0.876354321714147 0.9754924019523 1 1 1 0.962061684378137 1 1 0.912492644259061 0.95635016788397 0.78853542870989 0.777458548236353
0.879573540101769 0.533421025303749 0.20627228356814 0.293848869812039 0.440825227595279 0.478244314444944 0.440825227595279 0.422375298556544 0.311294956557859 0.201149226349129 0.36886011976877 0.552632489875039 0.700578074699713 0.799993076949704 0.840077538163315 0.975111634186022 0.9754924019523 0.737547163280141 0.535151787877739 0.658935927169511 0.571809339194849 0.458894388867735 0.716051092111184 0.925750285575825 0.840077538163315 0.840077538163315 0.781681608916889 0.781681608916889 0.790404652289799 0.815396863858216 0.799993076949704 0.640347537124857 0.799993076949704 0.713628024507598 0.424071445879054 0.331717954930943 0.338052545951746 0.332029492194261 0.133511024957596 0.298071930492575 0.509328810273807 0.496832704489598 0.515282633528333 0.676001246149053 0.775312402644605 1 0.975007788431583 0.950811727647201 0.926269514348022 1 1 1 0.801827685278134 1 1 0.912977257779778 0.937381010073038 0.937381010073038 0.731351033265257
0.78154314791097 0.595278479698155 0.447090588113123 0.184430059884385 0.422375298556544 0.422375298556544 0.422375298556544 0.422375298556544 0.422375298556544 0.350167883969677 0.552632489875039 0.552632489875039 0.651147495586555 0.700751150957112 0.750320191076188 1 0.926269514348022 0.901484994288483 0.652601336148707 0.614974557790162 0.523209526117207 0.458894388867735 0.49655578247776 1 0.840077538163315 0.775139326387206 0.58565543978677 0.799993076949704 0.657689778116238 0.799993076949704 0.799993076949704 0.799993076949704 0.597182318529544 0.713628024507598 0.515282633528333 0.54013638409083 0.301256533628717 0.325971823185295 0.207033819100696 0.490359652462875 0.440825227595279 0.478486621205303 0.552632489875039 0.700889611963031 0.750320191076188 0.975319325694901 0.934923327217972 1 0.926269514348022 1 0.901554224791443 0.975630862958219 0.925854131330264 0.826750666343591 1 0.975630862958219 0.918931081034304 0.975319325694901 0.756031707570356
0.840077538163315 0.601855377479317 0.533974869327426 0.14168022430683 0.274672020492229 0.403371525494133 0.422375298556544 0.422375298556544 0.422375298556544 0.45979438540621 0.45979438540621 0.478486621205303 0.366990896188861 0.250579805462287 0.45283671985877 0.721935684862751 1 0.950604036138323 0.36886011976877 0.36886011976877 0.256879781231611 -9999 -9999 -9999 0.840077538163315 0.750320191076188 0.799993076949704 0.763370140884074 0.713628024507598 0.65204749212503 0.731939492540413 0.775104711135726 0.547336356398629 0.510644189830039 0.504621136072554 0.332029492194261 0.201391533109488 0.0362075530478729 0.421856069784347 0.403406140745613 0.236733704870366 0.465678978157776 0.552632489875039 0.750250960573229 0.799993076949704 1 0.959604001523071 1 0.95112326491052 1 0.975630862958219 1 1 0.926234899096542 0.950777112395721 1 0.918931081034304 0.759008619197619 0.688220429921423
0.725431825262211 0.552632489875039 0.441759839385233 0.0243691370417806 0 0.385060057461317 0.422375298556544 0.422375298556544 0.422375298556544 0.422375298556544 0 0 0.115026480667382 0.366990896188861 0.545951746339437 0.694520405690747 0.82162760912458 1 0.533974869327426 0.36886011976877 0.0190037730624113 -9999 -9999 -9999 0.925888746581744 0.750320191076188 0.750320191076188 0.615216864550521 0.664993596178476 0.387517740316383 0.521963377063934 0.750250960573229 0.756793243102911 0.385094672712797 0.515282633528333 0.428917581086227 0.201149226349129 0 0.274672020492229 0 0.336044861365918 0.515282633528333 0.515282633528333 0.626397590778497 0.799993076949704 0.840077538163315 0.879573540101769 1 1 0.9754924019523 1 1 1 0.950915573401641 1 0.900723458755928 0.901450379037004 0.721658762850912 0.650870573574717
0.570424729135657 0.301464225137596 0.275260479767385 0.0243691370417806 0 0.366644743674063 0.0569420886842743 0.0569420886842743 0.0569420886842743 0.0569420886842743 0.238395236941396 0.182387760047077 0.127211049188272 0.267679739693309 0.583163141680224 0.750320191076188 0.799993076949704 1 0.73598947696355 0.558967080895843 0.182422375298557 -9999 -9999 -9999 1 0.750320191076188 0.644951365571671 0.577486240437537 0.46149053272872 0.387517740316383 0.442486759666309 0.63283602755374 0.62072068953581 0.45979438540621 0.521686455052096 0.403406140745613 0 0 0.274672020492229 0 0.29897192703105 0.496832704489598 0.515282633528333 0.577347779431618 0.750320191076188 0.815396863858216 0.975146249437502 0.934923327217972 0.900723458755928 0.926269514348022 1 1 0.926027207587663 1 0.975630862958219 0.975077018934543 0.975319325694901 0.721658762850912 0.483263525909516
0.478486621205303 0.5455017480702 0.220118384160061 0 0.0189691578109315 0.256533628716813 0.183703139603309 0.128353352487106 0.037938315621863 0.0189691578109315 0.0189691578109315 0.0189691578109315 0 0.313129564886289 -9999 0.651285956592475 0.799993076949704 0.840077538163315 1 0.558967080895843 0.0371421648378275 0.0190037730624113 0.0190037730624113 -9999 1 0.750320191076188 0.601855377479317 0.466198206929973 0.36886011976877 0.239122157222472 0.350167883969677 0.497248087507356 0.496832704489598 0.539790231576032 0.503340371767801 0.385094672712797 0 0 0.073245872131261 0.0181383917754162 0.0613036103707293 0.440825227595279 0.552632489875039 0.552632489875039 0.725639516771089 0.775312402644605 1 1 0.950396344629444 0.950569420886843 1 1 0.827442971373187 0.950915573401641 1 1 1 0.721658762850912 0.508117276472014
0.422375298556544 0.452698258852851 0.274672020492229 0.0371075495863477 0.238395236941396 0.0741458686697359 0.037938315621863 0 0.0189691578109315 0.0189691578109315 0.0189691578109315 0 0 -9999 0.45979438540621 0.644951365571671 0.799993076949704 0.840077538163315 1 0.533974869327426 0.0190037730624113 0.0371421648378275 0.385752362490913 0.658382083145834 1 0.750320191076188 0.546055592093877 0.466198206929973 0.258091315033404 0.239122157222472 0.313371871646648 0.467202049222888 0.422375298556544 0.54013638409083 0.496936550244038 0.385094672712797 0 0.0189691578109315 0.0189691578109315 0.0181383917754162 0.219426079130465 0.558724774135484 0.552632489875039 0.552632489875039 0.651493648101354 0.750320191076188 0.815396863858216 0.975319325694901 0.975077018934543 0.975077018934543 1 1 1 0.975630862958219 1 1 1 0.759008619197619 0.656582090068884
0.230987573124719 0.329433348333276 0.366298591159265 0.422375298556544 0.109626501436533 0 0 0.0189691578109315 0.0189691578109315 -9999 0.037938315621863 0.0189691578109315 0 0.201149226349129 0.31115649555194 0.607913046488283 0.750320191076188 0.840077538163315 1 0.600851535186403 0.0190037730624113 0.537297933469487 0.698397313856485 0.657932084876597 0.840077538163315 0.750320191076188 0.466198206929973 0.478486621205303 0.239122157222472 0.220118384160061 0.276541244072138 0.294679635847554 0.385752362490913 0.49659039772924 0.45979438540621 0.274706635743709 0 0 0.0189691578109315 0.0181383917754162 0.219426079130465 0.509017273010488 0.496832704489598 0.552632489875039 0.577347779431618 0.601716916473398 0.750250960573229 1 0.959604001523071 0.876042784450829 0.950569420886843 1 1 0.975630862958219 1 1 0.975319325694901 0.840077538163315 0.656582090068884
0.11530340267922 0.570182422375299 0.415348402506144 0.037938315621863 0.0569420886842743 0.037938315621863 0 0 0.037938315621863 0.037938315621863 0.0189691578109315 0.0189691578109315 0.109626501436533 0.163418602236145 0.230987573124719 0.583163141680224 0.775000865381287 0.840077538163315 1 0.703208833812178 0.614939942538683 0.840077538163315 0.790958496313476 0.750874035099865 0.799993076949704 0.682301221918377 0.521686455052096 0.496936550244038 0.366990896188861 0.239122157222472 0.276541244072138 0.422375298556544 -9999 0.45979438540621 0.422375298556544 0.12769566270899 0 0 0 0.0371075495863477 0.256568243968292 0.403406140745613 0.466198206929973 0.496832704489598 0.440825227595279 0.521686455052096 0.676001246149053 0.815396863858216 1 0.934923327217972 1 1 1 0.876423552217107 1 1 0.975319325694901 0.840077538163315 0.688220429921423
0.37235626016823 0.447090588113123 0.355740939457925 0.257260548997888 0.0931496417321472 0.037938315621863 0.037938315621863 0 0 0.037938315621863 0.0189691578109315 0.0189691578109315 0.201149226349129 0.201149226349129 0.214026099899616 0.676001246149053 0.750320191076188 0.840077538163315 0.840077538163315 0.614939942538683 0.840077538163315 0.840077538163315 0.799993076949704 0.775243172141646 0.799993076949704 0.700751150957112 0.496832704489598 0.45979438540621 0.329744885596594 0.274672020492229 0.276541244072138 0.404063830523729 -9999 0.422375298556544 0.274672020492229 0.0371075495863477 0 0 0.0189691578109315 0.0371075495863477 0.201149226349129 0.292775797016165 0.237564470905881 0.336044861365918 0.255149018657621 0.440825227595279 0.521686455052096 0.65035134480252 0.840077538163315 0.975319325694901 0.959604001523071 1 1 1 0.802312298798851 1 0.975319325694901 0.840077538163315 0.750320191076188
0.676001246149053 0.552632489875039 0.552632489875039 0.386202360760151 0.0750112499567309 0.037938315621863 0.037938315621863 0.0189691578109315 0 0.037938315621863 0.0189691578109315 0.109626501436533 0.31115649555194 0.255702862681297 0.329087195818478 0.552632489875039 0.731870262037454 0.840077538163315 0.840077538163315 0.515524940288691 0.815396863858216 0.799993076949704 0.750112499567309 0.72557028626813 0.750112499567309 0.552632489875039 0.45979438540621 0.403406140745613 0.200526151822493 0.164976288552736 0.311294956557859 0.367337048703659 0.366817819931462 0.274706635743709 0.073245872131261 0.0189691578109315 0 0.0189691578109315 0 0 0 0 0 0.274706635743709 0.42825989130811 0.422375298556544 0.515282633528333 0.483748139430233 0.725639516771089 0.840077538163315 1 0.959604001523071 1 1 0.777320087230434 0.801827685278134 0.934923327217972 0.840077538163315 0.750320191076188
0.577347779431618 0.552632489875039 0.552632489875039 0.42306760358614 0.0750112499567309 0.0569420886842743 0.037938315621863 0.0189691578109315 0.0189691578109315 0.0189691578109315 0.0371075495863477 0.182387760047077 0.201149226349129 0.31115649555194 0.515282633528333 0.602063068988196 0.731870262037454 0.840077538163315 0.840077538163315 0.62771297033473 0.750320191076188 0.725881823531448 0.45979438540621 0.60843227526048 0.675828169891654 0.558828619889924 0.441344456367476 0.0364498598082315 0.0913150334037177 0.0569420886842743 0.0742497144241753 0.0742150991726955 0.0189691578109315 0.0189691578109315 0.0189691578109315 0.0189691578109315 0 0 0 0 0 0 0 0 0 0.207033819100696 0.478486621205303 0.366333206410745 0.483748139430233 0.656582090068884 0.796946934819481 0.975319325694901 1 0.959604001523071 0.975077018934543 1 0.934681020457614 0.815396863858216 0.750320191076188
0.552632489875039 0.552632489875039 0.552632489875039 0.520647997507702 0.220118384160061 0.146664820519921 0.0560767073972792 0.0189691578109315 0.128561043995985 0 0 0 0.403371525494133 0.331579493925023 0.533974869327426 0.577140087922739 0.750320191076188 0.799993076949704 0.799993076949704 0.799993076949704 0.775000865381287 0.533974869327426 0.45979438540621 0.533974869327426 0.552632489875039 0.515282633528333 0.347329433348333 0 0.0189691578109315 0.0189691578109315 0 0.0189691578109315 -9999 -9999 -9999 -9999 0 0.0497075011249957 0 0 0 0 0 0 0 0.207033819100696 0.496832704489598 0.552632489875039 0.552632489875039 0.650905188826197 0.750320191076188 0.840077538163315 0.975319325694901 0.975319325694901 0.934923327217972 0.777320087230434 0.879573540101769 0.815396863858216 0.700751150957112
0.552632489875039 0.602270760497075 0.515282633528333 0.160649382117761 0 0.164941673301257 0.0189691578109315 0.0741458686697359 0 0 0.0569420886842743 0.220741458686697 0.239122157222472 0.110526497975008 0.533974869327426 0.552632489875039 0.676001246149053 0.750112499567309 0.750631728339507 0.496832704489598 0.496832704489598 0.558482467375126 0.533974869327426 0.515282633528333 0.49659039772924 0.478244314444944 0.255702862681297 0.164214753020181 0 0.0189691578109315 0.0189691578109315 -9999 0 -9999 -9999 -9999 -9999 0 0 0 0.0189691578109315 0 0 0 0 0.188272352798643 0.484648135968708 0.45979438540621 0.496832704489598 0.577347779431618 0.626397590778497 0.750320191076188 0.840077538163315 1 0.975319325694901 0.861088995811555 1 0.750320191076188 0.508117276472014
0.577555470940497 0.552632489875039 0.496936550244038 0.220741458686697 0 0.0189691578109315 0.256533628716813 0.0189691578109315 0.0189691578109315 0.0569420886842743 0.037938315621863 0.037938315621863 0.141784070061269 0.239122157222472 0.552632489875039 0.552632489875039 0.675862785143134 0.583163141680224 0.675758939388695 0.45979438540621 0.496832704489598 0.515282633528333 0.515282633528333 0.478244314444944 0.45979438540621 0.45979438540621 0.255702862681297 0.0189691578109315 -9999 0.0189691578109315 -9999 -9999 0 -9999 -9999 0 0 0 0.0247152895565786 0 0 0 0 0 0 0.385094672712797 0.619993769254734 0.447229049119042 0.471909723424141 0.552632489875039 0.577347779431618 0.750320191076188 0.750320191076188 0.975319325694901 1 0.876838935234864 0.840077538163315 0.656582090068884 0.200318460313614
0.552632489875039 0.552632489875039 0.496936550244038 -9999 -9999 0 0.0560767073972792 0 0.0569420886842743 -9999 -9999 -9999 0.0626189899269618 0.331579493925023 0.552632489875039 0.577347779431618 0.552632489875039 0.338087161203226 0.583163141680224 0.533974869327426 0.533974869327426 0.533974869327426 0.49659039772924 -9999 -9999 0.422375298556544 0.0371075495863477 0 0 0 -9999 -9999 -9999 -9999 -9999 -9999 -9999 0 0 0 0 0.0189691578109315 0.0189691578109315 0.0189691578109315 0.0560767073972792 0.183010834573713 0.428917581086227 0.558205545363287 0.558967080895843 0.496832704489598 0.552632489875039 0.601716916473398 0.750320191076188 0.840077538163315 0.840077538163315 1 0.775312402644605 0.495794246945204 0.236733704870366
0.441759839385233 -9999 -9999 -9999 -9999 0 0.0189691578109315 -9999 -9999 -9999 -9999 -9999 0.220741458686697 0.350029422963758 0.515282633528333 0.552632489875039 0.552632489875039 0.533974869327426 0.57700162691682 0.552632489875039 0.577347779431618 0.533974869327426 0.49659039772924 -9999 -9999 -9999 0.0189691578109315 0 0 0 -9999 -9999 -9999 -9999 -9999 0 0 0 0 0 0 0.0189691578109315 0.0189691578109315 0 0.056111322648759 0.256568243968292 0.163418602236145 0.0248537505624978 0.354598636159092 0.496832704489598 0.552632489875039 0.650905188826197 0.799993076949704 0.815396863858216 0.840077538163315 0.840077538163315 0.656582090068884 0.496832704489598 0.21859531309495
0.037938315621863 -9999 -9999 -9999 -9999 0 0.0189691578109315 -9999 -9999 -9999 -9999 -9999 0.0189691578109315 0.31115649555194 0.423690678112776 0.552632489875039 0.577347779431618 0.294679635847554 0.515282633528333 0.515282633528333 0.404063830523729 0.182180068538198 0.422375298556544 0.422375298556544 -9999 -9999 0.0189691578109315 0.0189691578109315 -9999 0 0 -9999 -9999 -9999 -9999 0 0 0 0 0 0.0189691578109315 0 0.0189691578109315 0.0189691578109315 0.0371075495863477 0 0.220118384160061 0.354598636159092 0.478486621205303 0.515282633528333 0.552632489875039 0.626397590778497 0.799993076949704 0.840077538163315 0.799993076949704 0.750320191076188 0.56471321264149 0.515282633528333 0.188272352798643
0.0433382948527121 0.0189691578109315 -9999 -9999 0 0 0 0 -9999 -9999 0.0189691578109315 0.201356917858008 0.201149226349129 0.31115649555194 0.441759839385233 0.552632489875039 0.552632489875039 0.202914604174599 0.422375298556544 0.45979438540621 0.201149226349129 0.145868669735886 0.164145522517221 0.385752362490913 0.0569420886842743 -9999 -9999 0 0 -9999 0 -9999 -9999 -9999 0 0 0 0 0 0 0 0 0 0.0189691578109315 0.037938315621863 0.0189691578109315 0.318529544117138 0.422375298556544 0.583163141680224 0.515282633528333 0.577347779431618 0.626397590778497 0.750320191076188 0.840077538163315 0.632732181799301 0.626224514521098 0.552632489875039 0.496832704489598 0.0906573436256014
0 0 0.024992211568417 0 0 0 0.0189691578109315 0 0 0 0 -9999 -9999 -9999 0.368306275745093 0.515282633528333 0.515282633528333 0.239122157222472 0.422375298556544 0.422375298556544 0.0906573436256014 0.404063830523729 0.0371075495863477 -9999 -9999 -9999 -9999 -9999 0 -9999 0 0 -9999 -9999 0 -9999 -9999 0 0 0 0 0 0 0.0189691578109315 0.0189691578109315 0.183806985357749 0.385786977742393 0.422375298556544 0.58922081068919 0.552632489875039 0.601716916473398 0.750320191076188 0.750320191076188 0.840077538163315 0.255737477932777 0.626397590778497 0.496832704489598 0.515282633528333 0.188272352798643
0.037938315621863 0.0189691578109315 0.0189691578109315 0 0 0.0189691578109315 0.0189691578109315 0 0.0189691578109315 0.0189691578109315 0 0 -9999 -9999 0.239122157222472 0.405275364325522 0.42306760358614 0.239122157222472 0.294679635847554 0.422375298556544 0.366748589428502 0.0569420886842743 0.128353352487106 0.0189691578109315 -9999 -9999 -9999 -9999 0 0 0 -9999 0 0 0 0 0 0 0 0 0 0 0.0189691578109315 0.0189691578109315 0.0189691578109315 0.164837827546817 0.404063830523729 0.45979438540621 0.564505521132611 0.577347779431618 0.750320191076188 0.750320191076188 0.750320191076188 0.40385613901485 0.201183841600609 0.577347779431618 0.440825227595279 0.564817058395929 0.39167157049396
0.037938315621863 0.0439613693793485 0.037938315621863 0.037938315621863 0.0189691578109315 0.0189691578109315 0 0 0 0.0189691578109315 0.037938315621863 0.0189691578109315 0 0 0 0.422375298556544 0.239122157222472 0.037938315621863 0.037938315621863 0.0569420886842743 0.0569420886842743 0.037938315621863 0.037938315621863 0.037938315621863 0.0189691578109315 -9999 -9999 0 0 0 -9999 -9999 0 0 -9999 -9999 -9999 0 0 0 0 0.0189691578109315 0 0.0189691578109315 0.0560767073972792 0.201979992384645 0.422375298556544 0.49659039772924 0.533974869327426 0.552632489875039 0.694520405690747 0.750320191076188 0.477863546678667 0.0190037730624113 0.496832704489598 0.496832704489598 0.440825227595279 0.533697947315587 0.274706635743709
0.0560767073972792 0.0560767073972792 0.0189691578109315 0 0 0.0189691578109315 0 -9999 -9999 -9999 0 0.037938315621863 0.0560767073972792 0.164803212295337 0 0.422375298556544 0.202603066911281 -9999 -9999 0.037938315621863 0.037938315621863 -9999 0.037938315621863 0.0189691578109315 0.0189691578109315 -9999 0 0 0 0 -9999 0 0 -9999 -9999 -9999 -9999 -9999 0 0 0 0.0189691578109315 0.0189691578109315 0.0189691578109315 0.0560767073972792 0.220118384160061 0.422375298556544 0.49659039772924 0.558344006369206 0.521686455052096 0.694520405690747 0.676070476652013 0 0 0.552632489875039 0.422375298556544 0.515282633528333 0.45979438540621 0.183841600609228
