data-raw/DATASET_PNE_1/DATASET_PNE/a_DATA/PFGS/ENVSUIT_A1B/HS_f0_C2_VaccUli.asc
NCOLS 619 
NROWS 782 
XLLCORNER 876826 
YLLCORNER 1947424 
CELLSIZE 100 
NODATA_value -9999 
[rows 330 to 362 of 782, columns 74 to 147 of 619]
1 1 1 1 1 1 1 1 1 1 1 1 0.978381660847123 0.159404888416578 0.195627751632002 0.117443449218157 0.0197358433277668 0 0.430575375740094 1 0.850007590708972 0.935995141946258 1 1 1 1 0.828328525884318 0.850007590708972 0.698132685592834 0.879186275998178 0.488902383482617 0.390496432366783 0.292667375132837 0.449278882647639 0.137725823591923 0.892849552148171 0.828510702899651 0.806922726582663 1 1 1 1 1 1 1 0.828480340063762 1 1 1 1 1 1 1 1 1 0.806922726582663 0.871079398815849 0.82854106573554 1 0.806922726582663 1 0.87159556702596 0.849977227873083 1 1 0.978685289206012 0.566266889327463 0.0788219219675118 0.0592378928191893 0.039380598147867 0.0197358433277668 0 0 0
0.960801578867466 1 1 1 1 1 1 1 1 1 1 1 0.768604827690906 0.180567785031122 0.0782753909215121 0.176408076514346 0.097737968726279 0.0589646272961895 0.835737057841202 0.892971003491726 0.935995141946258 1 1 1 1 1 1 0.80674054956733 0.785243661758008 0.850007590708972 0.978594200698345 0.957036587217246 0.690147259754061 0.690147259754061 0.668923637467739 0.625747684833764 0.871474115682405 1 0.956945498709579 0.978351298011234 0.957036587217246 0.871565204190071 0.893183543342948 0.871625929861849 0.978685289206012 1 1 1 1 1 1 1 1 1 1 1 1 1 1 1 1 1 1 1 0.95746166691969 0.871291938667071 0.665340822832853 0.313465917716715 0.157370578412024 0.216365568544102 0.13754364657659 0.059086078639745 0.0197358433277668 0
0.843661758008198 1 1 1 1 0.785759829968119 1 1 1 1 1 1 1 0.282435099438287 0.0782753909215121 0.163989676635798 0.215849400333991 0.237528465158646 0.688750569303173 0.957218764232579 1 1 1 1 1 1 1 1 0.871656292697738 0.935995141946258 1 0.850007590708972 0.785243661758008 0.765143464399575 0.785243661758008 0.765143464399575 1 1 1 1 1 0.978351298011234 0.935812964930925 0.935812964930925 0.935570062243813 1 1 0.936055867618035 0.957279489904357 1 1 1 1 1 1 1 1 1 1 1 1 1 0.978351298011234 0.956945498709579 1 1 0.806922726582663 0.785243661758008 0.828449977227873 0.685987551237285 0.705966297252163 0.527402459389707 0.156611507514802 0.039380598147867
1 1 1 1 1 1 0.610657355396994 1 1 1 1 1 1 0.862091999392743 0.511036890845605 0.0782753909215121 0.0782753909215121 0.142766054349476 0.935478973736147 1 1 1 1 1 1 1 1 1 1 1 1 1 1 0.957370578412024 0.957552755427357 0.785243661758008 0.978594200698345 1 1 1 1 1 0.913890997419159 0.84952178533475 1 1 0.957158038560802 1 1 1 1 1 1 0.978594200698345 1 1 1 1 1 1 1 1 1 1 1 1 1 1 0.871625929861849 0.978685289206012 0.892849552148171 0.685987551237285 0.605768938818886 0.507514801882496
0.664915743130408 1 1 1 1 1 1 1 1 1 1 1 1 1 1 0.31789889175649 0.0998633672385001 0.270289965082739 0.828480340063762 1 1 1 1 1 1 1 1 1 1 1 1 1 1 1 1 1 0.978594200698345 1 1 0.935570062243813 1 1 1 1 1 0.978381660847123 0.935600425079702 1 1 1 1 1 1 0.935873690602702 0.978776377713678 1 1 1 0.978503112190679 0.978503112190679 1 1 1 1 0.957158038560802 1 1 1 1 1 0.806922726582663 0.74534689540003 0.685987551237285 0.685987551237285
0.352330347654471 1 1 1 1 1 1 0.980294519508122 1 1 1 1 1 1 1 0.935995141946258 0.408319417033551 0.352330347654471 1 1 1 1 1 1 1 1 1 1 1 1 1 1 1 1 1 1 1 1 1 0.978776377713678 1 1 1 1 1 1 1 1 1 1 1 1 1 1 1 1 1 0.978503112190679 0.978503112190679 0.978503112190679 0.957279489904357 1 1 1 1 1 1 1 1 1 1 0.914224988613936 0.892910277819948 0.765750721117352
0.253802945195081 0.411355700622438 1 1 1 1 1 1 1 1 1 1 1 1 1 1 0.863883406710187 0.610657355396994 1 1 1 1 1 1 1 1 1 1 1 1 1 1 1 1 1 1 1 1 1 1 0.935721876423258 1 1 1 1 1 1 1 1 0.936055867618035 1 1 1 1 1 1 0.957279489904357 0.957279489904357 1 1 0.957552755427357 1 1 1 1 1 1 0.978776377713678 1 1 1 0.978685289206012 0.873903142553514 0.705207226354941
0.391680582966449 0.293031729163504 1 1 1 1 1 1 1 1 1 1 1 1 1 1 1 1 1 1 1 1 1 1 1 1 1 1 1 1 1 1 1 1 1 1 1 1 1 1 1 1 1 1 1 1 1 1 1 1 0.957279489904357 1 1 1 1 0.978503112190679 1 1 0.957279489904357 0.957279489904357 0.957279489904357 1 1 1 1 1 1 1 1 1 1 1 0.806558372551996 0.73162289357826
0.9203279186276 0.312585395475937 0.590982237741005 1 1 1 1 1 1 1 1 1 1 1 1 1 1 1 1 1 1 1 1 1 1 1 1 1 1 1 1 1 1 1 1 1 1 1 1 1 1 1 1 1 1 1 1 1 1 1 1 1 0.978503112190679 0.957279489904357 0.957279489904357 0.957279489904357 1 1 1 1 1 1 1 1 1 1 1 1 1 1 1 0.91440716562927 0.871625929861849 0.726886291179596
1 0.608683771064217 0.511887050250493 0.707484439046607 1 1 1 1 1 1 1 1 1 1 1 1 1 1 1 1 1 1 1 1 1 1 1 1 1 1 1 1 1 1 1 1 1 0.978776377713678 1 1 1 -9999 -9999 -9999 -9999 1 1 1 1 1 1 1 1 1 1 1 1 0.957279489904357 1 1 1 1 0.870927584636405 0.914224988613936 1 1 1 1 1 1 0.978351298011234 0.91440716562927 0.806862000910885 0.48774859571884
0.882951267648398 1 0.610657355396994 1 1 1 1 1 1 1 1 1 1 1 1 1 1 1 1 1 1 1 1 1 1 1 1 1 1 1 1 1 1 1 1 1 1 1 -9999 -9999 -9999 -9999 -9999 -9999 -9999 -9999 1 1 1 1 1 1 1 1 1 1 1 0.957279489904357 1 1 1 1 0.978776377713678 0.828389251556095 0.806801275239107 0.806801275239107 1 0.978776377713678 0.941339001062699 0.85516927281008 0.935812964930925 0.892910277819948 0.818946409594656 0.978351298011234
0.804706239562775 1 0.689327463185061 1 1 1 1 1 1 1 1 1 1 1 1 1 1 1 1 1 1 1 1 -9999 -9999 -9999 -9999 -9999 -9999 -9999 -9999 -9999 -9999 -9999 -9999 -9999 -9999 -9999 -9999 -9999 -9999 -9999 -9999 -9999 -9999 -9999 -9999 -9999 -9999 1 1 1 1 1 1 1 1 1 1 1 1 1 1 0.978776377713678 0.849612873842417 0.849612873842417 0.957158038560802 0.978776377713678 0.870866858964627 1 1 0.757795658114468 1 1
0.610657355396994 1 1 1 1 0.980537422195233 1 1 1 1 1 1 1 1 1 1 1 1 1 1 -9999 -9999 -9999 -9999 -9999 -9999 -9999 -9999 -9999 -9999 -9999 -9999 -9999 -9999 -9999 -9999 -9999 -9999 -9999 -9999 -9999 -9999 -9999 -9999 -9999 -9999 -9999 -9999 -9999 -9999 1 1 1 1 1 1 1 1 1 1 1 1 1 1 0.871231212995294 0.849612873842417 0.956945498709579 1 0.978351298011234 0.980142705328678 0.871170487323516 0.828146348868984 0.828146348868984 0.806831638074996
-9999 1 1 1 1 1 0.941005009867922 1 1 1 1 1 1 1 1 1 1 1 1 1 -9999 -9999 -9999 -9999 -9999 -9999 -9999 -9999 -9999 -9999 -9999 -9999 -9999 -9999 -9999 -9999 -9999 -9999 -9999 -9999 -9999 -9999 -9999 -9999 -9999 -9999 -9999 -9999 -9999 -9999 -9999 1 1 1 1 1 1 1 1 1 1 1 1 0.978412023683012 0.870957947472294 0.914224988613936 0.871291938667071 0.957370578412024 1 1 0.978594200698345 0.871413390010627 0.935812964930925 0.785243661758008
-9999 1 1 1 1 1 1 1 1 1 1 1 1 1 1 1 1 1 1 1 1 -9999 -9999 -9999 -9999 -9999 -9999 -9999 -9999 -9999 -9999 -9999 -9999 -9999 -9999 -9999 -9999 -9999 -9999 -9999 -9999 -9999 -9999 -9999 -9999 -9999 -9999 -9999 -9999 -9999 -9999 -9999 1 1 1 1 1 1 1 1 0.978776377713678 1 1 1 0.892637012296948 0.914224988613936 0.956945498709579 0.91440716562927 1 0.935812964930925 0.914194625778048 0.785243661758008 0.785243661758008 0.785243661758008
-9999 -9999 1 1 1 1 1 1 1 1 1 0.92248367997571 1 1 1 1 1 1 1 1 1 -9999 -9999 -9999 -9999 -9999 -9999 -9999 -9999 -9999 -9999 -9999 -9999 -9999 -9999 -9999 -9999 -9999 -9999 -9999 -9999 -9999 -9999 -9999 -9999 -9999 -9999 -9999 -9999 -9999 -9999 -9999 1 1 1 1 1 1 1 1 1 0.978776377713678 1 1 1 1 0.892910277819948 0.892910277819948 0.785243661758008 0.785243661758008 0.785243661758008 0.785243661758008 0.87132230150296 0.87132230150296
-9999 -9999 0.610657355396994 1 1 1 1 1 1 1 1 1 1 0.786124183998785 0.786124183998785 0.941764080765143 1 1 1 1 1 -9999 -9999 -9999 -9999 -9999 -9999 -9999 -9999 -9999 -9999 -9999 -9999 -9999 -9999 -9999 -9999 -9999 -9999 -9999 -9999 -9999 -9999 -9999 -9999 -9999 -9999 -9999 -9999 -9999 -9999 -9999 -9999 1 1 1 1 1 1 1 1 0.978503112190679 0.957279489904357 0.957279489904357 1 1 1 0.892910277819948 0.806801275239107 0.806922726582663 0.785243661758008 0.87132230150296 0.892637012296948 1
-9999 -9999 -9999 0.688386215272506 0.902747836647943 0.610657355396994 1 1 1 1 1 1 1 1 1 1 1 1 1 1 1 1 -9999 -9999 -9999 -9999 -9999 -9999 -9999 -9999 -9999 -9999 -9999 -9999 -9999 -9999 -9999 -9999 -9999 -9999 -9999 -9999 -9999 -9999 -9999 -9999 -9999 -9999 -9999 -9999 -9999 -9999 -9999 -9999 -9999 -9999 1 1 1 1 1 1 1 0.957279489904357 0.978776377713678 1 1 0.870957947472294 0.871231212995294 0.828024897525429 0.871291938667071 0.871231212995294 1 1
-9999 -9999 -9999 -9999 1 1 1 1 1 1 1 1 1 1 1 1 1 1 1 1 1 1 -9999 -9999 -9999 -9999 -9999 -9999 -9999 -9999 -9999 -9999 -9999 -9999 -9999 -9999 -9999 -9999 -9999 -9999 -9999 -9999 -9999 -9999 -9999 -9999 -9999 -9999 -9999 -9999 -9999 -9999 -9999 -9999 -9999 -9999 -9999 1 1 1 1 1 1 1 0.957279489904357 0.957279489904357 1 1 0.914224988613936 0.892545923789282 0.914224988613936 1 1 0.978776377713678
-9999 -9999 -9999 -9999 1 1 1 1 1 1 1 1 1 1 1 1 1 1 1 1 1 1 1 -9999 -9999 -9999 -9999 -9999 -9999 -9999 -9999 -9999 -9999 -9999 -9999 -9999 -9999 -9999 -9999 -9999 -9999 -9999 -9999 -9999 -9999 -9999 -9999 -9999 -9999 -9999 -9999 -9999 -9999 -9999 -9999 -9999 -9999 -9999 -9999 1 1 1 1 1 1 0.957279489904357 1 1 1 1 1 1 1 0.978776377713678
-9999 -9999 -9999 -9999 1 1 0.766115075148019 1 1 1 1 1 1 1 1 1 1 1 1 1 1 1 1 -9999 -9999 -9999 -9999 -9999 -9999 -9999 -9999 -9999 -9999 -9999 -9999 -9999 -9999 -9999 -9999 -9999 -9999 -9999 -9999 -9999 -9999 -9999 -9999 -9999 -9999 -9999 -9999 -9999 -9999 -9999 -9999 -9999 -9999 -9999 -9999 -9999 -9999 -9999 -9999 -9999 1 1 0.957279489904357 1 1 1 1 1 0.957279489904357 0.978594200698345
-9999 -9999 -9999 -9999 -9999 0.980537422195233 1 0.960801578867466 1 1 1 1 1 1 1 1 1 1 1 1 1 1 1 0.941369363898588 -9999 -9999 -9999 -9999 -9999 -9999 -9999 -9999 -9999 -9999 -9999 -9999 -9999 -9999 -9999 -9999 -9999 -9999 -9999 -9999 -9999 -9999 -9999 -9999 -9999 -9999 -9999 -9999 -9999 -9999 -9999 -9999 -9999 -9999 -9999 -9999 -9999 -9999 -9999 -9999 1 1 1 1 1 1 1 0.957279489904357 1 0.978503112190679
-9999 -9999 -9999 -9999 -9999 0.610657355396994 1 0.629755579171094 1 1 1 1 1 1 1 1 1 1 1 1 1 1 1 1 -9999 -9999 -9999 -9999 -9999 -9999 -9999 -9999 -9999 -9999 -9999 -9999 -9999 -9999 -9999 -9999 -9999 -9999 -9999 -9999 -9999 -9999 -9999 -9999 -9999 -9999 -9999 -9999 -9999 -9999 -9999 -9999 -9999 -9999 -9999 -9999 -9999 -9999 -9999 -9999 -9999 1 1 1 0.978776377713678 0.978776377713678 1 1 1 1
-9999 -9999 -9999 -9999 -9999 -9999 0.785850918475786 1 0.785850918475786 1 1 1 1 1 1 1 1 1 1 1 1 1 1 1 -9999 -9999 -9999 -9999 -9999 -9999 -9999 -9999 -9999 -9999 -9999 -9999 -9999 -9999 -9999 -9999 -9999 -9999 -9999 -9999 -9999 -9999 -9999 -9999 -9999 -9999 -9999 -9999 -9999 -9999 -9999 -9999 -9999 -9999 -9999 -9999 -9999 -9999 -9999 -9999 -9999 -9999 1 1 1 1 1 1 1 1
-9999 -9999 -9999 -9999 -9999 -9999 0.610657355396994 1 1 1 1 1 1 1 1 1 1 1 1 1 1 1 1 1 -9999 -9999 -9999 -9999 -9999 -9999 -9999 -9999 -9999 -9999 -9999 -9999 -9999 -9999 -9999 -9999 -9999 -9999 -9999 -9999 -9999 -9999 -9999 -9999 -9999 -9999 -9999 -9999 -9999 -9999 -9999 -9999 -9999 -9999 -9999 -9999 -9999 -9999 -9999 -9999 -9999 -9999 1 1 1 1 1 1 1 1
-9999 -9999 -9999 -9999 -9999 -9999 -9999 0.746409594656141 1 1 1 1 1 1 1 1 1 1 1 1 1 1 1 1 -9999 -9999 -9999 -9999 -9999 -9999 -9999 -9999 -9999 -9999 -9999 -9999 -9999 -9999 -9999 -9999 -9999 -9999 -9999 -9999 -9999 -9999 -9999 -9999 -9999 -9999 -9999 -9999 -9999 -9999 -9999 -9999 -9999 -9999 -9999 -9999 -9999 -9999 -9999 -9999 -9999 -9999 -9999 -9999 1 1 1 1 1 1
-9999 -9999 -9999 -9999 -9999 -9999 -9999 -9999 1 1 1 1 1 1 1 1 1 1 1 1 1 1 1 1 -9999 -9999 -9999 -9999 -9999 -9999 -9999 -9999 -9999 -9999 -9999 -9999 -9999 -9999 -9999 -9999 -9999 -9999 -9999 -9999 -9999 -9999 -9999 -9999 -9999 -9999 -9999 -9999 -9999 -9999 -9999 -9999 -9999 -9999 -9999 -9999 -9999 -9999 -9999 -9999 -9999 -9999 -9999 -9999 -9999 1 1 1 1 1
-9999 -9999 -9999 -9999 -9999 -9999 -9999 -9999 -9999 1 0.804706239562775 1 1 1 1 1 1 1 1 1 1 1 1 1 -9999 -9999 -9999 -9999 -9999 -9999 -9999 -9999 -9999 -9999 -9999 -9999 -9999 -9999 -9999 -9999 -9999 -9999 -9999 -9999 -9999 -9999 -9999 -9999 -9999 -9999 -9999 -9999 -9999 -9999 -9999 -9999 -9999 -9999 -9999 -9999 -9999 -9999 -9999 -9999 -9999 -9999 -9999 -9999 -9999 -9999 1 1 1 1
-9999 -9999 -9999 -9999 -9999 -9999 -9999 -9999 -9999 -9999 0.804706239562775 1 1 1 1 1 1 1 1 1 1 1 1 1 0.850007590708972 -9999 -9999 -9999 -9999 -9999 -9999 -9999 -9999 -9999 -9999 -9999 -9999 -9999 -9999 -9999 -9999 -9999 -9999 -9999 -9999 -9999 -9999 -9999 -9999 -9999 -9999 -9999 -9999 -9999 -9999 -9999 -9999 -9999 -9999 -9999 -9999 -9999 -9999 -9999 -9999 -9999 -9999 -9999 -9999 -9999 -9999 1 1 1
-9999 -9999 -9999 -9999 -9999 -9999 -9999 -9999 -9999 -9999 -9999 0.863458327007742 1 1 1 1 1 1 1 1 1 1 1 1 0.957218764232579 0.828146348868984 -9999 -9999 -9999 -9999 -9999 -9999 -9999 -9999 -9999 -9999 -9999 -9999 -9999 -9999 -9999 -9999 -9999 -9999 -9999 -9999 -9999 -9999 -9999 -9999 -9999 -9999 -9999 -9999 -9999 -9999 -9999 -9999 -9999 -9999 -9999 -9999 -9999 -9999 -9999 -9999 -9999 -9999 -9999 -9999 -9999 -9999 -9999 -9999
-9999 -9999 -9999 -9999 -9999 -9999 -9999 -9999 -9999 -9999 -9999 -9999 0.785000759070897 1 1 1 1 1 1 1 1 1 1 1 1 0.914103537270381 -9999 -9999 -9999 -9999 -9999 -9999 -9999 -9999 -9999 -9999 -9999 -9999 -9999 -9999 -9999 -9999 -9999 -9999 -9999 -9999 -9999 -9999 -9999 -9999 -9999 -9999 -9999 -9999 -9999 -9999 -9999 -9999 -9999 -9999 -9999 -9999 -9999 -9999 -9999 -9999 -9999 -9999 -9999 -9999 -9999 -9999 -9999 -9999
-9999 -9999 -9999 -9999 -9999 -9999 -9999 -9999 -9999 -9999 -9999 -9999 0.391680582966449 0.821284347958099 1 1 1 1 1 1 1 1 1 0.882951267648398 0.451191741308638 -9999 -9999 -9999 -9999 -9999 -9999 -9999 -9999 -9999 -9999 -9999 -9999 -9999 -9999 -9999 -9999 -9999 -9999 -9999 -9999 -9999 -9999 -9999 -9999 -9999 -9999 -9999 -9999 -9999 -9999 -9999 -9999 -9999 -9999 -9999 -9999 -9999 -9999 -9999 -9999 -9999 -9999 -9999 -9999 -9999 -9999 -9999 -9999 -9999
-9999 -9999 -9999 -9999 -9999 -9999 -9999 -9999 -9999 -9999 -9999 -9999 -9999 0.293031729163504 0.411143160771216 0.664915743130408 0.979899802641567 1 1 1 1 1 1 0.470866858964627 0.293031729163504 -9999 -9999 -9999 -9999 -9999 -9999 -9999 -9999 -9999 -9999 -9999 -9999 -9999 -9999 -9999 -9999 -9999 -9999 -9999 -9999 -9999 -9999 -9999 -9999 -9999 -9999 -9999 -9999 -9999 -9999 -9999 -9999 -9999 -9999 -9999 -9999 -9999 -9999 -9999 -9999 -9999 -9999 -9999 -9999 -9999 -9999 -9999 -9999 -9999
