data-raw/DATASET_PNE_1/DATASET_PNE/a_DATA/PFGS/ENVSUIT_A1B/HS_f30_P1_ubacPion.asc
NCOLS 619 
NROWS 782 
XLLCORNER 876826 
YLLCORNER 1947424 
CELLSIZE 100 
NODATA_value -9999 
[rows 561 to 593 of 782, columns 444 to 517 of 619]
0 0 0 0.196579025360938 0.559591854015835 0.233540793429019 0.178331004699606 0.178331004699606 0.449510986917312 0.237266607392354 0.147169651551717 0 0 0 0 0 0 0 0 0 0 0 0 0 0 0 0.0187137474067488 0.110758287819129 0.361573309623608 0.613446801304035 0.843896862695288 1 1 1 1 1 1 1 1 1 1 1 1 1 1 1 1 1 1 1 1 1 1 1 1 1 1 1 1 1 1 1 1 1 1 1 1 1 -9999 -9999 -9999 -9999 1 1
0 0 0 0.0355222490367924 0.306363520894195 0.430881917100639 0.178331004699606 0.178331004699606 0.28798848384775 0.147254329141793 0 0 0 0 0 0 0 0 0 0 0 0 0 0.0187137474067488 0.0733307930056311 0.147254329141793 0.165714043778314 0.488801388712477 0.559591854015835 0.739193022566578 0.974003979846733 1 1 1 1 1 1 1 1 1 1 1 1 1 1 1 1 1 1 1 1 1 1 1 1 1 1 1 1 1 1 1 1 1 1 1 1 1 -9999 -9999 -9999 -9999 1 1
0 0 0 0 0.251704136500275 0.0355222490367924 0.0355222490367924 0 0.162962022100851 0 0 0 0 0 0 0 0 0 0 0 0.0363690249375503 0.018248020661332 0 0.0733307930056311 0.181760447097676 0.361573309623608 0.559591854015835 0.721326051060587 0.817773826156908 1 1 1 1 1 1 1 1 0.973749947076506 1 1 1 1 1 1 1 1 1 1 1 1 1 1 1 1 1 1 1 1 1 1 1 1 1 1 1 1 1 1 -9999 -9999 -9999 -9999 1 1
0 0 0 0 0 0.0355222490367924 0.198780642702909 0.143655531563572 0 0 0 0 0 0 0 0 0 0 0 0 0 0 0 0.0179516490960667 0.196197976205597 0.523180490283247 0.711842160972099 0.843896862695288 1 0.974215673821923 1 1 1 1 1 1 1 1 1 1 1 1 1 1 1 1 1 1 1 1 1 1 1 1 1 1 1 1 1 1 1 1 1 1 1 0.974215673821923 0.960455565434608 0.947669249333164 -9999 -9999 -9999 -9999 1 1
0 0 0 0 0 0.0187137474067488 0 0 0 0 0 0 0 0 0 0 0 0 0 0 -9999 0 0 0 0.306363520894195 0.577797535882129 0.765697108260299 0.974003979846733 0.974215673821923 1 1 1 1 1 1 1 0.974215673821923 0.973792285871544 1 1 1 1 1 1 1 1 1 1 1 1 1 1 1 1 1 1 1 1 1 1 1 1 1 1 1 0.869554172488251 0.973919302256658 0.895761886616707 1 1 -9999 1 1 1
0 0 0 0 0 0 0 0 0 0 0 0 0 0 0 0 0 0 0 0 -9999 0 0.0187137474067488 0.143147466023117 0.559591854015835 0.657944874888861 0.765697108260299 1 1 1 1 1 1 1 1 1 1 0.895380837461366 1 1 1 1 1 1 1 1 1 1 1 1 1 1 1 1 1 1 1 1 1 1 1 1 1 1 1 1 1 1 1 1 0.921842584360049 0.818197214107287 1 1
0 0 0 0 0 0 0 0 0 0 0 0 0 0 0 0 0 0 0 -9999 0 0 0.0921292180024557 0.218891570345908 0.541132139379313 0.541640204919768 0.765697108260299 0.974215673821923 1 1 1 1 1 1 1 1 -9999 1 1 1 1 1 1 1 1 1 1 1 1 1 1 1 1 1 1 1 1 1 1 1 1 1 1 1 1 1 1 1 1 1 1 1 0.895804225411745 0.973919302256658
0 0 0 0 0 0 0 0 0 0 0 0 0 0 0 0 0 0 0 0 0 0 0.110758287819129 0.218891570345908 0.559591854015835 0.577797535882129 1 1 1 1 1 1 1 1 0.948050298488505 -9999 1 1 0.895719547821669 0.947923282103391 0.974173335026885 1 1 1 1 1 1 1 1 1 1 1 1 1 1 1 1 1 1 1 1 1 1 1 1 1 1 1 1 1 1 1 1 1
0 0 0 0 0 0 0 0 0 0 0 0 0 0 0 0 0 0 0 0 0 0 0.0550827723442991 0.198780642702909 0.559591854015835 0.657944874888861 0.818070197722173 1 1 1 1 1 0.974173335026885 0.974173335026885 0.973749947076506 0.948092637283543 1 1 1 1 1 1 0.974173335026885 1 1 1 1 1 1 1 1 1 1 1 1 1 1 1 1 1 1 1 1 1 1 1 1 1 1 1 1 1 1 1
0 0 0 0 0 0 0 0 0 0 0 0 0 0 0 0 0 0 0 0 0 0 0.0733307930056311 0.145137389389898 0.306363520894195 0.60430162157585 0.765697108260299 1 1 1 1 1 1 1 1 1 1 1 1 1 1 1 1 1 1 1 1 1 1 1 1 1 1 1 1 1 1 1 1 1 1 1 1 1 1 1 1 1 1 1 1 1 1 1
0 0 0 0 0 0 0 0 0 0 0 0 0 0 0 0 0 0 0 0 0 0 0 0.0366653965028155 0.306363520894195 0.586095939709556 0.765697108260299 1 1 1 1 1 1 1 1 1 1 1 1 1 1 1 1 1 1 1 1 1 1 1 1 1 1 1 1 1 1 1 1 1 1 1 1 1 1 1 1 1 1 1 1 1 1 1
0 0 0 0 0 0 0 0 0 0 0 0 0 0 0 0 0 0 0 0 0 0 0 0 0.343113594987087 0.559591854015835 0.765697108260299 1 1 1 1 1 1 1 1 1 1 1 1 1 1 1 1 1 1 1 1 1 1 1 1 1 1 1 1 1 1 1 1 1 1 1 1 1 1 1 1 1 1 1 1 1 1 1
0 0 0 0 0 0 0 0 0 0 0 0 0 0 0 0 0 0 0 0 0 0 0 0 0.164232185951988 0.361573309623608 0.649561793471358 0.973749947076506 1 1 1 1 1 1 1 1 1 0.974215673821923 0.948219653668657 1 1 1 1 1 1 1 1 1 1 1 1 1 1 1 1 1 1 1 1 1 1 1 1 1 1 1 1 1 1 1 1 1 1 1
0 0 0 0 0 0 0 0 0 0 0 0 0 0 0 0 0 0 0 0 0 0 0 0 0.181760447097676 0.559591854015835 0.703416740759558 1 1 1 1 1 0.97387696346162 1 1 0.973749947076506 0.739193022566578 0.948219653668657 0.948219653668657 0.974215673821923 1 1 1 1 1 1 1 1 1 1 1 1 1 1 1 0.921715567974935 0.667682797747576 0.920106693763496 0.903806257673907 1 1 1 1 1 1 1 1 1 1 1 1 1 1 1
0 0 0 0 0 0 0 0 0 0 0 0 0 0 0 0 0 0 0 0 0 0 0 0.0552097887294128 0.361573309623608 0.586095939709556 0.791947161183793 1 1 1 1 1 1 0.973919302256658 1 0.739193022566578 0.676150556755155 0.765697108260299 0.739193022566578 0.947965620898429 1 1 1 0.97387696346162 1 1 1 1 1 1 1 1 0.947965620898429 0.921715567974935 0.739193022566578 0.559591854015835 0.541724882509844 0.559591854015835 0.541724882509844 0.559591854015835 0.947965620898429 1 1 1 1 1 1 1 1 1 1 1 1 1
0 0 0 0 0 0 0 0 0 0 0 0 0 0 0 0 0 0 0 0 0 0 0 0.143147466023117 0.523180490283247 0.676065879165079 0.818070197722173 0.974215673821923 1 1 1 1 1 1 1 0.739193022566578 0.559591854015835 0.657944874888861 0.739193022566578 0.739193022566578 0.895719547821669 1 1 1 1 1 1 1 1 1 1 0.947965620898429 0.739193022566578 0.631567805580253 0.559591854015835 0.201659680765485 0.165714043778314 0.201236292815106 0.4710614335916 0.559591854015835 0.739193022566578 1 1 1 1 1 1 1 1 1 1 1 1 1
0 0 0 0 0 0 0 0 0 0 0 0 0 0 0 0 0 0 0 0 0 0 0.0366653965028155 0.196197976205597 0.523180490283247 0.559591854015835 0.791947161183793 1 1 1 1 1 1 1 0.94775392692324 0.586095939709556 0.201659680765485 0.523180490283247 0.577797535882129 0.739193022566578 0.739193022566578 0.974215673821923 1 1 1 1 1 0.922011939540201 1 1 0.974215673821923 0.577331809136712 0.541724882509844 0.201659680765485 0.165714043778314 0.165714043778314 0.0733307930056311 0.110758287819129 0.218891570345908 0.559591854015835 0.703416740759558 0.791523773233414 1 1 1 1 1 1 1 1 1 1 1 1
0 0 0 0 0 0 0 0 0 0 0 0 0 0 0 0 0 0 0 0 0 0 0.125534527287353 0.124433718616368 0.48613404462509 0.523180490283247 0.739193022566578 1 1 1 1 1 1 1 0.921969600745163 0.541724882509844 0.165714043778314 0.124433718616368 0.523180490283247 0.586095939709556 0.721283712265549 0.948219653668657 0.974215673821923 1 1 1 1 1 1 0.921715567974935 0.631567805580253 0.559591854015835 0.165714043778314 0.128709936915195 0.0921292180024557 0.0733307930056311 0 0.0733307930056311 0.110758287819129 0.343198272577162 0.523180490283247 0.523180490283247 0.739193022566578 0.739193022566578 1 1 1 1 1 1 1 1 1 1
0.541132139379313 0.106820779880605 0 0 0 0 0 0 0 0 0 0 0 0 0 0 0 0 0 0 0 0 0 0 0.48613404462509 0.559591854015835 0.765697108260299 1 1 1 0.973919302256658 0.973919302256658 1 0.94775392692324 0.739193022566578 0.488801388712477 0.165714043778314 0 0.32516194589102 0.559591854015835 0.649561793471358 0.739193022566578 0.948219653668657 1 1 1 1 1 0.974215673821923 0.947965620898429 0.559591854015835 0.25521825648842 0.0733307930056311 0.0181210042762183 0 0 0 0.0368347516829671 0.0733307930056311 0.162284601380245 0.250815021804479 0.28798848384775 0.559591854015835 0.559591854015835 0.577331809136712 0.739193022566578 1 1 1 1 1 1 1 1
0.586095939709556 0.48613404462509 0.124433718616368 0.0921292180024557 0 0 0 0 0 0 0 0 0 0 0 0 0 0 0 0 0 0 0 0.180913671196918 0.32516194589102 0.586095939709556 0.818070197722173 0.974003979846733 1 1 0.80244718235319 0.766416867775943 0.921461535204708 0.94775392692324 0.739193022566578 0.237266607392354 0.165714043778314 0 0.108853042042423 0.343113594987087 0.577797535882129 0.739193022566578 0.948219653668657 0.974215673821923 1 1 1 1 0.948219653668657 0.765697108260299 0.559591854015835 0.165714043778314 0.0368347516829671 0 0 0 0 0.0181210042762183 0.0368347516829671 0.0181210042762183 0.0181210042762183 0 0.163258393666116 0.343198272577162 0.541724882509844 0.559591854015835 0.765019687539693 0.791142724078073 0.869681188873365 0.869681188873365 0.922011939540201 0.84385452390025 1 1
0.577797535882129 0.523180490283247 0.504382065286422 0.253567043481942 0 0 0 0 0 0 0 0 0 0 0 0 0 0 0 0 0 0 0 0.110758287819129 0.361573309623608 0.586095939709556 0.791947161183793 1 1 1 0.80244718235319 0.783987467716669 1 0.94775392692324 0.739193022566578 0.201659680765485 0.128709936915195 0 0 0.287819128667598 0.559591854015835 0.739193022566578 0.765697108260299 0.974215673821923 1 1 1 0.948219653668657 0.48613404462509 0.685338075278378 0.273042889199373 0.110758287819129 0 0 0 0 0 0 0.0181210042762183 0 0 0 0.0368347516829671 0.0368347516829671 0.147254329141793 0.200939921249841 0.559591854015835 0.541640204919768 0.559591854015835 0.58541851898895 0.621364155976121 0.631440789195139 0.649561793471358 0.765019687539693
0.523180490283247 0.48613404462509 0.467886023963758 0.306617553664423 0 0 0 0 0 0 0 0 0 0 0 0 0 0 0 0 0 0 0 0.0552097887294128 0.251323087344934 0.559591854015835 0.765697108260299 0.974003979846733 0.973749947076506 1 1 0.948092637283543 1 0.721283712265549 0.791947161183793 0.18408908082476 0.165714043778314 0 0.0733307930056311 0.199712096193742 0.504382065286422 0.60430162157585 0.765697108260299 0.974215673821923 1 0.947965620898429 1 0.895465515051442 0.667386426182311 0.649561793471358 0.237266607392354 0.0368347516829671 0 0 0 0 0 0 0 0 0 0 0 0 0.0733307930056311 0.129302680045726 0.129302680045726 0.251111393369745 0.269359414031077 0.28798848384775 0.32516194589102 0.504382065286422 0.559591854015835 0.559591854015835
0.523180490283247 0.23493797366527 0.504382065286422 0.269444091621152 0 0 0 0 -9999 0 0 0 0 0 0 0 0 0 0 0 0 0 0 0.0369617680680808 0.214445996866929 0.523180490283247 0.74778779795927 0.739193022566578 0.974003979846733 1 0.788475379990686 0.974215673821923 0.895846564206783 0.577839874677167 0.765697108260299 0.272788856429146 0.217325034929506 0 0 0.0921292180024557 0.343113594987087 0.541132139379313 0.765697108260299 0.974215673821923 1 0.922011939540201 1 0.59384393920149 0.739193022566578 0.559591854015835 0.165714043778314 0 0 0 0 0 0 0 0 0 0 0 0 0 0 0 0.0368347516829671 0 0.0179516490960667 0.0179516490960667 0.124433718616368 0.232567001143147 0.28798848384775 0.467759007578644
0.504382065286422 0.414835513781278 0.432575468902155 0.306363520894195 0 0 0 0 0 0 0 0 0 0 0 0 0 0 0 0 0 0 0 0.0718912739743427 0.214445996866929 0.559591854015835 0.739193022566578 0.703205046784368 0.743680934840594 0.539904314323214 0.575214869384817 0.877937253905754 0.523180490283247 0.48613404462509 0.739193022566578 0.165714043778314 0.128709936915195 0 0 0.0921292180024557 0.165714043778314 0.559591854015835 0.765697108260299 0.765697108260299 1 1 0.895465515051442 0.755662813836318 0.739193022566578 0.361573309623608 0.147254329141793 0 0 0 0 0 0 0 0 0 0 0 0 0 0 0 0.0368347516829671 0.0733307930056311 0.0368347516829671 0 0 0.0712985308438122 0.159744273677971 0.449129937761971
0.523180490283247 0.325924044201702 0.178331004699606 0.431601676616283 0 0 0 0 0 0 0 0 0 0 0 0 0 0 0 0 0 0 0 0.214445996866929 0.32516194589102 0.559591854015835 0.523180490283247 0.523180490283247 0.559591854015835 0.523180490283247 0.74778779795927 0.791947161183793 0.523180490283247 0.504382065286422 0.433337567212837 0.165714043778314 0.0546170455988823 0 0 0 0.147254329141793 0.361573309623608 0.631440789195139 0.739193022566578 0.974003979846733 0.974003979846733 0.520597823785935 0.48613404462509 0.649561793471358 0.559591854015835 0.236208137516406 0 0 0 0 0 0 0 0 0 0 0 0 0 0 0 0 0.0368347516829671 0.0181210042762183 0 0 0 0.177484228798848 0.559591854015835
0.523180490283247 0.504382065286422 0.198018544392227 0.198018544392227 0 0 0 0 0 0 0 0 0 0 0 0 0 0 0 0 0 0 0.0710021592785469 0.32516194589102 0.523180490283247 0.44976501968754 0.413565349930141 0.523180490283247 0.657944874888861 0.676065879165079 0.60430162157585 0.523180490283247 0.523180490283247 0.44976501968754 0.32516194589102 0.0733307930056311 0.0546170455988823 0.0181210042762183 0 0 0.0546170455988823 0.218891570345908 0.559591854015835 0.631440789195139 0.685338075278378 0.613531478894111 0.523180490283247 0.523180490283247 0.676065879165079 0.559591854015835 0.0179516490960667 0 0 0 0 0 0 0 0 0 0 0 0 0 0 0 0 0 0 0 0 0.0711291756636606 0.306786908844574 0.559591854015835
0.325924044201702 0.253651721072018 0.0991997967737838 0.178331004699606 0 0 0 0 0 0 0 0 0 0 0 0 0 0 0 0 0 0.018248020661332 0 0 0 0.178331004699606 0.198018544392227 0.198018544392227 0.504382065286422 0.523180490283247 0.216562936618824 0.340996655235192 0.412760912824421 0.124433718616368 0.14187730217198 0.036496041322664 0.0734154705957068 0 0 0 0 0.0733307930056311 0.361573309623608 0.586095939709556 0.48613404462509 0.523180490283247 0.523180490283247 0.432575468902155 0.523180490283247 0.343113594987087 0 0 0 0 0 0 0 0 0 0 0 0 0 0 0 0 0 0.0181210042762183 0.0181210042762183 0 0.0355222490367924 0.213853253736399 0.559591854015835 0.739193022566578
0.216562936618824 0.198018544392227 0.178331004699606 0.198018544392227 0 0 0 0 0 0 0 0 0 0 0 0 0 0 0 0 0 0.0179516490960667 0 0 0 0 0 0.124433718616368 0.361573309623608 0.233075066683602 0.196197976205597 0.0179516490960667 0 0 0 0 0.110080867098522 0 0 0 0 0.0733307930056311 0.361573309623608 0.586095939709556 0.23493797366527 0.23493797366527 0.216562936618824 0.198018544392227 0.361573309623608 0.110758287819129 0 0 0 0 0 0 0 0 0 0 0 0 0 0 0 0 0 0.0181210042762183 0.0368347516829671 0.0712985308438122 0.213853253736399 0.559591854015835 0.739193022566578 0.973749947076506
0.198018544392227 0.178331004699606 0.341166010415344 0 0 0 0 0 0 0 0 0 0 0 0 0 0 0 0 0 0 0 0 0 0 0 0.0901392946356747 0.165714043778314 0.21825648842034 0.196197976205597 0.0355222490367924 0 0 0 0 0 0.0921292180024557 0 0 0 0.0181210042762183 0.128709936915195 0.559591854015835 0.586095939709556 0.198018544392227 0 0.198018544392227 0.305093357043059 0.200939921249841 0.0733307930056311 0 0 0 0 0 0 0 0 0 0 0 0 0 0 0 0 0 0.0181210042762183 0.215335111562725 0.269359414031077 0.306786908844574 0.764977348744655 0.739193022566578 1
0.178331004699606 0.178331004699606 0 0 0 0 0 0 0 0 0 0 0 0 0 0 0 0 0 0 0 0 0 0 0 0 0.0921292180024557 0 0.0731614378254795 0 0 0 0 0 0 0 0.0546170455988823 0 0 0 0.0546170455988823 0.147169651551717 0.361573309623608 0.541132139379313 0.198018544392227 0.138490198568949 0.178331004699606 0.124433718616368 0.0909013929463567 0.0368347516829671 0 0 0 0 0 0 0 0 0 0 0 0 0 0 0 0.0175705999407257 0.0723570007197595 0.28798848384775 0.523180490283247 0.523180490283247 0.673652567847919 0.869723527668402 1 1
0.198018544392227 0 0 0 0 0 0 0 0 0 0 0 0 0 0 0 0 0 0 0 0 0 0 0 0 0.0181210042762183 0 0 0 0 0 0 0 0 0 0.0181210042762183 0 0 0 0 0.0546170455988823 0.0921292180024557 0.361573309623608 0.523180490283247 0.198018544392227 0.198018544392227 0.178331004699606 0 0 0 0 0 0 0 0 0 0 0 0 0 0 0 0 0 0.0368347516829671 0.0909013929463567 0.306786908844574 0.559591854015835 0.559591854015835 0.765697108260299 0.791142724078073 1 1 1
0 0 0 0 0 0.0363690249375503 0 0 0 0 0 0 0 0 0 0 0 0 0 0 0 0 0 0 0 0 0 0 0 0 0 0 0 0 0.0181210042762183 0.0363690249375503 0 0 0 0.0181210042762183 0 0.0363690249375503 0.326262754562005 0.431135949870867 0.178331004699606 0.216562936618824 0 0 0 0 0 0 0 0 0 0 0 0 0 0 0 0 0 0.0886997756043863 0.195605233075067 0.251111393369745 0.523180490283247 0.711630466996909 0.739193022566578 0.765019687539693 0.94775392692324 0.921673229179897 1 1
0 0 0 0 0 0.0181210042762183 0 0 0 0 0 0 0 0 0 0 0 0 0 0 0 0 0 0 0 0 0 0 0 0 0 0 0 0.0181210042762183 0.0546170455988823 0 0 0 0 0 0 0 0.361573309623608 0.304839324272831 0.178331004699606 0.178331004699606 0 0 0 0.0181210042762183 0 0 0 0 0 0 0 0 0 0 0 0 0 0.0368347516829671 0.250815021804479 0.504382065286422 0.577585841906939 0.70337440196452 0.75481603793556 0.851263813031881 0.94775392692324 1 1 1
