data-raw/DATASET_PNE_1/DATASET_PNE/a_DATA/PFGS/ENVSUIT_A1B/HS_f15_P7_acer.asc
NCOLS 619 
NROWS 782 
XLLCORNER 876826 
YLLCORNER 1947424 
CELLSIZE 100 
NODATA_value -9999 
[rows 198 to 230 of 782, columns 73 to 145 of 619]
0.367140841670334 0.46027123555541 0.453840194270015 0.447353881783783 0.450744462199509 0.450744462199509 0.134664997458458 0.038254588842392 0.162839978933334 0.134793981909752 0.470221854746342 0.572123542428017 0.603725954890251 0.876280695199966 0.925904780626297 0.888608396053314 0.86710399389267 0.708981364965439 0.578351899981499 0.600224807858467 0.566079452633858 0.656206250190735 0.712003394961357 0.712003394961357 0.712003394961357 0.721309065818787 0.829052120447159 0.901157230138779 0.888829499483109 0.86710399389267 0.829144239425659 0.778948932886124 0.759139835834503 0.740233659744263 0.694184422492981 0.285177282989025 0.143970668315887 0 0 0.0188693143427372 0 0 0 0 0 0 0 0 0 0 0 0 0 0 0 0 0 0 0 0 0 0 0 0 0 0 0 0 0 0 0 0 0
0.264962762594223 0.395426388829947 0.432409521192312 0.407146019861102 0.397803497500718 0.36710399389267 0.0188693143427372 0.0658583343029022 0.0288567841053009 0.22667133808136 0.482568003237247 0.593738481402397 0.603725954890251 0.885623216629028 0.925904780626297 0.876280695199966 0.876280695199966 0.86710399389267 0.674854442477226 0.68720056116581 0.674854442477226 0.665511921048164 0.674854442477226 0.699528262019157 0.68720056116581 0.699528262019157 0.86710399389267 0.901157230138779 0.913429647684097 0.876280695199966 0.819746434688568 0.788844257593155 0.759139835834503 0.407754104584455 0.309998534619808 0.172329917550087 0 0 0 0.0188693143427372 0.00948993861675262 0 0 0 0 0 0 0 0 0 0 0 0 0 0 0 0 0 0 0 0 0 0 0 0 0 0 0 0 0 0 0 0
0 0.166949210688472 -9999 0.185155150480568 0.138460978865623 0.150825530290604 0.138460978865623 0.0282671190798283 0.00998746976256371 0.362976346164942 0.510208584368229 0.584432817995548 0.603725954890251 0.772628426551819 0.901083499193192 0.876280695199966 0.876280695199966 0.876280695199966 0.879652827978134 0.712003394961357 0.72149333357811 0.712003394961357 0.730799004435539 0.730799004435539 0.718471303582191 0.708981364965439 0.86710399389267 0.888829499483109 0.901157230138779 0.888847947120667 0.848529517650604 0.731056973338127 0.419694844633341 0.721677601337433 0.21108204126358 0.106084614992142 0 0 0 0.0188693143427372 0.0188693143427372 0.00948993861675262 0.00948993861675262 0 0 0 0.00948993861675262 0 0 0 0 0 0 0 0 0 0 0 0 0 0 0 0 0 0 0 0 0 0 0 0 0 0
0.0283961091190577 0.0843038242310286 -9999 -9999 -9999 -9999 0.0938121881335974 0.0658583343029022 0.0937384814023972 0.387945003807545 0.51951427012682 0.593738481402397 0.603725954890251 0.800545454025269 0.901083499193192 0.876280695199966 0.876280695199966 0.876280695199966 0.876280695199966 0.712003394961357 0.712003394961357 0.690185740590096 0.712003394961357 0.730799004435539 0.750644952058792 0.819064646959305 0.876280695199966 0.962722033262253 0.888829499483109 0.888847947120667 0.867011874914169 0.750866085290909 0.419731710106134 0.407367143779993 0.731056973338127 0.345949724316597 0.0972764790058136 0.038752119988203 0.038752119988203 0.0288567841053009 0.0188693143427372 0.0188693143427372 0.0188693143427372 0.00948993861675262 0.00948993861675262 0.0280459932982922 0 0 0 0 0 0 0 0 0 0 0 0 0 0 0 0 0 0 0 0 0 0 0 0 0 0 0
0.00948993861675262 0.0283961091190577 0.0843038242310286 0.0562209757044911 0.037701778113842 0.037701778113842 0.00948993861675262 0 0.0658583343029022 0.33074739575386 0.479490675032139 0.593738481402397 0.593738481402397 0.735958576202393 0.901175647974014 0.876280695199966 0.876280695199966 0.876280695199966 0.888829499483109 0.760208606719971 0.699528262019157 0.699528262019157 0.699528262019157 0.712003394961357 0.712003394961357 0.760208606719971 0.876280695199966 0.987653851509094 0.938177198171616 0.950744450092316 0.92608904838562 0.876280695199966 0.778948932886124 0.453674351796508 0.740233659744263 0.512696247547865 0.357872053980827 0.293174609541893 0.247254371643066 0.166193708777428 0.115832537412643 0.0288567841053009 0.0188693143427372 0.0188693143427372 0.0436168648302555 0.0188693143427372 0.00948993861675262 0 0 0 0 0 0 0 0 0 0 0 0 0 0 0 0 0 0 0 0 0 0 0 0 0 0
0 0 0 0 0 0 0 0.00948993861675262 0.0188693143427372 0.274765968322754 0.479490675032139 0.575163997709751 0.581410780549049 0.62193189561367 0.925996899604797 0.938232481479645 0.876280695199966 0.876280695199966 0.888829499483109 0.760208606719971 0.699528262019157 0.677858039736748 0.690185740590096 0.699528262019157 0.712003394961357 0.730799004435539 0.888645231723785 1 0.987653851509094 0.975289314985275 0.987653851509094 0.913724482059479 0.876280695199966 0.584469668567181 0.788844257593155 0.550490148365498 0.503537988290191 0.431967262178659 0.397987768054008 0.38274858891964 0.308911323547363 0.181193336844444 0.18106435239315 0.122263580560684 0.121323801577091 0.0436168648302555 0.00948993861675262 0 0.00948993861675262 0 0 0 0 0 0 0 0 0 0 0 0 0 0 0 0 0 0 0 0 0 0 0 0
-9999 0 0 0 0 0 0.00948993861675262 0.0188324619084597 0.037701778113842 0.14028525352478 0.491836823523045 0.575163997709751 0.593738481402397 0.603725954890251 0.950541764497757 0.95063391327858 0.888608396053314 0.876280695199966 0.876280695199966 0.760208606719971 0.668294385075569 0.699528262019157 0.677858039736748 0.690185740590096 0.72149333357811 0.740362644195557 0.86710399389267 0.975381433963776 0.987653851509094 0.876280695199966 0.975289314985275 1 0.950578600168228 0.699454560875893 0.594457142055035 0.769127279520035 0.515939420089126 0.506596896797419 0.444331828504801 0.481775645166636 0.361244186758995 0.392256960272789 0.258439600467682 0.258844986557961 0.0188693143427372 0.0623571909964085 0.00948993861675262 0.00948993861675262 0.00948993861675262 0 0 0 0 0 0 0 0 0 0 0 0 0 0 0 0 0 0 0 0 0 0 0 0
0 0 0 0 0 0 0.00948993861675262 0.00948993861675262 0.0283961091190577 0.0188693143427372 0.464564748108387 0.497899331152439 0.593738481402397 0.603725954890251 0.925996899604797 0.95063391327858 0.913374364376068 0.90119406580925 0.879652827978134 0.798850148916245 0.658914998173714 0.699528262019157 0.712003394961357 0.740067809820175 0.740362644195557 0.690185740590096 0.870144456624985 0.86710399389267 0.879652827978134 0.876280695199966 0.950449615716934 0.876280695199966 0.876280695199966 0.857835173606873 0.556902777403593 0.453674351796508 0.432004127651453 0.419786993414164 0.422624751925468 0.37675978243351 0.274507999420166 0.293174609541893 0.28740693628788 0.185578972101212 0.0288567841053009 0.0783334597945213 0.0188693143427372 0.00948993861675262 0 0 0 0 0 0 0 0 0 0 0 0 0 0 0 0 0 0 0 0 0 0 0 0 0
0 0 0 0 0 0 0 0 0.0283961091190577 0.0188693143427372 0.391188181936741 0.488796338438988 0.593738481402397 0.603725954890251 0.962851047515869 0.962851047515869 1 0.901120364665985 0.91366919875145 0.882324755191803 0.569267347455025 0.699454545974731 0.740067809820175 0.740067809820175 0.740362644195557 0.879652827978134 0.901212513446808 1 1 1 0.975289314985275 0.86710399389267 0.857835173606873 0.585151471197605 0.547504976391792 0.435302570462227 0.330286711454391 0.246959537267685 0.264944344758987 0.256117790937424 0.286780416965485 0.256117790937424 0.265681445598602 0.182538509368896 0.193410485982895 0.0933699384331703 0.0188693143427372 0.00948993861675262 0.00948993861675262 0 0 0 0 0 0 0 0 0 0 0 0 0 0 0 0 0 0 0 0 -9999 -9999 -9999 0
0 0 0 0 0 0 0 0 0 0.176015330478549 0.324777029454708 0.488796338438988 0.5844696611166 0.612847350537777 0.962851047515869 0.975289314985275 0.963109016418457 0.901120364665985 0.987653851509094 0.916857093572617 0.687126845121384 0.762327700853348 0.646366164088249 0.677858039736748 0.699528262019157 0.901120364665985 0.901212513446808 0.876280695199966 0.938232481479645 0.925996899604797 0.913429647684097 0.876280695199966 0.867011874914169 0.778948932886124 0.528211837634444 0.575163997709751 0.565655633807182 0.407367143779993 0.370365589857101 0.237690716981888 0.0579162687063217 0.097184345126152 0.106876984238625 0.0188693143427372 0.197667136788368 0.130500480532646 0.00948993861675262 0.00948993861675262 0.00948993861675262 0 0 0 0 0 0 0 0 0 0 0 0 0 0 0 0 0 0 0 0 0 -9999 -9999 0
0 0 0 0 0 0 0.0188324619084597 0 0 0.213256431743503 0.391188181936741 0.479490675032139 0.593738481402397 0.70273457467556 0.962851047515869 0.962851047515869 1 0.888645231723785 0.987653851509094 0.808358520269394 0.674412176012993 0.723114907741547 0.703987628221512 0.637060508131981 0.72149333357811 0.888645231723785 0.876280695199966 1 0.975289314985275 0.857835173606873 0.848529517650604 0.838652610778809 0.760263890028 0.731056973338127 0.731056973338127 0.407367143779993 0.419694844633341 0.397987768054008 0.385770633816719 0.283997938036919 0.274507999420166 0.29918184876442 0.219761177897453 0.0381624512374401 0.218010619282722 0.155505999922752 0.00948993861675262 0 0 0 0 0 0 0 0 0 0 0 0 0 0 0 0 0 0 0 0 0 0 0 -9999 -9999 0
0 0 0 0 0 0 0 0.00948993861675262 0.0938121881335974 0.377017762511969 0.372282017022371 0.491836823523045 0.593738481402397 0.711819127202034 0.950486481189728 0.962851047515869 0.938343018293381 1 0.962777316570282 0.749631464481354 0.733047097921371 0.790502697229385 0.829328507184982 0.593812212347984 0.833585172891617 0.888645231723785 0.975381433963776 0.975289314985275 0.962961584329605 0.829623341560364 0.838652610778809 0.741044446825981 0.731056973338127 0.721677601337433 0.721677601337433 0.317719474434853 0.357872053980827 0.357872053980827 0.630131945014 0.565637208521366 0.321589156985283 0.280165120959282 0.249152347445488 0.230485737323761 0.0188693143427372 0.152391836047173 0.0188693143427372 0 0 0 0 0 0 0 0 0 0 0 0 0 0 0 0 0 0 0 0 0 0 0 0 0 0
0 0 0 0 0 0 0 0.037701778113842 0.147895631380379 0.432409521192312 0.575163997709751 0.510282285511494 0.593738481402397 0.70273457467556 0.962851047515869 0.95063391327858 0.925757348537445 0.950633883476257 0.808358520269394 0.733047097921371 0.733047097921371 0.790502697229385 0.649719908833504 0.550361171364784 0.830544710159302 0.963053733110428 1 1 0.938269317150116 0.876280695199966 0.857706189155579 0.731056973338127 0.721677601337433 0.625948995351791 0.238888472318649 0.173251271247864 0.173251271247864 0.254072368144989 0.506560044363141 0.506560044363141 0.509342522360384 0.161771208047867 0.183515146374702 0.136802539229393 0.133633077144623 0.0311417412012815 0.0188693143427372 0 0 0 0 0 0 0 0 0 0 0 0 0 0 0 0 0 0 0 0 0 0 0 0 0 0
0.0840458478778601 0 0 0 0.00948993861675262 0 0 0.037701778113842 0.223207039758563 0.494711447507143 0.565655633807182 0.481720361858606 0.593738481402397 0.70273457467556 0.975326150655746 0.95063391327858 0.925757348537445 1 0.990823328495026 0.674412176012993 0.606139913201332 0.528414532542229 0.829328507184982 0.852859884500504 0.926033765077591 0.963053733110428 0.876280695199966 1 0.888829499483109 0.876280695199966 0.778948932886124 0.759139835834503 0.721677601337433 0.528064420446754 0.22280165553093 0.0866993442177773 0.0569027774035931 0.0471180081367493 0.435155154205859 0.277972297742963 0.290336834266782 0.277566879987717 0.0810422375798225 0.0906058847904205 0.0658583343029022 0.00948993861675262 0.00948993861675262 0 0 0 0 0 0 0 0 0 0 0 0 0 -9999 -9999 0 0 0 0 0 0 0 0 0 0 0
0.0188324609771371 0.077891206368804 0.0749060232192278 0.0655266437679529 0.0283961091190577 0 0.0188324619084597 0.129708116874099 0.432409521192312 0.546878453344107 0.575163997709751 0.575163997709751 0.603725954890251 0.819285780191422 0.95063391327858 0.962961584329605 0.96294316649437 1 0.86710399389267 0.599856272339821 0.513156935572624 0.528414532542229 1 0.852859884500504 0.987727582454681 0.876280695199966 0.876280695199966 1 0.975289314985275 0.876280695199966 0.778948932886124 0.759139835834503 0.740233659744263 0.528064420446754 0.114450506865978 0.0288567841053009 0.0188693143427372 0.00948993861675262 0.202808290719986 0.231056973338127 0.243532106280327 0.212371930480003 0.00948993861675262 0.00948993861675262 0.0188693143427372 0.00948993861675262 0 0 0 0 0 0 0 0 0 0 0 0 0 0 0 -9999 -9999 -9999 0 0 0 0 0 0 0 0 0
-9999 -9999 0.0938121881335974 0.106287313625216 0.0843038242310286 0.0938121881335974 0.204264026135206 0.413798175752163 0.438766859471798 0.556257832795382 0.64807990193367 0.80741873383522 0.70273457467556 0.950486481189728 0.95063391327858 0.950615465641022 0.96294316649437 1 0.631016448140144 0.525521501898766 0.513156935572624 0.674412176012993 0.990823328495026 0.941346645355225 0.963072150945663 0.925886332988739 0.86710399389267 0.975289314985275 0.962851047515869 0.888847947120667 0.867011874914169 0.759139835834503 0.740233659744263 0.565637208521366 0.185560554265976 0.0188693143427372 0 0 0.0915640890598297 0.00934252236038446 0.0188324619084597 0.0188324619084597 0.00934252236038446 0 0.00948993861675262 0.00948993861675262 0 0 0 0 0 0 0 0 0 0 0 0 0 0 0 0 -9999 -9999 -9999 0 0 0 0 0 0 0 0
-9999 -9999 0.00934252236038446 0.0652686655521393 0.194681955501437 0.386249713599682 0.460308101028204 0.546878453344107 0.556257832795382 0.575163997709751 0.712832614779472 0.876280695199966 0.935321003198624 0.962851047515869 0.975326150655746 0.950615465641022 0.950375914573669 1 0.621526494622231 0.503777548670769 0.494269177317619 0.838634192943573 0.93830618262291 1 1 0.975381433963776 0.975289314985275 0.925646781921387 0.925996899604797 0.950578600168228 0.867011874914169 0.759139835834503 0.740233659744263 0.546454630792141 0.210363388061523 0.0188693143427372 0 0 0 0 0 0 0 0 0 0.00948993861675262 0 0 0 0 0 0 0 0 0 0 0 0 0 0 0 0 0 -9999 -9999 -9999 0 0 0 0 0 0 0
0 0.0283961091190577 0.0188324619084597 0.120015479624271 0.3105328977108 0.416635958477855 0.546878453344107 0.575163997709751 0.575163997709751 0.685118302702904 0.798002511262894 0.888847947120667 0.962851047515869 0.95063391327858 0.938269317150116 0.925757348537445 1 0.629634410142899 0.60776150226593 0.607577234506607 0.485000386834145 0.838634192943573 1 1 1 0.900825530290604 0.962722033262253 0.962961584329605 0.876280695199966 0.888847947120667 0.857706189155579 0.759139835834503 0.731056973338127 0.537277955561876 0.234981939196587 0.0188693143427372 0 0.00948993861675262 0 0 0 0 0 0 0 0 0 0 0 0 0 0 0 0 0 0 0 0 0 0 0 0 0 0 -9999 -9999 0 0 0 0 0 0 0
0 0 0.0188324619084597 0.129505410790443 0.226542338728905 0.36710399389267 0.546878453344107 0.565655633807182 0.675775781273842 0.80741873383522 0.866403788328171 0.901120364665985 0.975289314985275 0.950541734695435 1 1 1 0.750958204269409 0.607577234506607 0.604721039533615 0.494269177317619 0.978606164455414 1 1 0.963016867637634 0.876280695199966 0.876280695199966 0.876280695199966 0.876280695199966 0.876280695199966 0.769127279520035 0.740233659744263 0.740233659744263 0.556202549487352 0.222709521651268 0.0188693143427372 0 0 0 0 0 0 0 0 0 0 0 0 0 0 0 0 0 0 0 0 0 0 0 0 0 0 0 0 0 0 0 0 0 0 0 0 0
0 0 0.0468416027724743 0.148448437452316 0.339113277383149 0.416635958477855 0.556257832795382 0.565305523574352 0.740233659744263 0.876280695199966 0.848529517650604 0.987653851509094 0.987653851509094 0.938195616006851 1 1 1 0.738630503416061 0.595212668180466 0.585298895835876 0.651378333568573 1 1 1 0.963016867637634 0.987653851509094 0.888829499483109 0.876280695199966 0.876280695199966 0.80741873383522 0.759139835834503 0.749631464481354 0.694147557020187 0.50016585085541 0.08859733492136 0.0188693143427372 0 0 0 0 0 0 0 0 0 0 0 0 0 0 0 0 0 0 0 0 0 0 0 0 0 0 0 0 0 0 0 0 0 0 0 0 0
0 0 0 0.11951794475317 0.236456111073494 0.46027123555541 0.556257832795382 0.575163997709751 0.722064569592476 0.857706189155579 0.876280695199966 0.975289314985275 0.987653851509094 0.925720512866974 1 1 1 0.595212668180466 0.547136425971985 0.487967118620872 0.906316787004471 1 1 1 0.987653851509094 0.962961584329605 0.876280695199966 0.876280695199966 0.769127279520035 0.731056973338127 0.721677601337433 0.694147557020187 0.537701778113842 0.509342522360384 0.0376096405088902 0.0436168648302555 0 0 0 0 0 0 0 0 0 0 0 0 0 0 0 0 0 0 0 0 0 0 0 0 0 0 0 0 0 0 0 0 0 0 0 0 0
0.037701778113842 0.0561104156076908 0.138460978865623 0.168884053826332 0 0.24633301794529 0.546878453344107 0.556257832795382 0.685118302702904 0.876280695199966 0.925996899604797 0.987653851509094 1 1 1 1 1 0.595212668180466 0.565710932016373 0.585298895835876 1 1 1 1 1 0.950744450092316 0.888847947120667 0.857706189155579 0.769127279520035 0.721677601337433 0.694000154733658 0.537701778113842 0.51883246190846 0.400512278079987 0.0313444398343563 0.0188693143427372 0.00948993861675262 0 0 0 0 0 0 0 0 0 0 0 0 0 0 0 0 0 0 0 0 0 0 0 0 0 0 0 0 0 0 0 0 0 0 0 0
0.112349821254611 0.147858768701553 0.245264247059822 0.273218095302582 0.216739147901535 0.329623341560364 0.456696404144168 0.546878453344107 0.685118302702904 0.876280695199966 0.913448065519333 1 1 1 1 1 0.617085576057434 0.595212668180466 0.565710932016373 0.679534912109375 1 1 0.987653851509094 1 1 0.975289314985275 0.888847947120667 0.80741873383522 0.759139835834503 0.721677601337433 0.528064420446754 0.363823980093002 0.332313716411591 0.231056973338127 0.0313444398343563 0.00948993861675262 0.00948993861675262 0 0 0 0 0 0 0 0 0 0 0 0 0 0 0 0 0 0 0 0 0 0 0 0 0 0 0 0 0 0 0 0 0 0 0 0
0.0283961091190577 0.120218180119991 0.348621666431427 0.357835173606873 0.537701778113842 0.556257832795382 0.556257832795382 0.593333087861538 0.722064569592476 0.876280695199966 0.925996899604797 1 1 1 1 1 0.585298895835876 0.617085576057434 0.585298895835876 1 1 1 1 1 1 0.987653851509094 0.876280695199966 0.769127279520035 0.740233659744263 0.721677601337433 0.51883246190846 0.354518324136734 0.344586133956909 0.221751302480698 0.00948993861675262 0 0 0 0 0 0 0 0 0 0 0 0 0 0 0 0 0 0 0 0 0 0 0 0 0 0 0 0 0 0 0 0 0 0 0 0 0 0
0.134112183004618 0.147858768701553 0.357835173606873 0.428871512413025 0.537701778113842 0.556257832795382 0.62972654402256 0.731185972690582 0.787701785564423 0.876280695199966 1 1 1 1 1 1 0.64511314034462 0.547136425971985 0.778580397367477 1 1 1 1 1 1 1 0.876280695199966 0.769127279520035 0.731056973338127 0.552535571157932 0.428982079960406 0.431138068437576 0.231056973338127 0.205940887331963 0.0771725475788116 0 0 0 0 0 0 0 0 0 0 0 0 0 0 0 0 0 0 0 0 0 0 0 0 0 0 0 0 0 0 0 0 0 0 0 0 0 0
0.140432666987181 0.256578456610441 0.472856935113668 0.525429360568523 0.525134526193142 0.610636100172997 0.749926298856735 0.787701785564423 0.876280695199966 0.987653851509094 1 1 1 1 1 1 0.750958204269409 0.435560550540686 0.987782865762711 1 1 1 1 1 1 1 0.888847947120667 0.769127279520035 0.721677601337433 0.528064420446754 0.506560044363141 0.452863574028015 0.165898874402046 0.0822215676307678 0.0915640890598297 0 0 0 0 0 0 0 0 0 0 0 0 0 0 0 0 0 0 0 0 0 0 0 0 0 0 0 0 0 0 0 0 0 0 0 0 0 0
0.0749060232192278 0.157182869501412 0.367140855640173 0.556257832795382 0.537701778113842 0.666175276041031 0.741044446825981 0.876280695199966 0.888847947120667 1 1 1 1 1 1 0.878676205873489 0.682280540466309 0.629615992307663 1 1 1 1 1 1 1 1 0.888847947120667 0.731056973338127 0.721677601337433 0.51883246190846 0.528138129040599 0.177839607000351 0 0 0.0733949989080429 0 0 0 0 0 0 0 0 0 0 0 0 0 0 0 0 0 0 0 0 0 0 0 0 0 0 0 0 0 0 0 0 0 0 0 0 0 0
0.0470811538398266 0.0926512852311134 0.185210433788598 0.525337215512991 0.556257832795382 0.740620627999306 0.769127279520035 0.876280695199966 0.888829499483109 1 1 0.975068181753159 1 1 1 0.97838506102562 0.682280540466309 0.561380565166473 1 1 1 1 1 1 0.987635433673859 0.938214063644409 0.857706189155579 0.759139835834503 0.611410036683083 0.51883246190846 0.471677601337433 0.0193299911916256 0 0 0 0 0 0 0 0 0 0 0 0 0 0 0 0 0 0 0 0 0 0 0 0 0 0 0 0 0 0 0 0 0 0 0 0 0 0 0 0 0
0.0470811538398266 0.138460978865623 0.245688065886497 0.534606035798788 0.575163997709751 0.731204390525818 0.888847947120667 0.876280695199966 1 1 0.962961584329605 0.925757348537445 1 1 1 1 0.894044369459152 0.682501643896103 1 1 1 1 1 1 0.963016867637634 0.888847947120667 0.769127279520035 0.759139835834503 0.602178081870079 0.509342522360384 0.34196949005127 0.00998746976256371 0 0 0 0 0 0 0 0 0 0 0 0 0 0 0 0 0 0 0 0 0 0 0 0 0 0 0 0 0 0 0 0 0 0 0 0 0 0 0 0 0
0.20466941408813 0.276737660169601 0.319746434688568 0.426199607551098 0.584211692214012 0.768408626317978 0.888847947120667 1 1 0.975326150655746 0.975326150655746 1 1 1 1 1 1 0.881698250770569 1 1 1 1 1 1 0.987653851509094 0.876280695199966 0.769127279520035 0.759139835834503 0.593167245388031 0.419897556304932 0.227205723524094 0.223686143755913 0.0460676625370979 0.0642736032605171 0 0 0 0 0 0 0 0 0 0 0 0 0 0 0 0 0 0 0 0 0 0 0 0 0 0 0 0 0 0 0 0 0 0 0 0 0 0 0
0.488225094974041 0.441530911251903 0.385752184316516 0.525429360568523 0.694258123636246 0.787701785564423 0.950578600168228 1 0.975326150655746 0.975326150655746 1 1 1 1 1 1 1 1 1 1 1 1 1 1 0.901120364665985 0.838652610778809 0.741044446825981 0.731056973338127 0.675702065229416 0.425536215305328 0.188508883118629 0.280054539442062 0.0822215676307678 0.0915640890598297 0 0 0 0 0 0 0 0 0 0 0 0 0 0 0 0 0 0 0 0 0 0 0 0 0 0 0 0 0 0 0 0 0 0 0 0 0 0 0
0.500737093389034 0.546878453344107 0.525134526193142 0.684952452778816 0.778285533189774 0.913429647684097 1 1 0.975326150655746 1 1 1 1 1 1 1 1 1 1 1 1 1 1 1 0.901120364665985 0.848529517650604 0.741044446825981 0.731056973338127 0.721677601337433 0.400880813598633 0.178816244006157 0.167907416820526 0.0822215676307678 0.0915640890598297 0.00934252236038446 0 0 0 0 0 0 0 0 0 0 0 0 0 0 0 0 0 0 0 0 0 0 0 0 0 0 0 0 0 0 0 0 0 0 0 0 0 0
0.556257832795382 0.565305523574352 0.749926298856735 0.80741873383522 0.901212513446808 0.987727582454681 1 0.962961584329605 1 0.962777316570282 1 0.950633883476257 1 1 1 1 1 1 1 1 1 1 1 1 0.925996899604797 0.953803360462189 0.741044446825981 0.731056973338127 0.721677601337433 0.363639712333679 0.139916703104973 0.177839607000351 0.100722342729568 0.100722342729568 0.073616124689579 0.00934252236038446 0 0 0 0 0 0 0 0 0 0 0 0 0 0 0 0.0123645607382059 0 0 0 0 0 0 0 0 0 0 0 0 0 0 0 0 0 0 0 0 0
