data-raw/DATASET_PNE_1/DATASET_PNE/a_DATA/PFGS/ENVSUIT_A1B/HS_f30_H9_NardStri.asc
NCOLS 619 
NROWS 782 
XLLCORNER 876826 
YLLCORNER 1947424 
CELLSIZE 100 
NODATA_value -9999 
[rows 392 to 419 of 782, columns 372 to 433 of 619]
0.776160818893754 0.933033236726892 1 1 1 1 0.910834309675033 1 0.955324659308133 1 1 1 1 1 1 1 0.932632422766233 0.910032681753715 0.776160818893754 -9999 -9999 -9999 -9999 0.699142874761053 0.679718813590676 0.776160818893754 0.717981130912006 0.776160818893754 0.756767589566504 0.718320281186409 -9999 1 0.95486218166122 0.798791391749399 0.820651168526855 1 0.977616081889375 1 1 1 1 1 1 1 1 1 1 1 0.776160818893754 0.776160818893754 0.977523586359993 1 1 0.977708577418758 1 0.776160818893754 0.776160818893754 0.776160818893754 0.888450391564408 1 1 1
0.776160818893754 0.776160818893754 0.977523586359993 0.977801072948141 1 1 0.977523586359993 0.955509650366899 0.977616081889375 0.95498550903373 0.95498550903373 1 1 0.932755750138743 0.977801072948141 1 0.977708577418758 0.798359745945613 0.977369427144355 0.776160818893754 -9999 -9999 -9999 -9999 0.679718813590676 0.698896220016033 0.737343528396128 0.776160818893754 0.717981130912006 0.679718813590676 -9999 -9999 -9999 0.955201331935623 1 1 1 1 1 1 1 1 1 1 1 1 1 0.821082814330641 0.776160818893754 0.955262995621878 1 1 0.977708577418758 1 0.843682555343159 0.776160818893754 0.910217672812481 0.865758155022507 1 1 1 1
0.776160818893754 0.888573718936918 0.977801072948141 0.977801072948141 1 1 1 1 0.955324659308133 0.95498550903373 0.865881482395018 0.910587654930012 1 0.977708577418758 -9999 0.842911759264969 0.843220077696245 1 1 1 -9999 -9999 -9999 -9999 0.641857310230006 0.661065548498489 0.776160818893754 0.776160818893754 0.776160818893754 0.737405192082383 0.763303940309552 0.977708577418758 -9999 0.955201331935623 0.955201331935623 0.955201331935623 1 0.932509095393723 1 1 1 1 1 1 1 1 0.776160818893754 0.776160818893754 0.932940741197509 1 0.977708577418758 0.977708577418758 0.977708577418758 1 0.776160818893754 1 0.910248504655608 1 1 1 1 1
0.798668064376889 0.798668064376889 0.977523586359993 1 0.776160818893754 1 1 1 0.955324659308133 0.798760559906271 0.866066473453783 0.955016340876858 1 1 -9999 0.932601590923105 0.977492754516865 1 1 0.977523586359993 -9999 -9999 -9999 -9999 0.623265708824074 0.679718813590676 0.776160818893754 -9999 0.737405192082383 0.776160818893754 0.888234568662515 0.980606770672751 0.843250909539372 1 0.843435900598138 0.910618486773139 0.977492754516865 0.980822593574644 0.977708577418758 1 1 1 1 1 1 0.776160818893754 0.776160818893754 1 1 0.977708577418758 1 1 1 1 1 1 0.977616081889375 1 1 1 1 1
1 0.88829623234877 0.88829623234877 1 0.933125732256274 0.932694086452488 1 1 1 1 0.932724918295616 0.865881482395018 0.820651168526855 1 1 1 1 1 0.776160818893754 0.798791391749399 -9999 -9999 -9999 -9999 0.660510575322193 0.679718813590676 0.843343405068755 0.776160818893754 0.776160818893754 -9999 -9999 0.776160818893754 -9999 -9999 0.798452241474995 0.932817413824998 0.977492754516865 0.932694086452488 1 1 1 1 1 1 1 1 1 1 0.977708577418758 0.977708577418758 1 1 1 1 1 1 0.977616081889375 1 1 1 1 1
1 1 1 0.933125732256274 0.955324659308133 0.932694086452488 1 1 1 0.95498550903373 0.977492754516865 0.955201331935623 -9999 0.798791391749399 1 1 1 0.843590059813776 0.955016340876858 -9999 -9999 -9999 -9999 -9999 0.679718813590676 0.717981130912006 0.776160818893754 0.776160818893754 -9999 -9999 0.776160818893754 1 -9999 -9999 -9999 0.933002404883764 1 0.95498550903373 0.933125732256274 1 1 1 1 1 1 1 1 1 1 1 1 1 1 1 1 1 0.977616081889375 1 1 1 1 1
0.91086514151816 1 1 1 1 1 0.977616081889375 1 1 0.977492754516865 -9999 -9999 -9999 -9999 -9999 -9999 0.798544737004378 0.88817290497626 -9999 -9999 -9999 -9999 -9999 -9999 0.679718813590676 0.717981130912006 0.776160818893754 0.624005673059136 0.624005673059136 0.718320281186409 -9999 -9999 -9999 -9999 -9999 0.955201331935623 1 1 0.865511500277487 0.910495159400629 0.933125732256274 0.955324659308133 0.977708577418758 1 1 1 1 1 1 0.977801072948141 1 1 1 1 0.977616081889375 0.977616081889375 1 1 1 1 1 1
0.910618486773139 1 0.821391132761917 -9999 1 1 1 0.955201331935623 0.955201331935623 0.977492754516865 -9999 -9999 -9999 -9999 -9999 -9999 0.776160818893754 0.702318554603194 -9999 -9999 -9999 -9999 -9999 -9999 0.661065548498489 0.737343528396128 0.776160818893754 0.604797434790652 0.624005673059136 -9999 -9999 -9999 -9999 -9999 -9999 0.798359745945613 0.82095948695813 0.865511500277487 0.865511500277487 0.843220077696245 0.887710427329346 0.932694086452488 0.910649318616267 0.888450391564408 0.888450391564408 1 1 1 1 1 1 1 1 1 0.932694086452488 0.977616081889375 1 1 1 1 1 1
-9999 -9999 0.798452241474995 -9999 -9999 1 1 1 0.977708577418758 0.955016340876858 1 -9999 -9999 -9999 -9999 -9999 -9999 0.702318554603194 0.776160818893754 -9999 -9999 -9999 -9999 -9999 0.679718813590676 0.776160818893754 0.776160818893754 0.660510575322193 -9999 -9999 -9999 -9999 -9999 0.798791391749399 0.977708577418758 0.798760559906271 0.843250909539372 0.824165998643399 0.76931614971943 0.865634827649997 0.798452241474995 0.821021150644386 0.798452241474995 0.955324659308133 0.955324659308133 1 -9999 1 0.977708577418758 1 1 1 1 1 0.955324659308133 1 1 1 1 1 1 1
-9999 -9999 0.776160818893754 0.798452241474995 -9999 -9999 -9999 1 1 0.776160818893754 1 -9999 -9999 -9999 -9999 1 -9999 0.756767589566504 0.737405192082383 0.776160818893754 -9999 -9999 -9999 0.776160818893754 0.776160818893754 0.717981130912006 0.641857310230006 0.776160818893754 -9999 -9999 -9999 -9999 -9999 0.776160818893754 0.910464327557502 1 1 0.91009434543997 0.798359745945613 0.82095948695813 0.843250909539372 0.820651168526855 0.776160818893754 0.95498550903373 0.933064068570019 -9999 -9999 1 0.933218227785657 1 1 1 1 1 0.977708577418758 1 1 1 1 1 1 1
-9999 0.776160818893754 0.977523586359993 0.843250909539372 -9999 -9999 -9999 -9999 -9999 1 -9999 -9999 -9999 -9999 1 0.763118949250786 0.756767589566504 0.776160818893754 0.776160818893754 0.717981130912006 -9999 0.776160818893754 0.776160818893754 0.776160818893754 0.661065548498489 0.585959178639699 -9999 0.776160818893754 0.820743664056237 -9999 -9999 0.776160818893754 0.776160818893754 -9999 -9999 0.910125177283098 1 1 0.932601590923105 0.977492754516865 1 1 1 0.887710427329346 0.955324659308133 -9999 -9999 1 0.977708577418758 1 1 1 1 1 1 1 1 1 1 1 1 0.865511500277487
-9999 -9999 1 1 -9999 -9999 -9999 -9999 -9999 1 -9999 -9999 -9999 -9999 -9999 0.699142874761053 0.776160818893754 0.776160818893754 0.776160818893754 0.776160818893754 0.717981130912006 0.776160818893754 0.679718813590676 0.776160818893754 0.776160818893754 0.865881482395018 -9999 -9999 0.798544737004378 0.843466732441265 -9999 -9999 -9999 -9999 -9999 0.932724918295616 0.977708577418758 1 0.977492754516865 1 1 1 1 0.820620336683727 0.910587654930012 -9999 -9999 1 0.977708577418758 1 1 1 1 1 1 1 1 1 1 1 0.977492754516865 1
1 -9999 1 1 -9999 -9999 -9999 -9999 -9999 -9999 -9999 -9999 -9999 -9999 -9999 0.776160818893754 0.756767589566504 0.776160818893754 0.776160818893754 0.776160818893754 0.776160818893754 -9999 0.776160818893754 0.798791391749399 0.798359745945613 0.776160818893754 -9999 -9999 0.776160818893754 -9999 0.776160818893754 -9999 -9999 0.798791391749399 0.776160818893754 1 1 1 1 1 1 1 1 0.798421409631868 0.910649318616267 -9999 -9999 0.977708577418758 1 1 1 1 1 1 1 1 1 1 1 1 0.958315348091509 0.718320281186409
1 -9999 0.955016340876858 1 1 -9999 -9999 -9999 0.977523586359993 -9999 -9999 -9999 0.798452241474995 0.776160818893754 0.776160818893754 -9999 0.776160818893754 0.776160818893754 0.798791391749399 0.776160818893754 0.776160818893754 0.887957082074367 0.821082814330641 0.843035086637479 0.843035086637479 0.977708577418758 -9999 -9999 0.776160818893754 0.821082814330641 0.738114324474317 0.776160818893754 0.776160818893754 -9999 -9999 1 0.865881482395018 1 1 1 1 1 0.977492754516865 0.887710427329346 -9999 -9999 -9999 1 1 1 1 1 0.955324659308133 1 1 1 1 0.977492754516865 0.910433495714374 0.897237466855769 0.718320281186409 0.699142874761053
0.737405192082383 0.776160818893754 -9999 0.776160818893754 0.776160818893754 -9999 -9999 -9999 0.776160818893754 -9999 -9999 -9999 0.776160818893754 0.756767589566504 0.756767589566504 0.69880372448665 0.776160818893754 0.776160818893754 0.821082814330641 0.776160818893754 0.932755750138743 0.933033236726892 0.910525991243757 0.843250909539372 0.865634827649997 0.977708577418758 0.977708577418758 0.932755750138743 0.932755750138743 0.843466732441265 0.698896220016033 0.776160818893754 -9999 -9999 -9999 1 1 1 0.821051982487513 0.865634827649997 1 1 0.955201331935623 1 0.866189800826293 -9999 -9999 1 0.977708577418758 1 1 1 0.910186840969353 1 1 1 1 0.977492754516865 0.977708577418758 0.776160818893754 0.776160818893754 0.8659739779244
0.737405192082383 0.776160818893754 -9999 -9999 -9999 0.679718813590676 0.679718813590676 0.756767589566504 -9999 -9999 -9999 -9999 0.717981130912006 -9999 -9999 -9999 0.776160818893754 0.756767589566504 0.798791391749399 0.843374236911883 0.798359745945613 0.977523586359993 0.888265400505642 0.798359745945613 0.776160818893754 0.82095948695813 0.798359745945613 0.887864586544984 0.932755750138743 0.843466732441265 0.776160818893754 -9999 -9999 0.776160818893754 0.82095948695813 1 1 0.955201331935623 1 1 1 1 0.910186840969353 0.932694086452488 0.955324659308133 1 -9999 1 1 1 1 0.955324659308133 0.910186840969353 1 1 1 0.932817413824998 1 0.955417154837516 0.776160818893754 0.776160818893754 0.932755750138743
0.679718813590676 0.679718813590676 0.680736264413887 -9999 0.679718813590676 0.661065548498489 0.679718813590676 0.69880372448665 0.699327865819819 -9999 -9999 -9999 0.776160818893754 -9999 -9999 0.776160818893754 0.776160818893754 0.679718813590676 0.798791391749399 0.843374236911883 0.955262995621878 0.977523586359993 0.977523586359993 0.932632422766233 0.820651168526855 0.798791391749399 1 0.910125177283098 0.93241659986434 0.821082814330641 0.776160818893754 0.798452241474995 0.798544737004378 0.8432817413825 0.865542332120614 1 1 0.821082814330641 1 1 0.933156564099402 1 0.776160818893754 0.955324659308133 -9999 -9999 -9999 1 1 1 1 0.977708577418758 0.910186840969353 1 1 1 0.977492754516865 1 0.843590059813776 0.821051982487513 0.865665659493125 0.932755750138743
0.585959178639699 0.604427452673121 0.642227292347537 0.661065548498489 0.661065548498489 0.604427452673121 0.661065548498489 0.679718813590676 0.661065548498489 0.661065548498489 -9999 -9999 0.776160818893754 0.679718813590676 0.69880372448665 0.737405192082383 0.776160818893754 0.756767589566504 0.798791391749399 0.910464327557502 1 1 0.977523586359993 1 1 1 0.955232163778751 -9999 0.887864586544984 0.798791391749399 0.756767589566504 0.776160818893754 0.776160818893754 0.776160818893754 0.932724918295616 0.798791391749399 0.977708577418758 0.955447986680644 1 1 1 0.932385768021212 0.776160818893754 -9999 -9999 -9999 1 1 1 1 1 0.910186840969353 0.932478263550595 1 1 1 1 0.888203736819387 0.821391132761917 0.776160818893754 0.865758155022507 0.8432817413825
0.585959178639699 0.642227292347537 0.642227292347537 0.642227292347537 0.642227292347537 0.679718813590676 0.642227292347537 0.642227292347537 0.661065548498489 0.623019054079053 0.776160818893754 0.776160818893754 0.641857310230006 0.776160818893754 0.756767589566504 0.776160818893754 0.721341801812912 0.874853548745144 0.887957082074367 1 1 0.977492754516865 0.932786581981871 0.910310168341864 0.955232163778751 1 -9999 -9999 0.8432817413825 0.798791391749399 0.679718813590676 0.910156009126226 -9999 0.798791391749399 0.977708577418758 0.8432817413825 0.910464327557502 1 1 1 1 0.776160818893754 0.82071283221311 -9999 -9999 -9999 1 1 1 1 0.798421409631868 0.776160818893754 1 1 1 1 1 0.933033236726892 0.798791391749399 0.756767589566504 0.910371832028119 0.887957082074367
0.585959178639699 0.776160818893754 0.737343528396128 0.776160818893754 0.776160818893754 0.776160818893754 0.776160818893754 0.776160818893754 0.776160818893754 0.756767589566504 0.641857310230006 0.660510575322193 0.679718813590676 1 1 0.955324659308133 0.821267805389406 0.82095948695813 0.82095948695813 1 1 1 0.865665659493125 1 0.977616081889375 0.977708577418758 0.932724918295616 0.932971573040636 0.82095948695813 0.798791391749399 0.660510575322193 0.843035086637479 0.910433495714374 -9999 0.888142073133132 0.8432817413825 1 0.977708577418758 0.977616081889375 1 1 0.776160818893754 -9999 -9999 -9999 -9999 1 1 1 0.977523586359993 0.776160818893754 1 1 1 1 1 1 0.756767589566504 0.776160818893754 0.88817290497626 0.910156009126226 0.932755750138743
0.642227292347537 0.737343528396128 0.604427452673121 0.641857310230006 0.641857310230006 0.604427452673121 0.604427452673121 0.661065548498489 0.642227292347537 0.737343528396128 0.641857310230006 0.737405192082383 0.977616081889375 0.955232163778751 0.910310168341864 0.82095948695813 0.82095948695813 0.776160818893754 0.798359745945613 1 1 0.843682555343159 1 1 1 0.977616081889375 1 0.843435900598138 0.820651168526855 0.776160818893754 0.679718813590676 0.798452241474995 0.887864586544984 0.910125177283098 0.910464327557502 0.955139668249368 1 1 1 1 0.932817413824998 0.776160818893754 -9999 -9999 -9999 0.977492754516865 1 1 1 1 0.776160818893754 1 1 1 1 1 0.86572732317938 0.776160818893754 0.798452241474995 0.888142073133132 0.821051982487513 0.932724918295616
0.717981130912006 0.776160818893754 0.604427452673121 -9999 0.717981130912006 0.69880372448665 -9999 0.661065548498489 0.679718813590676 0.776160818893754 0.679718813590676 0.776160818893754 0.977708577418758 0.82095948695813 1 1 1 0.977708577418758 0.977708577418758 0.910803477831905 0.843250909539372 0.843250909539372 1 1 1 0.843250909539372 0.977523586359993 1 0.820651168526855 0.798452241474995 0.756767589566504 0.865758155022507 0.910433495714374 0.887864586544984 0.820651168526855 1 0.977616081889375 0.977708577418758 1 0.888357896035025 0.955201331935623 0.776160818893754 -9999 -9999 0.932570759079978 1 1 1 1 1 0.842911759264969 1 1 0.977708577418758 1 0.955417154837516 0.933033236726892 0.888265400505642 0.910371832028119 0.932724918295616 1 1
0.661065548498489 0.776160818893754 0.604427452673121 -9999 -9999 -9999 -9999 0.699142874761053 0.679718813590676 0.737405192082383 0.699142874761053 0.776160818893754 0.810692483196646 0.798359745945613 1 1 1 0.977492754516865 1 1 0.955201331935623 1 1 1 1 0.977708577418758 0.798791391749399 0.843250909539372 0.865665659493125 0.776160818893754 0.821082814330641 0.8432817413825 0.843466732441265 0.932724918295616 0.798359745945613 0.955262995621878 0.977708577418758 1 1 1 0.866158968983166 0.798760559906271 0.776160818893754 0.910279336498736 0.887895418388111 0.977801072948141 0.955540482210027 0.955540482210027 1 1 0.932724918295616 1 0.955201331935623 1 0.977708577418758 0.933033236726892 0.843590059813776 0.977523586359993 0.910341000184991 1 1 1
0.776160818893754 0.737343528396128 0.69880372448665 0.679718813590676 -9999 -9999 -9999 -9999 -9999 0.699142874761053 0.699142874761053 0.955139668249368 0.900505642227292 0.776160818893754 1 0.977708577418758 1 0.955293827465006 0.91074181414565 0.933002404883764 0.977492754516865 0.955016340876858 0.955016340876858 0.977492754516865 1 1 0.798359745945613 0.910464327557502 0.798791391749399 0.699142874761053 0.82083615958562 0.821082814330641 0.932755750138743 1 1 0.820651168526855 0.932848245668126 0.932848245668126 1 1 0.888388727878153 1 0.955201331935623 1 0.977801072948141 1 0.843312573225627 0.977492754516865 1 1 1 0.977708577418758 0.932817413824998 1 0.86572732317938 0.977708577418758 0.843189245853117 0.955139668249368 1 1 1 1
0.69880372448665 0.679718813590676 0.737405192082383 0.776160818893754 -9999 -9999 -9999 0.843374236911883 -9999 -9999 0.887957082074367 0.865419004748104 0.776160818893754 0.776160818893754 0.887987913917494 0.932724918295616 0.932724918295616 0.977523586359993 0.977492754516865 0.932385768021212 0.865295677375594 0.887494604427453 0.932385768021212 0.977492754516865 0.955201331935623 0.955324659308133 0.798359745945613 0.932940741197509 0.776160818893754 0.776160818893754 0.865758155022507 0.865665659493125 0.932755750138743 1 1 0.932848245668126 0.977708577418758 1 1 1 1 1 1 1 1 1 1 0.955293827465006 1 1 1 0.932817413824998 0.977708577418758 0.955078004563113 0.843528396127521 1 0.910772645988777 1 1 1 1 1
0.776160818893754 0.679718813590676 0.776160818893754 0.776160818893754 0.776160818893754 0.776160818893754 -9999 0.955262995621878 0.910464327557502 1 1 0.865603995806869 0.798359745945613 0.776160818893754 0.821021150644386 0.977492754516865 0.843312573225627 0.776160818893754 0.776160818893754 0.776160818893754 0.776160818893754 0.776160818893754 0.977492754516865 0.977492754516865 0.955201331935623 0.865881482395018 0.798359745945613 0.910310168341864 0.932848245668126 0.977616081889375 0.776160818893754 0.820651168526855 0.888142073133132 0.776160818893754 0.932724918295616 1 0.865881482395018 1 1 0.977616081889375 0.888357896035025 1 1 1 1 1 1 1 1 1 1 0.910186840969353 1 0.932786581981871 0.933033236726892 0.977708577418758 1 1 1 1 1 0.865881482395018
0.756767589566504 0.776160818893754 0.776160818893754 0.776160818893754 0.776160818893754 0.776160818893754 0.776160818893754 0.977739409261886 1 1 1 0.977708577418758 0.776160818893754 0.776160818893754 0.821021150644386 1 1 1 0.910834309675033 0.888203736819387 0.93331072331504 0.776160818893754 0.776160818893754 0.888357896035025 0.932940741197509 0.955016340876858 0.798359745945613 0.798359745945613 0.910310168341864 1 0.887987913917494 0.910371832028119 0.977492754516865 1 0.932724918295616 1 1 1 1 1 1 1 0.955139668249368 0.91074181414565 1 1 1 1 1 0.977492754516865 0.977708577418758 1 1 0.910834309675033 1 0.955232163778751 1 1 1 1 1 1
0.776160818893754 0.776160818893754 0.82095948695813 0.910464327557502 0.776160818893754 0.776160818893754 0.776160818893754 1 1 1 1 0.977708577418758 0.88740210889807 0.932724918295616 0.977523586359993 1 1 1 1 1 1 0.977523586359993 0.977523586359993 0.932940741197509 0.865511500277487 0.798359745945613 0.955324659308133 0.977492754516865 0.887926250231239 1 1 1 0.977492754516865 0.977523586359993 0.932724918295616 -9999 -9999 -9999 1 1 1 0.977523586359993 0.977708577418758 0.955201331935623 1 1 1 1 1 1 1 1 0.866004809767528 0.955417154837516 1 1 1 1 1 1 1 1
