data-raw/DATASET_PNE_1/DATASET_PNE/a_DATA/PFGS/ENVSUIT_A1B/HS_f30_H8_notgraz.asc
NCOLS 619 
NROWS 782 
XLLCORNER 876826 
YLLCORNER 1947424 
CELLSIZE 100 
NODATA_value -9999 
[rows 145 to 173 of 782, columns 256 to 319 of 619]
0 0 0 0 0 0 0 0 0 0 0 0 0 0 0 0 0 0 0 0 0 0 0 0 0 0 0 0 0 0 0 0 0 0 0 0 0 0 0 0 0 0 0 0 0 0 0 0 0 0 0 0 0 0 0 0 0 0 0 0 0 0 0 0
0 0 0 0 0 0 0 0 0 0 0 0 0 0 0 0 0 0 0 0 0 0 0 0 0 0 0 0 0 0 0 0 0 0 0 0 0 0 0 0 0 0 0 0 0 0 0 0 0 0 0 0 0 0 0 0 0 0 0 0 0 0 0.0195000132833878 0
0 0 0 0 0 0 0 0 0 0 0 0 0 0 0 0 0 0 0 0 0 0 0 0 0 0 0 0 0 0 0 0 0 0 0 0 0 0 0 0 0 0 0 0 0 0 0 0 0 0 0 0 0 0 0 0 0 0 0.0195000132833878 0.038309290401424 0 0 0.0195000132833878 0.0578093036848118
0 0 0 0 0 0 0 0 0 0 0 0 0 0 0 0 0 0 0 0 0 0 0 0 0 0 0 0 0 0 0 0 0 0 0 0 0 0 0 0 0 0 0 0 0 0 0 0 0 0.0195000132833878 0.0195000132833878 0.0195000132833878 0 0 0 0 0 0.038309290401424 0.038309290401424 0.0770170824367047 0.116734411944422 0.155548471082065 0.194096862463803 0.193007624664594
0 0 0 0 0 0 0 0 0 0 0 0 0 0 0 0 0 0 0 0 0 0 0 0 0 0 0 0 0 0 0 0 0 0 0 0 0 0 0 0 0 0 0 0 0 0 0 0 0.0195000132833878 0.0390000265667756 0.0578093036848118 0.0578093036848118 0.0195000132833878 0.0195000132833878 0 0 0 0.038309290401424 0.0770170824367047 0.231821683802237 0.371244122100901 0.467070481655641 0.506973778592492 0.507026912143673
0 0.038309290401424 0.038309290401424 0 0 0 0 0 0 0 0 0 0 0 0 0 0 0.0195000132833878 0.0195000132833878 0.0390000265667756 0.0578093036848118 0.0387077920352807 0.0195000132833878 0 0 0 0 0 0 0 0 0 0 0 0 0 0 0 0 0 0 0 0 0 0 0.0195000132833878 0.0770170824367047 0.0963576950665498 0.154459233282856 0.193007624664594 0.193007624664594 0.115645174145214 0.0770170824367047 0.0578093036848118 0 0.0195000132833878 0.0578093036848118 0.0770170824367047 0.231821683802237 0.34977816742382 0.506973778592492 0.68651204803273 0.68651204803273 0.68651204803273
0.038309290401424 0.038309290401424 0.038309290401424 0.038309290401424 0.038309290401424 0 0 0 0 0 0 0 0 0 0.0195000132833878 0.0387077920352807 0.252410934884833 0.290693658510667 0.271007677798146 0.193007624664594 0.193007624664594 0.271007677798146 0.193007624664594 0.0770170824367047 0 0 0 0 0 0 0 0 0 0 0 0 0 0 0 0 0 0 0 0 0 0.0770170824367047 0.251321697085625 0.447836136128158 0.467070481655641 0.44735793416753 0.428123588640047 0.271007677798146 0.193007624664594 0.0963576950665498 0.0770170824367047 0.0770170824367047 0.154459233282856 0.251321697085625 0.408862676336973 0.506442443080683 0.68651204803273 0.707048165564146 0.830769639488855 0.727185781461704
0.038309290401424 0.038309290401424 0.038309290401424 0.038309290401424 0.038309290401424 0 0 0 0 0 0 0 0 0.0387077920352807 0.251321697085625 0.467070481655641 0.52647379187588 0.567174092080444 0.52647379187588 0.486995563348476 0.486995563348476 0.52647379187588 0.486995563348476 0.193007624664594 0.0195000132833878 0 0.0195000132833878 0 0 0.0390000265667756 0 0 0 0 0 0 0 0 0 0 0 0 0.0195000132833878 0.038309290401424 0.0963576950665498 0.271007677798146 0.44735793416753 0.606253818973991 0.606253818973991 0.586913206344146 0.506442443080683 0.44735793416753 0.330198453813661 0.271007677798146 0.193007624664594 0.251321697085625 0.271007677798146 0.408862676336973 0.506442443080683 0.68651204803273 0.68651204803273 0.788023697563827 0.894078265720889 0.788023697563827
0.212667038601525 0.212667038601525 0.0770170824367047 0.038309290401424 0.038309290401424 0 0 0 0 0 0 0 0.0387077920352807 0.251321697085625 0.44735793416753 0.566270821710369 0.707048165564146 0.727185781461704 0.68651204803273 0.667171435402885 0.667171435402885 0.667171435402885 0.526659759305013 0.447836136128158 0.154459233282856 0.0387077920352807 0.0770170824367047 0.0770170824367047 0.135145187428602 0.193007624664594 0.0770170824367047 0 0 0 0 0 0 0 0 0 0 0 0.0195000132833878 0.0770170824367047 0.251321697085625 0.44735793416753 0.567174092080444 0.68651204803273 0.68651204803273 0.68651204803273 0.68651204803273 0.526659759305013 0.44735793416753 0.44735793416753 0.389176695624452 0.389176695624452 0.486995563348476 0.486995563348476 0.666772933769028 0.68651204803273 0.788023697563827 0.915650487500332 0.91495975133498 0.894317366701203
0.467176748758003 0.427778220557371 0.0963576950665498 0.038309290401424 0.038309290401424 0 0 0 0 0 0 0.038309290401424 0.0770170824367047 0.34977816742382 0.547142743285247 0.68651204803273 0.767673547461545 0.851916792858851 0.915597353949151 0.93634600568529 0.767673547461545 0.68651204803273 0.68651204803273 0.466804813899737 0.428548657049494 0.29090619271539 0.271007677798146 0.271007677798146 0.389176695624452 0.44735793416753 0.271007677798146 0.0195000132833878 0 0 0 0 0 0 0 0 0 0 0.0775484179485136 0.251321697085625 0.34977816742382 0.44735793416753 0.68651204803273 0.788023697563827 0.788023697563827 0.788023697563827 0.727185781461704 0.68651204803273 0.526659759305013 0.567174092080444 0.526659759305013 0.526659759305013 0.567174092080444 0.666772933769028 0.68651204803273 0.767832948115087 0.830557105284132 0.893971998618528 0.978640312425281 0.978640312425281
0.467176748758003 0.447464201269892 0.115645174145214 0.0578093036848118 0.038309290401424 0 0 0 0 0 0 0.038309290401424 0.0770170824367047 0.44735793416753 0.68651204803273 0.767673547461545 0.915331686193247 0.957413458728514 1 1 0.978746579527643 0.936585106665604 0.727185781461704 0.667171435402885 0.527244228368003 0.487526898860285 0.44735793416753 0.506442443080683 0.567174092080444 0.547142743285247 0.44735793416753 0.135437421960097 0 0 0 0 0 0 0 0 0 0.135145187428602 0.330198453813661 0.44735793416753 0.44735793416753 0.547142743285247 0.707048165564146 0.788023697563827 0.809170850933822 0.809170850933822 0.894237666374432 0.727185781461704 0.68651204803273 0.68651204803273 0.68651204803273 0.68651204803273 0.68651204803273 0.707048165564146 0.767832948115087 0.788023697563827 0.788023697563827 0.978640312425281 1 1
0.526367524773518 0.467176748758003 0.135145187428602 0.0578093036848118 0.038309290401424 0 0 0 0 0 0.038309290401424 0.0578093036848118 0.115645174145214 0.486995563348476 0.68651204803273 0.873249913657979 0.978746579527643 1 1 0.978666879200871 0.978640312425281 1 1 0.747482798012805 0.647432321139183 0.567174092080444 0.666772933769028 0.68651204803273 0.68651204803273 0.68651204803273 0.547142743285247 0.369464148136341 0.0387077920352807 0 0 0 0 0.0195000132833878 0.038309290401424 0.038309290401424 0.0963576950665498 0.271007677798146 0.44735793416753 0.486729895592572 0.526659759305013 0.68651204803273 0.767832948115087 0.936664806992375 0.915650487500332 0.936425706012061 0.95775882681119 0.788023697563827 0.727185781461704 0.707048165564146 0.727185781461704 0.727185781461704 0.767832948115087 0.788023697563827 0.894078265720889 0.788023697563827 0.788023697563827 1 1 0.957865093913552
0.545814404505725 0.467176748758003 0.369623548789883 0.0770170824367047 0.038309290401424 0.0188092771180362 0 0 0 0 0.038309290401424 0.0963576950665498 0.271007677798146 0.567174092080444 0.68651204803273 0.894343933476794 0.95775882681119 1 1 1 1 1 1 0.978746579527643 0.727185781461704 0.68651204803273 0.727185781461704 0.788023697563827 0.767673547461545 0.68651204803273 0.586488137934699 0.44735793416753 0.173746712361521 0.0195000132833878 0.038309290401424 0.0195000132833878 0.038309290401424 0.038309290401424 0.038309290401424 0.0770170824367047 0.251321697085625 0.427671953455009 0.526659759305013 0.666480699237534 0.68651204803273 0.727185781461704 0.872877978799713 0.957413458728514 0.893706330862623 1 0.915305119417656 0.894317366701203 0.788023697563827 0.788023697563827 0.788023697563827 0.788023697563827 0.809170850933822 0.957652559708828 0.957652559708828 0.936399139236471 -9999 -9999 1 0.957865093913552
0.586514704710289 0.526367524773518 0.427778220557371 0.271671847187907 0.038309290401424 0.038309290401424 0.0188092771180362 0 0 0 0.115645174145214 0.271007677798146 0.427671953455009 0.627400972343987 0.727185781461704 0.915597353949151 1 0.978666879200871 1 1 0.936717940543556 1 1 1 1 0.767832948115087 0.915597353949151 1 0.936585106665604 0.727185781461704 0.68651204803273 0.486995563348476 0.251321697085625 0.0963576950665498 0.0578093036848118 0.038309290401424 0.038309290401424 0.038309290401424 0.0770170824367047 0.251321697085625 0.44735793416753 0.506442443080683 0.68651204803273 0.727185781461704 0.747482798012805 0.788023697563827 0.95775882681119 0.936399139236471 0.978640312425281 1 1 0.893971998618528 0.894317366701203 0.809170850933822 0.915650487500332 0.915305119417656 0.915305119417656 0.957572859382057 0.893679764087033 0.978640312425281 -9999 -9999 -9999 0.872904545575304
0.666772933769028 0.526367524773518 0.467176748758003 0.408437607927526 0.212667038601525 0.038309290401424 0.038309290401424 0.038309290401424 0.038309290401424 0.0770170824367047 0.251321697085625 0.408437607927526 0.486995563348476 0.647432321139183 0.727185781461704 0.936585106665604 1 1 0.957652559708828 1 1 0.978852846630004 0.978666879200871 1 1 1 1 1 1 0.767673547461545 0.68651204803273 0.54669110810021 0.388618793337053 0.251321697085625 0.135145187428602 0.0770170824367047 0.0770170824367047 0.0770170824367047 0.193007624664594 0.408437607927526 0.506442443080683 0.68651204803273 0.727185781461704 0.788023697563827 0.872931112350894 0.873063946228846 0.893971998618528 0.978640312425281 1 1 1 1 0.915066018437342 0.893971998618528 1 0.957652559708828 1 1 -9999 -9999 -9999 -9999 -9999 -9999
0.666772933769028 0.566031720730055 0.526367524773518 0.467176748758003 0.408437607927526 0.0770170824367047 0.0578093036848118 0.038309290401424 0.0578093036848118 0.231954517680189 0.408437607927526 0.44735793416753 0.567174092080444 0.667171435402885 0.811561860736962 0.936585106665604 1 1 1 0.978852846630004 0.936717940543556 0.936452272787652 0.978852846630004 1 1 1 1 1 1 0.809170850933822 0.68651204803273 0.526659759305013 0.467070481655641 0.369464148136341 0.271007677798146 0.251321697085625 0.251321697085625 0.251321697085625 0.349884434526182 0.486995563348476 0.68651204803273 0.727185781461704 0.788023697563827 0.894317366701203 0.957572859382057 0.893679764087033 0.978640312425281 1 1 0.979012247283547 1 1 1 1 -9999 1 1 1 1 -9999 -9999 -9999 -9999 -9999
0.627108737812492 0.606997688690524 0.586514704710289 0.526367524773518 0.4872080975532 0.408437607927526 0.193007624664594 0.115645174145214 0.193007624664594 0.34977816742382 0.44735793416753 0.547142743285247 0.647432321139183 0.727185781461704 0.873249913657979 1 1 1 0.978852846630004 1 0.936452272787652 1 0.978852846630004 1 0.978852846630004 1 1 0.978640312425281 0.978746579527643 0.93634600568529 0.68651204803273 0.627400972343987 0.487022130124067 0.486995563348476 0.467070481655641 0.408437607927526 0.467070481655641 0.486995563348476 0.486995563348476 0.666772933769028 0.727185781461704 0.788023697563827 0.851704258654127 1 1 1 0.979012247283547 1 1 0.936478839563242 1 0.978666879200871 0.957519725830876 0.978666879200871 -9999 -9999 1 0.979012247283547 1 0.957865093913552 -9999 -9999 -9999 -9999
0.526367524773518 0.586514704710289 0.667995005446189 0.606997688690524 0.526367524773518 0.467176748758003 0.290587391408305 0.251321697085625 0.271007677798146 0.427671953455009 0.547142743285247 0.647432321139183 0.68651204803273 0.767832948115087 0.957599426157647 1 1 1 1 0.978852846630004 0.957599426157647 1 1 1 1 1 1 0.978640312425281 0.957386891952924 0.978746579527643 0.727185781461704 0.68651204803273 0.647432321139183 0.567174092080444 0.547142743285247 0.46757525039186 0.527695863553041 0.567174092080444 0.627400972343987 0.727185781461704 0.788023697563827 0.872957679126484 0.978640312425281 1 1 0.979012247283547 0.979012247283547 1 1 0.957386891952924 1 0.936452272787652 -9999 -9999 -9999 -9999 -9999 0.979012247283547 0.979012247283547 -9999 -9999 -9999 -9999 -9999
0.467176748758003 0.526367524773518 0.566031720730055 0.606997688690524 0.546584840997848 0.526367524773518 0.526367524773518 0.428123588640047 0.427671953455009 0.46757525039186 0.628118275284929 0.707048165564146 0.727185781461704 0.957599426157647 0.957652559708828 1 1 1 1 0.936452272787652 1 1 1 1 1 0.936213171807338 1 1 0.978640312425281 0.978746579527643 0.894264233150023 0.767832948115087 0.68651204803273 0.666772933769028 0.666772933769028 0.666772933769028 0.666772933769028 0.68651204803273 0.68651204803273 0.830557105284132 0.872957679126484 0.936399139236471 1 1 1 0.936478839563242 1 1 0.957386891952924 0.957386891952924 1 -9999 -9999 -9999 -9999 -9999 -9999 -9999 -9999 -9999 -9999 -9999 -9999 -9999
0.408411041151935 0.34977816742382 0.526367524773518 0.566031720730055 0.606997688690524 0.566031720730055 0.44735793416753 0.46757525039186 0.507212879572806 0.628118275284929 0.688159188119338 0.727185781461704 0.89410483249648 0.978746579527643 0.978640312425281 1 1 1 0.978852846630004 0.978852846630004 1 1 0.978852846630004 0.957466592279695 1 0.872745144921761 0.978852846630004 1 0.978640312425281 0.915305119417656 1 0.788023697563827 0.767832948115087 0.707048165564146 0.727185781461704 0.727185781461704 0.727185781461704 0.767832948115087 0.788023697563827 0.894397067027975 0.936399139236471 1 1 0.957865093913552 0.957865093913552 0.957865093913552 1 1 0.957386891952924 0.978640312425281 1 -9999 -9999 -9999 -9999 -9999 -9999 -9999 -9999 -9999 -9999 -9999 -9999 -9999
0.135145187428602 0.251321697085625 0.467176748758003 0.526367524773518 0.546584840997848 0.627108737812492 0.608086926489732 0.608086926489732 0.628118275284929 0.647432321139183 0.727238915012885 0.851757392205308 0.957599426157647 0.915039451661752 1 1 1 1 0.978852846630004 1 1 0.957705693260009 0.80903801705587 0.936213171807338 0.9363194389097 0.893812597964985 0.979012247283547 1 1 0.936399139236471 0.978905980181185 0.978905980181185 0.788023697563827 0.788023697563827 0.788023697563827 0.788023697563827 0.788023697563827 0.830557105284132 0.830318004303818 0.915305119417656 1 1 1 0.872798278472942 -9999 0.979012247283547 0.978640312425281 0.957386891952924 0.978640312425281 0.957386891952924 -9999 -9999 -9999 -9999 -9999 -9999 -9999 -9999 -9999 -9999 -9999 -9999 -9999 -9999
0.0770170824367047 0.154459233282856 0.251321697085625 0.408437607927526 0.526367524773518 0.586514704710289 0.667968438670599 0.647432321139183 0.667171435402885 0.707048165564146 0.727185781461704 0.788023697563827 0.915384819744428 0.936133471480566 1 1 1 1 1 1 1 0.830397704630589 0.957466592279695 1 1 1 1 1 1 1 1 1 0.894051698945299 0.872771711697351 0.978905980181185 0.936664806992375 0.915305119417656 0.893971998618528 -9999 1 1 -9999 1 0.957865093913552 0.957386891952924 -9999 0.978640312425281 1 0.851757392205308 0.978640312425281 -9999 -9999 -9999 -9999 -9999 -9999 -9999 -9999 -9999 -9999 -9999 -9999 -9999 -9999
0.0578093036848118 0.0770170824367047 0.25164049839271 0.271007677798146 0.506336175978322 0.566031720730055 0.647432321139183 0.707048165564146 0.727185781461704 0.767832948115087 0.830503971732951 0.936399139236471 1 1 1 1 1 0.915066018437342 1 1 0.915066018437342 0.830185170425865 1 1 1 0.9363194389097 1 0.979012247283547 1 1 1 1 0.936399139236471 0.957652559708828 1 0.936399139236471 1 1 -9999 1 -9999 -9999 0.957386891952924 0.936399139236471 0.936000637602614 -9999 1 0.978852846630004 0.957599426157647 -9999 -9999 -9999 -9999 -9999 -9999 -9999 -9999 -9999 -9999 -9999 -9999 -9999 -9999 -9999
0.0770170824367047 0.0387077920352807 0.0962779947397784 0.271007677798146 0.388618793337053 0.44735793416753 0.608086926489732 0.68651204803273 0.809383385138546 0.894237666374432 0.978746579527643 1 1 1 1 1 1 0.872984245902075 0.9363194389097 0.978852846630004 1 1 1 1 1 0.80903801705587 0.936478839563242 0.957865093913552 1 1 1 1 1 0.957386891952924 1 1 1 1 -9999 1 -9999 -9999 -9999 0.957386891952924 0.851465157673813 -9999 1 1 1 0.957386891952924 -9999 -9999 -9999 -9999 -9999 -9999 -9999 -9999 -9999 -9999 -9999 -9999 -9999 -9999
0.0963576950665498 0.0770170824367047 0.0387077920352807 0.193007624664594 0.290693658510667 0.44735793416753 0.608086926489732 0.707048165564146 0.893971998618528 0.978746579527643 1 1 1 1 1 1 0.936478839563242 0.978613745649691 0.936372572460881 0.893732897638214 1 1 1 1 1 0.80903801705587 0.851518291224994 0.894078265720889 0.957705693260009 1 1 1 -9999 1 1 1 1 1 1 1 -9999 -9999 -9999 -9999 -9999 -9999 -9999 0.893998565394118 0.893998565394118 0.957386891952924 -9999 -9999 -9999 -9999 -9999 -9999 -9999 -9999 -9999 -9999 -9999 -9999 -9999 -9999
0.212507637947982 0.0962779947397784 0.115565473818443 0.271007677798146 0.507133179246035 0.526367524773518 0.586514704710289 0.68651204803273 0.830503971732951 0.978746579527643 1 1 1 1 1 1 1 1 0.936000637602614 1 1 1 1 1 0.978852846630004 0.80903801705587 0.80903801705587 0.80903801705587 -9999 0.894078265720889 0.936452272787652 0.915225419090885 -9999 1 1 1 1 1 -9999 -9999 -9999 -9999 -9999 0.87271857814617 1 -9999 0.979012247283547 -9999 1 -9999 -9999 -9999 -9999 -9999 -9999 -9999 -9999 -9999 -9999 -9999 -9999 -9999 -9999 -9999
0.290587391408305 0.271007677798146 0.271007677798146 0.271007677798146 0.154379532956085 0.526367524773518 0.586514704710289 0.666161897930448 0.809170850933822 0.978746579527643 0.978746579527643 1 1 1 1 1 1 0.936478839563242 1 1 1 1 1 1 0.978852846630004 1 0.80903801705587 0.788023697563827 -9999 0.9363194389097 -9999 -9999 0.936399139236471 1 0.957386891952924 0.957386891952924 0.957386891952924 0.957386891952924 -9999 -9999 -9999 -9999 -9999 0.915251985866475 1 -9999 0.936611673441195 -9999 0.979012247283547 -9999 -9999 -9999 -9999 -9999 -9999 -9999 -9999 -9999 -9999 -9999 -9999 -9999 -9999 -9999
0.526367524773518 0.309848303711379 0.369039079726894 0.388725060439414 0.193007624664594 0.607661858080285 0.586514704710289 0.666161897930448 0.767832948115087 0.936478839563242 0.978746579527643 1 1 1 1 1 0.80903801705587 0.957466592279695 1 1 0.978666879200871 0.978666879200871 1 1 0.978852846630004 1 0.978852846630004 -9999 -9999 -9999 -9999 -9999 0.936399139236471 0.957386891952924 -9999 0.957386891952924 0.87271857814617 0.957386891952924 -9999 -9999 -9999 -9999 -9999 -9999 0.979012247283547 -9999 -9999 -9999 -9999 -9999 -9999 -9999 -9999 -9999 -9999 -9999 -9999 -9999 -9999 -9999 -9999 -9999 -9999 -9999
0.587550808958317 0.507026912143673 0.507026912143673 0.507026912143673 0.568210196328472 0.627108737812492 0.647458887914774 0.667171435402885 0.727185781461704 0.788023697563827 0.978746579527643 0.957386891952924 1 1 1 0.957625992933238 1 1 0.978666879200871 1 0.978666879200871 0.978666879200871 0.978666879200871 0.915066018437342 1 1 1 -9999 -9999 -9999 -9999 -9999 -9999 0.915012884886161 -9999 0.957386891952924 0.788023697563827 -9999 -9999 -9999 -9999 -9999 -9999 -9999 0.979012247283547 -9999 -9999 -9999 -9999 -9999 -9999 -9999 -9999 -9999 -9999 -9999 -9999 -9999 -9999 -9999 -9999 -9999 -9999 -9999
