data-raw/DATASET_PNE_1/DATASET_PNE/a_DATA/PFGS/ENVSUIT_A1B/HS_f15_C2_VaccUli.asc
NCOLS 619 
NROWS 782 
XLLCORNER 876826 
YLLCORNER 1947424 
CELLSIZE 100 
NODATA_value -9999 
[rows 87 to 115 of 782, columns 384 to 447 of 619]
1 1 1 1 1 1 1 1 1 1 1 1 1 0.989342629909515 1 1 1 1 1 1 1 1 1 1 1 -9999 -9999 -9999 -9999 -9999 -9999 -9999 -9999 -9999 -9999 -9999 -9999 -9999 -9999 -9999 -9999 -9999 -9999 -9999 -9999 -9999 -9999 -9999 -9999 -9999 -9999 -9999 -9999 -9999 -9999 -9999 -9999 -9999 -9999 -9999 -9999 -9999 -9999 -9999
0.97841203212738 1 1 1 1 1 1 1 0.989388197660446 1 1 1 1 1 1 1 1 1 1 1 1 1 1 1 1 -9999 -9999 -9999 -9999 -9999 -9999 -9999 -9999 -9999 -9999 -9999 -9999 -9999 -9999 -9999 -9999 -9999 -9999 -9999 -9999 -9999 -9999 -9999 -9999 -9999 -9999 -9999 -9999 -9999 -9999 -9999 -9999 -9999 -9999 -9999 -9999 -9999 -9999 -9999
0.92476087808609 0.914057999849319 0.914057999849319 0.967724293470383 0.967724293470383 0.957112491130829 0.957112491130829 0.957112491130829 0.946409583091736 0.92476087808609 0.95677849650383 1 1 1 1 1 1 1 1 1 1 1 1 1 -9999 -9999 -9999 -9999 -9999 -9999 -9999 -9999 -9999 -9999 -9999 -9999 -9999 -9999 -9999 -9999 -9999 -9999 -9999 -9999 -9999 -9999 -9999 -9999 -9999 -9999 -9999 -9999 -9999 -9999 -9999 -9999 -9999 -9999 -9999 -9999 -9999 -9999 -9999 -9999
0.903400629758835 0.903400629758835 0.903400629758835 0.914103537797928 0.92476087808609 0.92476087808609 0.914103537797928 0.92476087808609 0.92476087808609 0.903400629758835 1 1 1 1 1 1 1 1 0.989251554012299 1 1 1 1 -9999 -9999 -9999 -9999 -9999 -9999 -9999 -9999 -9999 -9999 -9999 -9999 -9999 -9999 -9999 -9999 -9999 -9999 -9999 -9999 -9999 -9999 -9999 -9999 -9999 -9999 -9999 -9999 -9999 -9999 -9999 -9999 -9999 -9999 -9999 -9999 -9999 -9999 -9999 -9999 -9999
0.914103537797928 0.903400629758835 0.903400629758835 0.903400629758835 0.914209812879562 0.914209812879562 0.914209812879562 0.914149075746536 0.946318507194519 0.903400629758835 1 1 1 1 1 1 1 1 1 1 1 1 1 -9999 -9999 -9999 -9999 -9999 -9999 -9999 -9999 -9999 -9999 -9999 -9999 -9999 -9999 -9999 -9999 -9999 -9999 -9999 -9999 -9999 -9999 -9999 -9999 -9999 -9999 -9999 -9999 -9999 -9999 -9999 -9999 -9999 -9999 -9999 -9999 -9999 -9999 -9999 -9999 -9999
0.871307134628296 0.882010042667389 0.892621845006943 0.892788827419281 0.903400629758835 0.903400629758835 0.956930309534073 1 0.989297091960907 0.903400629758835 1 1 1 1 1 1 1 1 1 1 1 1 -9999 -9999 -9999 -9999 -9999 -9999 -9999 -9999 -9999 -9999 -9999 -9999 -9999 -9999 -9999 -9999 -9999 -9999 -9999 -9999 -9999 -9999 -9999 -9999 -9999 -9999 -9999 -9999 -9999 -9999 -9999 -9999 -9999 -9999 -9999 -9999 -9999 -9999 -9999 -9999 -9999 -9999
0.817473828792572 0.914179444313049 0.903430998325348 0.892819195985794 0.957112491130829 0.978548645973206 1 1 0.956930309534073 0.903400629758835 1 1 1 1 1 1 1 1 1 1 1 1 -9999 -9999 -9999 -9999 -9999 -9999 -9999 -9999 -9999 -9999 -9999 -9999 -9999 -9999 -9999 -9999 -9999 -9999 -9999 -9999 -9999 -9999 -9999 -9999 -9999 -9999 -9999 -9999 -9999 -9999 -9999 -9999 -9999 -9999 -9999 -9999 -9999 -9999 -9999 -9999 -9999 -9999
0.785243690013885 0.785243690013885 0.795901030302048 0.903461366891861 0.881827861070633 1 0.98920601606369 0.967724293470383 0.914057999849319 0.92476087808609 1 1 1 1 1 1 1 1 1 1 1 -9999 -9999 -9999 -9999 -9999 -9999 -9999 -9999 -9999 -9999 -9999 -9999 -9999 -9999 -9999 -9999 -9999 -9999 -9999 -9999 -9999 -9999 -9999 -9999 -9999 -9999 -9999 -9999 -9999 -9999 -9999 -9999 -9999 -9999 -9999 -9999 -9999 -9999 -9999 -9999 -9999 -9999 -9999
0.817656010389328 0.785243690013885 0.860406875610352 0.871216058731079 0.892621845006943 0.989190816879272 1 0.956930309534073 0.946121156215668 0.978563845157623 1 1 1 1 1 1 1 1 1 1 -9999 -9999 -9999 -9999 -9999 -9999 -9999 -9999 -9999 -9999 -9999 -9999 -9999 -9999 -9999 -9999 -9999 -9999 -9999 -9999 -9999 -9999 -9999 -9999 -9999 -9999 -9999 -9999 -9999 -9999 -9999 -9999 -9999 -9999 -9999 -9999 -9999 -9999 -9999 -9999 -9999 -9999 -9999 -9999
0.817625641822815 0.817595273256302 0.828298181295395 0.892621845006943 0.892621845006943 0.881767123937607 0.956763297319412 0.935570061206818 0.956930309534073 0.989175647497177 1 1 1 1 1 1 1 1 1 1 -9999 -9999 -9999 -9999 -9999 -9999 -9999 -9999 -9999 -9999 -9999 -9999 -9999 -9999 -9999 -9999 -9999 -9999 -9999 -9999 -9999 -9999 -9999 -9999 -9999 -9999 -9999 -9999 -9999 -9999 -9999 -9999 -9999 -9999 -9999 -9999 -9999 -9999 -9999 -9999 -9999 -9999 -9999 -9999
0.871170490980148 0.860558688640594 0.892621845006943 0.892621845006943 0.892621845006943 0.978548645973206 1 0.924867153167725 0.967724293470383 1 1 1 1 1 1 1 1 1 1 1 -9999 -9999 -9999 -9999 -9999 -9999 -9999 -9999 -9999 -9999 -9999 -9999 -9999 -9999 -9999 -9999 -9999 -9999 -9999 -9999 -9999 -9999 -9999 -9999 -9999 -9999 -9999 -9999 -9999 -9999 -9999 -9999 -9999 -9999 -9999 -9999 -9999 -9999 -9999 -9999 -9999 -9999 -9999 -9999
0.849946886301041 0.892621845006943 0.892621845006943 0.892621845006943 0.892621845006943 1 1 0.924867153167725 0.989175647497177 1 1 1 1 1 1 1 1 1 1 1 1 1 1 -9999 -9999 -9999 -9999 -9999 -9999 -9999 -9999 -9999 -9999 -9999 -9999 -9999 -9999 -9999 -9999 -9999 -9999 -9999 -9999 -9999 -9999 -9999 -9999 -9999 -9999 -9999 -9999 -9999 -9999 -9999 -9999 -9999 -9999 -9999 -9999 -9999 -9999 -9999 -9999 -9999
0.881827861070633 0.795992106199265 0.871200859546661 0.860406875610352 0.989388197660446 0.967724293470383 0.956793695688248 0.967724293470383 0.989175647497177 1 1 1 1 1 1 1 1 1 1 1 1 1 1 1 1 -9999 -9999 -9999 -9999 -9999 -9999 -9999 -9999 -9999 -9999 -9999 -9999 -9999 -9999 -9999 -9999 -9999 -9999 -9999 -9999 -9999 -9999 -9999 -9999 -9999 -9999 -9999 -9999 -9999 -9999 -9999 -9999 -9999 -9999 -9999 -9999 -9999 -9999 -9999
0.795992106199265 0.806831657886505 0.860406875610352 0.871018677949905 0.903491735458374 0.946181863546371 0.967724293470383 0.989175647497177 1 1 1 1 1 1 1 1 1 1 1 1 1 1 1 1 1 1 1 1 1 1 1 1 -9999 -9999 -9999 -9999 -9999 -9999 -9999 -9999 -9999 -9999 -9999 -9999 -9999 -9999 -9999 -9999 -9999 -9999 -9999 -9999 -9999 -9999 -9999 -9999 -9999 -9999 -9999 -9999 -9999 -9999 -9999 -9999
0.795992106199265 0.838803708553314 0.849628061056137 0.967769861221313 0.967769861221313 0.935494154691696 0.967724293470383 1 1 1 1 1 1 1 1 1 1 1 1 1 1 1 1 1 1 1 1 1 1 1 1 1 1 -9999 -9999 -9999 -9999 -9999 -9999 -9999 -9999 -9999 -9999 -9999 -9999 -9999 -9999 -9999 -9999 -9999 -9999 -9999 -9999 -9999 -9999 -9999 -9999 -9999 -9999 -9999 -9999 -9999 -9999 -9999
0.849628061056137 0.849582523107529 0.892758458852768 1 0.978381663560867 0.946197062730789 0.978563845157623 1 1 1 1 1 1 1 1 1 1 1 1 1 1 1 1 1 1 1 1 1 1 0.924548357725143 1 1 1 1 -9999 -9999 -9999 -9999 -9999 -9999 -9999 -9999 -9999 -9999 -9999 -9999 -9999 -9999 1 1 0.989251554012299 1 1 1 -9999 -9999 -9999 -9999 -9999 -9999 -9999 -9999 -9999 -9999
0.796022474765778 0.849628031253815 0.924730539321899 0.967785030603409 1 0.967724293470383 0.957021415233612 1 1 1 1 1 1 1 1 1 1 1 1 1 1 1 1 1 1 1 1 1 1 1 1 1 1 1 1 -9999 -9999 -9999 1 -9999 -9999 -9999 -9999 -9999 -9999 -9999 -9999 1 1 1 1 1 1 1 1 1 1 1 1 -9999 -9999 -9999 -9999 -9999
0.806679844856262 0.925079703330994 0.914103537797928 1 0.946181863546371 0.989175647497177 0.946409583091736 1 1 1 1 1 1 1 1 1 1 1 1 1 1 1 1 1 1 1 1 1 1 1 1 1 1 1 1 1 1 1 1 1 -9999 -9999 -9999 -9999 -9999 -9999 0.989388197660446 1 1 1 1 1 1 1 1 1 1 1 1 1 0.989251554012299 -9999 -9999 -9999
0.903430998325348 0.882085919380188 0.924867153167725 0.924867153167725 0.956930309534073 0.989175647497177 0.978457570075989 1 1 1 1 1 1 1 1 1 1 1 1 1 1 1 1 1 1 1 1 1 1 1 1 1 1 1 1 1 1 1 1 1 1 1 -9999 -9999 -9999 -9999 0.989190816879272 1 1 1 1 1 1 1 1 1 1 1 0.956869602203369 1 1 1 0.978442400693893 -9999
0.935570061206818 0.914057999849319 0.924867153167725 0.956930309534073 0.989175647497177 0.989175647497177 0.989160478115082 1 1 1 1 1 1 1 1 1 1 1 1 1 1 1 1 1 1 1 1 1 1 1 1 1 1 1 1 1 1 1 1 1 1 0.98920601606369 0.989388197660446 0.978685289621353 1 1 1 0.989190816879272 1 1 1 1 1 1 1 1 0.989388197660446 0.989388197660446 0.989388197660446 1 0.967526942491531 0.978548645973206 1 1
0.978381663560867 0.946181863546371 0.924867153167725 0.956930309534073 0.967769861221313 0.989175647497177 1 1 1 1 1 1 1 1 1 1 1 1 1 1 1 1 1 1 1 1 1 1 1 1 1 1 1 0.967769861221313 0.956884771585464 1 1 1 1 1 1 1 1 0.957066923379898 1 1 1 0.989190816879272 1 1 1 1 0.989160478115082 1 1 1 0.92476087808609 1 1 1 1 1 0.989160478115082 0.989160478115082
1 0.956930309534073 0.935570061206818 0.956930309534073 1 1 1 1 1 1 1 1 1 1 1 1 1 1 1 1 1 0.978457570075989 1 1 1 1 0.98920601606369 1 1 1 0.978381663560867 1 1 0.978609383106232 1 1 1 1 0.97841203212738 0.97841203212738 1 0.989388197660446 1 1 1 1 1 1 1 1 1 1 1 1 1 1 1 0.946424782276154 1 1 1 1 1 1
0.956930309534073 0.978396832942963 0.978396832942963 0.978396832942963 0.978381663560867 0.978381663560867 0.989175647497177 0.967693954706192 1 1 1 1 1 1 1 1 1 1 1 0.956824034452438 0.956824034452438 0.935463786125183 0.978442400693893 1 0.956991046667099 1 1 1 1 1 1 1 1 1 1 1 1 1 1 1 1 1 1 1 1 1 1 1 1 1 1 1 1 1 0.989190816879272 1 1 0.978487938642502 0.989297091960907 1 1 1 1 1
1 0.978579014539719 1 0.978396832942963 0.935570061206818 0.978381663560867 0.935615599155426 0.978381663560867 0.914088368415833 1 1 1 1 1 1 1 1 1 1 1 1 1 1 1 1 1 1 1 1 1 1 1 1 1 1 0.989297091960907 0.967693954706192 0.989297091960907 1 1 1 1 1 1 1 1 1 1 0.978336125612259 1 1 1 1 1 0.935372710227966 1 1 1 1 1 1 0.978351294994354 0.989190816879272 1
0.967785030603409 0.956975847482681 0.946181863546371 1 0.978579014539719 0.978579014539719 1 0.956930309534073 0.913890987634659 0.978381663560867 0.989175647497177 1 1 1 1 1 1 1 1 1 1 1 1 0.978487938642502 1 0.978381663560867 1 1 1 1 0.967754662036896 1 1 0.956915140151978 0.935676336288452 0.956945508718491 1 0.989251554012299 1 0.98920601606369 0.989160478115082 1 1 1 1 1 1 1 1 0.989160478115082 0.989160478115082 1 1 1 1 1 1 1 0.978487938642502 0.97853347659111 1 1 1 1
0.956930309534073 0.956930309534073 0.989175647497177 1 1 1 1 0.978336125612259 0.967542141675949 0.946181863546371 0.967542141675949 1 1 1 1 1 1 1 1 1 1 1 1 1 1 1 0.978381663560867 1 1 1 1 1 0.978503108024597 1 1 1 0.978563845157623 0.935524523258209 0.946166694164276 0.989175647497177 1 0.967693954706192 1 1 1 1 1 1 1 1 0.989160478115082 0.903370261192322 0.892621845006943 0.946257770061493 1 1 1 1 1 0.978563845157623 0.95706695318222 1 1 1
0.957112491130829 0.978381663560867 0.989175647497177 0.978381663560867 1 1 0.989175647497177 1 1 0.967542141675949 1 1 1 1 1 1 1 1 1 1 1 1 1 1 1 0.978381663560867 0.956975847482681 0.978381663560867 0.956960678100586 0.967952013015747 1 1 1 0.989175647497177 1 1 1 0.989175647497177 0.978563845157623 0.989175647497177 0.924548357725143 1 0.98920601606369 0.946242600679398 1 0.989160478115082 1 1 1 1 1 1 0.967542141675949 1 1 0.97841203212738 1 1 0.989251554012299 0.956915140151978 1 1 1 1
0.903324723243713 0.924684971570969 1 0.924684971570969 0.946121156215668 1 1 1 0.956915140151978 0.989175647497177 0.978381663560867 1 1 1 1 1 1 1 1 1 1 1 1 1 1 0.989160478115082 1 1 0.946166694164276 0.892621845006943 0.924821615219116 1 0.978503108024597 1 0.989251554012299 0.989175647497177 0.956930309534073 0.935645967721939 1 0.978487938642502 1 0.978487938642502 1 0.989190816879272 0.978442400693893 0.913890987634659 0.989297091960907 0.935463786125183 1 1 1 1 1 1 0.957158029079437 1 1 1 0.935509324073792 0.957173228263855 0.956945508718491 0.989160478115082 0.989342629909515 1
0.903370261192322 0.892621845006943 0.903324723243713 0.903324723243713 0.903324723243713 0.935296803712845 0.91393655538559 0.91393655538559 0.967557311058044 0.989175647497177 1 1 1 1 1 0.989175647497177 0.989175647497177 1 1 1 1 1 1 1 1 1 0.978381663560867 1 1 0.924730539321899 0.946348875761032 0.957158029079437 1 1 0.956915140151978 0.956945508718491 1 0.978351294994354 1 1 0.978487938642502 1 1 1 1 0.935812950134277 1 1 1 1 1 1 1 1 1 0.989160478115082 0.967526942491531 0.989160478115082 0.989160478115082 0.97853347659111 0.946257770061493 0.989160478115082 0.989160478115082 1
