data-raw/DATASET_PNE_1/DATASET_PNE/a_DATA/PFGS/ENVSUIT_A1B/HS_f15_P1_ubacPion.asc
NCOLS 619 
NROWS 782 
XLLCORNER 876826 
YLLCORNER 1947424 
CELLSIZE 100 
NODATA_value -9999 
[rows 336 to 363 of 782, columns 441 to 503 of 619]
0 0 0 0 0 0 0 0 0 0 0 0 0 0 0 0 0 0 0 0 0 0 0 0 0 0 0 0 0 0 0 0 0 0 0 0 0.0128921633586287 0.117363139986992 0.0651382356882095 0.130403488874435 0.130403488874435 0.130403488874435 0.143295652233064 0.152356154285371 0.139463990926743 0.143443839624524 0.130403488874435 0.139463990926743 0.21959016751498 0.298340329900384 0.507451638579369 0.583280399441719 0.678098127245903 0.722448036074638 0.711545780301094 0.81155002117157 0.821457296609879 0.821457296609879 0.937783151865005 0.901329427957535 0.892501801252365 1 1
0 0 0 0 0 0 0 0 0 0 0 0 0 0 0 0 0 0 0 0 0 0 0 0 0 0 0 0 0 0 0 0 0 0.0128921633586287 0.0128921633586287 0.117363139986992 0.130403488874435 0.130403488874435 0.130403488874435 0.204729244112968 0.165481179952621 0.171345109120011 0.223908722400665 0.211905673146248 0.165481179952621 0.184237271547318 0.196579024195671 0.194017523899674 0.286104403436184 0.429040178656578 0.568165451288223 0.593738079071045 0.722448036074638 0.752318054437637 0.801706254482269 0.821457296609879 0.821457296609879 0.821457296609879 0.848554134368896 1 0.910199403762817 0.910199403762817 1
0 0 0 0 0 0 0 0 0 0 0 0 0 0 0 0 0 0 0 0 0 0 0 0.0128921633586287 0 0 0 0 0 0 0 0 0 0 0.117363139986992 0.130403488874435 0.143295652233064 0.143295652233064 0.178479190915823 0.152356154285371 0.3103222027421 0.272238463163376 0.298234483227134 0.347114607691765 0.347114607691765 0.381049163639545 0.381049163639545 0.282188072800636 0.357043072581291 0.550997078418732 0.61073711514473 0.594394341111183 0.752318054437637 0.781912863254547 0.821457296609879 0.821457296609879 0.839535981416702 0.919873833656311 1 1 1 0.919217586517334 1
0 0 0 0 0 0 0 0 0 0 0 0 0 0 0 0 0 0 0 0 0 0.0132520431652665 0 0 0 0 0 0 0 0 0 0 0 0.0780727416276932 0.130403488874435 0.152356154285371 0.178479190915823 0.214721202850342 0.259219266474247 0.341293029487133 0.54966339468956 0.446060374379158 0.438100680708885 0.438354715704918 0.44375291466713 0.470320492982864 0.442588597536087 0.451860785484314 0.559549510478973 0.658960998058319 0.704475209116936 0.752318054437637 0.81155002117157 0.821457296609879 0.821457296609879 0.821457296609879 0.884161055088043 1 1 1 1 0.982027173042297 1
0 0 0 0 0 0 0 0 0 0 0 0 0 0 0 0 0 0 0 0 0 0.0132520431652665 0 0 0 0 0 0.0390575379133224 0 0 0 0 0.0387823358178139 0.117363139986992 0.130403488874435 0.152356154285371 0.256234385073185 0.364685200154781 0.413036108016968 0.540793418884277 0.566810622811317 0.641009360551834 0.61073711514473 0.628836944699287 0.581480994820595 0.685930818319321 0.640734151005745 0.558999121189117 0.658601120114326 0.694864302873611 0.762309998273849 0.801706254482269 0.821457296609879 0.901329427957535 0.809771776199341 0.93769845366478 1 1 1 1 1 1 1
0 0 0 0 0 0 0 0 0 0 0 0 0 0 0 0 0 0 0 0 0 0 0 0 0 0 0 0 0.0128921633586287 0 0.0128921633586287 0.0258901733905077 0.130615183152258 0.130403488874435 0.126190781593323 0.236398659646511 0.390850581228733 0.460349708795547 0.603624194860458 0.658601120114326 0.676954999566078 0.713260516524315 0.696303829550743 0.722448036074638 0.722448036074638 0.762309998273849 0.762309998273849 0.735022649168968 0.772915869951248 0.801706254482269 0.801706254482269 0.821457296609879 0.830560147762299 0.93727508187294 0.991066515445709 1 1 1 1 1 1 1 1
0 0 0 0 0 0 0 0 0 0 0 0 0 0 0 0 0 0 0 0 0 0 0 0.0262923920527101 0 0 0 0.0258901733905077 0.0781574174761772 0.0387823358178139 0.0519073642790318 0.143655532039702 0.130403488874435 0.126338958740234 0.242961175739765 0.395719550549984 0.451373904943466 0.676764473319054 0.694864302873611 0.715758502483368 0.752318054437637 0.762309998273849 0.791904836893082 0.81155002117157 0.81155002117157 0.821457296609879 0.821457296609879 0.821457296609879 0.821457296609879 0.821457296609879 0.884457439184189 0.893454432487488 0.911257892847061 0.911257892847061 1 1 1 1 1 1 1 1 1
0 0 0 0 0 0 0 0 0 0 0.0131250265985727 0 0 0 0.0392692312598228 0 0 0 0 0 0 0 0 0.052309581078589 0 0.0911342576146126 0.117363139986992 0.117363139986992 0.156547695398331 0.130403488874435 0.130403488874435 0.130403488874435 0.00906050205230713 0.164655572734773 0.436153091490269 0.5860535800457 0.603603035211563 0.697404637932777 0.717325031757355 0.707417756319046 0.891422152519226 0.821457296609879 0.821457296609879 0.821457296609879 0.830560147762299 0.893475592136383 0.96060374379158 0.946907162666321 0.973495900630951 0.991193532943726 1 1 1 0.95573478937149 1 1 1 1 1 1 0.987107843160629 1 1
0 0 0 0 0 0 0 0 0.0131038567051291 0 0 0 0 0 0 0.0262288842350245 0 0 0 0 0 0.130826875567436 0.0390575379133224 0 0.0128921633586287 0.143655532039702 0.130403488874435 0.139463990926743 0.152356154285371 0.139463990926743 0.126338958740234 0.138998262584209 0.260023713111877 0.364685200154781 0.514056473970413 0.658220082521439 0.687497347593307 0.735678896307945 0.830560147762299 0.839599460363388 0.991066515445709 0.946907162666321 0.88032940030098 0.88032940030098 0.898132860660553 1 1 1 1 1 1 1 1 1 1 1 1 1 1 1 1 1 0.991066515445709
0 0.0131250265985727 0 0 0 0 0 0 0.0391210466623306 0 0 0.0131038567051291 0 0 0 0 0 0 0 0 0 0.117257289588451 0.143803715705872 0 0.0258901733905077 0.130615183152258 0.139463990926743 0.0221643587574363 0.167153559625149 0.161310805007815 0.211545787751675 0.320420011878014 0.436809338629246 0.496485888957977 0.658601120114326 0.687497347593307 0.717325031757355 0.821457296609879 0.884457439184189 0.991193532943726 1 1 1 0.991193532943726 1 1 1 1 1 1 1 1 1 1 0.986747950315475 1 1 1 1 1 1 0.94593334197998 0.874994695186615
0 0.052013210952282 0 0 0 0 0 0 0 0 0 0.0391210466623306 0 0 0 0 0 0 0 0 0.143507350236177 0.0651594027876854 0.104216947220266 0.0260171890258789 0.0520343780517578 0.130403488874435 0.139463990926743 0.151996277272701 0.45198779553175 0.370782010257244 0.438333556056023 0.53173291683197 0.622380286455154 0.658601120114326 0.72473432123661 0.772238463163376 0.821457296609879 0.937931329011917 1 1 1 1 1 1 1 1 1 1 1 1 1 1 1 1 1 1 1 1 1 0.888797163963318 0.718933910131454 0.697087079286575 0.705872386693954
0.0131038567051291 0 0 0 0 0 0 0 0 0 0.0655827969312668 0.0262288842350245 0 0.0652864202857018 0 0 0 0.0131250265985727 0 0.117257296107709 0.130403488874435 0.0911342576146126 0.143655532039702 0.143655532039702 0.130403488874435 0.143295652233064 0.113150432705879 0.307506680488586 0.482810452580452 0.59585502743721 0.558321684598923 0.639463990926743 0.622528471052647 0.739066004753113 0.791904836893082 0.821457296609879 0.911257892847061 1 1 1 1 1 1 0.947838604450226 0.973982810974121 1 1 1 0.987086653709412 1 1 1 1 1 1 1 1 1 1 0.874994695186615 0.790507644414902 0.848300099372864 0.923768997192383
0 0 0 0 0 0 0 0 0 0 0 0.0262288842350245 0 0 0 0 0.0782209262251854 0.0913247838616371 0.169545706361532 0.0782209262251854 0.104174606502056 0.130403488874435 0.130403488874435 0.0131038567051291 0.0219526654109359 0.078093908727169 0.249883568845689 0.549705743789673 0.635738179087639 0.685888484120369 0.667026549577713 0.73009018599987 0.772238463163376 0.821457296609879 0.821457296609879 0.920233696699142 1 1 1 1 1 1 0.974046319723129 0.961132973432541 1 0.987086653709412 1 1 1 1 1 1 0.973093688488007 0.705004453659058 0.709788709878922 0.973093688488007 1 1 1 1 1 1 1
0 0 0 0 0 0 0 0 0 0 0 0 0 0 0 0.0387823358178139 0.143655532039702 0.0782209262251854 0.169545706361532 0.143655532039702 0.00906050205230713 0.035077691078186 0.154113218188286 0.158706969581544 0.305728446692228 0.44722468405962 0.590478010475636 0.639463990926743 0.651657566428185 0.666793689131737 0.763050943613052 0.791904836893082 0.839599460363388 0.866548120975494 0.937931329011917 0.986874967813492 0.986874967813492 1 1 1 1 1 1 1 1 1 1 1 1 0.636436775326729 0.31389981508255 0.31389981508255 0.343536972999573 0.323701247572899 0.284135647118092 0.323701247572899 0.621851056814194 0.718658685684204 0.362801134586334 0.696684867143631 0.85725474357605 0.803399801254272 0.530420422554016
0 0 0 0.0129980100318789 0.0519073642790318 0.0651805773377419 0.0391845554113388 0 0 0 0.0131250265985727 0 0 0 0.0258901733905077 0.0258901733905077 0.195668742060661 0.204729244112968 0.0609890334308147 0.0612430684268475 0.111943773925304 0.357720486819744 0.420826457440853 0.554257161915302 0.585376173257828 0.630403488874435 0.638553708791733 0.63080570101738 0.693784669041634 0.763050943613052 0.791904836893082 0.884457439184189 0.911257892847061 0.9468013048172 0.969135016202927 0.986874967813492 1 1 1 1 1 1 0.682035654783249 0.705618351697922 0.666709005832672 0.421546220779419 0.333608523011208 0.0639739185571671 0.399868741631508 0.702061921358109 0.80759134888649 0.873576372861862 1 0.991066515445709 0.678966104984283 0.274334214627743 0.630763381719589 1 1 1 1 1 1
0 0.0129980100318789 0.0129980100318789 0.0129980100318789 0.0912612751126289 0.117490157485008 0.0518438555300236 0.0258901733905077 0.0258901733905077 0 0.0128921633586287 0.0128921633586287 0 0 0.117490157485008 0.0782209262251854 0.152716034092009 0.0348448278382421 0.138320840895176 0.310406871140003 0.368411030620337 0.465557388961315 0.536220826208591 0.65146704018116 0.632266402244568 0.6894661039114 0.763050943613052 0.782717317342758 0.782717317342758 0.812269777059555 0.884457439184189 0.991193532943726 1 0.969135016202927 1 1 1 1 1 0.828866600990295 0.0823701247572899 0.0548499077558517 0.363478541374207 0.632435753941536 0.93888396024704 1 1 1 1 1 1 1 1 1 1 1 1 1 1 1 1 1 1
0.104386299848557 0.0782209262251854 0.0518438555300236 0.0782209262251854 0.0912612751126289 0.0782209262251854 0.126338958740234 0.0782209262251854 0.0782209262251854 0.0520343780517578 0.104216947220266 0 0.0394174195826054 0.0261653754860163 0.143295652233064 0.156780557706952 0.00906050205230713 0.14659807831049 0.451522074639797 0.590075798332691 0.5722511485219 0.498221762478352 0.533130116760731 0.738240405917168 0.801007658243179 0.884478598833084 0.866548120975494 0.857487618923187 0.857360601425171 0.920106679201126 1 1 1 1 1 1 0.987086653709412 1 0.677886456251144 0 0 0.665841072797775 0.930183321237564 1 1 1 1 1 1 1 1 1 1 1 1 1 1 1 1 1 1 1 1
0.0912612751126289 0.104365132749081 0.0782209262251854 0.0650958940386772 0.0782209262251854 0.00906050205230713 0.0744315981864929 0.113298617303371 0.0782209262251854 0.143295652233064 0.0912612751126289 0.117490157485008 0.0912612751126289 0.143295652233064 0.0871120672672987 0.0739658735692501 0.0943943448364735 0.518290355801582 0.581205822527409 0.5834921002388 0.63150429725647 0.606376223266125 0.74336339533329 0.89343324303627 1 1 1 1 1 1 1 1 1 1 1 1 1 0.66649729013443 0.381578385829926 0.381578385829926 0.899064302444458 1 1 1 1 1 1 1 1 1 1 1 1 1 1 1 1 1 1 1 1 1 1
0.113298617303371 0.0220585120841861 0.0219526644796133 0.0407087504863739 0.0554849915206432 0.146873284131289 0.120538547635078 0.120644394308329 0.0739870443940163 0.0391422165557742 0.0219526644796133 0.0352047076448798 0.113129256293178 0.126402473077178 0.0371311232447624 0.116241157054901 0.497015118598938 0.608006276190281 0.5834921002388 0.622274443507195 0.765951126813889 0.991193532943726 0.991193532943726 1 1 1 1 1 1 1 1 1 1 1 1 0.779711246490479 0.969262033700943 1 1 1 1 1 1 1 1 1 1 1 1 1 1 1 1 1 1 1 1 1 1 1 1 1 1
0.0833439193665981 0.120644394308329 0.208476230502129 0.284283846616745 0.156293660402298 0.322706282138824 0.400842554867268 0.171514451503754 0.135738177224994 0.100004229694605 0.126402473077178 0.0445192437618971 0.089504212141037 0.264702148735523 0.391993723809719 0.523053489625454 0.617278464138508 0.589207842946053 0.654938817024231 0.744760572910309 0.991193532943726 1 1 1 1 1 1 1 0.910199403762817 1 1 0.991066515445709 0.862758785486221 0.612938731908798 1 1 1 1 1 1 1 1 1 1 1 1 1 1 1 1 1 1 1 1 1 1 1 1 1 1 1 1 1
0.364155977964401 0.335619620978832 0.297768741846085 0.350522875785828 0.378593511879444 0.492950595915318 0.460222698748112 0.460646092891693 0.365045092999935 0.294127605855465 0.237435966730118 0.385431222617626 0.47485076636076 0.510881058871746 0.445785164833069 0.481730818748474 0.558342859148979 0.689444944262505 0.799356460571289 0.937804311513901 0.991193532943726 1 1 0.991045355796814 0.756107360124588 0.743109345436096 0.808205246925354 0.901329427957535 0.991066515445709 1 0.991066515445709 1 1 1 1 1 1 1 0.955777138471603 0.960349708795547 1 1 1 1 1 1 1 1 1 1 1 0.991066515445709 1 1 1 1 1 0.97296667098999 1 0.991066515445709 1 1 1
0.393898982554674 0.486578598618507 0.499830633401871 0.630403488874435 0.538951687514782 0.617405474185944 0.617278464138508 0.63728354871273 0.617278464138508 0.564249135553837 0.591113090515137 0.609488122165203 0.535501081496477 0.562301535159349 0.571362040936947 0.639061778783798 0.689444944262505 0.636140391230583 0.692980229854584 1 1 1 0.928320407867432 0.615817785263062 0.991066515445709 1 1 1 1 1 1 1 1 1 1 0.920233696699142 0.848384767770767 0.784940093755722 0.911257892847061 0.955777138471603 0.929019004106522 0.884457439184189 0.893242716789246 0.911257892847061 0.920233696699142 0.991066515445709 0.991066515445709 1 0.991066515445709 0.955142050981522 0.919217586517334 0.991066515445709 0.991066515445709 0.991066515445709 1 1 1 0.910199403762817 0.910199403762817 1 1 1 1
0.512892163358629 0.521846812218428 0.629323840141296 0.607434689998627 0.664697915315628 0.577564671635628 0.537258140742779 0.662940859794617 0.615754269063473 0.56149709969759 0.535501081496477 0.635653495788574 0.677484214305878 0.718574032187462 0.951331555843353 0.907955467700958 0.917227655649185 1 1 1 0.919302254915237 0.734451055526733 0.821457296609879 0.991066515445709 0.749566033482552 0.812269777059555 0.866548120975494 0.991193532943726 1 1 1 1 0.929019004106522 0.87550276517868 0.75883823633194 0.739658743143082 0.743638589978218 0.711185902357101 0.792561084032059 0.782717317342758 0.791904836893082 0.782717317342758 0.792518734931946 0.821457296609879 0.87550276517868 0.937042206525803 0.955184400081635 0.973051369190216 0.910199403762817 0.910199403762817 0.910199403762817 0.946145057678223 0.973051369190216 1 1 1 1 0.964012026786804 1 1 1 0.929019004106522 1
0.605804651975632 0.595198772847652 0.63161014020443 0.564418479800224 0.565286420285702 0.535331726074219 0.59746390581131 0.643147468566895 0.694652616977692 0.707692965865135 0.749544858932495 0.788433045148849 0.902112692594528 0.871903985738754 0.821457296609879 0.764278769493103 0.821457296609879 0.821457296609879 0.698611289262772 0.614674612879753 0.830433130264282 1 1 0.791820138692856 0.613827846944332 0.68176044523716 0.773445099592209 0.791904836893082 0.848469465970993 0.884457439184189 0.866548120975494 0.812269777059555 0.733117401599884 0.723993390798569 0.684237271547318 0.643422663211823 0.659680768847466 0.733858332037926 0.743130534887314 0.715758502483368 0.715758502483368 0.715758502483368 0.697404637932777 0.743130534887314 0.807654857635498 0.771836221218109 0.852110594511032 0.860980570316315 0.87084549665451 0.881578385829926 0.901329427957535 0.900292128324509 0.81085142493248 0.964456588029861 0.946780145168304 0.964456588029861 1 1 1 0.857402950525284 0.911257892847061 1 0.911257892847061
0.5 0.459375912323594 0.55197086930275 0.410220572724938 0.423472622409463 0.539480928331614 0.639082938432693 0.626190781593323 0.653414621949196 0.787586271762848 0.483805410563946 0.354947302490473 0.312587328255177 0.556501135230064 0.656547695398331 0.718214154243469 0.821457296609879 0.817181080579758 0.906050205230713 1 0.964816451072693 0.876624763011932 0.735784754157066 0.640628308057785 0.587535455822945 0.615098014473915 0.601994156837463 0.66099326312542 0.684025570750237 0.772238463163376 0.772238463163376 0.740082129836082 0.631800666451454 0.638553708791733 0.630403488874435 0.630403488874435 0.648863196372986 0.658220082521439 0.658220082521439 0.676764473319054 0.667534604668617 0.648778527975082 0.694864302873611 0.696282655000687 0.713260516524315 0.729878485202789 0.761103361845016 0.796710282564163 0.796710282564163 0.843198269605637 0.852110594511032 0.835323244333267 0.782103389501572 0.835048049688339 0.828633725643158 0.911257892847061 0.964456588029861 1 0.964456588029861 0.911257892847061 1 0.911257892847061 1
0.0391845554113388 0.130297645926476 0.00906050205230713 0.167449936270714 0.237838178873062 0.437042206525803 0.499851815402508 0.476925359107554 0.491066515445709 0.35795333981514 0.169588044285774 0.308522786013782 0.559231974184513 0.738134548068047 0.725221216678619 0.725221216678619 0.742961168289185 0.709111303091049 0.744443029165268 0.798234462738037 0.758605360984802 0.651001319289207 0.587535455822945 0.516745001077652 0.630403488874435 0.626338958740234 0.617278464138508 0.648778527975082 0.617553666234016 0.657606169581413 0.67073118686676 0.694864302873611 0.630403488874435 0.603603035211563 0.56759387254715 0.513823628425598 0.478153169155121 0.487065494060516 0.495850801467896 0.558723896741867 0.631377279758453 0.630869209766388 0.654324904084206 0.649286597967148 0.676954999566078 0.554744049906731 0.600088909268379 0.709195986390114 0.687095135450363 0.742114394903183 0.711080059409142 0.761103361845016 0.752318054437637 0.729412764310837 0.671154573559761 0.747046872973442 0.838519841432571 0.846627712249756 0.901329427957535 0.928087562322617 0.803209275007248 1 1
0.0912401042878628 0 0.00906050205230713 0.00906050205230713 0.0182480197399855 0.176700964570045 0.371163040399551 0.370951354503632 0.189529612660408 0.00906050205230713 0.464202553033829 0.555442653596401 0.646873280405998 0.642787590622902 0.628921627998352 0.628921627998352 0.66687835752964 0.640882343053818 0.624073840677738 0.625111132860184 0.635653495788574 0.565222911536694 0.572124123573303 0.568165473639965 0.51915829628706 0.469367884099483 0.532156310975552 0.608344979584217 0.635738179087639 0.659850120544434 0.617278464138508 0.608344979584217 0.504720777273178 0.421122811734676 0.338604502379894 0.290190108120441 0.254752524197102 0.224649645388126 0.25449850037694 0.342393830418587 0.373809210956097 0.48795460909605 0.549705743789673 0.558427542448044 0.527689561247826 0.53274904191494 0.584825769066811 0.667449936270714 0.651043653488159 0.563804566860199 0.541470840573311 0.703988313674927 0.704348191618919 0.709555864334106 0.730450063943863 0.622210934758186 0.756149709224701 0.769676953554153 0.901329427957535 0.910199403762817 0.803209275007248 1 0.875312238931656
0.15248316526413 0.00906050205230713 0.00906050205230713 0 0.213683903217316 0.313222403638065 0.428087562322617 0.678373336791992 0.68176044523716 0.690736278891563 0.648545667529106 0.592721961438656 0.604936704039574 0.604936704039574 0.601994156837463 0.601994156837463 0.627990171313286 0.627990171313286 0.582772344350815 0.607604049146175 0.630403488874435 0.434798263013363 0.493141107261181 0.501143157482147 0.169334009289742 0.134256318211555 0.282315090298653 0.416021011769772 0.496295355260372 0.501206658780575 0.469685427844524 0.374042078852654 0.206422790884972 0.167280577123165 0.0479698544368148 0.035077691078186 0.0221643587574363 0.0221643587574363 0.00906050205230713 0.150154538452625 0.185507424175739 0.220521621406078 0.358122684061527 0.374634826555848 0.410284079611301 0.481836654245853 0.53173291683197 0.536792412400246 0.536559537053108 0.527689561247826 0.545874074101448 0.641856133937836 0.631144404411316 0.660464033484459 0.700580045580864 0.658093065023422 0.779139667749405 0.830454289913177 0.874719500541687 0.838096439838409 0.946780145168304 0.964456588029861 0.929019004106522
