data-raw/DATASET_PNE_1/DATASET_PNE/a_DATA/PFGS/ENVSUIT_A1B/HS_f15_P5_alpext.asc
NCOLS 619 
NROWS 782 
XLLCORNER 876826 
YLLCORNER 1947424 
CELLSIZE 100 
NODATA_value -9999 
[rows 644 to 671 of 782, columns 378 to 440 of 619]
-9999 -9999 -9999 -9999 -9999 -9999 -9999 -9999 -9999 -9999 -9999 -9999 -9999 -9999 -9999 -9999 -9999 -9999 -9999 -9999 0.845748692750931 0.43401338160038 0.644474372267723 0.303432520478964 0.288222290575504 0.207751919515431 0.182219942100346 0.196022634394467 0.411008869297802 0.57585433870554 0.420952275395393 0.518267408013344 0.4791294708848 0.577761307358742 0.673865675926208 0.794064223766327 0.844008237123489 0.84644490480423 0.834882110357285 0.834882110357285 0.84644490480423 0.84644490480423 0.834821581840515 0.662650972604752 0.745603412389755 0.748115748167038 0.753942549228668 0.683884710073471 0.335396684706211 0.104019735008478 0.142506882548332 0.0753549039363861 0.114507976919413 0.285952109843493 0.142249595373869 0.0566032016649842 0.383070509880781 0.305717838928103 0.451357565820217 0.315903387963772 0.258301295340061 0.0666676759719849 0.210793955251575
-9999 -9999 -9999 -9999 -9999 -9999 -9999 -9999 -9999 -9999 -9999 -9999 -9999 -9999 -9999 -9999 -9999 -9999 -9999 -9999 0.84597572684288 0.834034562110901 0.359869241714478 0.29734842479229 0.248267091810703 0.328601274639368 0.219269310124218 0.242682446725667 0.184399311430752 0.57585433870554 0.39257500320673 0.420952275395393 0.55861609429121 0.546992771327496 0.616324126720428 0.826936453580856 0.84597572684288 0.823334455490112 0.811514377593994 0.823228508234024 0.84644490480423 0.84644490480423 0.84644490480423 0.790265470743179 0.799830496311188 0.856040209531784 0.811922997236252 0.701380252838135 0.517434984445572 0.411826133728027 0.325014390051365 0.0280745839700103 0.0374277336522937 0.295592818409204 0.219027157872915 0.0187517032027245 0.171232251450419 0.346550840884447 0.335215074941516 0.220026029273868 0.315903387963772 0.315888248383999 0.249069221317768
-9999 -9999 -9999 -9999 -9999 -9999 -9999 -9999 -9999 -9999 -9999 -9999 -9999 -9999 -9999 -9999 -9999 -9999 -9999 -9999 0.846096813678741 0.864939302206039 0.84597572684288 0.84597572684288 0.834034562110901 0.664179563522339 0.567666560411453 0.44554591178894 0.326542969793081 0.411356974393129 0.632775396108627 0.480234295129776 0.485682733356953 0.414520099759102 0.826936453580856 0.826936453580856 0.836456090211868 0.823334455490112 0.811514377593994 0.799981862306595 0.799966722726822 0.823167979717255 0.84644490480423 0.856040209531784 0.759360730648041 0.832854092121124 0.835351258516312 0.76549020409584 0.780760943889618 0.712927907705307 0.517404720187187 0.0280745839700103 0.0280745839700103 0.21923903003335 0.219027157872915 0.0945152416825294 0.0566032016649842 0.276720045134425 0.31544934026897 0.315903387963772 0.210476130247116 0.403517283499241 0.191724434494972
-9999 -9999 -9999 -9999 -9999 -9999 -9999 -9999 -9999 -9999 -9999 -9999 -9999 -9999 -9999 -9999 -9999 -9999 -9999 -9999 0.84644490480423 0.84644490480423 0.836849600076675 0.836849600076675 0.84597572684288 0.84597572684288 0.845748692750931 0.843629866838455 0.791642695665359 0.805172979831696 0.814995318651199 0.805748105049133 0.784302443265915 0.807639896869659 0.670611724257469 0.734176814556122 0.826936453580856 0.834882110357285 0.84644490480423 0.776780605316162 0.811514377593994 0.823228508234024 0.84644490480423 0.856040209531784 0.856040209531784 0.834821581840515 0.844416886568069 0.835351258516312 0.844598472118378 0.616944640874863 0.677467674016953 0.546463072299957 0.0848139971494675 0.0467354794964194 0.0658504106104374 0.286890460178256 0.0376547509804368 0.0947119863703847 0.296198202297091 0.277537299320102 0.286981262266636 0.423086233437061 0.315888248383999
-9999 -9999 -9999 -9999 -9999 -9999 -9999 -9999 -9999 -9999 -9999 -9999 -9999 -9999 -9999 -9999 0.844416886568069 0.865287393331528 -9999 0.84644490480423 0.776735186576843 0.743847817182541 0.825317084789276 0.825226277112961 0.836849600076675 0.836849600076675 0.836849600076675 0.855222940444946 0.864818245172501 0.855343997478485 0.855343997478485 0.855343997478485 0.855343997478485 0.845748692750931 0.84597572684288 0.826936453580856 0.815767168998718 0.82528680562973 0.823228508234024 0.802040159702301 0.8135726749897 0.823167979717255 0.84644490480423 0.856040209531784 0.856040209531784 0.738444775342941 0.834821581840515 0.824999243021011 0.821306437253952 0.800481259822845 0.672019243240356 0.723612904548645 0.622892498970032 0.49874384701252 0.0656839311122894 0.431606985628605 0.123346550390124 0.0187517032027245 0.0470835715532303 0.181084839627147 0.0568604879081249 0.36493930965662 0.353921361267567
-9999 -9999 -9999 -9999 -9999 -9999 -9999 -9999 -9999 -9999 -9999 -9999 -9999 -9999 -9999 0.604186236858368 0.732633084058762 0.821155071258545 -9999 0.799996972084045 0.834836721420288 0.788464456796646 0.825226277112961 0.825317084789276 0.790583282709122 0.8135726749897 0.82528680562973 0.836849600076675 0.836849600076675 0.836849600076675 0.855692118406296 0.855692118406296 0.836849600076675 0.836849600076675 0.836849600076675 0.846096813678741 0.836849600076675 0.81363320350647 0.790386557579041 0.836849600076675 0.81363320350647 0.84644490480423 0.84644490480423 0.874534606933594 0.856040209531784 0.823077172040939 0.84644490480423 0.84644490480423 0.834821581840515 0.832778424024582 0.739822000265121 0.691451996564865 0.720843285322189 0.556103751063347 0.383812073618174 0.461013399064541 0.277037872001529 0.0280594490468502 0.0280594490468502 0.0280594490468502 0.0187517032027245 0.0472500547766685 0.412461780011654
-9999 -9999 -9999 -9999 -9999 -9999 -9999 -9999 -9999 -9999 -9999 -9999 -9999 -9999 -9999 -9999 0.58482913672924 0.691694170236588 0.739700943231583 0.739700943231583 0.823213368654251 0.844386607408524 0.836849600076675 0.836849600076675 0.755501419305801 0.778869152069092 0.790583282709122 0.82528680562973 0.836849600076675 0.836849600076675 0.836849600076675 0.836849600076675 0.836849600076675 0.836849600076675 0.836849600076675 0.836849600076675 0.864939302206039 0.899763911962509 0.878953903913498 0.867345720529556 0.80210068821907 0.836849600076675 0.85809850692749 0.84644490480423 0.84644490480423 0.823077172040939 0.799845635890961 0.84644490480423 0.614901483058929 0.834821581840515 0.79787814617157 0.739822000265121 0.662166655063629 0.546039283275604 0.469942778348923 0.520083531737328 0.374095719307661 0.209885880351067 0.0470835715532303 0.0280594490468502 0.0187517032027245 0.0187517032027245 0.353921361267567
-9999 -9999 -9999 -9999 -9999 -9999 -9999 -9999 -9999 -9999 -9999 -9999 -9999 -9999 -9999 -9999 0.701728373765945 0.691906064748764 0.730105638504028 0.730105638504028 0.790325999259949 0.790325999259949 0.743878096342087 0.813648343086243 0.825301945209503 0.790416806936264 0.720510333776474 0.767155021429062 0.82325878739357 0.799996972084045 0.8347307741642 0.800012111663818 0.790431946516037 0.813602954149246 0.836849600076675 0.825226277112961 0.84644490480423 0.83294489979744 0.844477415084839 0.84644490480423 0.84644490480423 0.85815903544426 0.84644490480423 0.80191907286644 0.578578561544418 0.84644490480423 0.84644490480423 0.84644490480423 0.422828942537308 0.736220002174377 0.79787814617157 0.730574786663055 0.672019243240356 0.546039283275604 0.24890274181962 0.499440014362335 0.412098549306393 0.219481185078621 0.23855072259903 0.0280594490468502 0.0187517032027245 0.0759754180908203 0.0760510936379433
-9999 -9999 -9999 -9999 -9999 -9999 -9999 -9999 -9999 -9999 -9999 -9999 -9999 -9999 -9999 -9999 0.62454217672348 0.711247980594635 0.672337085008621 0.730105638504028 0.732163935899734 0.778611868619919 0.802055269479752 0.722644299268723 0.790310889482498 0.84644490480423 0.84644490480423 0.84644490480423 0.84644490480423 0.84644490480423 0.84644490480423 0.84644490480423 0.84644490480423 0.84644490480423 0.84644490480423 0.834791302680969 0.856040209531784 0.856040209531784 0.856040209531784 0.856040209531784 0.856040209531784 0.856040209531784 0.84644490480423 0.84644490480423 0.84644490480423 0.724959909915924 0.710990697145462 0.825226277112961 0.645685136318207 0.701516479253769 0.701516479253769 0.730574786663055 0.720843285322189 0.613327473402023 0.325740847736597 0.470442220568657 0.412340700626373 0.276841117069125 0.257635382935405 0.0280594490468502 0.0187517032027245 0.0568604879081249 0.353951625525951
-9999 -9999 -9999 -9999 -9999 -9999 -9999 -9999 -9999 -9999 -9999 -9999 -9999 -9999 -9999 -9999 0.566168233752251 0.711247980594635 0.701425671577454 0.71115717291832 0.720979481935501 0.662423938512802 0.755365192890167 0.766958266496658 0.755244135856628 0.834821581840515 0.856040209531784 0.84644490480423 0.788358509540558 0.84644490480423 0.84644490480423 0.85809850692749 0.84644490480423 0.823077172040939 0.834821581840515 0.730105638504028 0.739700943231583 0.729878634214401 0.739700943231583 0.79787814617157 0.79787814617157 0.78616401553154 0.774676889181137 0.763068705797195 0.783863574266434 0.772315889596939 0.834821581840515 0.80185854434967 0.710990697145462 0.757332682609558 0.692390352487564 0.730574786663055 0.720843285322189 0.711020976305008 0.450782440602779 0.344659011811018 0.393134962767363 0.335532886907458 0.190513670444489 0.0187517032027245 0.210476130247116 0.325604625046253 0.344598479568958
-9999 -9999 -9999 -9999 -9999 -9999 -9999 -9999 -9999 -9999 -9999 -9999 -9999 -9999 -9999 -9999 0.566168233752251 0.713487893342972 0.711247980594635 0.711247980594635 0.71115717291832 0.701864570379257 0.64296093583107 0.710990697145462 0.652692437171936 0.720510333776474 0.730105638504028 0.730105638504028 0.730105638504028 0.730105638504028 0.720510333776474 0.720510333776474 0.720510333776474 0.720510333776474 0.720510333776474 0.739700943231583 0.730574786663055 0.730574786663055 0.575475990772247 0.691588193178177 0.720979481935501 0.720752477645874 0.730574786663055 0.751309156417847 0.739700943231583 0.739700943231583 0.832687616348267 0.856040209531784 0.835381537675858 0.800481259822845 0.742182999849319 0.720843285322189 0.711020976305008 0.722719967365265 0.441187143325806 0.35436026006937 0.393134962767363 0.306262684985995 0.209795072674751 0.210476130247116 0.210476130247116 0.315903387963772 0.287450440227985
-9999 -9999 -9999 -9999 -9999 -9999 -9999 -9999 -9999 -9999 -9999 -9999 -9999 -9999 -9999 -9999 -9999 0.654478311538696 0.692587077617645 0.692042231559753 0.711247980594635 0.711384177207947 0.58482913672924 0.701864570379257 0.720979481935501 0.682356119155884 0.547325730323792 0.459893457591534 0.498562231659889 0.701168388128281 0.701168388128281 0.720510333776474 0.720510333776474 0.720510333776474 0.720979481935501 0.730574786663055 0.720752477645874 0.604186236858368 0.393104702234268 0.555574059486389 0.615446329116821 0.642688482999802 0.652329206466675 0.662166655063629 0.683642596006393 0.683642596006393 0.823637127876282 0.788827657699585 0.74212247133255 0.711020976305008 0.720843285322189 0.711020976305008 0.584284275770187 0.498425990343094 0.325332209467888 0.257650509476662 0.267245812341571 0.257635382935405 0.123830854892731 0.277385957539082 0.210476130247116 0.210476130247116 0.287450440227985
-9999 -9999 -9999 -9999 -9999 -9999 -9999 -9999 -9999 -9999 -9999 -9999 -9999 -9999 -9999 -9999 -9999 0.596164911985397 0.682991772890091 0.566168233752251 0.692344933748245 0.692133069038391 0.692133069038391 0.692133069038391 0.627009123563766 0.644716531038284 0.644716531038284 0.623028725385666 0.635212033987045 0.71115717291832 0.711384177207947 0.701864570379257 0.701864570379257 0.643278747797012 0.624103277921677 0.575309500098228 0.594348773360252 0.0949390083551407 0.143732782453299 0.575475975871086 0.594666600227356 0.604367822408676 0.565169364213943 0.632956981658936 0.642688482999802 0.604367822408676 0.672624617815018 0.711384177207947 0.584995612502098 0.575475975871086 0.575475975871086 0.575475975871086 0.383918032050133 0.450827866792679 0.286285080015659 0.297091141343117 0.305929703637958 0.29695494286716 0.0855404511094093 0.23909555748105 0.210476130247116 0.143354415893555 0.296894401311874
-9999 -9999 -9999 -9999 -9999 -9999 -9999 -9999 -9999 -9999 -9999 -9999 -9999 -9999 -9999 -9999 0.343766085803509 0.596679478883743 0.654478311538696 0.566168233752251 0.585706934332848 0.5566486120224 0.605079144239426 0.605079144239426 0.480007275938988 0.450752191245556 0.536398589611053 0.594560638070107 0.643066853284836 0.711247980594635 0.701425671577454 0.652995139360428 0.691830366849899 0.720843285322189 0.720843285322189 0.662817448377609 0.565956354141235 0.0561643019318581 0.0654720477759838 0.575475975871086 0.595014691352844 0.595014691352844 0.431712932884693 0.526727601885796 0.545948460698128 0.536322891712189 0.488649070262909 0.584995612502098 0.584995612502098 0.575475975871086 0.470003336668015 0.143657110631466 0.335351265966892 0.471804335713387 0.326406762003899 0.277007594704628 0.286572618409991 0.230120778083801 0.143687382340431 0.325967855751514 0.210476130247116 0 0.201274333521724
-9999 -9999 -9999 -9999 -9999 -9999 -9999 -9999 -9999 -9999 -9999 -9999 -9999 -9999 -9999 -9999 0.450464636087418 0.654765874147415 0.654478311538696 0.576005697250366 0.566168233752251 0.547128975391388 0.5566486120224 0.585706934332848 0.374443806707859 0.383918032050133 0.412537463009357 0.451508916914463 0.63447043299675 0.605079144239426 0.61443230509758 0.633683443069458 0.701652675867081 0.692133069038391 0.692133069038391 0.691921174526215 0.67309382557869 0.64474681019783 0.634894222021103 0.585706934332848 0.59577140212059 0.576278120279312 0.306837782263756 0.4226019307971 0.431667536497116 0.460816644132137 0.441187143325806 0.383963443338871 0.422057099640369 0.422057099640369 0.354980774223804 0.239246912300587 0.354451060295105 0.39293821528554 0.267487972974777 0.229137033224106 0.230090498924255 0.172458156943321 0.374912984669209 0.210476130247116 0.00954989902675152 0.0859944894909859 0.201274333521724
-9999 -9999 -9999 -9999 -9999 -9999 -9999 -9999 -9999 -9999 -9999 -9999 -9999 -9999 -9999 0.344643883407116 0.528210803866386 0.634712606668472 0.654508590698242 0.654523730278015 0.654478311538696 0.576005697250366 0.566168233752251 0.449723020195961 0.364621497690678 0.413233645260334 0.4226019307971 0.305823780596256 0.625162690877914 0.625162690877914 0.585706934332848 0.585706934332848 0.595014691352844 0.64474681019783 0.585706934332848 0.566168233752251 0.685019820928574 0.748342752456665 0.783591121435165 0.762735694646835 0.647274285554886 0.637542754411697 0.586766362190247 0.326406762003899 0.238444775342941 0.103959193453193 0.32558948546648 0.383918032050133 0.354889966547489 0.413173109292984 0.355268340557814 0.180782154202461 0.335880989208817 0.316054716706276 0.238702058792114 0.190680146217346 0.182159394025803 0.0861761048436165 0.210476130247116 0 0 0.105169959366322 0.191724434494972
-9999 -9999 -9999 -9999 -9999 -9999 -9999 -9999 -9999 -9999 -9999 -9999 -9999 -9999 -9999 -9999 0.325105182826519 0.538199588656425 0.586751222610474 0.625995099544525 0.654508590698242 0.635726600885391 0.664043366909027 0.635726600885391 0.64545813202858 0.238444775342941 0.209795072674751 0.171277657151222 0.654478311538696 0.625162690877914 0.576005697250366 0.566168233752251 0.566168233752251 0.64474681019783 0.480098068714142 0.566243901848793 0.547492206096649 0.637542754411697 0.666056245565414 0.625117301940918 0.576187297701836 0.566667661070824 0.53798770904541 0.327995885163546 0.335608556866646 0.316569313406944 0.257650509476662 0.200320854783058 0.257650509476662 0.335880989208817 0.335608556866646 0.306716725230217 0.297015473246574 0.278929684311152 0.219571992754936 0.104534313082695 0.0960135608911514 0.00932288076728582 0.0955746620893478 0.105169959366322 0.114840939640999 0.18208372592926 0.143551170825958
-9999 -9999 -9999 -9999 -9999 -9999 -9999 -9999 -9999 -9999 -9999 -9999 -9999 -9999 -9999 -9999 -9999 0.325105182826519 0.334942646324635 0.538199603557587 0.576353788375854 0.625117301940918 0.654508590698242 0.654508590698242 0.596603810787201 0.152011379599571 0.152011379599571 0.152011379599571 0.625995099544525 0.615854978561401 0.654478311538696 0.468701750040054 0.410448893904686 0.635317981243134 0.478751093149185 0.334246456623077 0.334246456623077 0.353603534400463 0.528210803866386 0.325105182826519 0.344295792281628 0.344643883407116 0.393952243030071 0.257892666384578 0.547628417611122 0.547840282320976 0.287283942103386 0.24800980091095 0.306716725230217 0.258180215954781 0.288630921393633 0.292686983942986 0.271468352526426 0.228925138711929 0.161682352423668 0.0472500547766685 0.0187517032027245 0 0.18208372592926 0.191724434494972 0.18208372592926 0.105169959366322 0.0955897942185402
-9999 -9999 -9999 -9999 -9999 -9999 -9999 -9999 -9999 -9999 -9999 -9999 -9999 -9999 -9999 -9999 -9999 0.296425215899944 0.354708351194859 0.441974155604839 0.472666993737221 0.491403579711914 0.49947027862072 0.432242624461651 0.344643883407116 0.0377909615635872 0.0377909615635872 0.142703637480736 0.586751222610474 0.625995099544525 0.654765874147415 0.654765874147415 0.616263598203659 0.5771104991436 0.411780714988708 0.53810878098011 0.470442235469818 0.325105182826519 0.334942646324635 0.210476130247116 0.00932288076728582 0.315585553646088 0.277385957539082 0.18131186068058 0.422511123120785 0.210052371025085 0.229137033224106 0.238702058792114 0.238702058792114 0.210052371025085 0.161682352423668 0.152329206466675 0.18100917339325 0.104534313082695 0.0187517032027245 0.0187517032027245 0 0 0.105169959366322 0 0 0 0
-9999 -9999 -9999 -9999 -9999 -9999 -9999 -9999 -9999 -9999 -9999 -9999 -9999 -9999 -9999 -9999 -9999 0.296743050217628 0.403683744370937 0.229545658454299 0.210476130247116 0.334942646324635 0.39383115619421 0.432620994746685 0.432620994746685 0.0662893131375313 0.0187517032027245 0.0282713323831558 0.508959650993347 0.557148054242134 0.53810878098011 0.557148054242134 0.557148054242134 0.547416552901268 0.499440014362335 0.509277477860451 0.422511123120785 0.344643883407116 0.315585553646088 0.210476130247116 0.210476130247116 0.210476130247116 0.0473711304366589 0.210476130247116 0.220026029273868 0.0758997462689877 0.152329206466675 0.161682352423668 0.0854950472712517 0.0854950472712517 0.0187517032027245 0.0187517032027245 0.0472500547766685 0.0472500547766685 0.0187517032027245 0.00932288076728582 0 0 0.0955897942185402 0.0955897942185402 0.0955897942185402 0.0955897942185402 0.0955897942185402
-9999 -9999 -9999 -9999 -9999 -9999 -9999 -9999 -9999 -9999 -9999 -9999 -9999 -9999 -9999 -9999 -9999 0.143157675862312 0.162302866578102 0.210476130247116 0.434754967689514 0.511941164731979 0.432620994746685 0.432620994746685 0.0958016738295555 0.0377909615635872 0.0187517032027245 0.0187517032027245 0.41315796226263 0.461073949933052 0.451720789074898 0.461073949933052 0.510851457715034 0.482186630368233 0.461013399064541 0.432620994746685 0.432620994746685 0.432620994746685 0.354708351194859 0.29651602357626 0.210476130247116 0.0855101868510246 0.0187517032027245 0.143157675862312 0.210476130247116 0.0187517032027245 0.0472500547766685 0.0187517032027245 0.0282259285449982 0.0573145262897015 0.0187517032027245 0.0187517032027245 0.00932288076728582 0 0.277900531888008 0.211005849763751 0.191724434494972 0.201244056224823 0.0955897942185402 0.0859944894909859 0.00954989902675152 0 0
-9999 -9999 -9999 -9999 -9999 -9999 -9999 -9999 -9999 -9999 -9999 -9999 -9999 -9999 -9999 -9999 -9999 0.105169959366322 0.0571783147752285 0.191724434494972 0.191724434494972 0.250461606308818 0.298135425895452 0.0187517032027245 0.0187517032027245 0.0377909615635872 0.0187517032027245 0.0187517032027245 0.0187517032027245 0.326073788106441 0.404107518494129 0.384644486010075 0.521294310688972 0.500227019190788 0.455958470702171 0.469670370221138 0.455958470702171 0.47705602645874 0.444350272417068 0.396040812134743 0.210476130247116 0.123921662569046 0.0283016003668308 0.201047316193581 0.210476130247116 0.0187517032027245 0.210476130247116 0.210476130247116 0.210476130247116 0.201047316193581 0.201047316193581 0.191724434494972 0 0.191724434494972 0.191724434494972 0.0955897942185402 0.0955897942185402 0.143551170825958 0 0 0 0 0
-9999 -9999 -9999 -9999 -9999 -9999 -9999 -9999 -9999 -9999 -9999 -9999 -9999 -9999 -9999 -9999 -9999 0.0859944894909859 0.105169959366322 0.191724434494972 0.191724434494972 0.221024915575981 0 0 0 0.0187517032027245 0.0187517032027245 0.00932288076728582 0 0.191724434494972 0.316766053438187 0.345279537141323 0.325998120009899 0.326028391718864 0.258770477026701 0.191724434494972 0.210597215220332 0.267790656536818 0.335805304348469 0.239140968769789 0.191724434494972 0.105169959366322 0.191724434494972 0.201274333521724 0.18208372592926 0.191724434494972 0.0286194272339344 0.143551170825958 0.191724434494972 0.105169959366322 0 0 0.0571783147752285 0.0571783147752285 0.105169959366322 0 0.0859944894909859 0.0955897942185402 0 0 0 0 0
-9999 -9999 -9999 -9999 -9999 -9999 -9999 -9999 -9999 -9999 -9999 -9999 -9999 -9999 -9999 -9999 -9999 0 0.0380936525762081 0.0190543942153454 0.0571783147752285 0.114840939640999 0 0 0 0 0 0 0 0 0.191724434494972 0.222311340272427 0.201244056224823 0.191724434494972 0.153146475553513 0.191724434494972 0.191724434494972 0.191724434494972 0.191724434494972 0.191724434494972 0.191724434494972 0.105169959366322 0.143551170825958 0.191724434494972 0.18208372592926 0.172518685460091 0.0955897942185402 0.105169959366322 0.105169959366322 0.114840939640999 0.0955897942185402 0.0955897942185402 0.0955897942185402 0.0859944894909859 0.12436056882143 0.0955897942185402 0.0859944894909859 0 0 0 0.00954989902675152 0 0
-9999 -9999 -9999 -9999 -9999 -9999 -9999 -9999 -9999 -9999 -9999 -9999 -9999 -9999 -9999 -9999 -9999 0.0955897942185402 0.0955897942185402 0 0 0 0 0 0 0 0 0 0 0 0.0571783147752285 0.105169959366322 0.18208372592926 0.105169959366322 0.105169959366322 0.143551170825958 0.143551170825958 0.18208372592926 0.191724434494972 0.105169959366322 0.0955897942185402 0.0955897942185402 0.12436056882143 0.162953659892082 0.0955897942185402 0.0765051320195198 0 0.105169959366322 0.0477040894329548 0.0380936525762081 0.0859944894909859 0 0 0.0955897942185402 0.0955897942185402 0.0955897942185402 0.0955897942185402 0.00954989902675152 0.00954989902675152 0 0 0.00954989902675152 0
-9999 -9999 -9999 -9999 -9999 -9999 -9999 -9999 -9999 -9999 -9999 -9999 -9999 -9999 -9999 -9999 -9999 0.00954989902675152 0 0 0 0 0 0 0 0 0 0 0 0 0.0669098272919655 0.0955746620893478 0.0955746620893478 0.133986130356789 0.0571783147752285 0.0571783147752285 0 0.0286194272339344 0.0571783147752285 0.0380936525762081 0.0955897942185402 0.0955897942185402 0.105169959366322 0.0380936525762081 0 0.201244056224823 0.153358355164528 0.0955897942185402 0 0 0 0.0669098272919655 0.0859944894909859 0.0286194272339344 0 0 0.0380936525762081 0.0763991922140121 0.00954989902675152 0.0380936525762081 0 0 0
-9999 -9999 -9999 -9999 -9999 -9999 -9999 -9999 -9999 -9999 -9999 -9999 -9999 -9999 -9999 -9999 -9999 0 0 0 0 0 0 0 0 0 0 0 0 0 0 0 0 0.0667584836483002 0.0380936525762081 0.00954989902675152 0.0859944894909859 0.105169959366322 0.105169959366322 0.128507435321808 0.0955897942185402 0.0955897942185402 0.0286194272339344 0 0.0286194272339344 0.105169959366322 0.133880198001862 0.0859944894909859 0.00954989902675152 0 0 0.0286194272339344 0.0669098272919655 0.0763991922140121 0.0477040894329548 0 0 0 0 0 0 0 0
-9999 -9999 -9999 -9999 -9999 -9999 -9999 -9999 -9999 -9999 -9999 -9999 -9999 -9999 -9999 -9999 -9999 0 0 -9999 0 0 0 0 0 0 0 0 0 0 0 0 0 0 0 0 0.0380936525762081 0.00954989902675152 0.0571783147752285 0.0859944894909859 0.0763991922140121 0.00954989902675152 0.00954989902675152 0 0.00954989902675152 0 0 0 0 0.0477040894329548 0.0477040894329548 0.0763991922140121 0.0763991922140121 0.0477040894329548 0 0 0 0 0 0 0 0 0
