data-raw/DATASET_PNE_1/DATASET_PNE/a_DATA/PFGS/ENVSUIT_A1B/HS_f30_H8_notgraz.asc
NCOLS 619 
NROWS 782 
XLLCORNER 876826 
YLLCORNER 1947424 
CELLSIZE 100 
NODATA_value -9999 
[rows 203 to 231 of 782, columns 384 to 447 of 619]
-9999 -9999 -9999 -9999 -9999 -9999 -9999 -9999 -9999 0.978666879200871 0.936133471480566 1 1 1 1 1 1 0.978666879200871 0.851438590898223 0.851571424776175 0.851757392205308 0.851651125102946 0.788023697563827 0.851651125102946 0.851651125102946 0.978666879200871 0.957280624850562 0.957572859382057 0.978905980181185 0.788023697563827 0.957625992933238 0.872904545575304 0.893839164740576 0.915066018437342 1 1 1 1 1 1 0.978666879200871 0.978666879200871 1 0.95775882681119 0.915066018437342 0.978640312425281 0.978905980181185 0.936558539890014 0.830185170425865 0.830185170425865 0.893679764087033 0.915012884886161 0.957519725830876 0.915119151988523 0.936266305358519 0.957572859382057 0.957572859382057 1 0.978666879200871 0.936292872134109 0.978905980181185 1 1 0.978613745649691
-9999 1 1 -9999 -9999 -9999 -9999 0.936266305358519 -9999 0.915119151988523 1 1 1 1 1 1 1 0.979012247283547 0.87269201137058 0.851571424776175 0.936744507319147 0.851757392205308 0.809277118036184 0.894051698945299 0.893945431842937 0.978666879200871 0.978666879200871 1 1 0.788023697563827 0.851757392205308 0.872904545575304 0.915225419090885 0.957652559708828 1 1 1 1 1 1 1 1 1 0.893945431842937 0.935920937275843 0.914773783905847 0.915437953295609 0.893679764087033 0.872426343614676 0.893679764087033 0.978613745649691 0.978613745649691 0.957519725830876 0.957519725830876 0.957519725830876 1 1 0.978613745649691 0.978613745649691 1 1 0.936478839563242 0.915464520071199 0.957838527137961
-9999 -9999 0.957519725830876 0.957519725830876 0.936372572460881 0.957519725830876 0.957519725830876 0.893759464413804 0.893759464413804 0.915119151988523 0.978666879200871 1 1 1 1 1 1 0.978666879200871 0.894078265720889 0.957519725830876 0.851651125102946 1 0.894157966047661 0.936531973114423 0.936186605031747 0.978666879200871 0.957280624850562 0.978666879200871 1 0.788023697563827 0.788023697563827 0.809170850933822 0.830185170425865 0.872824845248532 1 1 1 1 0.978905980181185 0.978666879200871 0.978666879200871 1 0.978666879200871 1 0.936399139236471 1 1 1 0.936213171807338 0.914826917457028 0.936160038256157 0.915012884886161 0.893679764087033 0.957519725830876 0.978613745649691 1 1 1 1 1 0.978613745649691 0.873117079780027 -9999 -9999
-9999 -9999 0.893759464413804 0.893812597964985 0.936160038256157 0.936160038256157 0.936160038256157 0.893759464413804 0.872373210063495 1 0.978852846630004 0.978666879200871 -9999 1 1 1 1 1 0.894078265720889 0.830185170425865 0.830318004303818 0.894290799925613 0.872904545575304 0.915198852315295 0.915198852315295 0.978666879200871 0.978666879200871 0.957280624850562 1 0.851677691878537 0.830424271406179 0.809170850933822 0.830185170425865 0.957918227464733 1 1 1 1 0.978852846630004 1 0.978666879200871 0.978852846630004 1 -9999 -9999 0.936399139236471 0.978640312425281 -9999 0.978905980181185 0.957546292606466 0.915066018437342 0.851438590898223 0.809170850933822 0.893679764087033 0.978613745649691 1 0.978613745649691 0.957519725830876 0.957519725830876 1 1 -9999 -9999 -9999
-9999 -9999 0.936160038256157 0.915066018437342 0.830397704630589 0.915092585212933 0.872506043941447 0.915092585212933 0.915198852315295 0.915119151988523 1 0.978666879200871 -9999 -9999 1 1 1 1 0.87269201137058 0.851571424776175 0.809170850933822 0.936744507319147 0.936372572460881 0.873010812677665 0.915198852315295 1 0.978666879200871 0.957280624850562 1 0.788023697563827 0.809170850933822 0.830318004303818 0.915305119417656 0.957413458728514 1 1 -9999 -9999 -9999 -9999 -9999 0.957519725830876 1 0.957652559708828 0.936558539890014 0.915066018437342 0.914773783905847 0.978640312425281 0.957519725830876 0.915039451661752 -9999 1 1 0.830185170425865 0.957254058074971 0.915012884886161 1 0.978613745649691 0.978613745649691 0.978613745649691 -9999 -9999 -9999 -9999
-9999 0.936239738582928 0.893812597964985 0.851412024122632 0.872798278472942 0.936160038256157 0.893759464413804 -9999 0.978852846630004 0.978852846630004 0.978666879200871 0.978666879200871 1 1 1 1 1 1 0.894078265720889 0.893839164740576 0.809170850933822 0.851757392205308 1 1 0.915198852315295 1 0.978666879200871 1 0.957572859382057 0.788023697563827 0.872904545575304 0.872904545575304 0.851571424776175 0.957918227464733 1 1 1 1 1 1 1 0.978666879200871 1 0.978666879200871 1 1 -9999 -9999 -9999 -9999 0.957280624850562 0.978613745649691 1 0.893679764087033 0.957254058074971 0.915012884886161 0.978613745649691 0.957519725830876 -9999 -9999 -9999 -9999 -9999 -9999
-9999 0.915092585212933 0.915092585212933 0.894051698945299 -9999 -9999 0.957599426157647 -9999 1 1 1 1 1 1 1 1 1 1 1 0.936213171807338 0.957519725830876 0.809170850933822 0.957732260035599 1 0.788023697563827 -9999 -9999 -9999 -9999 0.788023697563827 0.91554422039797 0.872904545575304 0.894078265720889 0.915225419090885 0.978666879200871 1 0.978905980181185 0.95775882681119 0.95775882681119 1 1 1 0.978852846630004 0.978852846630004 1 1 0.936425706012061 -9999 -9999 0.87266544459499 0.893679764087033 1 1 1 0.936160038256157 0.915012884886161 0.915012884886161 0.957519725830876 -9999 -9999 -9999 -9999 -9999 -9999
1 0.872745144921761 0.936160038256157 -9999 -9999 -9999 0.936452272787652 1 1 1 1 1 1 1 1 1 1 1 1 0.978613745649691 0.957572859382057 0.851651125102946 0.915384819744428 0.957625992933238 0.788023697563827 -9999 -9999 -9999 -9999 0.788023697563827 0.851757392205308 0.872824845248532 0.851518291224994 0.894078265720889 0.915225419090885 1 1 1 1 0.95775882681119 0.936425706012061 0.978666879200871 0.978666879200871 1 1 -9999 -9999 -9999 0.978905980181185 1 0.978640312425281 1 1 1 0.978640312425281 0.936160038256157 0.915012884886161 1 -9999 -9999 -9999 -9999 -9999 -9999
-9999 -9999 0.915012884886161 -9999 -9999 -9999 1 1 1 -9999 1 -9999 -9999 -9999 1 1 1 1 1 0.894184532823251 0.936213171807338 0.87269201137058 0.851757392205308 0.957625992933238 0.788023697563827 -9999 -9999 -9999 -9999 -9999 0.788023697563827 0.873010812677665 0.914826917457028 0.894078265720889 0.851438590898223 1 1 1 1 0.95775882681119 1 0.957519725830876 0.978666879200871 -9999 -9999 -9999 -9999 1 0.893812597964985 0.957254058074971 0.936399139236471 1 1 1 1 0.893679764087033 0.957519725830876 -9999 -9999 -9999 -9999 -9999 -9999 -9999
-9999 -9999 -9999 -9999 -9999 -9999 -9999 -9999 1 -9999 1 1 1 -9999 -9999 1 1 1 1 0.893971998618528 0.936213171807338 0.978613745649691 0.788023697563827 0.957625992933238 0.788023697563827 -9999 -9999 -9999 -9999 -9999 0.788023697563827 0.788023697563827 0.915012884886161 0.978905980181185 0.894078265720889 1 1 1 1 -9999 -9999 0.978666879200871 0.957519725830876 -9999 -9999 0.978666879200871 1 0.936425706012061 0.915066018437342 1 1 1 1 1 1 1 0.978613745649691 -9999 -9999 -9999 -9999 -9999 -9999 -9999
0.872798278472942 -9999 -9999 -9999 -9999 -9999 -9999 -9999 1 1 1 1 1 1 1 -9999 1 1 1 1 0.87269201137058 0.809170850933822 0.788023697563827 0.809277118036184 -9999 -9999 -9999 -9999 -9999 -9999 0.788023697563827 0.809170850933822 0.978613745649691 1 0.936213171807338 1 1 -9999 1 1 -9999 0.936505406338833 0.957519725830876 1 1 0.978666879200871 -9999 1 1 1 1 1 1 1 1 1 -9999 -9999 -9999 -9999 -9999 -9999 -9999 -9999
0.893759464413804 -9999 -9999 -9999 -9999 -9999 -9999 1 1 1 1 1 1 1 1 1 1 1 1 1 0.915225419090885 0.851677691878537 0.809277118036184 0.788023697563827 -9999 -9999 -9999 -9999 -9999 -9999 0.788023697563827 0.914826917457028 1 1 0.978905980181185 1 -9999 -9999 -9999 -9999 -9999 0.957519725830876 0.957519725830876 1 0.957519725830876 -9999 -9999 -9999 -9999 -9999 -9999 1 1 1 1 -9999 -9999 -9999 -9999 -9999 -9999 -9999 -9999 -9999
-9999 -9999 -9999 -9999 1 1 1 1 1 1 1 1 1 1 1 1 1 1 1 0.978613745649691 0.851544858000584 0.830424271406179 0.788023697563827 0.830424271406179 -9999 -9999 -9999 -9999 -9999 -9999 0.788023697563827 0.788023697563827 0.957546292606466 0.978905980181185 -9999 0.978640312425281 0.95775882681119 1 -9999 -9999 -9999 0.957519725830876 0.95775882681119 1 1 -9999 -9999 -9999 -9999 -9999 -9999 -9999 -9999 -9999 -9999 -9999 -9999 -9999 -9999 -9999 -9999 -9999 -9999 -9999
-9999 -9999 1 -9999 -9999 -9999 -9999 1 1 -9999 1 1 1 1 1 1 1 1 1 1 0.893839164740576 0.830424271406179 0.851677691878537 0.851571424776175 -9999 -9999 -9999 -9999 -9999 -9999 0.873010812677665 0.91551765362238 0.957918227464733 1 1 0.830424271406179 0.978905980181185 0.957891660689142 -9999 -9999 -9999 -9999 0.978852846630004 1 1 1 0.957519725830876 0.914826917457028 -9999 -9999 -9999 -9999 -9999 -9999 -9999 -9999 -9999 -9999 -9999 -9999 -9999 -9999 -9999 -9999
-9999 -9999 1 1 1 -9999 -9999 -9999 -9999 1 1 1 1 1 1 1 1 1 1 0.957572859382057 0.915172285539704 0.809170850933822 0.788023697563827 0.872824845248532 -9999 -9999 -9999 -9999 -9999 0.809277118036184 0.872904545575304 0.957918227464733 0.915278552642066 1 -9999 -9999 -9999 1 -9999 -9999 -9999 -9999 0.957599426157647 0.978852846630004 0.957519725830876 0.957519725830876 0.957652559708828 -9999 -9999 -9999 -9999 -9999 -9999 -9999 -9999 -9999 -9999 -9999 -9999 -9999 -9999 -9999 -9999 -9999
-9999 -9999 1 1 1 1 1 -9999 -9999 1 1 1 1 1 1 1 1 1 1 1 0.894078265720889 0.809170850933822 0.809170850933822 0.788023697563827 -9999 -9999 -9999 -9999 -9999 0.830503971732951 0.936903907972689 0.957918227464733 0.978666879200871 0.915145718764114 1 1 1 1 1 -9999 -9999 -9999 -9999 1 0.936160038256157 0.957307191626152 -9999 -9999 -9999 -9999 -9999 -9999 -9999 -9999 -9999 -9999 -9999 -9999 -9999 -9999 -9999 -9999 -9999 -9999
-9999 -9999 1 1 1 1 1 1 -9999 1 1 1 1 1 1 1 1 1 1 1 0.894078265720889 0.830503971732951 0.872904545575304 0.978905980181185 -9999 -9999 -9999 -9999 -9999 0.851757392205308 0.979012247283547 0.936505406338833 1 0.936292872134109 1 1 1 -9999 0.957519725830876 0.957519725830876 -9999 -9999 -9999 0.957493159055285 0.9149066177838 0.957307191626152 0.957307191626152 -9999 -9999 -9999 -9999 -9999 -9999 -9999 -9999 -9999 -9999 -9999 -9999 -9999 -9999 -9999 -9999 -9999
-9999 -9999 1 1 1 1 1 1 1 1 1 1 1 1 1 1 1 1 0.978905980181185 0.936585106665604 0.830424271406179 0.851757392205308 0.830424271406179 -9999 -9999 -9999 -9999 -9999 -9999 0.91551765362238 0.978746579527643 0.830530538508541 1 1 1 1 1 0.978852846630004 0.936160038256157 0.936372572460881 -9999 -9999 -9999 0.914986318110571 0.914986318110571 0.936160038256157 0.957307191626152 0.957307191626152 0.978666879200871 -9999 -9999 -9999 -9999 -9999 -9999 -9999 -9999 -9999 -9999 -9999 -9999 -9999 -9999 -9999
-9999 -9999 1 1 1 1 1 1 1 1 1 1 1 1 1 1 0.978905980181185 0.979012247283547 0.979012247283547 0.894370500252384 0.873117079780027 0.851757392205308 -9999 -9999 -9999 -9999 -9999 -9999 0.894025132169709 0.957997927791504 0.978905980181185 1 1 1 1 -9999 -9999 0.9149066177838 -9999 0.893759464413804 -9999 -9999 -9999 0.893839164740576 0.893839164740576 0.936239738582928 0.957493159055285 0.978666879200871 0.957307191626152 0.957307191626152 0.830158603650275 0.87266544459499 -9999 -9999 -9999 0.893759464413804 0.9149066177838 0.957280624850562 -9999 -9999 -9999 -9999 -9999 -9999
-9999 1 1 1 1 1 1 1 1 1 1 1 1 1 1 1 0.979012247283547 0.91554422039797 0.894264233150023 0.851757392205308 0.788023697563827 -9999 -9999 -9999 -9999 -9999 -9999 -9999 -9999 0.979012247283547 1 1 1 1 -9999 1 0.957519725830876 0.872506043941447 -9999 -9999 -9999 -9999 -9999 -9999 -9999 0.914986318110571 0.936239738582928 0.936239738582928 0.9149066177838 0.957519725830876 0.915012884886161 0.915012884886161 0.893945431842937 0.915305119417656 -9999 0.893759464413804 0.851412024122632 0.915012884886161 -9999 -9999 -9999 -9999 -9999 -9999
-9999 1 1 1 1 1 1 1 0.95775882681119 1 1 1 1 0.978746579527643 1 1 1 0.978905980181185 1 1 -9999 -9999 -9999 -9999 -9999 -9999 -9999 -9999 -9999 -9999 1 1 1 1 -9999 1 0.936160038256157 0.915092585212933 0.915092585212933 -9999 -9999 -9999 -9999 -9999 -9999 0.957413458728514 0.893839164740576 0.914986318110571 0.936239738582928 0.957307191626152 0.957307191626152 0.936160038256157 0.936160038256157 0.915012884886161 0.957307191626152 0.978666879200871 0.809011450280279 -9999 -9999 -9999 -9999 -9999 -9999 -9999
1 1 1 1 1 1 1 1 1 1 1 1 1 1 1 1 1 1 -9999 -9999 -9999 -9999 -9999 -9999 -9999 -9999 -9999 0.979012247283547 1 1 1 0.978905980181185 1 -9999 -9999 0.957519725830876 0.957307191626152 0.893839164740576 0.872745144921761 -9999 -9999 -9999 -9999 -9999 0.893839164740576 0.914986318110571 -9999 1 0.893759464413804 0.893839164740576 0.915092585212933 0.936266305358519 0.957307191626152 0.936160038256157 0.936160038256157 0.957519725830876 0.936160038256157 0.893812597964985 -9999 0.809011450280279 0.830158603650275 0.851412024122632 -9999 -9999
1 1 1 1 1 1 1 1 1 1 1 1 1 1 1 1 -9999 -9999 -9999 -9999 -9999 -9999 -9999 -9999 -9999 -9999 0.936744507319147 -9999 1 -9999 1 -9999 -9999 1 -9999 0.978666879200871 -9999 -9999 0.915092585212933 -9999 -9999 0.872745144921761 0.872745144921761 -9999 -9999 -9999 -9999 0.893839164740576 0.936239738582928 0.936239738582928 0.9149066177838 1 1 1 1 1 0.957307191626152 0.957307191626152 0.936160038256157 0.936160038256157 0.936160038256157 0.872798278472942 0.893573496984671 0.85125262346909
1 1 1 1 1 1 1 1 1 1 1 -9999 -9999 -9999 -9999 -9999 -9999 -9999 -9999 -9999 -9999 -9999 -9999 -9999 -9999 1 1 0.978746579527643 -9999 -9999 -9999 -9999 -9999 0.978666879200871 -9999 -9999 -9999 0.915092585212933 0.915092585212933 1 -9999 -9999 -9999 0.93634600568529 -9999 -9999 -9999 0.936160038256157 0.978640312425281 0.978640312425281 -9999 -9999 1 -9999 -9999 1 1 0.957307191626152 0.957307191626152 0.936160038256157 0.957307191626152 0.936160038256157 0.936160038256157 0.87266544459499
1 1 1 1 1 1 1 -9999 -9999 -9999 -9999 -9999 -9999 -9999 -9999 -9999 -9999 -9999 -9999 -9999 -9999 -9999 -9999 -9999 1 1 0.978640312425281 1 0.978746579527643 -9999 -9999 -9999 0.957519725830876 0.978666879200871 0.9149066177838 0.915012884886161 0.936239738582928 0.936239738582928 0.893839164740576 0.893839164740576 -9999 -9999 -9999 0.957493159055285 -9999 -9999 -9999 1 1 -9999 -9999 0.93634600568529 0.957519725830876 -9999 -9999 -9999 1 1 1 1 1 0.936160038256157 0.957307191626152 0.936160038256157
-9999 -9999 1 -9999 -9999 -9999 -9999 -9999 -9999 -9999 -9999 -9999 -9999 -9999 -9999 -9999 -9999 -9999 -9999 -9999 -9999 0.957360325177333 -9999 -9999 -9999 0.936213171807338 0.978852846630004 -9999 1 1 -9999 -9999 0.957519725830876 0.9149066177838 0.915012884886161 0.915092585212933 0.936239738582928 0.872745144921761 0.830025769772323 0.893839164740576 -9999 -9999 -9999 -9999 -9999 -9999 1 1 0.978852846630004 1 -9999 1 -9999 1 -9999 -9999 1 0.978852846630004 0.93634600568529 0.978640312425281 1 1 1 0.957493159055285
-9999 -9999 -9999 -9999 -9999 -9999 -9999 -9999 -9999 -9999 -9999 -9999 -9999 -9999 -9999 -9999 -9999 -9999 0.914853484232619 0.957360325177333 0.957360325177333 1 -9999 -9999 -9999 -9999 -9999 -9999 0.978666879200871 1 -9999 -9999 0.936160038256157 0.936160038256157 0.915092585212933 0.915092585212933 0.893839164740576 0.893839164740576 0.893839164740576 0.914986318110571 -9999 -9999 -9999 -9999 -9999 -9999 -9999 1 1 1 1 -9999 -9999 1 1 0.978852846630004 0.978852846630004 0.936160038256157 0.936160038256157 0.87266544459499 0.915145718764114 0.9149066177838 0.978852846630004 0.978852846630004
-9999 -9999 -9999 -9999 -9999 -9999 -9999 -9999 -9999 -9999 -9999 -9999 -9999 -9999 -9999 -9999 -9999 -9999 0.9149066177838 1 -9999 -9999 -9999 -9999 -9999 -9999 -9999 -9999 0.978666879200871 0.978666879200871 0.957519725830876 -9999 0.893759464413804 0.915092585212933 0.915092585212933 0.9149066177838 0.872506043941447 0.893839164740576 -9999 0.978640312425281 -9999 1 1 1 -9999 -9999 1 1 0.978852846630004 0.957519725830876 1 1 1 1 0.957572859382057 0.978666879200871 0.957413458728514 0.893812597964985 0.87266544459499 0.915172285539704 0.87266544459499 0.936160038256157 0.893759464413804 0.893759464413804
-9999 -9999 -9999 -9999 -9999 -9999 -9999 1 1 1 1 1 -9999 -9999 -9999 -9999 -9999 -9999 -9999 -9999 -9999 -9999 -9999 -9999 -9999 -9999 -9999 0.978666879200871 0.978666879200871 0.915012884886161 0.872373210063495 -9999 0.893839164740576 0.936239738582928 0.872745144921761 1 0.872745144921761 -9999 -9999 1 -9999 -9999 1 1 -9999 -9999 1 1 1 1 1 1 1 1 0.936505406338833 0.809277118036184 0.830424271406179 0.85127919024468 0.830424271406179 0.830264870752637 1 0.872904545575304 0.936425706012061 0.809277118036184
