data-raw/DATASET_PNE_1/DATASET_PNE/a_DATA/PFGS/ENVSUIT_A1B/HS_f15_C3_cushion.asc
NCOLS 619 
NROWS 782 
XLLCORNER 876826 
YLLCORNER 1947424 
CELLSIZE 100 
NODATA_value -9999 
[rows 560 to 587 of 782, columns 504 to 566 of 619]
1 1 1 1 1 1 1 1 1 -9999 -9999 -9999 1 1 1 1 1 1 1 1 1 0.988252699375153 1 1 1 1 1 1 0.988252699375153 0.988108932971954 0.975909799337387 0.988088399171829 0.903885662555695 0.90402939915657 0.879836529493332 0.879836529493332 1 0.987924098968506 0.904008865356445 0.903762429952621 0.975807100534439 1 0.916125863790512 0.964183032512665 0.879836529493332 0.795674860477448 1 1 1 1 1 1 1 1 1 0.77678057551384 0.435225486755371 0.340836271643639 0.136079847812653 0.23843752592802 0.16452394425869 0.122648482210934 0.103158627636731
1 1 1 1 1 1 1 1 -9999 -9999 -9999 -9999 1 1 1 1 1 1 1 1 1 1 1 1 1 1 1 1 1 1 0.988252699375153 0.988252699375153 1 1 1 1 0.904111564159393 0.963895499706268 1 0.880206197500229 0.927832096815109 1 1 1 0.952250897884369 0.976094633340836 0.903865098953247 0.891912430524826 0.988252699375153 1 1 0.987903565168381 0.987903565168381 1 0.856341898441315 0.644376903772354 0.45264108479023 0.345703601837158 0.194775328040123 0.233898796141148 0.108662612736225 0.112954896874726 0.0938347177579999
0.952004432678223 0.914298057556152 0.829294323921204 0.924299687147141 0.971494287252426 0.94202333688736 0.913661390542984 0.267189688980579 -9999 -9999 -9999 -9999 1 1 1 1 1 1 1 1 1 1 1 1 1 1 0.987903565168381 0.987903565168381 1 1 1 1 1 1 1 1 1 0.987924098968506 1 0.891809731721878 0.880062431097031 0.964018732309341 1 1 0.939907997846603 0.903865098953247 0.928016930818558 0.879836529493332 1 1 1 0.963813364505768 1 1 0.946664750576019 0.773576766252518 0.53807607293129 0.190544649958611 0.178735729306936 0.231639698147774 0.122648482210934 0.0938347177579999 0.1059311600402
0.55512198805809 0.593834698200226 0.820257961750031 0.602665722370148 0.422348633408546 0.346894755959511 0.139283657073975 0.108251869678497 -9999 -9999 -9999 -9999 1 1 1 1 1 1 1 1 1 1 1 1 1 1 1 1 1 1 0.987903565168381 1 1 1 0.988108932971954 1 1 1 1 1 1 0.988088399171829 0.904008865356445 0.879836529493332 -9999 1 0.879836529493332 0.90394726395607 1 1 1 0.987903565168381 1 1 0.916105300188065 0.939846366643906 0.454838588833809 0.106773186475039 0.147580709308386 0.162018395960331 0.112954896874726 0.124928116798401 0.105951694771647
0.344245463609695 0.272036470472813 0.139283657073975 0.120163477957249 0.0961348861455917 0.0604206025600433 0.0357142873108387 0.0483446978032589 -9999 -9999 -9999 -9999 1 1 1 1 1 1 1 1 1 1 1 1 1 1 1 1 1 1 1 0.951799064874649 1 1 1 1 1 0.988252699375153 0.988108932971954 0.879836529493332 0.939805299043655 1 1 0.976012498140335 -9999 -9999 -9999 -9999 -9999 1 1 1 1 1 0.987903565168381 0.59707960486412 0.227059878408909 0.147580709308386 0.148217365145683 0.110675265081227 0.103158627636731 0.095477694645524 0.0117473099380732
0.120163477957249 0.108251869678497 0.108251869678497 0.108251869678497 0.0961348861455917 0.0239669755101204 0.0604206025600433 0.0483446978032589 0.0604206025600433 0.120163477957249 -9999 0.346894755959511 0.619198232889175 0.752176940441132 1 1 0.722972989082336 0.521892726421356 0.990511775016785 1 1 1 1 1 1 1 1 1 1 1 0.990101039409637 1 1 0.951819598674774 0.928263366222382 0.987903565168381 1 1 0.976156234741211 1 0.91577672958374 1 0.963936567306519 0.928201764822006 0.987924098968506 -9999 -9999 -9999 -9999 -9999 -9999 -9999 -9999 1 0.963895499706268 0.415550798177719 0.0723732868209481 0.135237820446491 0.146923515945673 0.10558202676475 0.0598250217735767 0 0
0.467982411384583 0.363920152187347 0.20009446144104 0.137045101262629 0.118048138916492 0.0961348861455917 0.108251869678497 0.108251869678497 0.120163477957249 0.0604206025600433 0 0.0360634177923203 0.0724143609404564 0.253429725766182 0.3565883487463 0.398443266749382 0.418426021933556 0.284502580761909 0.219317346811295 0.279614716768265 0.616343528032303 1 1 1 1 1 1 1 1 1 1 1 1 1 0.990101039409637 0.987903565168381 1 1 1 1 1 1 1 1 0.988252699375153 1 -9999 -9999 -9999 -9999 -9999 -9999 0.952189266681671 0.692187637090683 0.60502752661705 0.400250554084778 0.245646104216576 0.159019956365228 0.173334430903196 0.0818615006282926 0.0237410664558411 0 0
0.351844251155853 0.332600831985474 0.207323588430882 0.137106712907553 0.127372056245804 0.108251869678497 0.108251869678497 0.0961348861455917 0.0961348861455917 0.108251869678497 0.0483446978032589 0.0604206025600433 0.0239669755101204 0.012075905688107 0.0724143609404564 0.120163477957249 0.170849425718188 0.187525667250156 0.120163477957249 0.120163477957249 0.108087569475174 0.169535040855408 0.257845237851143 0.808736532926559 1 1 1 1 1 1 1 1 1 1 1 1 1 0.951819598674774 1 1 1 1 1 1 1 1 -9999 -9999 -9999 -9999 -9999 -9999 -9999 0.815370082855225 0.495974704623222 0.476669698953629 0.334079518914223 0.438429310917854 0.379282027482986 0.0986609729006886 0.110716342926025 0.0464552715420723 0.0581615064293146
0.301445826888084 0.254990555346012 0.347038522362709 0.303232565522194 0.291341498494148 0.161443354561925 0.118048138916492 0.120163477957249 0.108251869678497 0.127372056245804 0.127372056245804 0.127372056245804 0.196787979453802 0.259447135031223 0.228415347635746 0.0483446978032589 0.012075905688107 0 0.0122812781482935 0.0841822028160095 0.0840795189142227 0.0961965024471283 0.0462088221684098 0.14521892555058 0.318183690309525 0.403700813651085 0.550973445177078 0.512938484549522 1 1 1 1 1 1 1 1 1 1 1 1 1 1 1 0.975786566734314 1 1 -9999 -9999 -9999 1 -9999 0.778793215751648 0.694364577531815 0.672923684120178 0.597449272871017 0.319621294736862 0.305861324071884 0.108169721439481 0.177339196205139 0.0556148868054152 0.0222007725387812 0.0699909646064043 0.165941018611193
0.301281526684761 0.366281941533089 0.349544063210487 0.361619979143143 0.351844251155853 0.303232565522194 0.204242996871471 0.308099895715714 0.149162077344954 0.286474160850048 0.324693992733955 0.250082142651081 0.247535526752472 0.259447135031223 0.240326955914497 0.108251869678497 0.226320542395115 0.216318905353546 0.144048307090998 0 0.012075905688107 0.0839152187108994 0.0463115097954869 0.091637228615582 0.134765466675162 0.0292450515553355 0.108087569475174 0.0819231094792485 0.408116310834885 1 0.988088399171829 1 1 1 1 1 1 1 1 1 1 1 1 1 0.964039266109467 1 1 1 1 -9999 0.798036634922028 0.684814751148224 0.672923684120178 0.569949895143509 0.541053980588913 0.306005090475082 0.153967797756195 0.101043296046555 0.0340918423607945 0.130185652524233 0.117760617285967 0.177852623164654 0.202066048979759
0.643719702959061 0.634601145982742 0.318142607808113 0.349728912115097 0.313768163323402 0.477203637361526 0.412388071417809 0.375831767916679 0.347038522362709 0.375831767916679 0.375831767916679 0.3565883487463 0.269140727818012 0.259447135031223 0.139283657073975 0.318224757909775 0.486630260944366 0.638380020856857 0.545407861471176 0.467571675777435 0.296578496694565 0.132280457764864 0.120163477957249 0 0 0.108087569475174 0.108087569475174 0.0598044842481613 0.106115994043648 0.214614309370518 0.78347572684288 1 1 1 1 1 1 1 1 1 1 1 1 1 1 1 0.966257303953171 1 1 0.9802226126194 -9999 0.426209643483162 0.358806386590004 0.392754450440407 0.352439820766449 0.262527726590633 0.122833323664963 0.0817588092759252 0.0101248668506742 0.178099069744349 0.238375917077065 0.250451825559139 0.250451825559139
0.990635007619858 0.960835456848145 0.442742124199867 0.32079191505909 0.344779416918755 0.453010752797127 0.412388071417809 0.477203637361526 0.540561079978943 0.351844251155853 0.32722008228302 0.317896157503128 0.337344944477081 0.366281941533089 0.39367863535881 0.655754536390305 0.923046886920929 1 0.961821258068085 0.952333033084869 0.981023550033569 0.73357018828392 0.229154691100121 0.144890328869224 0.0961965024471283 0 0.216483198106289 0.230900347232819 0.142035651952028 0.106321369297802 0.118191899731755 0.277314551174641 0.557175695896149 1 1 0.990511775016785 1 1 1 1 1 1 1 1 1 1 1 1 1 0.907233238220215 0.53062105178833 0.356588363647461 0.269613072276115 0.251170627772808 0.250636652112007 0.153598126024008 0.0509118558838964 0.078883595764637 0.129651691764593 0.250451825559139 0.214183025062084 0.214367866516113 0.214552700519562
0.89256963133812 0.94161257147789 0.978723406791687 0.518647819757462 0.29690708220005 0.376057669520378 0.356732115149498 0.317670255899429 0.356732115149498 0.257824689149857 0.366281941533089 0.412388071417809 0.38484762609005 0.597100138664246 0.769838988780975 0.895835041999817 0.723301559686661 0.664893597364426 0.762363433837891 0.665612429380417 0.646697610616684 0.952333033084869 0.43974369764328 0.330280125141144 0.413866743445396 0.0357348211109638 0 0 0.0119732189923525 0.142035651952028 0.142035651952028 0.154111560434103 0.214367866516113 0.286967061460018 0.296003460884094 0.371251955628395 0.530867487192154 0.606875866651535 0.691920638084412 1 1 0.941900134086609 1 1 1 1 1 1 1 1 0.989977806806564 -9999 0.336934193968773 0.60248090326786 0.556908756494522 0.614597871899605 0.672102212905884 0.555799722671509 0.259775742888451 0.238375917077065 0.0936704203486443 0.0579355964437127 0.120163477957249
1 0.987924098968506 0.82101783156395 0.502854660153389 0.408958345651627 0.382485836744308 0.366281941533089 0.588043212890625 0.381992936134338 0.477203637361526 0.653187364339828 0.578021049499512 0.615932792425156 0.769222885370255 0.788979709148407 0.750431299209595 0.385607495903969 0.347038522362709 0.375831767916679 0.503244891762733 0.635874480009079 0.990511775016785 0.571408033370972 1 0.987883031368256 0.338885232806206 0.161648724228144 0.0240080505609512 0 0 0.142035651952028 0.154111560434103 0.0222213100641966 0.308490097522736 0.548180401325226 0.848311841487885 0.480674430727959 0.404789283871651 0.666331231594086 1 0.577815651893616 0.597182273864746 0.82722008228302 1 1 0.67567566037178 0.760124862194061 1 1 1 1 1 0.990511775016785 0.663948893547058 0.404111564159393 0.717222541570663 0.791772782802582 0.269469320774078 0.238375917077065 0.0936704203486443 0.0579355964437127 0.057853446342051 0.0459623755887151
1 1 0.864248752593994 0.566705003380775 0.769428223371506 0.883081406354904 0.990635007619858 0.951285630464554 0.961164057254791 0.990635007619858 0.941797435283661 0.816355884075165 0.910437047481537 0.814117312431335 0.769428223371506 0.540540531277657 0.512733072042465 0.52213916182518 0.578021049499512 0.52213916182518 0.568902492523193 1 0.942043870687485 0.578534454107285 1 1 0.166783039458096 0.260330244898796 0.214881297200918 0.0120964432135224 0 0 0.0341945299878716 0.190195515751839 0.284399896860123 0.429002717137337 0.410929933190346 0.517148599028587 0.829376488924026 0.355212345719337 0.438429310917854 0.799289405345917 0.655898302793503 1 1 0.49737124145031 1 1 1 0.587324410676956 0.547153532505035 0.736999928951263 0.942762672901154 0.77396696805954 0.498254328966141 0.657602876424789 0.363468334078789 0.238375917077065 0.250451825559139 0.141932964324951 0.0579355964437127 0.0700115012004972 0.0580382803454995
0.988252699375153 0.988252699375153 1 1 0.970713883638382 1 1 1 0.987924098968506 1 1 0.970713883638382 0.78861004114151 0.760289162397385 0.769428223371506 0.684814751148224 0.758748888969421 0.948739022016525 0.888955056667328 0.621272504329681 0.587160110473633 0.932124346494675 0.798406302928925 0.512199148535728 1 1 0.0516511956229806 0.145218928344548 0.343300744891167 0.164770394563675 0.154111560434103 0.0720241516828537 0 0 0.226258933544159 0.286967061460018 0.318347975611687 0.386264681816101 0.308490097522736 0.194919086992741 0.500616133213043 0.587324410676956 0.606958001852036 1 1 0.554834485054016 1 1 1 0.223773926496506 0.0869958074763417 0.250780411064625 0.344450831413269 0.292943403124809 0.269469320774078 0.430276021361351 0.250451825559139 0.202291958034039 0.0942043857648969 0.0821284847334027 0.118397274985909 0.0459418380632997 0.0699498886242509
1 1 1 0.988252699375153 1 0.980777144432068 0.980777144432068 0.990101039409637 0.951347231864929 0.978025138378143 0.980078876018524 0.816355884075165 0.769428223371506 0.778916448354721 0.873223513364792 0.89256963133812 0.89256963133812 0.712560594081879 0.620717972517014 0.386880800127983 0.555163085460663 0.43818287551403 0.51852460205555 0.684814751148224 0.694672644138336 1 0.16661874204874 0.191982254385948 0.0222418466582894 0.0222418466582894 0.0120964432135224 0.0480366386473179 0.11829458642751 0 0 0.0836276989430189 0.11815082654357 0.0358169730752707 0.131910784170032 0.347161754965782 0.435923770070076 0.564651280641556 0.607040166854858 1 1 1 1 1 0.540417313575745 0.142405325546861 0.0698472047224641 0.0945329833775759 0.118376733735204 0.238540209829807 0.238375917077065 0.238478600978851 0.130144584923983 0.0819231094792485 0.0700115012004972 0.0459623755887151 0.0460445256903768 0.0460445256903768 0.0339480815455317
1 0.964018732309341 1 1 1 0.990635007619858 1 1 0.931159108877182 0.921794146299362 0.882711738348007 0.873223513364792 0.873223513364792 0.882711738348007 0.90211945772171 0.990101039409637 0.941776871681213 0.882711738348007 0.52963525056839 0.647991478443146 0.618890166282654 0.673067450523376 0.990635007619858 0.475601762533188 0.705352008342743 0.503635093569756 0.284646339714527 0.15731537155807 0.115871188230813 0.0479134134948254 0 0.0240080505609512 0.406165286898613 0 0 0 0.0120964432135224 0.0120964432135224 0.265053808689117 0.810441136360168 0.535919666290283 0.923498749732971 0.86484432220459 0.903331130743027 1 1 1 0.24045018106699 0.187772125005722 0.0580998929217458 0.0942659974098206 0.022036474198103 0.0462704347446561 0.189907990396023 0.16631068661809 0.238540209829807 0.142569623887539 0.0700115012004972 0.0460445256903768 0.0580382803454995 0.0580382803454995 0.0222418466582894 0.106485662050545
0.964059799909592 1 1 1 1 1 1 1 1 0.987718731164932 1 1 1 1 1 0.912141621112823 0.882711738348007 0.882711738348007 0.769941657781601 0.769428223371506 0.731331616640091 0.799576938152313 0.904624998569489 0.876961320638657 0.696829050779343 0.741620808839798 0.262917928397655 0.19309126958251 0.161874644458294 0.0600098595023155 0.0958062931895256 0.0841411352157593 0.308223113417625 0.129959745332599 0 0 0 0.0120964432135224 0.0941222356632352 0.852665722370148 0.386264681816101 0.517703115940094 0.513267070055008 0.496241673827171 0.91438016295433 0.727634936571121 0.668056339025497 0.322332203388214 0.166372299194336 0.123182453215122 0.0826419126242399 0.0339686190709472 0.105766862630844 0.214183025062084 0.142035651952028 0.0579355964437127 0 0 0.0580382803454995 0.0580382803454995 0.118397270329297 0.0101248668506742 0.0101248668506742
0.987924098968506 0.903926730155945 1 1 0.96416249871254 1 1 1 1 1 1 1 1 1 1 1 1 0.90211945772171 0.758050590753555 0.882773339748383 0.873223513364792 0.990635007619858 0.990635007619858 0.863468319177628 0.55561488866806 0.646738693118095 0.330259591341019 0.253224350512028 0.189928531646729 0.0721679106354713 0.118212436325848 0.0720652267336845 0.11829458642751 0.15189353376627 0 0 0 0 0.0120964432135224 0.570545464754105 0.530230849981308 0.583442866802216 0.175716754049063 0.154008869081736 0.188593603670597 0.135094063356519 0.16813850402832 0.449745342135429 0.130000822246075 0.21161587536335 0.129939209669828 0.130473177880049 0.214183025062084 0.0939990151673555 0.0940400855615735 0 0 0 0 0 0 0.0122812781482935 0.0841000601649284
1 1 1 0.975807100534439 1 1 0.987883031368256 1 1 0.988006234169006 1 1 1 1 1 1 1 0.987718731164932 1 1 0.968372613191605 0.980078876018524 1 0.990635007619858 0.684814751148224 0.666557133197784 0.217181460931897 0.159102116711438 0.236630246043205 0.0292450515553355 0.118376736529171 0.120163477957249 0.118130287155509 0.142035651952028 0.0580177428200841 0 0 0 0 0 0.0822106273844838 0.106033843010664 0.108087571337819 0.0718803927302361 0.0961965024471283 0.0839152187108994 0.154378544539213 0.417029500007629 0.120163477957249 0.118212437257171 0.178550891578197 0.28914400935173 0.214285716414452 0.117863301187754 0.0459418380632997 0 0 0 0 0 0.168179575353861 0.0483652353286743 0
1 1 1 1 1 1 1 0.904132097959518 0.951901763677597 1 0.975991934537888 0.975991934537888 0.987883031368256 0.987883031368256 1 1 1 0.964265167713165 1 0.956666380167007 0.941140234470367 0.961061358451843 0.952928602695465 0.990635007619858 0.66581779718399 0.451696380972862 0.202476788312197 0.300603792071342 0.212663270533085 0.10851885098964 0.0553889768198133 0.14236425049603 0.14211780205369 0 0 0.023843752220273 0 0 0 0 0.129918675869703 0.0119732189923525 0 0 0 0.0120964432135224 0.0357553586363792 0.374291464686394 0.2144705504179 0.166228540241718 0.298940286040306 0.267333447933197 0.0819231094792485 0.0120964432135224 0 0 0 0 0 0 0 0.0959911271929741 0
1 1 1 1 1 1 1 0.987903565168381 0.975930333137512 1 1 1 0.987903565168381 0.95188120007515 0.976094633340836 1 0.963833898305893 0.987718731164932 0.725868701934814 0.873223513364792 0.990101039409637 1 0.624866515398026 0.922656685113907 0.618520498275757 0.392836600542068 0.264601983129978 0.322578653693199 0.262322351336479 0.166290150955319 0.0967099340632558 0.154111560434103 0.154111560434103 0 0 0 0.106218677945435 0.023843752220273 0 0 0.082046334631741 0.11829458642751 0.0719830766320229 0.0719830766320229 0 0 0 0.0482625477015972 0.327671900391579 0.168200116604567 0.214347325265408 0.2023741081357 0.0120964432135224 0 0 0 0 0.0222418466582894 0.0121169798076153 0 0 0 0
1 1 1 1 1 1 1 1 1 1 0.976012498140335 1 1 1 0.988006234169006 1 1 0.987718731164932 0.956522643566132 0.882711738348007 1 1 0.954859107732773 0.990635007619858 0.472397938370705 0.35400065779686 0.274706311523914 0.250102676451206 0.168467100709677 0.106403516605496 0.0941838510334492 0.14236425049603 0.131992934271693 0 0 0 0 0.118212436325848 0 0.0120964432135224 0.023843752220273 0.176086418330669 0.0361455678939819 0 0.0480161011219025 0 0.0120964432135224 0.0598044861108065 0.226258933544159 0.156124211847782 0 0.154111560434103 0.0702990228310227 0 0 0 0 0.118397270329297 0.0580177428200841 0.0101248668506742 0.0101248668506742 0 0
1 1 1 1 1 1 1 1 1 1 1 1 1 1 0.988108932971954 1 1 1 0.931159108877182 0.90211945772171 1 1 0.990635007619858 0.684814751148224 0.666557133197784 0.404296398162842 0.366446241736412 0.29664009809494 0.157192144542933 0.111044935882092 0.118212439119816 0.11829458642751 0.0120964432135224 0 0 0 0 0.118212436325848 0.0842027440667152 0 0.106218677945435 0.37435308098793 0.376427337527275 0.0238642897456884 0.0358375087380409 0.0840795189142227 0.0958062931895256 0.154111560434103 0.308490097522736 0.05947588942945 0 0.0839152187108994 0.267559349536896 0.0839152187108994 0.0240901987999678 0.0724554322659969 0.0963607951998711 0.0101248668506742 0.0101248668506742 0.0101248668506742 0.0101248668506742 0.0101248668506742 0
1 1 1 1 1 1 1 1 1 1 1 1 1 0.987883031368256 0.987883031368256 1 0.987903565168381 1 1 1 1 1 0.543580040335655 0.684814751148224 0.647560179233551 0.35453462600708 0.3565883487463 0.260453455150127 0.154111566022038 0.0343382908031344 0.0362893305718899 0.0362893305718899 0 0 0 0 0 0.023843752220273 0.106218677945435 0.023843752220273 0 0.106218677945435 0.528567314147949 0.27940933406353 0.106218677945435 0.108087569475174 0.0120964432135224 0.0358169712126255 0.154111560434103 0.328205868601799 0.142035653814673 0.38675756752491 0.903865128755569 0.298899203538895 0.0479134134948254 0 0 0.0101248668506742 0.0101248668506742 0.0101248668506742 0 0 0
1 1 1 1 1 1 1 1 1 1 1 0.976012498140335 1 0.927729398012161 1 1 1 1 1 1 0.987903565168381 0.980736047029495 0.361619979143143 0.423786252737045 0.272529363632202 0.344676733016968 0.231023579835892 0.120163477957249 0.108169719576836 0.072250060737133 0 0 0 0 0 0 0 0.0478107295930386 0.023843752220273 0.0701141888275743 0 0 0.106218677945435 0.106218677945435 0.130288344807923 0.106218677945435 0.023843752220273 0.0120964432135224 0.023843752220273 0.118212436325848 0.152489120140672 0.516655713319778 0.240840375423431 0.0238232146948576 0 0 0 0 0.0101248668506742 0 0 0.0122812781482935 0
1 1 1 1 1 1 1 1 1 1 1 0.976197332143784 0.987883031368256 1 1 1 1 0.89256963133812 1 0.958802253007889 0.560441136360168 0.684814751148224 0.489217936992645 0.373408362269402 0.252608232200146 0.235562302172184 0.120163477957249 0.108169719576836 0.09627865254879 0 0 0 0 0 0 0 0 0.0120964432135224 0.023843752220273 0.0460445256903768 0.0218721767887473 0 0.0339686190709472 0 0 0.0479134134948254 0.0240901987999678 0.0359196588397026 0.0359196588397026 0.047831267118454 0.0120964432135224 0.023843752220273 0.0479134134948254 0 0 0 0 0.0101248668506742 0.0101248668506742 0 0 0 0
