data-raw/DATASET_PNE_1/DATASET_PNE/a_DATA/PFGS/ENVSUIT_A1B/HS_f90_C6_VaccMyrt.asc
NCOLS 619 
NROWS 782 
XLLCORNER 876826 
YLLCORNER 1947424 
CELLSIZE 100 
NODATA_value -9999 
[rows 442 to 467 of 782, columns 171 to 227 of 619]
0 0 0 0 0 0 0 0 0 0 0 0 0 0 0 0 0 0 0 0.0407376309979165 0.0407376309979165 0.0407376309979165 0 0 0 0 0 0 0.163416985415306 0.203999129272009 0.203999129272009 0.222719781074105 0.353515564262836 0.446932238703859 -9999 0.577137170755979 0.596541965979414 0.633610100444693 0.690362906987592 0.709207948502659 0.727866405448269 0.961408091550829 0.79796000870728 0.914886338899773 0.774512547812296 0.709207948502659 0.709207948502659 0.709207948502659 0.709207948502659 0.671237988618341 0.633610100444693 0.633610100444693 0.633610100444693 0.615044935783811 0.633610100444693 0.633610100444693 0.652050875392605
0 0 0 0 0 0 0 0 0 0 0 0 0 0 0 0 0 0.060982056783904 0.163416985415306 0.203999129272009 0.203999129272009 0.203999129272009 0.203999129272009 0.203999129272009 0.203999129272009 0.203999129272009 0.142892682775135 0.203999129272009 0.203999129272009 0.203999129272009 0.203999129272009 0.222719781074105 0.558820785521037 0.578070093603259 0.615044935783811 0.615044935783811 0.633610100444693 0.690362906987592 0.690362906987592 0.690362906987592 0.891345585720061 0.709207948502659 0.690642783841776 0.709207948502659 0.690362906987592 0.690362906987592 0.690362906987592 0.633610100444693 0.633610100444693 0.633610100444693 0.633610100444693 0.633610100444693 0.615044935783811 0.596541965979414 0.633610100444693 0.633610100444693 0.633610100444693
0 0 0 0 0 0 0 0 0 0 0 0 0 0 0.0203999129272009 0.203999129272009 0.203999129272009 0.297322511428305 0.203999129272009 0.203999129272009 0.203999129272009 0.203999129272009 0.203999129272009 0.203999129272009 0.203999129272009 0.203999129272009 0.203999129272009 0.222719781074105 0.353080200267438 0.297229219143577 -9999 0.428087197188793 0.578070093603259 0.596541965979414 0.615044935783811 0.633610100444693 0.690362906987592 0.709207948502659 0.709207948502659 0.709207948502659 0.755854090866685 0.597630375967907 0.653077090524614 0.578287775600958 0.615044935783811 0.633610100444693 0.633610100444693 0.633610100444693 0.615044935783811 0.615044935783811 0.615044935783811 0.40998849395155 0.203999129272009 0.203999129272009 0.353515564262836 0.615044935783811 0.633610100444693
0 0 0 0 0 0 0 0 0 0 0 0 0 0.203999129272009 0.203999129272009 0.203999129272009 0.222719781074105 0.203999129272009 0.203999129272009 0.203999129272009 0.203999129272009 0.521690456199272 0.577323755325435 0.577323755325435 0.390676991012843 0.222719781074105 0.26019218210654 0.203999129272009 0.335012594458438 0.615044935783811 0.596541965979414 0.615044935783811 0.633610100444693 0.615044935783811 0.633610100444693 0.690362906987592 0.709207948502659 0.690362906987592 0.690362906987592 0.727866405448269 0.709207948502659 0.690362906987592 0.633952172155363 0.596324283981715 0.316634014367012 0.615044935783811 0.615044935783811 0.615044935783811 0.595640140560376 0.278819541623908 0.203999129272009 0.203999129272009 0.203999129272009 0.203999129272009 0.203999129272009 0.203999129272009 0.633610100444693
0 0 0 0 0 0 0 0 0 0 0 0.203999129272009 0.203999129272009 0.203999129272009 0.203999129272009 0.222719781074105 0.428087197188793 0.316105358086886 0.222719781074105 0.222719781074105 0.577323755325435 0.595888919986317 0.577168268184221 0.577323755325435 0.353142395123923 0.334670522747769 0.222719781074105 0.241720309730385 0.241720309730385 0.633610100444693 0.633610100444693 0.633610100444693 0.633610100444693 0.633610100444693 0.690362906987592 0.690362906987592 0.690362906987592 0.709207948502659 0.727866405448269 0.727866405448269 0.709207948502659 0.690362906987592 0.652050875392605 0.633610100444693 0.465932767360139 0.596324283981715 0.203999129272009 0.203999129272009 0.390676991012843 0.203999129272009 0.203999129272009 0.203999129272009 0.203999129272009 0.203999129272009 0.203999129272009 0.203999129272009 0.577323755325435
0 0 0 0 0 0 0 0 0 0 0.163416985415306 0.203999129272009 0.203999129272009 0.316105358086886 0.353515564262836 0.260129987250054 0.558820785521037 0.558820785521037 0.558820785521037 0.577323755325435 0.577323755325435 -9999 0.633610100444693 0.633610100444693 0.316540722082284 0.241720309730385 0.241720309730385 0.098516652672824 0.241720309730385 0.633610100444693 0.65279721367043 0.709207948502659 0.709207948502659 0.709207948502659 0.690362906987592 0.690362906987592 0.709207948502659 0.727866405448269 0.751065086917312 0.938147215225301 0.709207948502659 0.690362906987592 0.633610100444693 0.633610100444693 0.335105886743166 0.203999129272009 0.203999129272009 0.203999129272009 0.203999129272009 0.203999129272009 0.203999129272009 0.183537021488323 0.121839723854837 0.0201200360730168 0.0201200360730168 0.203999129272009 0.203999129272009
0 0 0 0 0 0 0 0 0 0.101781882638306 0.203999129272009 0.203999129272009 0.203999129272009 0.260129987250054 0.540255620860155 0.595640140560376 0.615044935783811 0.615044935783811 0.596541965979414 0.615044935783811 0.633610100444693 0.633610100444693 0.316540722082284 0.0377211804583761 0.241720309730385 0.241720309730385 0.241720309730385 0.28603414497621 0.509997823180023 0.560189072363716 0.690362906987592 0.709207948502659 0.709207948502659 0.709207948502659 0.709207948502659 0.709207948502659 0.727866405448269 0.727866405448269 0.727866405448269 0.797804521566067 0.709207948502659 0.690362906987592 0.633610100444693 0.596541965979414 0.241720309730385 0.203999129272009 0.540100133718941 0.577323755325435 0.334670522747769 0.222719781074105 0.183537021488323 0.0607643747862052 0 0.0405199490002177 0.183537021488323 0.183537021488323 0.203999129272009
0 0 0 0 0 0 0 0 0.0407376309979165 0.203999129272009 0.203999129272009 0.203999129272009 0.484435737164537 0.615044935783811 0.615044935783811 0.633610100444693 0.633610100444693 0.633610100444693 0.615044935783811 0.615044935783811 0.484342444879808 0.596541965979414 0.65279721367043 0.65279721367043 0.61572907920515 0.541344030848649 0.461454737693193 0.548962900768106 0.530459930963709 0.31719376807538 0.690362906987592 0.709207948502659 0.709207948502659 0.709207948502659 0.732406629971701 0.961408091550829 0.709207948502659 0.709207948502659 0.709207948502659 0.709207948502659 0.709207948502659 0.671237988618341 0.633610100444693 0.241720309730385 0.279068321049849 0.203999129272009 0.334670522747769 0.502969804397176 0.203999129272009 0.183537021488323 0 0 0 0 0.102279441490189 0.0201200360730168 0.203999129272009
0 0 0 0 0 0 0 0 0.203999129272009 0.222719781074105 0.577323755325435 0.521939235625214 0.615044935783811 0.633610100444693 0.633610100444693 0.633610100444693 0.633610100444693 0.633610100444693 0.633610100444693 0.633610100444693 0.447834064122897 0.447771869266412 0.616040053487577 0.690642783841776 0.592219423453681 0.499020431010356 0.573871940790497 0.612743726093852 0.592343813166651 0.649811860559132 0.826538545262307 0.896352271667133 0.938209410081786 0.709207948502659 0.709207948502659 0.709207948502659 0.690362906987592 0.670025188916877 0.690642783841776 0.690642783841776 0.709207948502659 0.633610100444693 0.48459122430575 0.428678048325404 0.409833006810337 0.203999129272009 0.353515564262836 0.316105358086886 0.203999129272009 0 0 0 0 0 0 0 0.203999129272009
0 0 0 0 0 0 0 0.12267935441739 0.203999129272009 0.222719781074105 0.577323755325435 0.577323755325435 0.615044935783811 0.633610100444693 0.633610100444693 0.615044935783811 0.634232049009547 0.67192213203968 0.67192213203968 0.653294772522312 0.345492427776223 0.51575084740492 0.610846782971048 0.629411947631931 0.631246695898249 0.612743726093852 0.631246695898249 0.668470317504742 0.707404297664583 0.732406629971701 0.709207948502659 0.709207948502659 0.709207948502659 0.709207948502659 0.709207948502659 0.67179774232671 0.690362906987592 0.614765058929627 0.53011785925304 0.511614889448643 0.509997823180023 0.577914606462046 0.0750069969213546 0.466181546786081 0.615044935783811 0.577323755325435 0.558820785521037 0.222719781074105 0.203999129272009 0.0407376309979165 0 0 0 0 0 0 0.183537021488323
0 0 0 0 0 0 0 0.142892682775135 0.203999129272009 0.428087197188793 0.558820785521037 0.577323755325435 0.615044935783811 0.633610100444693 0.634232049009547 0.430979258015362 0.449482227819759 0.634667413004945 0.709207948502659 0.345492427776223 0.362564915881457 0.629411947631931 0.610846782971048 0.631246695898249 0.631246695898249 0.631246695898249 0.707404297664583 0.610846782971048 0.592343813166651 0.634667413004945 0.709207948502659 0.709207948502659 0.690767173554747 0.653481357091769 0.709207948502659 0.283857324999223 0.522530086761825 0.596324283981715 0.596324283981715 0.373822184905308 0.373822184905308 0.596324283981715 0.633610100444693 0.633610100444693 0.615044935783811 0.558820785521037 0.521690456199272 0.316105358086886 0.203999129272009 0 0 0 0 0 0 0 0.121839723854837
0 0 0 0 0 0 0.0203999129272009 0.203999129272009 0.203999129272009 0.484435737164537 0.577323755325435 0.596541965979414 0.615044935783811 0.260440961532481 0.186802251453805 0.393009298131045 0.634356438722518 0.737444413347016 0.709207948502659 0.547408029355972 0.566128681158068 0.629411947631931 0.668345927791772 0.707404297664583 0.687190969306838 0.707404297664583 0.592343813166651 0.536306247473334 0.466958982492148 0.485710731722487 0.298410921416799 0.633610100444693 0.633610100444693 0.633610100444693 0.633610100444693 0.316540722082284 0.596324283981715 0.633610100444693 0.596324283981715 0.596324283981715 0.615044935783811 0.633610100444693 0.633610100444693 0.633610100444693 0.577323755325435 0.577323755325435 0.540100133718941 0.371925241782505 0.203999129272009 0 0 0 0 0 0 0 0
0 0 0 0 0 0 0.0203999129272009 0.203999129272009 0.203999129272009 0.390676991012843 0.558820785521037 0.615044935783811 0.615044935783811 0.149703019560282 0.373822184905308 0.0377211804583761 0.0377211804583761 0.0377211804583761 0.280032341325372 0.410579345088161 0.284665858133532 0.510339894890693 0.571446341387567 0.610846782971048 0.631246695898249 0.629411947631931 0.552974469011413 0.511614889448643 0.67192213203968 0.65279721367043 0.633610100444693 0.633610100444693 0.633610100444693 0.633610100444693 0.633610100444693 0.633610100444693 0.577914606462046 0.633610100444693 0.398264763504058 0.559504928942377 0.615044935783811 0.633610100444693 0.633610100444693 0.633610100444693 0.577323755325435 0.540100133718941 0.222719781074105 0.203999129272009 0.203999129272009 0 0 0 0 0 0 0 0
0 0 0 0 0 0 0.0204621077836863 0.203999129272009 0.203999129272009 0.390676991012843 0.595640140560376 0.615044935783811 0.615044935783811 0.168392573934136 0.0377211804583761 0.0377211804583761 0.0564418322604721 0.0752246789190534 0.0377211804583761 0.0756289454862083 0.541810492272289 0.597599278539665 0.24548309854775 0.360730167615138 0.571446341387567 0.589949311191964 0.548962900768106 0.491494853375626 0.597101719687782 0.633610100444693 0.633610100444693 0.633610100444693 0.633610100444693 0.633610100444693 0.633610100444693 0.633610100444693 0.633610100444693 0.633610100444693 0.633610100444693 0.615044935783811 0.615044935783811 0.615044935783811 0.656808781913736 0.633610100444693 0.577323755325435 0.558820785521037 0.203999129272009 0.203999129272009 0.0407376309979165 0 0 0 0 0 0 0 0
0 0 0 0 0 0 0 0.203999129272009 0.203999129272009 0.577323755325435 0.577323755325435 0.577323755325435 0.615044935783811 0.615044935783811 0.596541965979414 0.0783966165998072 0.0580588985290917 0.0767795503311876 0.0564418322604721 0.0377211804583761 0.0377211804583761 0.0564418322604721 0.0564418322604721 0.16994744534627 0.52884286469509 0.52884286469509 0.508598438909102 0.560189072363716 0.633610100444693 0.633610100444693 0.633610100444693 0.633610100444693 0.633610100444693 0.633610100444693 0.633610100444693 0.615293715209752 0.577323755325435 0.577323755325435 0.595888919986317 0.203999129272009 0.48412476288211 0.59672855054887 0.633610100444693 0.595888919986317 0.577323755325435 0.540100133718941 0.203999129272009 0.203999129272009 0 0 0 0 0 0 0 0 0
0 0 0 0 0 0 0 0.203999129272009 0.540100133718941 0.521690456199272 0.521690456199272 0.558820785521037 0.558820785521037 0.558820785521037 0.577323755325435 0.503218583823118 0.0203377180707156 0.0580588985290917 0.0580588985290917 0.0580588985290917 0.0377211804583761 0.0377211804583761 0.0564418322604721 0.0377211804583761 0.29981030568772 0.491494853375626 0.527163603569985 0.485119880585876 0.633610100444693 0.633610100444693 0.633610100444693 0.633610100444693 0.595888919986317 0.595888919986317 0.577323755325435 0.577323755325435 0.203999129272009 0.558603103523339 0.577323755325435 0.577323755325435 0.540100133718941 0.558820785521037 0.59672855054887 0.595888919986317 0.577323755325435 0.521690456199272 0.203999129272009 0.203999129272009 0 0 0 0 0 0 0 0 0
0 0 0 0 0 0 0 0.142892682775135 0.203999129272009 0.222719781074105 0.203999129272009 0.203999129272009 0.203999129272009 0.203999129272009 0.203999129272009 0.203999129272009 0.278819541623908 0.558820785521037 0.0203377180707156 0 0.0580588985290917 0.0580588985290917 0.132972603165718 0.150169480983923 0.113598905370526 0.248934913082688 0.653481357091769 0.615044935783811 0.633610100444693 0.633610100444693 0.633610100444693 0.595888919986317 0.577323755325435 0.577323755325435 0.577323755325435 0.465715085362441 0.203999129272009 0.427838417762851 0.577323755325435 0.521690456199272 0.428087197188793 0.503218583823118 0.558820785521037 0.577323755325435 0.577323755325435 0.316447429797556 0.203999129272009 0.060982056783904 0 0 0 0 0 0 0 0 0
0 0 0 0 0 0 0 0 0 0.142892682775135 0 0 0 0 0 0 0.203999129272009 0.203999129272009 0.0203377180707156 0.0203377180707156 0.0203377180707156 0.0386541033056566 0.095562396989769 0.224430139627453 0.0752868737755388 0.172279752464471 0.412134216500295 0.335105886743166 0.633610100444693 0.633610100444693 0.633610100444693 0.577323755325435 0.577323755325435 0.540100133718941 0.353515564262836 0.203999129272009 0.222719781074105 0.521690456199272 0.558603103523339 0.222719781074105 0.222719781074105 0.316105358086886 0.577323755325435 0.540100133718941 0.577323755325435 0.222719781074105 0.203999129272009 0.0407376309979165 0 0 0 0 0 0 0 0 0
0 0 0 0 0 0 0 0 0 0 0.292409117765961 0 0 0 0 0 0 0 0 0 0.0203377180707156 0.0203377180707156 0.0580588985290917 0.095562396989769 0.0377211804583761 0.13160431632304 0.468047392480642 0.485119880585876 0.633610100444693 0.633610100444693 0.615044935783811 0.577323755325435 0.409366545386697 0.316105358086886 0.203999129272009 0.203999129272009 0.203999129272009 0.203999129272009 0.203999129272009 0.203999129272009 0.203999129272009 0.222719781074105 0.409366545386697 0.521690456199272 0.465715085362441 0.203999129272009 0.203999129272009 0 0 0 0 0 0 0 0 0 0
0 0 0 0 0 0 0 0 0 0 0 0 0 0 0 0 0.12267935441739 0.203999129272009 0 0 0 0.0203377180707156 0.0580588985290917 0.0767795503311876 0.114127561650652 0.206269241533725 0.653481357091769 0.67192213203968 0.633610100444693 0.633610100444693 0.615044935783811 0.577323755325435 0.465715085362441 0.222719781074105 0.203999129272009 0.060982056783904 0.0407376309979165 0.0203999129272009 0 0.0407376309979165 0.203999129272009 0.203999129272009 0.203999129272009 0.409366545386697 0.203999129272009 0.203999129272009 0.101657492925335 0 0 0 0 0 0 0 0 0 0
0 0 0 0 0 0 0 0 0 0 0 0 0 0 0 0 0 0.0407376309979165 0.203999129272009 0.0203377180707156 0 0.0203377180707156 0.0580588985290917 0.0971172684019032 0.241720309730385 0.67192213203968 0.65279721367043 0.65245514195976 0.633610100444693 0.633610100444693 0.615044935783811 0.577323755325435 0.503218583823118 0.222719781074105 0.203999129272009 0 0 0 0 0 0.0203999129272009 0.163416985415306 0.203999129272009 0.203999129272009 0.203999129272009 0.060982056783904 0 0 0 0 0 0 0 0 0 0 0
0 0 0 0 0 0 0 0 0 0 0 0 0 0 0 0 0 0.12267935441739 0 0 0.0203377180707156 0.0203377180707156 0.0783966165998072 0.353608856547564 0.615044935783811 0.633610100444693 0.633610100444693 0.633610100444693 0.633610100444693 0.633610100444693 0.615044935783811 0.577323755325435 0.558820785521037 0.222719781074105 0.203999129272009 0 0 0 0 0 0 0 0.0407376309979165 0.060982056783904 0 0 0 0 0 0 0 0 0 0 0 0 0
0 0 0 0 0 0 0 0 0 0 0 0 0 0 0 0 0 0.0616040053487577 0.0203377180707156 0 0.0203377180707156 0.203999129272009 0.577323755325435 0.615044935783811 0.615044935783811 0.615044935783811 0.615044935783811 0.633610100444693 0.633610100444693 0.633610100444693 0.615044935783811 0.558820785521037 0.484497932021022 0.203999129272009 0.0407376309979165 0 0 0 0 0 0 0 0 0 0 0 0 0 0 0 0 0 0 0 0 0 0
0 0 0 0 0 0 0 0 0 0 0 0 0 0 0 0 0 0 0 0 0.0203377180707156 0 0.203999129272009 0.222719781074105 0.465715085362441 0.578225580744473 0.615044935783811 0.615044935783811 0.578225580744473 0.558820785521037 0.577323755325435 0.540100133718941 0.353515564262836 0.203999129272009 0 0 0 0 0 0 0 0 0 0 0 0 0 0 0 0 0 0 0 0 0 0 0
0 0 0 0 0 0 0 0 0 0 0 0 0 0 0 0 0 0 0 0 0 0 0 0.203999129272009 0.203999129272009 0.465715085362441 0.222719781074105 0.297229219143577 0.297229219143577 0.297229219143577 0.465715085362441 0.390676991012843 0.203999129272009 0.163416985415306 0 0 0 0 0 0 0 0 0 0 0 0 0 0 0 0 0 0 0 0 0 0 0
0 0 0 0 0 0 0 0 0 0 0 0 0 0 0 0 0 0 0 0 0 0 0 0.203999129272009 0.203999129272009 0.203999129272009 0.203999129272009 0.203999129272009 0.203999129272009 0.203999129272009 0.203999129272009 0.203999129272009 0.222719781074105 0.0407376309979165 0 0 0 0 0 0 0 0 0 0 0 0 0 0 0 0 0 0 0 0 0 0 0
