data-raw/DATASET_PNE_1/DATASET_PNE/a_DATA/PFGS/ENVSUIT_A1B/HS_f15_C3_cushion.asc
NCOLS 619 
NROWS 782 
XLLCORNER 876826 
YLLCORNER 1947424 
CELLSIZE 100 
NODATA_value -9999 
[rows 196 to 223 of 782, columns 63 to 125 of 619]
1 1 1 1 1 1 1 1 0.853117555379868 0.787316173315048 0.803437948226929 0.717653810977936 0.33525013923645 0.205598458647728 0.367883834987879 0.777581512928009 0.72972971200943 0.322414368391037 0.628665894269943 0.647560179233551 0.52723240852356 0.712498962879181 1 1 1 0.776205539703369 0.257413953542709 0.0363920144736767 0 0 0 0 0 0 0 0 0 0 0.060194693505764 0.0119937565177679 0.0607081241905689 0.386757582426071 0.396204710006714 0.625503167510033 0.903762429952621 0.988108932971954 0.916207998991013 0.77209809422493 0.801425278186798 0.939538329839706 0.879836529493332 0.879836529493332 0.879836529493332 0.879836529493332 0.8921177983284 0.891912430524826 0.940113365650177 0.903680264949799 0.976135700941086 0.988088399171829 0.988088399171829 1 1
1 1 0.987924098968506 1 1 0.988108932971954 1 0.916207998991013 0.774624168872833 0.717407360672951 0.789513677358627 0.915674030780792 0.616281926631927 0.69594594836235 0.647560179233551 0.722151458263397 0.775240272283554 0.667029485106468 0.705331459641457 0.859915375709534 1 0.952271431684494 1 1 0.980941414833069 0.693502008914948 0.112728990614414 0 0 0 0 0 0 0 0 0 0 0.10609545558691 0.645075172185898 0.609278738498688 0.152550727128983 0.725273132324219 0.626858621835709 0.625503167510033 0.903844565153122 0.963916033506393 0.869937568902969 0.650394305586815 0.762548267841339 0.915550798177719 0.879836529493332 0.879836529493332 0.879836529493332 0.879836529493332 0.825166344642639 0.879836529493332 0.903659731149673 0.904008865356445 0.903680264949799 0.92836606502533 0.952024966478348 0.988088399171829 1
1 1 1 0.939866930246353 1 1 0.988108932971954 0.903824031352997 0.853302389383316 0.799022436141968 0.863098651170731 1 0.891830265522003 0.823543906211853 0.833093732595444 0.869814336299896 0.810954570770264 0.869937568902969 0.869937568902969 0.743489697575569 1 1 1 1 0.942968040704727 0.597551971673965 0.133759140968323 0 0 0 0 0 0 0 0 0 0.0360223427414894 0.65493306517601 0.732892483472824 0.449827492237091 0.445884332060814 0.732543349266052 0.930563539266586 0.765505641698837 0.928119599819183 1 0.810954570770264 0.338371805846691 0.495954170823097 0.879836529493332 0.879836529493332 0.879836529493332 0.927749931812286 0.879836529493332 0.879836529493332 0.879836529493332 0.879836529493332 0.96371066570282 0.891583830118179 0.928037464618683 0.940113365650177 0.940113365650177 1
1 1 1 1 1 0.988108932971954 0.975991934537888 0.91581779718399 0.872997611761093 0.916023164987564 0.879836529493332 1 1 1 1 1 0.801260977983475 0.879836529493332 0.762548267841339 0.879836529493332 1 1 1 1 0.911525517702103 0.250410743057728 0.221268385648727 0.0242750346660614 0 0 0 0 0 0 0 0 0.0242750346660614 0.713874965906143 0.837776213884354 0.651113122701645 0.398648649454117 0.800952941179276 0.976176798343658 0.918220639228821 1 0.869937568902969 0.228312656283379 0.257557709701359 0.460280954837799 0.8408362865448 0.879836529493332 0.879836529493332 0.891830265522003 0.939723163843155 0.903577595949173 0.879836529493332 0.891809731721878 0.891583830118179 0.903865098953247 0.916290163993835 0.879836529493332 0.952230334281921 1
1 1 1 1 1 1 -9999 0.939825832843781 0.976135700941086 0.975909799337387 0.951737463474274 0.988026767969131 -9999 0.928099066019058 0.891830265522003 0.91581779718399 0.891830265522003 0.879836529493332 0.719296783208847 1 1 0.975930333137512 1 1 0.826994180679321 0.231393252499402 0.245296973735094 0.154666066169739 0.0117473099380732 0 0 0 0 0 0 0 0.0361866429448128 0.645075172185898 0.749815165996552 1 0.587735146284103 0.627988159656525 0.735603392124176 0.774542033672333 0.743489697575569 0.695843249559402 0.218536928296089 0.225745499134064 0.431898459792137 0.762548267841339 0.850406646728516 0.88412880897522 0.927749931812286 0.951819598674774 0.976012498140335 0.964100867509842 1 0.903557062149048 0.891583830118179 0.940113365650177 0.879836529493332 0.976197332143784 0.988088399171829
1 1 1 1 1 1 1 1 1 1 1 1 -9999 -9999 -9999 -9999 1 1 0.940010666847229 1 1 1 0.988088399171829 1 0.768668353557587 0.231393252499402 0.231393252499402 0.215230429545045 0.0482830852270126 0 0 0 0 0 0 0.0360223427414894 0.175100633874536 0.763000071048737 0.732892483472824 1 0.611804813146591 0.544339925050735 0.572373285889626 0.697260320186615 0.82155179977417 0.874127179384232 0.664072126150131 0.546003431081772 0.568389073014259 0.762548267841339 0.830814093351364 0.869937568902969 0.891912430524826 0.915653496980667 0.915653496980667 1 0.964100867509842 0.915674030780792 0.951716899871826 0.940154433250427 1 1 1
1 1 1 1 1 1 1 0.987924098968506 1 -9999 1 1 1 1 1 1 1 1 0.8921177983284 1 1 1 0.870245635509491 0.653741896152496 0.908999443054199 0.262199133634567 0.221268385648727 0.212129309773445 0.118212439119816 0 0 0 0 0 0 0 0.240532331168652 0.741230577230453 0.733796119689941 0.980941414833069 1 0.827774584293365 0.644828736782074 0.62332621216774 0.791587948799133 0.97603303194046 0.876345187425613 0.762548267841339 0.753039509057999 0.762548267841339 0.750266999006271 0.77209809422493 0.879836529493332 0.879836529493332 0.951942831277847 1 1 1 1 0.916125863790512 1 1 1
1 1 1 1 1 1 1 -9999 -9999 -9999 1 1 1 1 1 1 1 1 0.903803497552872 1 1 0.963813364505768 0.879836529493332 0.933151215314865 1 0.769305020570755 0.231393252499402 0.214696461334825 0.118315123021603 0 0 0 0 0 0 0 0.231393252499402 0.749671399593353 0.942968040704727 0.980941414833069 1 1 0.930543005466461 0.702661633491516 0.803376317024231 0.880391031503677 0.770578324794769 0.750472366809845 0.772406131029129 0.801507443189621 0.762548267841339 0.77209809422493 0.869937568902969 0.869937568902969 0.916002631187439 0.879836529493332 0.976012498140335 1 1 0.916125863790512 0.988088399171829 1 1
1 1 1 1 1 1 -9999 -9999 -9999 -9999 -9999 1 1 1 1 0.976012498140335 1 1 0.988108932971954 0.975971400737762 1 1 1 1 1 1 0.470179900527 0.127577424049377 0.0480777136981487 0 0 0 0 0 0 0 0.0360223427414894 0.419226959347725 0.743448615074158 0.389550641179085 0.95960322022438 1 1 0.72371232509613 0.628973960876465 0.680789440870285 0.604904294013977 0.585229605436325 0.709315687417984 0.779676347970963 0.762548267841339 0.884005576372147 0.791320949792862 0.884005576372147 0.820812463760376 0.964018732309341 0.93970263004303 1 1 0.964450001716614 0.927667796611786 1 1
1 1 1 1 1 1 1 1 1 -9999 1 1 1 1 1 1 1 1 0.988026767969131 0.869937568902969 1 1 1 1 0.99049124121666 1 0.99049124121666 0.130288347601891 0.0840179100632668 0.0119937565177679 0 0 0 0 0 0 0.0360223427414894 0.0603589899837971 0.130185658112168 0.205680603161454 0.723773926496506 0.391542762517929 0.597202837467194 0.506900519132614 0.512075901031494 0.528115510940552 0.373469963669777 0.392425879836082 0.380678564310074 0.657027840614319 0.60685533285141 0.753039509057999 0.762548267841339 0.762548267841339 0.762548267841339 0.952271431684494 1 1 1 1 0.904008865356445 0.915941029787064 1
1 1 1 1 1 1 1 1 1 1 1 1 1 1 1 1 1 1 1 0.869937568902969 1 1 1 1 1 0.928776800632477 0.716359972953796 0.157808259129524 0.0360223427414894 0.0602152310311794 0 0 0 0 0 0.060194693505764 0.252998445183039 0.749671399593353 0.99049124121666 1 0.775589436292648 0.472849741578102 0.585106372833252 0.613981783390045 0.614495187997818 0.139180971309543 0.0963607951998711 0.060194693505764 0.0683479811996222 0.157787729986012 0.359217114746571 0.452702701091766 0.686149671673775 0.753039509057999 0.810954570770264 0.903926730155945 1 0.987903565168381 1 1 0.988088399171829 0.927873164415359 1
1 1 1 1 1 1 1 1 1 1 1 1 1 1 1 1 1 0.987924098968506 0.975991934537888 1 1 1 0.987903565168381 1 1 0.96188285946846 0.287706397473812 0.139653325080872 0.108375092037022 0.0360223427414894 0 0 0 0 0 0.151400635018945 0.273617845028639 0.544586375355721 0.6647909283638 0.789246708154678 0.69674688577652 0.625729084014893 0.655323266983032 0.674977421760559 0.561570674180984 0.602686256170273 0.592992663383484 0.635751247406006 0.50330650806427 0.143842925317585 0.14082396030426 0.201121334917843 0.389632798731327 0.498582929372787 0.881931334733963 0.952271431684494 0.927626729011536 0.988108932971954 1 0.988108932971954 1 0.916125863790512 0.915756195783615
1 1 1 1 1 1 1 1 1 1 1 1 1 1 1 1 1 0.988108932971954 0.988108932971954 1 1 1 1 1 1 1 0.870882272720337 0.196890661492944 0.166885729879141 0 0 0 0 0 0 0.212129309773445 0.262260746210814 0.731372714042664 0.843300759792328 0.288733266294003 0.572989404201508 0.589768350124359 0.662860423326492 0.781524688005447 0.80329418182373 0.731413796544075 0.738375931978226 0.762466132640839 0.707036063075066 0.681015372276306 0.712211459875107 0.738375931978226 0.750266999006271 0.702661633491516 0.810872435569763 0.964018732309341 0.951799064874649 0.903557062149048 0.879836529493332 0.891830265522003 0.879836529493332 0.903865098953247 0.928201764822006
1 1 1 1 1 1 1 1 1 1 1 1 1 1 1 1 1 1 1 1 1 1 1 1 0.968947649002075 1 0.975991934537888 0.379343621432781 0.108087573200464 0 0 0 0 0 0 0.231393252499402 0.439641006290913 0.6647909283638 0.947609484195709 0.183274462819099 0.583052664995193 0.465066120028496 0.681097507476807 0.803663849830627 0.786617934703827 0.762548267841339 0.782099723815918 0.876345187425613 0.891830265522003 0.893904536962509 0.791320949792862 0.928181231021881 0.859915375709534 0.810872435569763 0.762548267841339 0.975909799337387 0.988108932971954 0.879836529493332 0.879836529493332 0.879836529493332 0.879836529493332 0.915961563587189 0.928037464618683
1 1 1 1 1 1 1 1 1 1 1 1 1 1 1 1 1 1 0.987883031368256 1 1 1 1 1 1 0.99049124121666 1 0.170089537277818 0.0119937565177679 0 0 0 0 0 0 0.178530357778072 0.706789612770081 0.729318976402283 0.789246708154678 0.597202837467194 0.725273132324219 0.777417242527008 0.633204638957977 0.717448443174362 0.810872435569763 0.762548267841339 0.762548267841339 0.791320949792862 0.879836529493332 0.879836529493332 0.891830265522003 0.869937568902969 0.952476799488068 0.903926730155945 0.879836529493332 0.891912430524826 1 0.879836529493332 0.879836529493332 0.879836529493332 0.879836529493332 0.915735632181168 0.904008865356445
1 1 1 1 1 1 1 1 1 1 1 1 1 1 1 0.988108932971954 0.988026767969131 0.988108932971954 0.988026767969131 1 1 0.678324997425079 1 1 1 1 1 0.142569625750184 0 0 0 0 0 0.0119937565177679 0.0119937565177679 0.178530357778072 0.231393252499402 0.754169076681137 0.6647909283638 0.816479086875916 0.722952425479889 0.787028670310974 0.750472366809845 0.774644702672958 0.762548267841339 0.762548267841339 0.747699826955795 0.869937568902969 0.96416249871254 0.940195500850677 0.976279467344284 0.988026767969131 0.963998198509216 0.951901763677597 0.940010666847229 0.975827664136887 0.975991934537888 0.879836529493332 0.879836529493332 0.879836529493332 0.915941029787064 0.928037464618683 0.928037464618683
1 1 1 1 1 1 1 1 1 1 1 1 1 1 1 0.988026767969131 0.988108932971954 1 1 1 1 0.963813364505768 1 0.978456407785416 1 1 1 0.154316935688257 0 0 0 0 0.0242750346660614 0 0.0600303933024406 0.0479955654591322 0.236157897859812 0.6647909283638 0.667214334011078 0.848352909088135 0.709171950817108 0.759077459573746 0.891932964324951 0.860449343919754 0.869937568902969 0.781463086605072 0.77209809422493 0.782120257616043 0.927770465612411 0.97603303194046 1 1 1 0.988108932971954 1 1 0.903659731149673 0.879836529493332 0.879836529493332 0.903557062149048 0.891583830118179 0.891932964324951 0.940113365650177
0.952024966478348 0.8921177983284 1 1 1 1 1 1 1 1 -9999 -9999 1 1 1 1 1 1 1 1 1 1 1 1 0.99049124121666 1 1 0.166228543967009 0 0 0 0 0.0363920144736767 0.0241928864270449 0.0362687911838293 0.132465291768312 0.16351761482656 0.704140305519104 0.809578567743301 0.954633206129074 0.758954226970673 0.891768664121628 0.891768664121628 0.88180810213089 0.96424463391304 0.8408362865448 0.744229048490524 0.831142693758011 0.939866930246353 1 1 1 1 0.988108932971954 1 1 0.940195500850677 0.92791423201561 0.903557062149048 0.891583830118179 0.879836529493332 0.879836529493332 0.928037464618683
0.904091030359268 0.891583830118179 1 1 1 1 1 1 1 1 -9999 -9999 0.988108932971954 1 1 1 1 1 1 1 1 1 1 1 1 1 1 0.048139326274395 0 0 0 0 0.0119937565177679 0.21812617406249 0.365563116967678 0.650004118680954 0.769202321767807 0.65493306517601 0.694857478141785 1 0.838330745697021 0.988252699375153 0.904214233160019 0.869814336299896 0.96416249871254 0.881931334733963 0.792121887207031 0.879836529493332 0.891830265522003 0.988088399171829 1 1 1 0.988108932971954 1 1 1 1 0.952086597681046 0.928037464618683 0.891912430524826 0.951860666275024 0.988088399171829
0.8921177983284 0.988088399171829 1 1 1 1 1 1 1 1 0.988108932971954 0.988108932971954 0.981085181236267 0.810934036970139 0.940031230449677 0.940195500850677 1 1 1 1 1 1 1 0.99049124121666 1 1 0.747884660959244 0 0 0 0 0 0.162059469148517 0.655015200376511 0.706789612770081 0.661710351705551 0.808941930532455 0.949909627437592 0.792717486619949 0.906370639801025 0.773083865642548 0.903844565153122 0.869814336299896 0.869814336299896 1 0.81128317117691 0.898340582847595 0.915653496980667 0.891830265522003 0.939723163843155 0.903680264949799 0.891809731721878 1 1 0.975724965333939 1 1 0.939846366643906 0.891932964324951 0.904008865356445 1 1 1
-9999 -9999 1 1 1 1 1 1 1 1 0.988026767969131 0.988108932971954 0.969194114208221 0.854781061410904 0.891481161117554 0.865213990211487 1 1 1 1 0.684342414140701 0.99049124121666 1 0.969050377607346 0.99049124121666 0.980797678232193 0.154337465763092 0 0 0 0 0 0.162059469148517 0.711020290851593 0.657561808824539 0.576603949069977 0.545839160680771 0.645075172185898 0.933294981718063 0.882177770137787 0.783270359039307 0.891932964324951 0.988108932971954 0.891830265522003 0.96424463391304 0.8408362865448 0.863776385784149 0.90390619635582 0.891830265522003 0.891830265522003 0.927647262811661 0.963977664709091 0.927729398012161 0.975807100534439 0.904008865356445 0.891932964324951 0.879836529493332 0.928037464618683 0.928037464618683 0.879836529493332 0.952004432678223 0.988088399171829 1
1 1 1 1 1 1 1 1 1 1 1 0.988026767969131 0.988108932971954 0.903741896152496 0.879836529493332 0.891830265522003 1 0.988252699375153 0.703216135501862 0.801343142986298 0.469851300120354 1 0.980797678232193 0.957056611776352 0.980797678232193 0.94259837269783 0.20438676327467 0 0 0 0 0 0.167399157769978 0.676065891981125 0.657561808824539 0.843444526195526 0.664092689752579 0.728743940591812 0.827774584293365 0.916454434394836 0.92799636721611 0.976176798343658 0.903926730155945 0.801527976989746 0.830814093351364 0.8408362865448 0.891830265522003 0.90394726395607 0.891830265522003 0.882773339748383 0.976197332143784 1 0.927729398012161 0.928263366222382 0.928037464618683 0.952107131481171 0.928037464618683 0.928037464618683 0.940113365650177 0.964018732309341 0.988108932971954 1 1
1 1 1 1 1 1 1 1 1 1 1 0.981085181236267 0.981085181236267 0.867863297462463 0.916125863790512 1 1 1 1 0.72040581703186 0.842068523168564 1 0.930974304676056 0.99049124121666 0.767210215330124 0.573708206415176 0.108354557305574 0 0 0 0 0.0842643566429615 0.249199043959379 0.651872992515564 0.676004260778427 0.949909627437592 0.755914747714996 0.810461670160294 0.785241931676865 0.71705824136734 0.826069980859756 0.988108932971954 0.928119599819183 0.879836529493332 0.891830265522003 0.879836529493332 0.891830265522003 0.891830265522003 0.90390619635582 0.891912430524826 0.915550798177719 0.96420356631279 0.988108932971954 0.927893698215485 0.940031230449677 1 0.928037464618683 0.952230334281921 0.96420356631279 0.975991934537888 0.988108932971954 1 1
1 1 1 1 1 1 1 1 1 1 1 0.988108932971954 0.915941029787064 0.886408448219299 0.657048389315605 0.745872005820274 1 1 1 0.990450173616409 0.836810976266861 1 1 0.764786839485168 0.267929028719664 0.198184503242373 0 0 0 0 0 0.0721884500235319 0.130288347601891 0.693522542715073 0.707631647586823 0.868253529071808 0.911895185709 0.753737777471542 0.786125034093857 0.743489697575569 0.828144252300262 0.891830265522003 0.879836529493332 0.879836529493332 0.879836529493332 1 0.952189266681671 0.976197332143784 0.903803497552872 0.976197332143784 0.903557062149048 0.976197332143784 0.988108932971954 0.903885662555695 0.939969599246979 1 1 0.928037464618683 0.951942831277847 1 0.988108932971954 1 1
1 1 1 1 1 1 1 1 1 1 1 0.964388400316238 0.915838330984116 0.940216064453125 0.915941029787064 0.846627771854401 0.784502595663071 1 1 1 0.890084624290466 1 1 0.767210215330124 0.198184503242373 0.270660486072302 0 0 0 0 0.0119937565177679 0.0722089875489473 0.202969685196877 0.708309382200241 0.940359830856323 0.964183032512665 0.933294981718063 0.80074754357338 0.891932964324951 0.850119113922119 0.844799965620041 0.762548267841339 0.903926730155945 0.940031230449677 0.951634764671326 1 0.963731199502945 0.963916033506393 0.951799064874649 0.903557062149048 0.96420356631279 0.964080333709717 0.988108932971954 0.903557062149048 1 1 1 0.988088399171829 1 0.988108932971954 1 1 1
1 1 1 1 1 1 1 1 -9999 -9999 0.988108932971954 0.940031230449677 0.988252699375153 0.916023164987564 1 1 1 1 1 0.990450173616409 0.980941414833069 1 1 0.94259837269783 0.198184503242373 0.0822722390294075 0 0 0 0 0.0119937565177679 0.120225086808205 0.288733266294003 0.754703044891357 0.868253529071808 0.964183032512665 0.694693148136139 0.776760041713715 0.879836529493332 0.840240687131882 0.81352174282074 0.762548267841339 0.891932964324951 0.91581779718399 0.963916033506393 0.915879398584366 0.879836529493332 0.879836529493332 0.879836529493332 0.915735632181168 0.952086597681046 0.940113365650177 0.964018732309341 0.928037464618683 0.988006234169006 0.987924098968506 1 1 1 1 1 1 1
1 1 1 1 1 1 1 1 1 1 1 0.988108932971954 0.889324724674225 0.772406131029129 0.916187465190887 1 1 0.988252699375153 1 0.978456407785416 1 1 1 0.980797678232193 0.18799802288413 0.09627865254879 0 0 0 0.0119937565177679 0 0.192269772291183 0.196890660561621 0.722952425479889 0.853815823793411 1 0.799926072359085 0.807668596506119 0.879836529493332 0.762548267841339 0.772406131029129 0.860921710729599 0.90394726395607 0.96375173330307 1 0.891830265522003 0.879836529493332 0.879836529493332 0.879836529493332 0.927729398012161 0.915756195783615 0.940113365650177 0.952107131481171 0.988026767969131 1 1 1 1 1 1 1 1 1
1 1 1 1 1 1 1 1 1 1 1 1 1 0.904111564159393 0.796619564294815 0.813213676214218 0.91581779718399 0.976176798343658 1 1 1 1 1 0.904111564159393 0.108190258964896 0 0 0 0 0 0.132198307663202 0.238375917077065 0.331409677863121 0.686129122972488 0.832169562578201 0.975827664136887 0.903803497552872 0.807586461305618 0.891830265522003 0.782264024019241 0.891830265522003 0.879836529493332 0.772406131029129 0.831491827964783 0.939723163843155 0.891830265522003 0.879836529493332 0.879836529493332 0.879836529493332 0.96420356631279 0.928037464618683 0.940113365650177 0.952107131481171 0.988026767969131 1 1 1 1 1 1 1 1 1
