data-raw/DATASET_PNE_1/DATASET_PNE/a_DATA/PFGS/ENVSUIT_A1B/HS_f15_C5_CallVulg.asc
NCOLS 619 
NROWS 782 
XLLCORNER 876826 
YLLCORNER 1947424 
CELLSIZE 100 
NODATA_value -9999 
[rows 234 to 259 of 782, columns 300 to 359 of 619]
0.04296875 0 0.0567871108651161 0 0 0 0.0143554685637355 0.0997802764177322 0.0426757819950581 0 0.114013671875 0.028540039435029 0 0 0 0 0 0.0569335930049419 0.00834960956126451 0 0 0 0 0 0 0 0 0 0 0 0 0 0 0 0 0 0 0 0 0 0 0 0 0 0 0 0 0.014184569939971 0.0710693374276161 0.0567626953125 0 0 0.0428955070674419 0 0 0 0 0.0574707016348839 0.0565185546875 0.0567626953125
0.0718261748552322 0.0143554685637355 0.0856445282697678 0 0 0 0.028540039435029 0.142260741442442 0.014135742560029 0 0 0.0718994140625 0.028710937127471 0 0 0 0 0 0.016699219122529 0 0 0 0 0 0 0 0 0 0 0 0 0 0 0 0 0 0 0 0 0 0 0 0 0 0 0 0 0 0.0854248031973839 0.0854248031973839 0.0567626953125 0.0566650377586484 0.071435546502471 0.114770509302616 0 0 0 0.0144531251862645 0 0.0567626953125
0 0.0143554685637355 0.114233398810029 0 0 0 0.0290039069950581 0.179418943822384 0.0709228534251451 0 0 0.100634768605232 0.0424316413700581 0 0 0 0 0 0 0 0 0 0 0 0 0 0 0 0 0 0 0 0 0 0 0 0 0 0 0 0 0 0 0 0 0 0 0 0 0.0996582061052322 0.0854248031973839 0.0854248031973839 0.0568359382450581 0.0716552734375 0 0 0 0 0 0
0.028540039435029 0.0427978523075581 0.142602542415261 0.028588866814971 0 0 0 0.0428955070674419 0.0991699248552322 0 0 0 0.114013671875 0.0854248031973839 0 0 0 0.028710937127471 0.0280273444950581 0.0143554685637355 0 0 0 0 0 0 0 0 0 0 0 0 0 0 0 0 0 0 0 0 0.0287353508174419 0 0 0 0 0 0 0 0 0.0573974624276161 0.0854248031973839 0.0569335930049419 0.0364746078848839 0.0144531251862645 0.114770509302616 0 0 0 0 0
0.0424316413700581 0.0852294936776161 0.1566162109375 0.114770509302616 0 0 0 0 0.128466799855232 0.128466799855232 0.128662109375 0 0 0.1678466796875 0 0.099853515625 0.028540039435029 0.028540039435029 0.028710937127471 0.0569335930049419 0 0 0 0 0 0 0 0 0 0 0 0 0 0 0 0 0 0 0 0 0 0 0 0 0.0426269546151161 0 0.0433349609375 0 0.100415036082268 0 0.0430908203125 0.0710693374276161 0.0305908210575581 0.0285888677462935 0.100341796875 0 0 0 0 0
0.0711181610822678 0.0997802764177322 0.057031249627471 0.028540039435029 0.0143554685637355 0.128662109375 0 0 0.128662109375 0.128466799855232 0.128466799855232 0.0997802764177322 0 0.0997802764177322 0.199121095240116 0.013891601935029 0.114233396947384 0.0997802764177322 0.128369139507413 0.185375973582268 0.0427490249276161 0.016699219122529 0 0 0 0 0 0 0 0 0 0.014550780877471 0 0 0 0 0.014184569939971 0 0.0427978523075581 0.0229003913700581 0.0711181610822678 0.0791503936052322 0.014550780877471 0.0287353508174419 0.0430908203125 0.0575195327401161 0.0854248031973839 0.0854248031973839 0.0573974624276161 0 0 0.0569335930049419 0.0367919914424419 0.014135742560029 0 0.100415036082268 0 0 0 0
0.0718261748552322 0.014135742560029 0.0706298835575581 0.0997802764177322 0.128466799855232 0.114111326634884 0 0 0 0.0183837898075581 0.0996582061052322 0.0711181610822678 0.0854248031973839 0.0856689438223839 0.128466799855232 0.225024409592152 0.0143554685637355 0.150073237717152 0.264599613845348 0.201953127980232 0.226977542042732 0.337573237717152 0.181005862541497 0.00834960956126451 0 0 0 0 0 0 0.014184569939971 0 0 0 0 0 0 0 0.0280273444950581 0.1285400390625 0.0285888677462935 0.219995111227036 0.0676513686776161 0.028076171875 0 0 0.0569335930049419 0.0710693374276161 0.014184569939971 0 0 0.0426269546151161 0 0.0305908210575581 0 0.0143554685637355 0 0 0 0
0.0280273444950581 0.0143554685637355 0.114526368677616 0.128466799855232 0 0 0.00834960956126451 0 0.0417724624276161 0.166772464290261 0 0.0250244140625 0.30712890625 0.395190432667732 0.114111326634884 0.275903314352036 0 0 0.121435545384884 0.167626954615116 0.142602542415261 0.239062502980232 0.212622068822384 0.199877932667732 0.0280273444950581 0.00834960956126451 0.0284423828125 0.014135742560029 0.014135742560029 0.0569335930049419 0.0284423828125 0.0280273444950581 0.0280273444950581 0.0280273444950581 0.042944336310029 0.0285888677462935 0.0711425803601742 0.0711914077401161 0.042944336310029 0.042944336310029 0.0429931655526161 0.0999511703848839 0.0852050753310323 0.0710693374276161 0 0.014550780877471 0.0284423828125 0.0854248031973839 0.0426269546151161 0.0572265610098839 0 0 0.0710693374276161 0.1663330020383 0.014135742560029 0.100341796875 0.114770509302616 0 0 0
0.113671872764826 0.1566162109375 0.10009765625 0.128466799855232 0.130151364952326 0.0250244140625 0.123095706105232 0.301245130598545 0.19006347283721 0.124047854915261 0.0946044940501451 0.284155264496803 0.265551760792732 0.314770504832268 0 0 0.149316409602761 0 0.0990234408527613 0.114111326634884 0.142895504832268 0.128466799855232 0.261328130960464 0.236523434519768 0.142480470240116 0.128125000745058 0.0428466796875 0.0850585959851742 0.0711425766348839 0.014135742560029 0.014135742560029 0.0568359382450581 0.072021484375 0.100634768605232 0.100634768605232 0.0859863311052322 0.100341796875 0.042944336310029 0.128369139507413 0.142895504832268 0.156909182667732 0.142895504832268 0.086157226935029 0.108007811009884 0.0995605438947678 0.114111326634884 0.152343747206032 0.0708740204572678 0.0710693374276161 0.0569335930049419 0.014306640252471 0 0.0718261748552322 0.0569335930049419 0.178149417042732 0.100341796875 0.114770509302616 0 0 0
0.28088378533721 0.142602542415261 0.128466799855232 0 0.449096664786339 0.324462890625 0.395019516348839 0.289599603042006 0 0.147558599710464 0.258862316608429 0.289599603042006 0.401000961661339 0.401000961661339 0.497802719473839 0.204199217259884 0.0989501941949129 0 0.128833010792732 0.0291748046875 0.0426757819950581 0.167260736227036 0.239038087427616 0.307543948292732 0.3553466796875 0.142602542415261 0.142895504832268 0.142602542415261 0.114013671875 0.128466799855232 0.128466799855232 0.114770509302616 0.142895504832268 0.128466799855232 0.128466799855232 0.114770509302616 0.0997802764177322 0.0854248031973839 0.0854248031973839 0.128466799855232 0.128466799855232 0.128466799855232 0.128369139507413 0.293408207595348 0.363745108246803 0.179101563990116 0.0452880868688226 0.042944336310029 0.013891601935029 0.0710693374276161 0.0430419929325581 0.0571777336299419 0.0710693374276161 0.0565185546875 0.215258792042732 0.0143554685637355 0.100415036082268 0 0 0
0.141699217259884 0 0.1953125 0.535375967621803 0.654858410358429 0.532373040914536 0.544677734375 0.173901364207268 0.2685546875 0.506005853414536 0.574682623147964 0.540429681539536 0.443286128342152 0.415454089641571 0.597265630960464 0.434863269329071 0.466503888368607 0.158837892115116 0 0.06689453125 0.100756838917732 0.0472900383174419 0.161083988845348 0.0760986357927322 0.124584957957268 0.224682614207268 0.201855473220348 0.153491213917732 0.145166018977761 0.114013671875 0.128149414435029 0.0997802764177322 0.128466799855232 0.142602542415261 0.128466799855232 0.0997802764177322 0.0854248031973839 0.0996582061052322 0.0853027328848839 0.142602542415261 0.128466799855232 0.142895504832268 0.128466799855232 0.128466799855232 0.239184565842152 0.230981446802616 0.142675779759884 0.114477539435029 0 0.225952145643532 0.0844482406973839 0.0590087883174419 0.0707519501447678 0.014135742560029 0.0673583969473839 0.0143554685637355 0.0716308578848839 0 0 0
0 0.00834960956126451 0.403955087065697 0.549536108970642 0.602148443460464 0.748193353414536 0.353198241442442 0.370288088917732 0.761547863483429 0.637841790914536 0.533056646585464 0.472094729542732 0.388623051345348 0.398779302835464 0.554125964641571 0.55712890625 0.392968751490116 0.285156262107193 0.2685546875 0.392944343388081 0.272998059168458 0.375170893967152 0.338232412934303 0.354077145457268 0.225927734747529 0.0677001923322678 0.247363284230232 0.305932626128197 0.10510253533721 0.118994139134884 0.215869143605232 0.407373040914536 0.415380872786045 0.332958981394768 0.172998048365116 0.421801745891571 0.135888673365116 0 0.0850830078125 0.095947265625 0.0281249992549419 0.056884765625 0.128662109375 0.128466799855232 0.128466799855232 0.128466799855232 0.128466799855232 0.142675779759884 0.0143554685637355 0.110400388948619 0.325830072164536 0.107470706105232 0 0 0 0.028540039435029 0.0430419929325581 0 0 0
0.2117919921875 0.396118171513081 0.6285400390625 0.640380859375 0.653564453125 0.491552740335464 0.607006832957268 0.569848626852036 0.537329092621803 0.181445315480232 0.269189447164536 0.359301751479506 0.360327154397964 0.351391606032848 0.360546879470348 0.445361331105232 0.280908204615116 0.309619151055813 0.310131847858429 0.2685546875 0.195947268977761 0.333276372402906 0.542016595602036 0.550634771585464 0.463647454977036 0.352685540914536 0.227221677079797 0.315673839300871 0.286889661103487 0.344213880598545 0.314770504832268 0.300317376852036 0.314770504832268 0.271582029759884 0.132373049855232 0.0984375029802322 0.0291748046875 0.0291748046875 0.115771487355232 0.115771487355232 0.0505859367549419 0.0677001923322678 0 0 0.122045896947384 0.0950439423322678 0.128662109375 0.0997802764177322 0.0284423828125 0.0573974624276161 0.028906250372529 0.162182614207268 0.0718505829572678 0.0572509784251451 0 0 0.0183837898075581 0 0 0
0.2685546875 0.473266586661339 0.667797863483429 0.626879900693893 0.828515619039536 0.541308611631393 0.592553704977036 0.438476547598839 0.366406243294477 0.149365231394768 0.124951168894768 0.2548828125 0.368774406611919 0.368774406611919 0.2012939453125 0.124316409230232 0.124316409230232 0.124316409230232 0.124316409230232 0.160375982522964 0.160375982522964 0.337084971368313 0.372998058795929 0.426245130598545 0.427050784230232 0.470166027545929 0.401391610503197 0.2685546875 0.282690430060029 0.370629891753197 0.415234357118607 0.415234357118607 0.406298816204071 0.315551768988371 0.201928716152906 0.0911621060222387 0.136621087789536 0.142651364207268 0.106835938990116 0.0871826186776161 0.134082034230232 0.106835938990116 0.0089111328125 0.0185546875 0.0871826186776161 0.0871826186776161 0.0089111328125 0 0 0.0282714851200581 0 0.0995605457574129 0.128393553197384 0 0 0 0 0 0 0
0.293481457978487 0.705395519733429 0.782031238079071 0.664306640625 0.715356439352036 0.478564441204071 0.452661141753197 0.474194332957268 0.385058587417006 0.144555658102036 0.0484374985098839 0.0382812507450581 0.0382812507450581 0.0382812507450581 0.023828124627471 0.0298583991825581 0.0879638642072678 0.0782226547598839 0.0782226547598839 0.124316409230232 0.124316409230232 0.124316409230232 0.142358392477036 0.152001947164536 0.124316409230232 0.205102542415261 0.329028308391571 0.18701172247529 0.028710937127471 0.0381835922598839 0.151562497019768 0.151562497019768 0.151562497019768 0.124316409230232 0.115747071802616 0.028564453125 0.028564453125 0.0484619140625 0.0484619140625 0.0089111328125 0.0089111328125 0 0 0 0.0089111328125 0.0089111328125 0.0089111328125 0.106835938990116 0.00834960956126451 0 0 0 0 0 0 0 0.014306640252471 0 0 0
0.810693353414536 0.857202172279358 0.797265619039536 0.703857421875 0.569726556539536 0.488427743315697 0.479858405888081 0.269238293170929 0.0682128891348839 0.0382812507450581 0.0382812507450581 0.0382812507450581 0.0198486335575581 0.106494143605232 0.116503909230232 0.00969238299876451 0.00969238299876451 0.00969238299876451 0.00969238299876451 0.00969238299876451 0.00969238299876451 0 0 0 0 0.0193359367549419 0.0193359367549419 0.0193359367549419 0.0585205070674419 0.0585205070674419 0.00969238299876451 0 0 0.0096435546875 0 0 0 0 0 0 0 0 0 0 0 0 0 0 0 0 0 0 0 0 0 0 0 0 0 0
0.857104480266571 0.729711920022964 0.669653326272964 0.538037106394768 0.197705080732703 0.0382812507450581 0.023828124627471 0.023828124627471 0.228491216897964 0.408081047236919 0.351391606032848 0.369531251490116 0.498364269733429 0.3582763671875 0.520532235503197 0.494873046875 0.520532235503197 0.480322271585464 0.160375982522964 0.124316409230232 0.0682128891348839 0.00969238299876451 0.00969238299876451 0.00969238299876451 0 0 0 0 0.00969238299876451 0 0 0 0 0 0 0 0 0 0 0 0 0 0 0 0 0 0 0 0 0 0.0089111328125 0 0 0 0 0 0 0 0 0
0.502856448292732 0.450512699782848 0.295458978042006 0.0484374985098839 0.0484374985098839 0.323803704231977 0.493115246295929 0.780053704977036 0.708032220602036 0.605712890625 0.591601550579071 0.783032238483429 0.606030285358429 0.43212890625 0.344628911465406 0.492626935243607 0.403857424855232 0.2685546875 0.407836921513081 0.468969717621803 0.452148444950581 0.248095706105232 0.142358392477036 0.0946044921875 0.0193359367549419 0.00969238299876451 0 0.0193359367549419 0.0763427764177322 0.124316409230232 0.028710937127471 0.028710937127471 0.0679443329572678 0.0089111328125 0.0089111328125 0.0089111328125 0.0089111328125 0.0089111328125 0 0 0 0 0 0 0 0 0 0 0 0 0 0 0 0 0 0 0 0 0.0183837898075581 0.014135742560029
0.474633790552616 0.212158203125 0.0537841804325581 0.2081298828125 0.501660153269768 0.695507809519768 0.822900414466858 0.623095691204071 0.637451171875 0.678320318460464 0.678320318460464 0.664868175983429 0.55810546875 0.417895495891571 0.267114251852036 0.319189466536045 0.272753918543458 0.281005853787065 0.362280286848545 0.258862316608429 0.258862316608429 0.432592779397964 0.164208978414536 0.212597662582994 0.124316409230232 0.0478759780526161 0.0389648452401161 0.0389648452401161 0.029272461310029 0.0089111328125 0.124316409230232 0.115747071802616 0.161035154014826 0.169287106022239 0.115771487355232 0.115771487355232 0.0667236298322678 0.204882815480232 0.323022454977036 0.323022454977036 0.157641604542732 0.106835938990116 0.0089111328125 0.0089111328125 0 0 0 0 0 0 0 0 0 0 0 0 0 0 0.0183837898075581 0.014135742560029
0.116455078125 0.1405029296875 0.430761724710464 0.649780288338661 0.9139404296875 0.918212890625 0.573657214641571 0.579565435647964 0.566870123147964 0.326269526034594 0.356982424855232 0.388452157378197 0.339721672236919 0.30383300408721 0.0556152351200581 0.176000982522964 0.300122067332268 0.253027344122529 0.149682611227036 0.2489013671875 0.272998059168458 0.258862316608429 0.233178704977036 0.336132824420929 0.258862316608429 0.157250970602036 0 0.0865966826677322 0.0089111328125 0.0484619140625 0.028710937127471 0.0968749970197678 0.115771487355232 0.115771487355232 0.148388668894768 0.184790037572384 0.204370118677616 0.230151370167732 0.307031258940697 0.284887701272964 0.287646487355232 0.307275384664536 0.0895263701677322 0.148388668894768 0.106835938990116 0.0871826186776161 0.0089111328125 0.121191404759884 0.106835938990116 0.0089111328125 0 0 0 0 0 0 0 0 0.0183837898075581 0.0754882842302322
0.474633790552616 0.599438473582268 0.681152328848839 0.586474597454071 0.637451171875 0.5968017578125 0.579492181539536 0.376684576272964 0.184765631332994 0.0166748054325581 0.0338378921151161 0.00834960956126451 0.0644042957574129 0.13781738653779 0 0.095947265625 0.1925048828125 0.270458981394768 0.192480467259884 0.213012702763081 0.184765631332994 0.133081048727036 0.116113282740116 0.146240234375 0.233178704977036 0.0472167953848839 0 0 0.0386474616825581 0.157641604542732 0.230859372764826 0.0950439423322678 0.166723629459739 0.185034178197384 0.203540034592152 0.0760986357927322 0.00834960956126451 0 0.0994628891348839 0.014306640252471 0.21826171875 0.147167965769768 0.00834960956126451 0.155590817332268 0.249560549855232 0 0.0183837898075581 0 0 0 0.0950439423322678 0.0871826186776161 0 0 0 0 0 0 0.0089111328125 0.0754882842302322
0.669653326272964 0.678271487355232 0.492968738079071 0.619604498147964 0.6717529296875 0.390405282378197 0.358642578125 0.327099606394768 0.235424801707268 0.121777344495058 0 0 0 0.0222412114962935 0.107592776417732 0.013891601935029 0.0447265636175871 0.0222412114962935 0.013891601935029 0.0816406235098839 0.00834960956126451 0.0250244140625 0.127587884664536 0.229199215769768 0.271289074793458 0.1068115234375 0 0 0 0.0677001923322678 0.2093505859375 0.415966801345348 0.384350582957268 0.267431646585464 0.235864257439971 0 0 0.0284912101924419 0 0.014306640252471 0.014306640252471 0 0 0 0 0 0 0.028540039435029 0.0183837898075581 0.0480712875723839 0 0.0648193359375 0.0950439423322678 0.0089111328125 0 0 0 0 0 0.0089111328125
0.660864263772964 0.376171872019768 0.605053722858429 0.708325177431107 0.393798828125 0.158203119412065 0.332666024565697 0.281323248520494 0.194946283474565 0.0655761733651161 0.0284912101924419 0.131079100072384 0.116723631508648 0.0572265610098839 0.110595703125 0 0 0.0284912101924419 0 0 0 0 0.00834960956126451 0.0677001923322678 0.368359379470348 0.192309573292732 0 0 0 0.128344729542732 0.3157958984375 0.26403808966279 0.250756837427616 0.0570800770074129 0.028564453125 0.136523440480232 0.105078123509884 0.0284912101924419 0 0 0 0 0 0 0 0 0.0283691398799419 0.0283691398799419 0 0 0.0393310561776161 0.267431646585464 0.292480480857193 0.0950439423322678 0.0089111328125 0 0 0 0 0
0.588793933391571 0.50439453125 0.6141357421875 0.368359379470348 0.115405270829797 0.335229493677616 0.250024408102036 0.0711181610822678 0 0 0 0 0 0 0 0 0 0.0144531251862645 0.0144531251862645 0 0.114233396947384 0.0859863273799419 0.161254877224565 0 0.273510746657848 0.132421880960464 0 0 0 0.272900393232703 0.330151354894042 0.0963134737685323 0.022802734747529 0 0.0509521476924419 0.016699219122529 0 0 0 0 0 0 0 0 0 0 0.0284912101924419 0.0429443344473839 0.0143554685637355 0.0143554685637355 0.0428955070674419 0.150488287210464 0.315014654770494 0.537084951996803 0.0863769501447678 0.0089111328125 0 0 0 0
0.44482421875 0.69970703125 0.463208004832268 0.101269528269768 0.0530517585575581 0.204248040914536 0.0284912101924419 0 0 0 0 0 0.014550780877471 0 0.0144531251862645 0.02880859375 0 0 0 0 0.0450439462438226 0 0 0.166601562872529 0.335888676345348 0.0166748054325581 0 0 0 0.244555667042732 0.464111328125 0 0 0.016699219122529 0 0 0.0426269546151161 0.013891601935029 0 0 0 0 0 0.0423828139901161 0.013891601935029 0.0423828139901161 0 0 0.0426513664424419 0.013891601935029 0.0851074233651161 0.014135742560029 0.169921875 0.331713873893023 0.260253913700581 0.0089111328125 0.0089111328125 0 0 0
0.524926751852036 0.651098638772964 0.255810551345348 0.347021475434303 0.0795166045427322 0.014135742560029 0 0 0 0.0710693374276161 0 0 0 0 0 0 0 0.014550780877471 0 0 0 0 0 0.264135738834739 0.189746100455523 0.171191409230232 0 0 0 0.306933589279652 0.411987319588661 0.10693359375 0 0 0 0 0 0 0 0 0 0 0 0 0 0 0 0 0 0 0 0 0.022705078125 0.193212896585464 0.400292970240116 0.0950439423322678 0.0089111328125 0.0089111328125 0 0
