data-raw/DATASET_PNE_1/DATASET_PNE/a_DATA/PFGS/ENVSUIT_A1B/HS_f0_P1_ubacPion.asc
NCOLS 619 
NROWS 782 
XLLCORNER 876826 
YLLCORNER 1947424 
CELLSIZE 100 
NODATA_value -9999 
[rows 96 to 127 of 782, columns 216 to 287 of 619]
-9999 -9999 -9999 -9999 -9999 -9999 -9999 -9999 -9999 -9999 -9999 -9999 0.0183750370464457 0.165460011008087 0.541174478174351 0.765400736695034 0.870189254413819 1 1 1 1 1 1 1 1 1 1 1 1 1 1 1 0.92243532749058 0.844277911850629 0.739193022566578 0.739193022566578 0.739193022566578 0.791227401668149 0.817011727846226 0.947965620898429 1 1 1 0.86976586646344 0.818197214107287 0.791693128413565 0.739193022566578 0.595791523773233 0.361573309623608 0.290698166730175 0.290698166730175 0.361573309623608 0.0548710783691096 0.0183750370464457 0.0183750370464457 0 0 0 0 0 0 0 0 0 0 0 0 0 0 0 0 0
-9999 -9999 -9999 -9999 -9999 -9999 -9999 -9999 -9999 -9999 -9999 -9999 0 0.18408908082476 0.541174478174351 0.765400736695034 0.844320250645667 1 1 1 1 1 1 1 1 1 1 1 1 1 1 1 0.843431135949871 0.818197214107287 0.739193022566578 0.739193022566578 0.739193022566578 0.817011727846226 0.921969600745163 0.973749947076506 1 1 0.947965620898429 0.817011727846226 0.870527964774123 0.765443075490072 0.667640458952538 0.559591854015835 0.287226385537068 0.0366230577077776 0.0366230577077776 0.234641602100004 0.0183750370464457 0 0 0 0 0 0 0 0 0 0 0 0 0 0 0 0 0 0 0
-9999 -9999 -9999 -9999 -9999 -9999 -9999 -9999 -9999 -9999 -9999 0 0.128201871374741 0.18408908082476 0.559591854015835 0.791650789618528 0.791947161183793 1 1 1 1 1 1 1 1 1 1 1 1 1 1 1 1 1 0.817011727846226 0.843261780769719 0.869384817308099 0.843261780769719 0.947965620898429 1 1 0.973919302256658 0.895888903001821 1 0.974215673821923 0.765443075490072 0.559591854015835 0.361573309623608 0.0183750370464457 0.269274736441001 0.559591854015835 0.559591854015835 0.0909437317413946 0.0183750370464457 0 0 0 0 0 0 0 0 0 0 0 0 0 0 0 0 0 0
-9999 -9999 -9999 -9999 -9999 -9999 -9999 -9999 -9999 -9999 0 0.109742156738219 0.18408908082476 0.272831195224184 0.738388585460858 0.791693128413565 1 1 1 1 1 1 1 1 1 1 1 1 1 1 1 1 1 1 0.895888903001821 0.895888903001821 0.974215673821923 0.974215673821923 1 1 1 1 0.86976586646344 0.974215673821923 1 0.739193022566578 0.667640458952538 0.500825606503239 0.559591854015835 0.559591854015835 0.361573309623608 0.0366230577077776 0.109742156738219 0.0183750370464457 0 0 0 0 0 0 0 0 0 0 0 0 0 0 0 0 0 0
-9999 -9999 -9999 -9999 -9999 -9999 -9999 -9999 -9999 0 0.0366230577077776 0.165460011008087 0.308014733900673 0.739193022566578 0.739193022566578 0.765443075490072 0.974215673821923 1 1 1 1 1 1 1 1 1 1 1 1 1 1 1 1 1 1 1 1 1 1 1 1 0.947965620898429 1 0.948134976078581 0.974215673821923 0.844404928235742 0.715652652525509 0.791947161183793 0.739193022566578 0.703416740759558 0.250476311444176 0.146153520470807 0.109742156738219 0 0 0 0 0 0 0 0 0 0 0 0 0 0 0 0 0 0 0
-9999 -9999 -9999 -9999 -9999 -9999 -9999 -9999 0 0 0.128201871374741 0.18226851263813 0.541174478174351 0.791947161183793 0.739193022566578 0.870527964774123 1 1 1 1 1 1 1 1 1 1 1 1 1 1 1 1 1 1 1 1 1 1 1 1 1 1 0.870527964774123 0.739193022566578 0.791947161183793 0.870062238028706 0.974215673821923 0.974215673821923 0.870231593208857 0.800118548626106 0.361573309623608 0.128201871374741 0.0366230577077776 0 0 0 0 0 0 0 0 0 0 0 0 0 0 0 0 0 0 0
-9999 -9999 -9999 -9999 -9999 -9999 -9999 -9999 0 0 0.165460011008087 0.41559761209196 0.739193022566578 0.765697108260299 0.765697108260299 1 1 1 1 1 1 1 1 1 1 1 1 1 1 1 1 1 1 1 1 1 1 1 1 1 1 1 0.739193022566578 0.818070197722173 0.791947161183793 0.791947161183793 0.922011939540201 0.870231593208857 0.922096617130276 0.844404928235742 0.379567297514713 0.18065963842669 0 0 0 0 0 0 0 0 0 0 0 0 0 0 0 0 0 0 0 0
-9999 -9999 -9999 -9999 -9999 -9999 0 0 0 0 0.165460011008087 0.272831195224184 0.739193022566578 0.765697108260299 0.870527964774123 1 1 1 1 1 1 1 1 1 1 1 1 1 1 1 1 1 1 1 1 1 1 1 1 1 0.973749947076506 1 1 0.896396968542275 0.870316270798933 0.818197214107287 0.818197214107287 0.70176552775308 0.818197214107287 0.791947161183793 0.613700834074262 0.272069096913502 0.0183750370464457 0 0 0 0 0 0 0 0 0 0 0 0 0 0 0 0 0 0 0
-9999 -9999 -9999 -9999 -9999 -9999 0 0 0 0 0.165460011008087 0.326389770947119 0.738388585460858 0.765443075490072 0.973749947076506 1 1 1 1 1 1 1 1 1 1 1 1 1 1 1 1 1 1 1 1 1 1 1 1 1 1 1 1 1 1 0.922181294720352 0.737372454379948 0.538634150472078 0.789237478301367 0.727676870316271 0.361573309623608 0.18408908082476 0.0183750370464457 0 0 0 0 0 0 0 0 0 0 0 0 0 0 0 0 0 0 0
-9999 -9999 -9999 -9999 -9999 -9999 -9999 0 0 0 0.18408908082476 0.361573309623608 0.747491426394005 0.870400948389009 1 1 1 1 1 1 1 1 1 1 1 1 1 1 1 1 1 1 1 1 1 1 1 1 1 1 1 0.921969600745163 1 0.982048350903933 0.737372454379948 0.911300224395614 0.763453152123291 0.878106609085905 0.791947161183793 0.739193022566578 0.361573309623608 0.18408908082476 0 0 0 0 0 0 0 0 0 0 0 0 0 0 0 0 0 0 0 0
-9999 -9999 -9999 -9999 -9999 -9999 -9999 0 0 0 0.18408908082476 0.559591854015835 0.739193022566578 1 1 1 1 1 1 1 1 1 1 1 0.922138955925314 1 1 1 1 1 1 1 1 1 1 1 1 1 1 0.947965620898429 0.791227401668149 0.791227401668149 0.896396968542275 0.870316270798933 0.765443075490072 0.791947161183793 0.896058258181972 0.86756424912147 0.791947161183793 0.397772979381007 0.361573309623608 0.0917905076421525 0.0183750370464457 0 0 0 0 0 0 0 0 0 0 0 0 0 0 0 0 0 0 0
-9999 -9999 -9999 -9999 -9999 -9999 -9999 0 0 0.0548710783691096 0.18408908082476 0.739193022566578 0.739193022566578 0.973749947076506 1 1 1 1 1 1 1 1 1 1 1 1 1 1 1 1 1 1 1 1 1 1 1 1 0.922138955925314 1 0.870316270798933 0.791650789618528 0.765443075490072 0.791693128413565 0.765443075490072 0.791947161183793 0.791947161183793 0.82535247046869 0.585630212964139 0.397772979381007 0.344002709682882 0.0366230577077776 0 0 0 0 0 0 0 0 0 0 0 0 0 0 0 0 0 0 0 0
-9999 -9999 -9999 -9999 -9999 -9999 -9999 0 0.0183750370464457 0.0548710783691096 0.201659680765485 0.739193022566578 0.765697108260299 1 1 1 1 1 1 1 1 1 1 1 1 1 1 1 1 1 1 1 1 1 1 1 1 0.895888903001821 0.870316270798933 0.791947161183793 0.739193022566578 0.739193022566578 0.765443075490072 0.870189254413819 0.739193022566578 0.703416740759558 0.739193022566578 0.739193022566578 0.54943054320674 0.361573309623608 0.290698166730175 0.0548710783691096 0 0 0 0 0 0 0 0 0 0 0 0 0 0 0 0 0 0 0 0
-9999 -9999 -9999 -9999 -9999 -9999 -9999 0 0.0548710783691096 0.255091240103307 0.361573309623608 0.765400736695034 0.870527964774123 1 1 1 1 1 1 1 1 1 1 1 1 1 1 1 1 1 1 1 1 1 1 1 1 0.870316270798933 0.765443075490072 0.818154875312249 0.739193022566578 0.703416740759558 0.613700834074262 0.361573309623608 0.361573309623608 0.361573309623608 0.361573309623608 0.361573309623608 0.361573309623608 0.269274736441001 0.165460011008087 0.0548710783691096 0 0 0 0 0 0 0 0 0 0 0 0 0 0 0 0 0 0 0 0
-9999 -9999 -9999 -9999 -9999 -9999 -9999 0.0548710783691096 0.180278589271349 0.361573309623608 0.739193022566578 0.870104576823744 0.948134976078581 1 1 1 1 1 1 1 1 1 1 1 1 1 1 1 1 1 1 1 1 0.921884923155087 0.895719547821669 0.896523984927389 0.896523984927389 0.843600491130022 0.870189254413819 0.469621914560312 0.361573309623608 0.361573309623608 0.272069096913502 0.165460011008087 0.146915618781489 0.109742156738219 0.109742156738219 0.109742156738219 0.128201871374741 0.146915618781489 0.0729920826453279 0.0548710783691096 0 0 0 0 0 0 0 0 0 0 0 0 0 0 0 0 0 0 0 0
-9999 -9999 -9999 -9999 -9999 -9999 -9999 0.165460011008087 0.361573309623608 0.739193022566578 0.818154875312249 0.844277911850629 1 1 1 1 1 1 1 1 1 1 1 1 1 1 1 1 1 1 1 0.895888903001821 0.739193022566578 0.739193022566578 0.870189254413819 0.739193022566578 0.739193022566578 0.739193022566578 0.397772979381007 0.290698166730175 0.165460011008087 0.0917905076421525 0.0548710783691096 0.0917905076421525 0 0 0 0.0917905076421525 0.109742156738219 0.109742156738219 0.0548710783691096 0 0 0 0 0 0 0 0 0 0 0 0 0 0 0 0 0 0 0 0 0
-9999 -9999 -9999 -9999 -9999 -9999 -9999 0.361573309623608 0.739193022566578 0.817689148566832 0.844404928235742 1 1 1 1 1 1 1 1 1 1 1 1 1 1 1 1 1 1 0.948134976078581 0.765400736695034 0.739193022566578 0.739193022566578 0.739193022566578 0.739193022566578 0.739193022566578 0.703416740759558 0.361573309623608 0.18408908082476 0.18408908082476 0.109742156738219 0 0 0 0 0 0 0 0 0 0 0 0 0 0 0 0 0 0 0 0 0 0 0 0 0 0 0 0 0 0 0
-9999 -9999 -9999 -9999 -9999 -9999 -9999 0.739193022566578 0.791904822388755 0.870527964774123 0.922138955925314 1 1 1 1 1 1 1 1 1 1 1 1 1 1 1 1 0.922392988695542 0.844320250645667 0.739193022566578 0.739193022566578 0.739193022566578 0.739193022566578 0.739193022566578 0.415682289682036 0.361573309623608 0.361573309623608 0.18408908082476 0.18408908082476 0.109742156738219 0 0 0 0 0 0 0 0 0 0 0 0 0 0 0 0 0 0 0 0 0 0 0 0 0 0 0 0 0 0 0 0
-9999 -9999 -9999 -9999 -9999 -9999 -9999 0.81773148736187 0.948134976078581 0.948134976078581 1 1 1 1 1 1 1 1 1 1 1 1 -9999 1 1 1 1 0.86997756043863 0.948134976078581 0.739193022566578 0.739193022566578 0.739193022566578 0.397772979381007 0.361573309623608 0.343113594987087 0.110504255048901 0.128455904144968 0.0917905076421525 0 0 0 0 0.018248020661332 0 0 0 0 0 0 0 0 0 0 0 0 0 0 0 0 0 0 0 0 0 0 0 0 0 0 0 0 0
-9999 -9999 -9999 -9999 -9999 -9999 -9999 0.870104576823744 0.870104576823744 0.973919302256658 1 1 1 1 1 1 1 1 1 1 1 1 1 -9999 1 1 0.765400736695034 0.791904822388755 0.739193022566578 0.580761251534781 0.541174478174351 0.361573309623608 0.214784707227232 0.0183750370464457 0 0 0 0 0 0 0.0548710783691096 0.0545747068038444 0.018248020661332 0 0 0 0 0 0 0 0 0 0 0 0 0 0 0 0 0 0 0 0 0 0 0 0 0 0 0 0 0
-9999 -9999 -9999 -9999 -9999 -9999 -9999 0.974215673821923 0.870104576823744 1 1 1 1 1 1 1 1 1 1 1 1 1 1 1 1 1 0.739193022566578 0.791904822388755 0.739193022566578 0.580761251534781 0.505271179982218 0 0 0 0 0 0 0 0.214784707227232 0.306532876074347 0.269613446801304 0.214107286506626 0.159744273677971 0 0 0 0 0 0 0 0 0 0 0 0 0 0 0 0 0 0 0 0 0 0 0 0 0 0 0 0 0
-9999 -9999 -9999 -9999 -9999 -9999 -9999 -9999 1 1 1 1 1 1 1 1 1 1 1 1 1 1 1 1 1 0.870273932003895 0.765400736695034 0.739193022566578 0.739193022566578 0.580761251534781 0 0 0.177484228798848 0 0 0 0 0.306532876074347 0.343113594987087 0.32516194589102 0.269994495956645 0.159744273677971 0 0 0 0 0 0 0 0 0 0 0 0 0 0 0 0 0 0 0 0 0 0 0 0 0 0 0 0 0 0
-9999 -9999 -9999 -9999 -9999 -9999 -9999 -9999 1 1 1 1 1 1 1 1 1 1 0.947796265718278 1 1 1 1 1 1 0.818154875312249 0.739193022566578 0.739193022566578 0.739193022566578 0.580761251534781 0.159913628858123 0.214107286506626 0.106566747110377 0 0 0 0.214107286506626 0.32516194589102 0.48693848173081 0.3432406113722 0 0 0.0355222490367924 0.0175705999407257 0 0 0 0 0 0 0 0 0 0 0 0 0 0 0 0 0 0 0 0 0 0 0 0 0 0 0 0
-9999 -9999 -9999 -9999 -9999 -9999 -9999 -9999 1 1 1 1 1 1 1 1 1 1 1 1 1 1 1 1 1 1 0.765443075490072 0.739193022566578 0.739193022566578 0.739193022566578 0.451246877513866 0.251365426139972 0 0 0.0712138532537364 0 0.306363520894195 0.684872348532961 0.736695033659342 0.177484228798848 0.196028621025446 0.177484228798848 0 0 0 0 0 0 0 0 0 0 0 0 0 0 0 0 0 0 0 0 0 0 0 0 0 0 0 0 0 0
-9999 -9999 -9999 -9999 -9999 -9999 -9999 -9999 1 1 1 1 1 1 1 1 1 1 1 1 1 1 1 1 1 1 0.739193022566578 0.739193022566578 0.739193022566578 0.739193022566578 0.791227401668149 0.662686819933105 0.196028621025446 0.177484228798848 0 0.341123671620306 0.729074050552521 0.772767687031627 0.804352428129895 0.752233371438249 0.251365426139972 0.214107286506626 0 0 0 0 0 0 0 0 0 0 0 0 0 0 0 0 0 0 0 0 0 0 0 0 0 0 0 0 0 0
-9999 -9999 -9999 -9999 -9999 -9999 -9999 -9999 1 1 1 1 1 1 1 1 1 1 1 1 1 1 1 1 1 1 0.947415216562937 0.739193022566578 0.739193022566578 0.739193022566578 0.922308311105466 0.644650493246962 0.498285278800965 0.375502773191075 0.198018544392227 0.815614547609975 0.81773148736187 0.81773148736187 0.926669206994369 0.739193022566578 0.288242516617977 0.0179516490960667 0 0 0 0 0 0 0 0 0 0 0 0 0 0 0 0 0 0 0 0 0 0 0 0 0 0 0 0 0 0
-9999 -9999 -9999 -9999 -9999 -9999 -9999 -9999 -9999 1 1 1 1 1 1 1 1 1 1 1 1 1 1 1 1 1 1 1 0.843134764384606 0.739193022566578 0.844404928235742 0.394047165417672 0.679537660358186 0.269401752826115 0.490875989669334 0.81773148736187 0.948134976078581 0.791947161183793 0.974215673821923 0.739193022566578 0.361361615648419 0 0 0 0 0 0 0 0 0 0 0 0 0 0 0 0 0 0 0 0 0 0 0 0 0 0 0 0 0 0 0
-9999 -9999 -9999 -9999 -9999 -9999 -9999 -9999 -9999 1 1 1 1 1 1 1 1 1 1 1 1 1 0.843685168720098 1 1 1 1 1 1 0.739193022566578 0.739193022566578 0.81773148736187 0.81773148736187 0.882213472204581 0.91197764511622 0.844066217875439 0.818154875312249 0.870316270798933 0.948134976078581 0.870400948389009 0.43308353444261 0.177484228798848 0 0 0 0 0 0 0 0 0 0 0 0 0 0 0 0 0 0 0 0 0 0 0 0 0 0 0 0 0 0
-9999 -9999 -9999 -9999 -9999 -9999 -9999 -9999 -9999 1 1 1 1 1 1 1 1 1 1 1 1 0.922265972310428 1 1 1 1 1 1 1 1 1 0.922350649900504 0.896185274567086 0.84385452390025 0.948007959693467 0.948134976078581 1 1 0.7913967568483 0.844066217875439 0.684957026123037 0.251365426139972 0.0179516490960667 0 0 0 0 0 0 0 0 0 0 0 0 0 0 0 0 0 0 0 0 0 0 0 0 0 0 0.0913671196917736 0 0
-9999 -9999 -9999 -9999 -9999 -9999 -9999 -9999 -9999 -9999 1 1 1 1 1 1 1 1 1 1 1 1 1 1 1 1 1 1 1 1 1 1 0.948092637283543 0.922350649900504 1 1 1 1 0.817900842542021 0.765400736695034 0.739193022566578 0.32516194589102 0.124560735001482 0 0 0 0 0 0.036496041322664 0.036496041322664 0 0 0 0 0 0 0 0 0 0 0 0 0 0 0 0 0 0 0 0.0913671196917736 0 0
-9999 -9999 -9999 -9999 -9999 -9999 -9999 -9999 -9999 -9999 1 1 1 1 1 1 1 1 1 1 1 1 1 1 1 1 1 1 1 1 1 1 1 1 1 1 1 1 1 0.870400948389009 0.765400736695034 0.397772979381007 0.269613446801304 0 0 0 0.018248020661332 0.036496041322664 0.110504255048901 0.0917905076421525 0.036496041322664 0.036496041322664 0 0 0 0 0 0 0 0 0 0 0 0 0 0 0 0 0.018248020661332 0.128201871374741 0 0
-9999 -9999 -9999 -9999 -9999 -9999 -9999 -9999 -9999 -9999 1 1 1 1 1 1 1 1 1 1 1 1 1 1 1 1 1 1 1 1 1 1 1 1 1 1 1 1 1 0.922308311105466 0.896185274567086 0.541174478174351 0.361573309623608 0.232821033913375 0.128455904144968 0.199373385833439 0.272238452093653 0.343113594987087 0.308649815826242 0.343113594987087 0.270671916677251 0.0734154705957068 0 0 0 0 0 0 0 0 0 0 0 0 0.146915618781489 0.0913671196917736 0.0913671196917736 0.146915618781489 0.0913671196917736 0.146915618781489 0.0546170455988823 0
