data-raw/DATASET_PNE_1/DATASET_PNE/a_DATA/PFGS/ENVSUIT_A1B/HS_f45_P7_acer.asc
NCOLS 619 
NROWS 782 
XLLCORNER 876826 
YLLCORNER 1947424 
CELLSIZE 100 
NODATA_value -9999 
[rows 494 to 519 of 782, columns 295 to 353 of 619]
0 0 0 0 0.0837141573429108 0.133098691701889 0.29369056224823 0.295938670635223 0.110838800668716 0 0.499115493148565 0.573394998908043 0.591379821300507 0.591379821300507 0.5 0.509379376657307 0.509379376657307 0.509379376657307 0.435394706204534 0.528193410485983 0.54686002805829 0.86006486415863 0.869941771030426 0.869941771030426 0.894763022661209 0.894431352615356 0.809980094432831 0.906814336776733 0.869941771030426 0.829070538282394 0.820078134536743 0.509379376657307 0.5 0.5 0.487672299146652 0.340827018022537 0.347036924213171 0.372189868241549 0.580968528985977 0.832921773195267 0.863952994346619 0.876280695199966 0.962777316570282 0.950855016708374 0.548831723630428 0.625801578164101 0.635696917772293 0.386636689305305 0.521191120147705 0.463145852088928 0.737322181463242 0.820557236671448 0.740731179714203 0.925702065229416 0.857964187860489 0.774379014968872 0.755325436592102 0.736806213855743 0.657035455107689
0 0 0 0 0.133098691701889 0.201942205429077 0.254238218069077 0.0295938681811094 0.120218180119991 0.254717335104942 0.563296973705292 0.60136728733778 0.60136728733778 0.679461196064949 0.518685044720769 0.761719614267349 0.752377092838287 0.518685044720769 0.829070538282394 0.847737163305283 0.847737163305283 0.863547593355179 0.819875419139862 0.721309065818787 0.800287455320358 0.809980094432831 0.795938670635223 0.814365744590759 0.829070538282394 0.540521118789911 0.509379376657307 0.5 0.5 0.331337064504623 0.31300213932991 0.31602418422699 0.325403560884297 0.334709228947759 0.485387340188026 0.750608116388321 0.851680546998978 0.876280695199966 1 0.975123465061188 0.83944496512413 0.669344738125801 0.607153385877609 0.488575220108032 0.416377976536751 0.549495100975037 0.629818677902222 0.704264014959335 0.975381433963776 0.938103497028351 0.811509549617767 0.736806213855743 0.586717769503593 0.518685044720769 0.506357343867421
0 0.0246922671794891 0.123719319701195 0.133098691701889 0.133098691701889 0.227942809462547 0.229453817009926 0.169621139764786 0.203305810689926 0.453084677457809 0.551245681941509 0.610746666789055 0.679461196064949 0.679037377238274 0.762290865182877 0.656703770160675 0.693355202674866 0.780349373817444 0.819875419139862 0.800287455320358 0.684454932808876 0.619407385587692 0.659670531749725 0.782947599887848 0.808358520269394 0.857614070177078 0.829070538282394 0.810569763183594 0.521707084029913 0.5 0.5 0.487672299146652 0.31300213932991 0.31602418422699 0.31602418422699 0.31602418422699 0.31602418422699 0.325403560884297 0.412121333181858 0.676826119422913 0.894928872585297 0.851312011480331 0.987672299146652 1 0.9166359603405 0.576103791594505 0.657017037272453 0.625801578164101 0.404271379113197 0.44781456887722 0.645205289125443 0.679369032382965 0.74130243062973 0.96279576420784 0.802093327045441 0.736806213855743 0.554857365787029 0.506357343867421 0.509379376657307
0 0.133098691701889 0.142588630318642 0.142588630318642 0.133098691701889 0.172864302992821 0.266013115644455 0.250460684299469 0.208631239831448 0.565895184874535 0.772057205438614 0.752377092838287 0.637852877378464 0.518648190423846 0.5 0.5 0.462943186052144 0.385899610817432 0.210234390571713 0.520214483141899 0.657146021723747 0.740989148616791 0.581650331616402 0.688343033194542 0.753740698099136 0.69810938835144 0.70334267616272 0.5 0.5 0.5 0.450541764497757 0.303696483373642 0.31602418422699 0.31602418422699 0.31602418422699 0.31602418422699 0.385752201080322 0.316226859577 0.344217594712973 0.512806802988052 0.664369404315948 0.904529362916946 1 0.987672299146652 1 0.854555159807205 0.681672424077988 0.625801578164101 0.47923269867897 0.382564321160316 0.41401931643486 0.691696763038635 0.734834522008896 0.679590180516243 0.857964187860489 0.736806213855743 0.640819638967514 0.506357343867421 0.509379376657307
0.099100761115551 0.162489861249924 0.186352908611298 0.250460684299469 0.237893417477608 0.228643029928207 0.225584134459496 0.367767378687859 0.453490078449249 0.504017114639282 0.591379821300507 0.573394998908043 0.573394998908043 0.696930050849915 0.640101000666618 0.504827886819839 0.704485148191452 0.752377092838287 0.800692856311798 0.780939042568207 0.771633386611938 0.79138720035553 0.679461196064949 0.610746666789055 0.693963289260864 0.5 0.5 0.5 0.404381960630417 0.31602418422699 0.31602418422699 0.31602418422699 0.31602418422699 0.31602418422699 0.306257843971252 0.407404005527496 0.444681942462921 0.509379376657307 0.435394706204534 0.678650408983231 0.814218312501907 0.860525548458099 0.929074227809906 0.987672299146652 0.975399881601334 1 0.598345249891281 0.610894083976746 0.635696917772293 0.41401931643486 0.394615605473518 0.635696917772293 0.72888258099556 0.72259895503521 0.876280695199966 0.755325436592102 0.736806213855743 0.56451316177845 0.472304125316441
0.133098691701889 0.181783005595207 0.215578243136406 0.250460684299469 0.250460684299469 0.293635278940201 0.369757503271103 0.31602418422699 0.508181601762772 0.467384099960327 0.509268822148442 0.591379821300507 0.591379821300507 0.591379821300507 0.693963289260864 0.591379821300507 0.70334267616272 0.679461196064949 0.782044678926468 0.679461196064949 0.679461196064949 0.60136728733778 0.674964994192123 0.5 0.5 0.5 0.416709661483765 0.31602418422699 0.31602418422699 0.31602418422699 0.31602418422699 0.31602418422699 0.306257843971252 0.407404005527496 0.407404005527496 0.333069197833538 0.395039439201355 0.435320992954075 0.518685044720769 0.678650408983231 0.749133929610252 0.796104490756989 0.950689166784286 0.962758898735046 0.975123465061188 1 0.963182717561722 0.518076948821545 0.610820382833481 0.635696917772293 0.280791625380516 0.654603093862534 0.691512495279312 0.750036865472794 0.876280695199966 0.764815360307693 0.736806213855743 0.644486621022224 0.696303531527519
0.123719319701195 0.133098691701889 0.250460684299469 0.23813296854496 0.10488685965538 0.234963521361351 0.416838645935059 0.435449987649918 0.489607125520706 0.526792943477631 0.210418656468391 0.5 0.5 0.5 0.591379821300507 0.5 0.536688286811113 0.591379821300507 0.693963289260864 0.637668609619141 0.5 0.5 0.5 0.404381960630417 0.31602418422699 0.31602418422699 0.31602418422699 0.31602418422699 0.31602418422699 0.31602418422699 0.303659617900848 0.296270370483398 0.264299392700195 0.244508728384972 0.0839352831244469 0.080194590613246 0.395039439201355 0.407404005527496 0.509379376657307 0.605384387075901 0.736806213855743 0.823284447193146 0.845544338226318 0.916433244943619 1 1 0.963127434253693 0.672551035881042 0.60654529184103 0.635696917772293 0.379855513572693 0.62631756067276 0.73194146156311 0.737690716981888 0.876280695199966 0.811509549617767 0.736806213855743 0.715651959180832 0.798407912254333
0.133098691701889 0.151894301176071 0.22088523209095 0.250460684299469 0.213109016418457 0.151341482996941 0.266049981117249 0.163908749818802 0.176181182265282 0.0948993898928165 0.167133487761021 0.0804525688290596 0.5 0.5 0.5 0.509268813766539 0.31602418422699 0.5 0.5 0.407404005527496 0.31602418422699 0.31602418422699 0.31602418422699 0.31602418422699 0.31602418422699 0.31602418422699 0.31602418422699 0.31602418422699 0.306257843971252 0.296270370483398 0.217789486050606 0.217457801103592 0.17291958630085 0.0368541330099106 0.0122724259272218 0.151912733912468 0.323689848184586 0.5 0.509379376657307 0.444903071969748 0.513414904475212 0.789452344179153 0.861207365989685 0.941346645355225 1 1 1 0.876280695199966 0.53816245123744 0.528469815850258 0.513212203979492 0.501418888568878 0.575292989611626 0.727869093418121 0.875875294208527 0.848529517650604 0.764815360307693 0.724257379770279 0.813868224620819
0 0.133098691701889 0.235774308443069 0.297283858060837 0.163724482059479 0.151341482996941 0.176181182265282 0.0558340102434158 0.0628915727138519 0.0285988058894873 0.17623645067215 0.148374736309052 0.215928360819817 0.379063159227371 0.444718807935715 0.5 0.444681942462921 0.31602418422699 0.31602418422699 0.31602418422699 0.31602418422699 0.31602418422699 0.31602418422699 0.31602418422699 0.306257843971252 0.25689172744751 0.189411804080009 0.217457801103592 0.177065670490265 0.198588490486145 0.189411804080009 0.0216518025845289 0 0.120770990848541 0.120770990848541 0 0.105531804263592 0.5 0.416709661483765 0.334709228947759 0.458133697509766 0.61474534869194 0.929000526666641 0.913374364376068 1 0.975344598293304 1 0.950910300016403 0.528469815850258 0.5 0.509305668063462 0.467162981629372 0.571515426039696 0.518390201032162 0.962832629680634 0.876280695199966 0.876280695199966 0.876280695199966 0.8480504155159
0 0.084543377161026 0.233378782868385 0.269072026014328 0.225657850503922 0.188324615359306 0.151341482996941 0.179295346140862 0.131864085793495 0.0409265123307705 0.151341482996941 0.243826925754547 0.332405835390091 0.416838645935059 0.407404005527496 0.306257843971252 0.296270370483398 0.296270370483398 0.277530044317245 0.296270370483398 0.306257843971252 0.297081142663956 0.25689172744751 0.19453452527523 0.152576103806496 0.124603815376759 0.149480357766151 0.118633449077606 0.0463440716266632 0.0123645607382059 0 0 0.151894301176071 0.161789640784264 0.198183089494705 0.254791051149368 0.366440623998642 0.339002728462219 0.5 0.426089050248265 0.494692996144295 0.766160547733307 0.900825530290604 0.987672299146652 1 0.975123465061188 0.987451165914536 0.913319081068039 0.509305668063462 0.518482346087694 0.567995868623257 0.472340986132622 0.460068561136723 0.69584284722805 0.962869465351105 0.987727582454681 0.774121016263962 0.746111884713173 0.8480504155159
0.0246922671794891 0.106268890202045 0.161236822605133 0.31602418422699 0.315231800079346 0.293635278940201 0.200891867280006 0.141851544380188 0.191383510828018 0.191383510828018 0.299458235502243 0.426273316144943 0.426015317440033 0.407404005527496 0.217457801103592 0.217457801103592 0.198588490486145 0.198588490486145 0.11474534124136 0.139566600322723 0.11474534124136 0.131716668605804 0.102196507155895 0.0779833421111107 0.10936463624239 0.0591324530541897 0.0123645607382059 0 0.0123645607382059 0.0217439383268356 0.0122724259272218 0.0122724259272218 0.211192592978477 0.191512495279312 0.342024773359299 0.471917152404785 0.490823328495026 0.416709661483765 0.31602418422699 0.334709228947759 0.494748294353485 0.858222156763077 0.888497829437256 0.975307732820511 1 0.987451165914536 0.987782865762711 0.90119406580925 0.5 0.518482346087694 0.635696917772293 0.459792159497738 0.559243001043797 0.765976279973984 0.987672299146652 0.78368467092514 0.774121016263962 0.755472838878632 0.857614070177078
0 0.0246922671794891 0.0193668454885483 0.180529966950417 0.31602418422699 0.334193259477615 0.312007069587708 0.29953196644783 0.154216110706329 0.213109016418457 0.293635278940201 0.388718962669373 0.271799206733704 0.217457801103592 0.16175277531147 0.056128840893507 0.0716628581285477 0.0686776712536812 0.0714601576328278 0.0714048817753792 0.0962629914283752 0.0217439383268356 0.083990566432476 0.124530106782913 0.0342190600931644 0 0 0.0123645607382059 0.0123645607382059 0.0122724259272218 0 0.108203731477261 0.211192592978477 0.120770990848541 0.181690871715546 0.268814027309418 0.462353497743607 0.343720048666 0.325403560884297 0.36288421228528 0.621342211961746 0.91975012421608 0.95072603225708 1 1 1 0.987672299146652 0.876280695199966 0.5 0.5 0.626317530870438 0.447722405195236 0.583732575178146 0.717973753809929 0.771338522434235 0.888553112745285 0.876280695199966 0.866790741682053 0.8480504155159
0 0 0.0123277073726058 0.106268890202045 0.171132162213326 0.237266898155212 0.315231800079346 0.360599249601364 0.360599249601364 0.342503875494003 0.315250247716904 0.321183741092682 0.161236822605133 0.127441585063934 0.0217439383268356 0 0 0 0.00937937665730715 0.00937937665730715 0.00937937665730715 0.0343111976981163 0.0217439383268356 0.00937937665730715 0 0 0 0 0 0 0 0.0247475486248732 0.0569027774035931 0.274563282728195 0.348160982131958 0.403921276330948 0.306847482919693 0.314421027898788 0.294243391603231 0.448054105043411 0.64898282289505 0.916672825813293 0.975344598293304 1 1 1 0.97545513510704 0.876280695199966 0.587657548487186 0.548149921000004 0.616975009441376 0.574408501386642 0.621397495269775 0.730319887399673 0.90110194683075 0.888553112745285 0.876280695199966 0.866790741682053 0.838744759559631
0 0 0 0.0123645607382059 0.118541315197945 0.139677152037621 0.171132162213326 0.227703243494034 0.237266898155212 0.237266898155212 0.161236822605133 0.139566600322723 0.0467863194644451 0.0467863194644451 0 0 0 0 0 0 0 0 0 0 0 0 0 0 0 0 0.0122724259272218 0 0 0 0.125193491578102 0.250460684299469 0.306847482919693 0.31602418422699 0.269569549709558 0.59970885515213 0.670966327190399 0.929018944501877 0.987451165914536 1 1 0.97545513510704 0.963182717561722 0.888847947120667 0.626317530870438 0.548149921000004 0.672293066978455 0.609235659241676 0.571828693151474 0.753630131483078 0.876280695199966 0.876280695199966 0.876280695199966 0.857614070177078 0.829402238130569
0 0 0 0 0.0123645607382059 0.0343111976981163 0.106324166059494 0.103191569447517 0.118541315197945 0.069046214222908 0.04429866746068 0.00937937665730715 0.0714601576328278 0.0343111976981163 0 0 0 0 0 0 0 0 0 0 0 0 0 0 0 0 0 0.0369646921753883 0.0708336383104324 0 0.150512278079987 0.241007596254349 0.31602418422699 0.31602418422699 0.36288421228528 0.552830398082733 0.661199986934662 0.913374364376068 0.975105047225952 1 1 0.950431197881699 0.963182717561722 0.97545513510704 0.626317530870438 0.5 0.548149921000004 0.609235659241676 0.47545513510704 0.550250604748726 0.901120364665985 0.876280695199966 0.876280695199966 0.857614070177078 0.781344443559647
0 0 0 0 0.00937937665730715 0.00937937665730715 0.0343111976981163 0.0684565454721451 0.0902741923928261 0.149480357766151 0.16175277531147 0.0875285640358925 0.0217439383268356 0.0249133929610252 0 0 0 0 0 0.0245817061513662 0.0123645607382059 0 0 0 0 0 0 0.0900714993476868 0.0684565454721451 0.0248396843671799 0.0716628581285477 0.083603598177433 0.11474534124136 0.151894301176071 0.201499968767166 0.239533424377441 0.265828847885132 0.325403560884297 0.353615399450064 0.552830398082733 0.56853024661541 0.897932499647141 0.975399881601334 1 1 1 0.975399881601334 0.97545513510704 0.558082111179829 0.5 0.5 0.260356016457081 0.571460165083408 0.571239039301872 0.703987628221512 0.876280695199966 0.876280695199966 0.8480504155159 0.54686002805829
0 0 0 0 0 0 0 0 0 0 0 0 0 0 0 0 0 0.0123645607382059 0.0123645607382059 0.0804341435432434 0.0123645607382059 0.0249133929610252 0.0123645607382059 0.0123645607382059 0.0123645607382059 0 0 0.0123645607382059 0.123719319701195 0.0123645607382059 0.0123645607382059 0 0.0711284726858139 0.0216518025845289 0.0584690794348717 0.191512495279312 0.230872705578804 0.31602418422699 0.597129076719284 0.673638254404068 0.728256046772003 0.811177849769592 1 1 1 1 0.987451165914536 0.938011348247528 0.509176678955555 0.5 0.5 0.210105396807194 0.596005000174046 0.608277440071106 0.750036865472794 0.876280695199966 0.876280695199966 0.848308384418488 0.528193410485983
0 0 0 0 0 0 0 0 0 0 0 0 0 0.0123645607382059 0.0249133929610252 0.0620807856321335 0.0123645607382059 0.0246922671794891 0 0.0223520305007696 0 0.0122724259272218 0 0.0317314080893993 0.0963367000222206 0.0992297455668449 0.10860912501812 0.10860912501812 0.0340163633227348 0.0217439383268356 0.0958760231733322 0.089924082159996 0.169086754322052 0.200670748949051 0.239109605550766 0.248802244663239 0.297283858060837 0.466204762458801 0.587620705366135 0.838818460702896 0.876280695199966 0.885586351156235 1 1 1 1 0.975123465061188 0.638682097196579 0.5 0.5 0.27810126543045 0.471843436360359 0.586902037262917 0.596005000174046 0.971788167953491 0.900917679071426 0.876280695199966 0.745982900261879 0.586220242083073
0 0 0 0 0 0 0 0 0 0 0 0 0 0.0246369875967503 0 0 0.0372595265507698 0.0372042469680309 0.0622281990945339 0 0 0 0.00937937665730715 0.158472761511803 0.161181539297104 0.0934805050492287 0.0837141573429108 0.080876387655735 0.0711284726858139 0.102196507155895 0.156537920236588 0.139566600322723 0.161789640784264 0.239109605550766 0.297283858060837 0.278377681970596 0.475897401571274 0.587620705366135 0.838744759559631 0.857614070177078 0.845396906137466 0.913190096616745 0.888755798339844 0.987672299146652 0.975123465061188 1 0.888589978218079 0.5 0.53816245123744 0.518482346087694 0.00917667895555496 0.504238232970238 0.571515426039696 0.571404874324799 0.966112613677979 0.876280695199966 0.876280695199966 0.745982900261879 0.677600055932999
0 0 0 0 0 0 0 0 0 0 0 0 0.0123645607382059 0.0368172787129879 0.0585612133145332 0.0585980676114559 0.120770990848541 0.120531439781189 0.108480133116245 0.133098691701889 0.24261075258255 0 0.0216518025845289 0.258052617311478 0.351201444864273 0.136433988809586 0.139566600322723 0.149461925029755 0.188343033194542 0.168073266744614 0.215891495347023 0.22923269867897 0.297283858060837 0.31602418422699 0.481591373682022 0.503593266010284 0.597129076719284 0.811325281858444 0.857614070177078 0.876280695199966 0.894873589277267 0.913190096616745 0.876280695199966 0.963127434253693 0.975123465061188 1 0.963182717561722 0.5 0.53816245123744 0.567701041698456 0.130316209048033 0.491670981049538 0.571460165083408 0.533850535750389 0.938379883766174 0.888645231723785 0.839260697364807 0.745982900261879 0.736806213855743
0 0 0 0 0 0 0 0 0 0 0 0 0.0586164966225624 0.162839978933334 0.19162306189537 0.19162306189537 0.220535129308701 0.237911850214005 0.250460684299469 0.250460684299469 0.269108861684799 0.379100024700165 0.360488682985306 0.360488682985306 0.471917152404785 0.385752201080322 0.360488682985306 0.229840785264969 0.258015781641006 0.3982273042202 0.297283858060837 0.343701615929604 0.31602418422699 0.462961584329605 0.659873217344284 0.708096861839294 0.692360132932663 0.746148750185966 0.796012371778488 0.876280695199966 0.876280695199966 0.876280695199966 0.987672299146652 0.975399881601334 1 1 0.97545513510704 0.626317530870438 0.558082111179829 0.547928798943758 0.24902337230742 0.513285934925079 0.534606017172337 0.521578088402748 0.950855016708374 0.913466513156891 0.876280695199966 0.764815360307693 0.736806213855743
0 0 0 0 0 0 0 0 0 0 0 0.0339795090258121 0.201702654361725 0.29665732383728 0.397748202085495 0.360488682985306 0.343609482049942 0.31602418422699 0.306847482919693 0.278377681970596 0.306847482919693 0.31602418422699 0.416709661483765 0.5 0.3982273042202 0.306847482919693 0.369757503271103 0.462998449802399 0.362165540456772 0.40753298997879 0.472414672374725 0.490823328495026 0.5 0.380629469640553 0.334709228947759 0.672919571399689 0.830342024564743 0.876280695199966 0.786338180303574 0.876280695199966 0.876280695199966 0.88862681388855 0.88862681388855 0.987672299146652 0.987672299146652 0.97545513510704 0.963182717561722 0.79147931933403 0.730817422270775 0.607356086373329 0.408730737864971 0.63897693157196 0.578204460442066 0.546694196760654 0.916470110416412 0.950560182332993 0.82984447479248 0.764815360307693 0.687476962804794
0 0 0 0 0.0246922671794891 0.0246922671794891 0 0 0 0 0 0.16125525534153 0.360488682985306 0.379100024700165 0.38862681388855 0.40753298997879 0.444497674703598 0.416709661483765 0.31602418422699 0.5 0.416709661483765 0.31602418422699 0.31602418422699 0.481591373682022 0.352878302335739 0.416838645935059 0.471917152404785 0.5 0.5 0.564347311854362 0.416525393724442 0.472414672374725 0.5 0.398798544891179 0.334709228947759 0.448828041553497 0.802553981542587 0.876280695199966 0.857761472463608 0.870033919811249 0.870255023241043 0.857927322387695 0.848861217498779 1 1 0.913798183202744 0.81602418422699 0.888608396053314 0.876280695199966 0.543100923299789 0.500773929059505 0.866938173770905 0.719558477401733 0.571589142084122 0.903921276330948 0.938287764787674 0.888645231723785 0.830047160387039 0.736806213855743
0.0219282079488039 0.0591324530541897 0.0340163633227348 0.0713864490389824 0.0745559111237526 0.0745559111237526 0.0622281990945339 0.0306810643523932 0 0 0.114726908504963 0.27684822678566 0.278248697519302 0.287517517805099 0.370162904262543 0.40753298997879 0.435486853122711 0.481591373682022 0.407404005527496 0.31602418422699 0.31602418422699 0.407404005527496 0.407404005527496 0.481591373682022 0.5 0.5 0.5 0.5 0.5 0.5 0.378786772489548 0.5 0.398798544891179 0.426770851016045 0.636102318763733 0.664074599742889 0.916525393724442 0.88862681388855 0.876280695199966 0.90110194683075 0.832995504140854 0.882527470588684 0.797265410423279 0.932188391685486 0.963182717561722 0.861483752727509 0.852657169103622 0.888608396053314 0.876280695199966 0.590218901634216 0.455295938998461 0.804838955402374 0.787591218948364 0.59613398462534 0.86006486415863 1 0.888645231723785 0.876280695199966 0.755325436592102
0.0193668454885483 0.133006557822227 0.125488311052322 0.184620767831802 0.116827599704266 0.112626224756241 0.0389548167586327 0.00937937665730715 0 0.0122724259272218 0.00937937665730715 0.144836738705635 0.269108861684799 0.360894083976746 0.287517517805099 0.416838645935059 0.343167245388031 0.269108861684799 0.370162904262543 0.5 0.343738490715623 0.564347311854362 0.5 0.5 0.564347311854362 0.536854133009911 0.5 0.5 0.5 0.5 0.42608904838562 0.490768045186996 0.426089038141072 0.334709228947759 0.645407974720001 0.664240449666977 0.707820445299149 0.95046803355217 0.876280695199966 0.876280695199966 0.876280695199966 0.913540214300156 0.876280695199966 0.818622380495071 0.932188391685486 1 0.916801810264587 0.926033765077591 0.962906330823898 0.675757348537445 0.52863566018641 0.675702065229416 0.682483226060867 0.611502178013325 0.680419385433197 0.990657478570938 0.97545513510704 0.950486481189728 0.867269843816757
0.143896952271461 0.143896952271461 0.382490605115891 0.444423973560333 0.395057857036591 0.360488682985306 0.162600427865982 0.0582110993564129 0.0122724259272218 0 0 0.0216518025845289 0.225418299436569 0.360894083976746 0.370162904262543 0.379321157932281 0.370162904262543 0.38862681388855 0.5 0.297081142663956 0.21646274626255 0.591379821300507 0.591379821300507 0.5 0.564347311854362 0.5 0.555262770503759 0.591379821300507 0.5 0.5 0.5 0.287757058627903 0.509379376657307 0.389935137704015 0.580563127994537 0.488999053835869 0.562799453735352 0.682685926556587 0.786467164754868 0.798758029937744 0.774471133947372 0.833235055208206 0.876280695199966 0.963182717561722 0.88952973484993 0.963256418704987 1 0.990768045186996 0.987672299146652 0.857687771320343 0.538623128086329 0.557805705815554 0.583050787448883 0.561730660498142 0.559316724538803 0.739293873310089 0.938379883766174 1 0.876280695199966
