data-raw/DATASET_PNE_1/DATASET_PNE/a_DATA/PFGS/ENVSUIT_A1B/HS_f60_P1_ubacPion.asc
NCOLS 619 
NROWS 782 
XLLCORNER 876826 
YLLCORNER 1947424 
CELLSIZE 100 
NODATA_value -9999 
[rows 196 to 223 of 782, columns 64 to 127 of 619]
0.642914602650409 0.856598501206656 1 1 1 1 0.981286252593251 1 1 1 1 0.98192133451882 0.794148778525763 1 1 1 0.642914602650409 0.80265887632838 0.910114738134553 1 1 0.926118802658876 0.926118802658876 1 1 1 0.660781574156399 0.541555527329692 0.527626063762225 0.624285532833736 0.624285532833736 0.541555527329692 0.567382192302807 0.624285532833736 0.545704729243406 0.5719547821669 0.982260044879123 1 1 1 1 1 1 1 1 1 1 1 1 1 1 1 0.820398831449257 0.80265887632838 0.838604513315551 0.928024048435582 0.964054363012829 0.901773995512088 0.928024048435582 0.838604513315551 0.660485202591134 0.642914602650409 0.642914602650409 0.642914602650409
0.820864558194674 1 1 1 1 1 1 1 1 1 1 1 1 1 1 1 0.873872729582116 1 1 1 1 0.871163046699691 0.90816715356281 1 1 1 0.360514839747661 0.386510859900927 0.508023201659681 0.547482958634997 0.597781447140014 0.624285532833736 0.624285532833736 0.624285532833736 0.624285532833736 0.624285532833736 1 1 1 1 1 1 1 1 1 1 0.98192133451882 1 1 1 1 1 0.838604513315551 0.714255472289259 0.98192133451882 0.98192133451882 0.964054363012829 0.98192133451882 0.856598501206656 0.838604513315551 0.784834243617427 0.678436851687201 0.642914602650409 0.642914602650409
0.767221304881663 0.9461450527118 0.98192133451882 1 1 1 1 1 1 1 1 1 1 1 1 1 1 1 1 0.981286252593251 0.889622761336212 0.926118802658876 0.90816715356281 1 1 1 0.597781447140014 0.413014945594648 0.425631906515941 0.360684194927812 0.547482958634997 0.605741140607138 0.605741140607138 0.567382192302807 0.624285532833736 1 1 1 1 1 1 1 1 1 1 1 0.678733223252466 0.964012024217791 1 1 1 1 0.98192133451882 0.838604513315551 0.964012024217791 1 1 1 0.856598501206656 0.856598501206656 0.820864558194674 0.784834243617427 0.660866251746475 0.642914602650409
0.642914602650409 0.660866251746475 1 1 1 1 1 1 1 1 0.945298276811042 0.963376942292222 1 1 1 1 1 0.98192133451882 1 0.944917227655701 0.907574410432279 0.926118802658876 1 1 1 1 1 0.567382192302807 0.567382192302807 0.547482958634997 0.547482958634997 0.567382192302807 0.559972903171176 0.567382192302807 0.585757229349253 1 1 1 1 1 1 1 1 1 1 0.642914602650409 0.678733223252466 0.856598501206656 1 1 1 1 1 1 1 1 1 0.98192133451882 0.820398831449257 0.874338456327533 0.784834243617427 0.714043778314069 0.642914602650409 0.642914602650409
0.642914602650409 0.642914602650409 0.642914602650409 0.732037766205174 0.982090689698971 -9999 1 1 1 1 0.98192133451882 -9999 1 1 1 1 0.94593335873661 0.964012024217791 0.963376942292222 1 1 0.926118802658876 1 1 1 1 1 0.838138786570134 0.567382192302807 0.624285532833736 0.587366103560693 0.598458867860621 0.597781447140014 0.5719547821669 0.545704729243406 1 1 1 1 1 1 1 1 1 1 0.642914602650409 0.678733223252466 0.910114738134553 1 1 1 1 1 1 1 1 1 0.928024048435582 0.874338456327533 0.874338456327533 0.678436851687201 0.678436851687201 0.642914602650409 0.642914602650409
0.642914602650409 0.642914602650409 0.642914602650409 0.642914602650409 0.695075998137093 0.928405097590923 1 1 1 1 0.928151064820695 -9999 -9999 -9999 -9999 0.801685084042508 0.94593335873661 0.8922901054236 0.781193107244168 1 1 1 1 1 1 1 1 1 0.547482958634997 0.567382192302807 0.547482958634997 0.541555527329692 0.5719547821669 0.624285532833736 0.982260044879123 1 1 1 1 1 1 1 1 1 1 1 1 1 1 1 1 1 1 1 1 1 1 1 0.731783733434946 0.642914602650409 0.642914602650409 0.642914602650409 0.642914602650409 0.642914602650409
0.767094288496549 0.642914602650409 0.642914602650409 0.660866251746475 0.676743299885685 1 1 1 -9999 1 0.928151064820695 0.709640543630128 0.910284093314704 0.784791904822389 0.71383208433888 0.909987721749439 0.98192133451882 0.874084423557306 0.763326135738177 0.944917227655701 1 1 1 1 1 1 1 1 0.642914602650409 0.527626063762225 0.527626063762225 0.547482958634997 0.567382192302807 0.541555527329692 0.624285532833736 1 1 1 1 1 1 1 1 1 1 1 1 1 1 1 1 1 1 1 1 1 1 0.767348321266777 0.820779880604598 0.696092129218002 0.642914602650409 0.642914602650409 0.642914602650409 0.642914602650409
0.660485202591134 0.642914602650409 0.642914602650409 0.642914602650409 0.623523434523053 1 -9999 -9999 -9999 0.982260044879123 0.838519835725475 0.802701215123418 0.802785892713493 0.785045937592616 0.820864558194674 0.98192133451882 1 1 0.781912866759812 0.853253736398662 1 1 1 1 1 1 1 1 0.624285532833736 0.527626063762225 0.431728693001397 0.451458571489055 0.547482958634997 0.541555527329692 0.624285532833736 1 1 1 1 1 1 1 1 1 1 1 1 1 1 1 1 1 1 1 1 1 1 0.731868411025022 0.696092129218002 0.642914602650409 0.642914602650409 0.642914602650409 0.642914602650409 0.642914602650409
0.642914602650409 0.616706888521953 0.642914602650409 0.56954147084974 0.642914602650409 -9999 -9999 -9999 -9999 -9999 0.642914602650409 0.642914602650409 0.642914602650409 0.696642533553495 0.963885007832677 0.98192133451882 1 1 0.94593335873661 0.817011727846226 1 1 1 1 1 1 1 1 0.624285532833736 0.413014945594648 0.527626063762225 0.399127820822219 0.443752910792159 0.579914475634023 0.624285532833736 1 1 1 1 1 1 1 1 1 1 1 1 1 1 1 1 1 1 1 1 1 1 0.731868411025022 0.696092129218002 0.696092129218002 0.678436851687201 0.642914602650409 0.642914602650409 0.642914602650409
0.642914602650409 0.616706888521953 0.642914602650409 0.642914602650409 0.642914602650409 0.767221304881663 0.660866251746475 0.820822219399636 -9999 0.624962953554342 0.56954147084974 0.642914602650409 0.56954147084974 0.642914602650409 0.9461450527118 1 1 1 1 0.798933062365045 0.944917227655701 0.981286252593251 1 1 1 1 1 1 0.624285532833736 0.413014945594648 0.471273127566789 0.547482958634997 0.605741140607138 0.624285532833736 0.443752910792159 0.892628815783903 1 1 1 1 1 1 1 1 1 1 1 1 1 1 1 1 1 1 1 1 0.96422371819298 0.85651382361658 0.696092129218002 0.696092129218002 0.696092129218002 0.642914602650409 0.642914602650409 0.642914602650409
0.642914602650409 0.642914602650409 0.642914602650409 0.588001185486261 0.642914602650409 0.642914602650409 0.642914602650409 0.642914602650409 0.642914602650409 0.642914602650409 0.56954147084974 0.60671493289301 0.60671493289301 0.550743045852915 0.642914602650409 0.982260044879123 1 1 1 0.763453152123291 0.798933062365045 0.944917227655701 1 1 1 1 1 0.928193403615733 0.85710656674711 0.234302891739701 0.405902028028282 0.567382192302807 0.579956814429061 0.624285532833736 1 1 1 1 1 1 1 1 1 1 1 1 1 1 1 1 1 1 1 1 1 1 1 0.82073754180956 0.838604513315551 0.696092129218002 0.678436851687201 0.642914602650409 0.642914602650409 0.642914602650409
0.642914602650409 0.642914602650409 0.642914602650409 0.642914602650409 0.642914602650409 0.642914602650409 0.642914602650409 0.642914602650409 0.642914602650409 0.642914602650409 0.642914602650409 0.642914602650409 0.642914602650409 0.532495025191583 0.642914602650409 0.874550150302722 1 1 0.98192133451882 0.727338159955968 0.798933062365045 0.871163046699691 0.926118802658876 1 1 1 1 1 0.731741394639909 0.413014945594648 0.413014945594648 0.34667005377027 0.360684194927812 0.547482958634997 1 1 1 1 1 1 1 1 1 1 1 1 1 1 1 0.98192133451882 1 1 1 1 1 1 1 0.8922901054236 1 0.82073754180956 0.838604513315551 0.803039925483721 0.642914602650409 0.642914602650409
0.642914602650409 0.642914602650409 0.642914602650409 0.642914602650409 0.642914602650409 0.642914602650409 0.642914602650409 0.642914602650409 0.642914602650409 0.642914602650409 0.642914602650409 0.642914602650409 0.550743045852915 0.642914602650409 0.660866251746475 0.71383208433888 1 1 1 0.763707184893518 0.853253736398662 0.889622761336212 0.871163046699691 1 1 1 1 1 0.624285532833736 0.315635717007494 0.333883737668826 0.333883737668826 0.34667005377027 0.567382192302807 1 1 1 1 1 1 1 1 1 1 1 1 1 1 1 1 1 1 1 1 1 1 1 1 1 0.98192133451882 0.94593335873661 0.856598501206656 0.820864558194674 0.714043778314069
0.642914602650409 0.624962953554342 0.642914602650409 0.642914602650409 0.642914602650409 0.642914602650409 0.642914602650409 0.642914602650409 0.642914602650409 0.642914602650409 0.642914602650409 0.642914602650409 0.642914602650409 0.642914602650409 0.71383208433888 0.838604513315551 0.98192133451882 0.98192133451882 1 0.963038231931919 0.835175070917482 0.889622761336212 0.871163046699691 1 1 0.982048350903933 1 0.98192133451882 0.587366103560693 0.353486599771371 0.413014945594648 0.527626063762225 0.260806977433422 0.642914602650409 1 1 1 1 1 1 1 1 1 1 1 1 1 1 1 1 1 1 1 1 1 1 1 1 0.98192133451882 0.98192133451882 0.874338456327533 0.838604513315551 0.80265887632838 0.714255472289259
0.678140480121936 0.624962953554342 0.624962953554342 0.642914602650409 0.642914602650409 0.642914602650409 0.642914602650409 0.642914602650409 0.642914602650409 0.532495025191583 0.642914602650409 0.642914602650409 0.642914602650409 0.767221304881663 0.892247766628562 0.909987721749439 0.98192133451882 1 0.963376942292222 0.944917227655701 0.982133028494009 0.981286252593251 0.90816715356281 1 1 0.926415174224142 1 0.624285532833736 0.353486599771371 0.333883737668826 0.413014945594648 0.315635717007494 0.103645370252763 0.642914602650409 1 1 1 1 1 1 1 1 1 1 1 1 1 1 1 1 1 1 1 1 1 1 1 1 0.98192133451882 0.964054363012829 0.820398831449257 0.80265887632838 0.660866251746475 0.678436851687201
0.642914602650409 0.642914602650409 0.642914602650409 0.56954147084974 0.642914602650409 0.642914602650409 0.642914602650409 0.550743045852915 0.513400228629493 0.513400228629493 0.56954147084974 0.642914602650409 0.749015623015369 0.784791904822389 0.98192133451882 0.927897032050468 1 1 0.835640797662898 1 1 0.926118802658876 1 0.90816715356281 1 0.926415174224142 1 0.69613446801304 0.297176002370973 0.260806977433422 0.0778610440746856 0.527626063762225 0.642914602650409 1 1 1 1 1 1 1 1 1 1 1 1 1 1 1 1 1 1 1 1 1 1 1 1 1 1 0.928024048435582 0.856598501206656 0.784834243617427 0.784834243617427 0.678436851687201
0.83822346416021 0.624962953554342 0.624962953554342 0.495829628688768 0.642914602650409 0.642914602650409 0.642914602650409 0.53135187772556 0.568313645793641 0.586265294889707 0.655446885981625 0.655446885981625 0.694694948981752 0.820864558194674 0.909987721749439 0.98192133451882 1 1 0.981286252593251 1 1 0.926118802658876 1 1 1 0.871078369109615 1 0.624285532833736 0.129895423176256 0.0778610440746856 0.0778610440746856 0.749142639400483 0.642914602650409 0.98192133451882 0.973749947076506 1 1 1 1 1 1 1 1 1 1 1 1 1 1 1 1 1 1 1 1 1 1 1 1 0.98192133451882 0.874338456327533 0.784834243617427 0.714255472289259 0.660866251746475
1 0.696642533553495 0.56954147084974 0.477454591642322 0.642914602650409 0.642914602650409 0.642914602650409 0.655446885981625 0.673652567847919 -9999 -9999 0.747618442779119 0.7294974385029 0.856344468436428 0.856344468436428 0.891993733858334 1 1 1 1 0.926118802658876 1 1 1 0.94512892163089 0.834285956221686 0.98192133451882 0.260806977433422 0.129895423176256 0.0778610440746856 0.315635717007494 0.642914602650409 0.946060375121724 1 1 1 1 1 1 1 1 1 1 1 1 1 1 1 1 1 1 1 1 1 1 1 1 1 1 0.98192133451882 0.856598501206656 0.80265887632838 0.678436851687201 0.642914602650409
1 0.874296117532495 0.550743045852915 0.495829628688768 0.642914602650409 0.642914602650409 0.495829628688768 0.620263347305136 0.749608366145899 -9999 -9999 1 1 1 1 1 1 1 1 0.889622761336212 0.889622761336212 1 1 1 0.889707438926288 0.835852491638088 0.928193403615733 0.129895423176256 0.0778610440746856 0.0778610440746856 0.585757229349253 1 1 1 1 1 1 1 1 1 1 1 1 1 1 1 1 1 1 1 1 1 0.94593335873661 0.98192133451882 0.82073754180956 0.928024048435582 1 0.98192133451882 0.94593335873661 0.856598501206656 0.714043778314069 0.642914602650409 0.642914602650409 0.642914602650409
1 0.642914602650409 0.550743045852915 0.532495025191583 0.642914602650409 0.642914602650409 0.513400228629493 0.53135187772556 0.909987721749439 0.98192133451882 1 1 1 1 1 1 1 1 0.889622761336212 0.871163046699691 1 1 1 0.982048350903933 0.94512892163089 1 0.0778610440746856 0.0517803463313434 0.0778610440746856 0.025784326178077 0.547482958634997 1 1 1 1 1 1 1 1 1 1 1 1 1 1 1 1 1 1 1 1 1 0.838138786570134 0.874338456327533 0.660485202591134 0.678436851687201 0.94593335873661 0.874338456327533 0.714043778314069 0.642914602650409 0.642914602650409 0.642914602650409 0.642914602650409 0.642914602650409
-9999 0.624666581989077 0.532495025191583 0.56954147084974 0.642914602650409 0.642914602650409 0.513400228629493 0.655446885981625 0.784791904822389 0.98192133451882 1 1 1 1 1 1 1 1 0.944917227655701 1 1 1 1 0.982048350903933 1 1 0.181972141072865 0.0517803463313434 0.0778610440746856 0.0778610440746856 0.624285532833736 1 1 1 1 1 1 1 1 1 1 1 1 1 1 1 1 1 0.98192133451882 1 1 1 0.982260044879123 0.820398831449257 0.80265887632838 0.80265887632838 0.80265887632838 0.80265887632838 0.80265887632838 0.80265887632838 0.678436851687201 0.642914602650409 0.642914602650409 0.642914602650409
0.568313645793641 0.550743045852915 0.56954147084974 0.642914602650409 0.642914602650409 0.642914602650409 0.56954147084974 0.65493882044117 0.78356407976629 1 1 1 1 1 1 1 1 1 1 1 1 1 1 0.982048350903933 1 1 0.234599263304966 0 0.025784326178077 0.0778610440746856 0.749311994580634 1 1 1 1 1 1 1 1 1 1 1 1 1 1 1 0.98192133451882 0.98192133451882 0.820398831449257 0.98192133451882 0.856598501206656 0.94593335873661 1 0.820398831449257 0.678436851687201 0.80265887632838 0.80265887632838 0.767263643676701 0.80265887632838 0.678436851687201 0.660866251746475 0.642914602650409 0.642914602650409 0.642914602650409
0.642914602650409 0.60671493289301 0.56954147084974 0.642914602650409 0.642914602650409 0.642914602650409 0.642914602650409 0.65493882044117 0.946229730301876 1 0.98192133451882 0.98192133451882 1 1 1 1 0.963038231931919 1 1 1 1 1 1 1 1 0.749311994580634 0.025784326178077 0.025784326178077 0.025784326178077 0.413014945594648 0.856132774461239 1 1 1 1 1 1 1 1 1 1 1 1 1 1 1 0.98192133451882 0.98192133451882 0.820398831449257 0.928024048435582 0.856598501206656 0.696092129218002 0.94593335873661 0.80265887632838 0.642914602650409 0.73191074982006 0.80265887632838 0.642914602650409 0.678436851687201 0.642914602650409 0.642914602650409 0.642914602650409 0.642914602650409 0.642914602650409
0.60671493289301 0.642914602650409 0.642914602650409 0.642914602650409 0.642914602650409 0.642914602650409 0.56954147084974 0.65493882044117 0.873661035606927 1 1 1 1 0.80265887632838 1 1 1 0.852915026038359 1 1 1 1 1 1 1 0.624285532833736 0.025784326178077 0.025784326178077 0.0517803463313434 0.642914602650409 0.928151064820695 1 1 1 1 1 1 1 1 1 1 1 1 1 1 1 1 0.98192133451882 0.928024048435582 0.94593335873661 0.820398831449257 0.80265887632838 0.94593335873661 0.80265887632838 0.642914602650409 0.660866251746475 0.749523688555824 0.767094288496549 0.616791566112028 0.642914602650409 0.642914602650409 0.642914602650409 0.249968245903722 0.642914602650409
0.642914602650409 0.642914602650409 0.642914602650409 0.642914602650409 0.56954147084974 0.550743045852915 0.53194462085609 0.655446885981625 0.764088234048859 1 1 1 1 1 1 1 1 0.852915026038359 1 1 1 0.889707438926288 1 1 1 0.0778610440746856 0.0517803463313434 0.0517803463313434 0.0778610440746856 0.642914602650409 0.973749947076506 1 1 1 1 1 1 1 1 1 1 1 1 1 1 1 1 0.98192133451882 0.928024048435582 0.856598501206656 0.80265887632838 0.80265887632838 0.94593335873661 0.82154197891528 0.749227316990559 0.642914602650409 0.660866251746475 0.678436851687201 0.660866251746475 0.434184343113595 0.642914602650409 0.642914602650409 0.518819594394344 0.551335788983446
0.642914602650409 0.642914602650409 0.642914602650409 0.642914602650409 0.642914602650409 0.642914602650409 0.679071933612769 -9999 -9999 1 1 1 1 1 1 1 1 0.889622761336212 1 1 1 0.852533976883018 1 1 1 0.025784326178077 0.0778610440746856 0.025784326178077 0.624285532833736 0.707819975443499 1 1 1 1 1 1 1 1 1 1 1 1 1 1 1 0.98192133451882 0.856598501206656 0.820398831449257 0.820398831449257 0.80265887632838 0.80265887632838 0.80265887632838 0.731868411025022 0.856767856386807 0.731614378254795 0.642914602650409 0.642914602650409 0.642914602650409 0.642914602650409 0.642914602650409 0.591134256319065 0.642914602650409 0.616918582497142 0.0181210042762183
0.642914602650409 0.642914602650409 0.642914602650409 0.642914602650409 0.642914602650409 0.642914602650409 0.642914602650409 0.658918667174732 0.781193107244168 0.871163046699691 1 1 1 1 1 1 1 1 1 1 0.94512892163089 0.834285956221686 1 1 0.714001439519031 0.0778610440746856 0.0517803463313434 0.274270714255472 0.713789745543842 0.98192133451882 1 1 1 1 1 1 1 1 1 1 1 1 1 1 0.94593335873661 0.856598501206656 0.820398831449257 0.784834243617427 0.820398831449257 0.80265887632838 0.642914602650409 0.660866251746475 0.642914602650409 0.749227316990559 0.660485202591134 0.642914602650409 0.642914602650409 0.642914602650409 0.642914602650409 0.642914602650409 0.642914602650409 0.616918582497142 0.590414496803421 0
0.642914602650409 0.642914602650409 0.642914602650409 0.642914602650409 0.642914602650409 0.642914602650409 0.642914602650409 0.802701215123418 1 0.852915026038359 0.889622761336212 1 1 1 1 1 1 1 1 1 0.889707438926288 0.889707438926288 1 1 0.605741140607138 0.156399508869978 0.208095177611245 0.624285532833736 0.786358440238791 1 1 1 1 1 1 1 1 1 1 1 1 1 1 1 0.98192133451882 0.928024048435582 0.874338456327533 0.820398831449257 0.856598501206656 0.80265887632838 0.642914602650409 0.642914602650409 0.642914602650409 0.749227316990559 0.660485202591134 0.642914602650409 0.642914602650409 0.642914602650409 0.642914602650409 0.642914602650409 0.642914602650409 0.642914602650409 0.642914602650409 0.571319700241331
