data-raw/DATASET_PNE_1/DATASET_PNE/a_DATA/PFGS/ENVSUIT_A1B/HS_f30_H8_notgraz.asc
NCOLS 619 
NROWS 782 
XLLCORNER 876826 
YLLCORNER 1947424 
CELLSIZE 100 
NODATA_value -9999 
[rows 580 to 608 of 782, columns 384 to 447 of 619]
0 0 0.0188092771180362 0.0188092771180362 0.0982705029090619 0.157966047660795 0.276905501979225 0.468930155946973 0.796790733508674 0.789697404426025 0.788023697563827 0.788023697563827 0.788023697563827 0.788023697563827 0.788023697563827 0.789697404426025 0.729443957386892 0.692914640950028 0.578624372359927 0.318084004144417 0.199197683377169 0.115618607369624 0.115618607369624 0.115618607369624 0.0807098642437767 0.0188092771180362 0 0 0 0 0 0 0 0 0 0 0 0 0 0 0 0 0 0 0 0 0 0 0 0 0 0 0 0 0 0 0.0188092771180362 0.038309290401424 0.0578093036848118 0.0770170824367047 0.0963576950665498 0.175526686326081 0.413750963045615 0.629048112430594
0 0 0.0188092771180362 0.0770170824367047 0.181291676629208 0.115618607369624 0.294519274195691 0.673095826359555 0.749926941367126 0.788023697563827 0.788023697563827 0.788023697563827 0.788023697563827 0.788023697563827 0.788023697563827 0.789697404426025 0.731223931351452 0.59132329109216 0.237560107329773 0.200685422810234 0.160144523259212 0.204298504290534 0.119417656279057 0.0807098642437767 0.0188092771180362 0 0 0 0 0 0 0 0 0 0 0 0 0 0 0 0 0 0 0 0 0 0 0 0 0 0 0 0 0 0 0 0.0188092771180362 0.0188092771180362 0.0188092771180362 0.038309290401424 0.0770170824367047 0.0963576950665498 0.175526686326081 0.570202704497755
0 0 0.0188092771180362 0.0770170824367047 0.115618607369624 0.257618022900561 0.569379134454451 0.729443957386892 0.788023697563827 0.788023697563827 0.788023697563827 0.788023697563827 0.788023697563827 0.788023697563827 0.788023697563827 0.728195318934141 0.7132913578279 0.395473021439388 0.20044632182992 0.181291676629208 0.12135703089716 0.0188092771180362 0.0188092771180362 0 0 0 0 0 0 0 0 0 0 0 0 0 0 0 0 0 0 0 0 0 0 0 0 0 0 0 0 0 0 0 0 0 0.0188092771180362 0.0188092771180362 0.0188092771180362 0.038309290401424 0.0770170824367047 0.0963576950665498 0.175526686326081 0.470444462155628
0 0.0188092771180362 0.0982705029090619 0.0963576950665498 0.134852952897107 0.593979968651205 0.709253207938153 0.788023697563827 0.788023697563827 0.788023697563827 0.788023697563827 0.788023697563827 0.788023697563827 0.788023697563827 0.788023697563827 0.708456204670439 0.490130442868149 0.221699742302277 0.202305996121251 0.100209877527165 0.0188092771180362 0.0188092771180362 0 0 0 0 0 0 0 0 0 0 0 0 0 0 0 0 0.0188092771180362 0.038309290401424 0.0770170824367047 0.0981642358067001 0.0595627108737813 0.0188092771180362 0.0188092771180362 0.0188092771180362 0 0 0 0 0 0 0 0 0 0 0.0188092771180362 0.0188092771180362 0.0188092771180362 0.0188092771180362 0.140564809649053 0.287080577030366 0.17728009351505 0.393533646821285
0.0188092771180362 0.200419755054329 0.221540341648734 0.134852952897107 0.516006482293244 0.751946016312 0.853537366169868 0.788023697563827 0.788023697563827 0.788023697563827 0.788023697563827 0.788023697563827 0.788023697563827 0.76799234876863 0.668552907733588 0.350814271671847 0.115618607369624 0.159772588400946 0.0188092771180362 0.0188092771180362 0 0 0 0 0 0 0 0 0 0 0 0 0 0 0 0 0.0188092771180362 0.0188092771180362 0.0981642358067001 0.0770170824367047 0.0770170824367047 0.0770170824367047 0.12135703089716 0.0188092771180362 0.0188092771180362 0.0188092771180362 0.0188092771180362 0.0188092771180362 0 0 0 0 0 0 0 0 0 0.0188092771180362 0.0188092771180362 0.0188092771180362 0.161924497223772 0.138758268908903 0.198639781089769 0.315958662097181
0.179166334581972 0.283254961345342 0.540208814856141 0.429053425785712 0.6882654552217 0.789697404426025 0.788023697563827 0.788023697563827 0.788023697563827 0.788023697563827 0.788023697563827 0.788023697563827 0.76799234876863 0.648973194123429 0.312000212534205 0.115618607369624 0.0770170824367047 0.0188092771180362 0.0188092771180362 0 0 0 0 0 0 0 0 0 0 0 0 0 0 0 0 0 0.0188092771180362 0.0578093036848118 0.202731064530698 0.135756223267182 0.138758268908903 0.0770170824367047 0.0770170824367047 0.0576499030312691 0.0381498897478813 0.0381498897478813 0.0188092771180362 0.0188092771180362 0.0188092771180362 0 0 0 0 0 0 0 0.0188092771180362 0.0188092771180362 0.0188092771180362 0.0188092771180362 0.0770170824367047 0.138758268908903 0.218989931192051 0.175526686326081
0.196408171940172 0.557344385111979 0.775935814670174 0.708004569485402 0.76799234876863 0.788023697563827 0.788023697563827 0.788023697563827 0.788023697563827 0.788023697563827 0.788023697563827 0.748678302914375 0.629048112430594 0.252065566802157 0.115618607369624 0.0770170824367047 0.0188092771180362 0.0188092771180362 0 0 0 0 0 0 0 0 0 0 0 0 0 0 0 0 0 0 0.0578093036848118 0.0963576950665498 0.134852952897107 0.414521399537738 0.197338009085837 0.0963576950665498 0.137004861719933 0.138652001806541 0.0576499030312691 0.0381498897478813 0.0381498897478813 0.0188092771180362 0.0188092771180362 0.0188092771180362 0 0 0 0.0188092771180362 0.0188092771180362 0.0188092771180362 0.0188092771180362 0.0188092771180362 0.038309290401424 0.038309290401424 0.119417656279057 0.0963576950665498 0.305464785738955 0.237560107329773
0.329640551526261 0.609601232698387 0.83223081214633 0.788023697563827 0.788023697563827 0.788023697563827 0.788023697563827 0.788023697563827 0.788023697563827 0.788023697563827 0.708004569485402 0.609494965596026 0.17369357881034 0.0963576950665498 0.0770170824367047 0.0188092771180362 0.0188092771180362 0 0 0 0 0 0 0 0 0 0 0 0 0 0 0 0 0 0 0.0188092771180362 0.0770170824367047 0.115618607369624 0.353497516006482 0.796790733508674 0.394011848781913 0.261071703727319 0.221593475199915 0.0770170824367047 0.0770170824367047 0.038309290401424 0.0188092771180362 0.0188092771180362 0.0381498897478813 0.0188092771180362 0.0188092771180362 0.0188092771180362 0 0.0188092771180362 0.0188092771180362 0.0188092771180362 0.038309290401424 0.101857017613772 0.123216705188491 0.038309290401424 0.140777343853776 0.138758268908903 0.218989931192051 0.216864589144816
0.708004569485402 0.76799234876863 0.788023697563827 0.788023697563827 0.788023697563827 0.788023697563827 0.809117717382641 0.76799234876863 0.66743710315879 0.568263329879653 0.289657554262639 0.134852952897107 0.0963576950665498 0.0578093036848118 0.0188092771180362 0 0 0 0 0 0 0 0 0 0 0 0 0 0 0 0 0 0 0 0.0188092771180362 0.0982705029090619 0.0963576950665498 0.154193565526952 0.670598549454053 0.789697404426025 0.689673494327994 0.615339656225924 0.216359820408597 0.136606360086076 0.0770170824367047 0.0982705029090619 0.119417656279057 0.038309290401424 0.0381498897478813 0.0381498897478813 0.0188092771180362 0.0188092771180362 0.0188092771180362 0.0188092771180362 0.0578093036848118 0.0770170824367047 0.0770170824367047 0.0770170824367047 0.0770170824367047 0.140777343853776 0.204511038495258 0.244068967349433 0.216864589144816 0.297601020164183
0.788023697563827 0.788023697563827 0.788023697563827 0.788023697563827 0.788023697563827 0.788023697563827 0.748678302914375 0.648627826040753 0.309157567546027 0.134852952897107 0.115618607369624 0.0770170824367047 0.0188092771180362 0.0188092771180362 0 0 0 0 0 0 0 0 0 0 0 0 0 0 0 0 0 0 0 0 0.038309290401424 0.200526022156691 0.0963576950665498 0.134852952897107 0.610770170824367 0.81084455779602 0.791105443532318 0.729443957386892 0.591190457214208 0.154990568794665 0.0963576950665498 0.115618607369624 0.225737892192025 0.0770170824367047 0.038309290401424 0.0381498897478813 0.0188092771180362 0.038309290401424 0.038309290401424 0.0770170824367047 0.0963576950665498 0.0963576950665498 0.138758268908903 0.138758268908903 0.0963576950665498 0.140777343853776 0.307457293908238 0.197630243617332 0.196514439042533 0.456098403336787
0.788023697563827 0.788023697563827 0.788023697563827 0.788023697563827 0.76799234876863 0.648627826040753 0.510188358438936 0.192981057889004 0.115618607369624 0.0770170824367047 0.038309290401424 0 0 0 0 0 0 0 0 0 0 0 0 0 0 0 0 0 0 0 0 0 0 0 0.038309290401424 0.308333997502723 0.202651364203927 0.115618607369624 0.570202704497755 0.708004569485402 0.768709651709572 0.768709651709572 0.708456204670439 0.470444462155628 0.135756223267182 0.179352302011105 0.24507850482187 0.140803910629367 0.0770170824367047 0.121197630243617 0.12135703089716 0.158152015089929 0.0963576950665498 0.135756223267182 0.154990568794665 0.235700433038442 0.216359820408597 0.196514439042533 0.198639781089769 0.263223612550145 0.198639781089769 0.238224276719535 0.318084004144417 0.637204112536861
0.788023697563827 0.788023697563827 0.76799234876863 0.708004569485402 0.448633139395872 0.231582582821923 0.115618607369624 0.119311389176696 0.0770170824367047 0.0188092771180362 0.0188092771180362 0 0 0 0 0 0 0 0 0 0 0 0 0 0 0 0 0 0 0 0 0 0 0.0188092771180362 0.0770170824367047 0.244680003188013 0.30634148933344 0.117345447783003 0.591190457214208 0.748678302914375 0.788023697563827 0.788023697563827 0.768709651709572 0.668685741611541 0.342286336707314 0.199197683377169 0.157992614436386 0.225737892192025 0.221912276507 0.200526022156691 0.30634148933344 0.136606360086076 0.213464041869238 0.429797295502245 0.609601232698387 0.609601232698387 0.589782418107914 0.571318509072554 0.393533646821285 0.237560107329773 0.237560107329773 0.318084004144417 0.395473021439388 0.714858797587737
0.748678302914375 0.748678302914375 0.648627826040753 0.369862649770197 0.134852952897107 0.0963576950665498 0.0770170824367047 0.0188092771180362 0.0188092771180362 0 0 0 0 0 0 0 0 0 0 0 0 0 0 0 0 0 0 0 0 0 0 0 0 0.0188092771180362 0.0770170824367047 0.115618607369624 0.327594909805797 0.157966047660795 0.610770170824367 0.76799234876863 0.788023697563827 0.809117717382641 0.809117717382641 0.708004569485402 0.502351159639755 0.217874126617253 0.220583937727478 0.221912276507 0.30634148933344 0.246725644908477 0.117345447783003 0.313089450333413 0.629048112430594 0.708004569485402 0.708004569485402 0.708004569485402 0.708456204670439 0.750591110756887 0.693525676788608 0.514996944820807 0.476023485029622 0.493637257246088 0.551951329667118 0.817273717488908
0.549347785659255 0.510188358438936 0.231582582821923 0.115618607369624 0.0770170824367047 0.0770170824367047 0.0188092771180362 0.0188092771180362 0 0 0 0 0 0 0 0 0 0 0 0 0 0 0 0 0 0 0 0 0 0 0 0 0 0.0188092771180362 0.0770170824367047 0.0963576950665498 -9999 0.157966047660795 0.691373767965782 0.788023697563827 0.788023697563827 0.830105470099094 0.788023697563827 0.76799234876863 0.709864243776733 0.414521399537738 0.217874126617253 0.198639781089769 0.198639781089769 0.198639781089769 0.216359820408597 0.629048112430594 0.788023697563827 0.788023697563827 0.788023697563827 0.788023697563827 0.748678302914375 0.728195318934141 0.708456204670439 0.690417364044526 0.798225339390558 0.798225339390558 0.818708323370793 0.750378576552164
0.115618607369624 0.115618607369624 0.0770170824367047 0.0770170824367047 0.0188092771180362 0.0188092771180362 0 0 0 0 0 0 0 0 0 0 0 0 0 0 0 0 0 0 0 0 0 0 0 0 0 0 0 0.0188092771180362 0.0770170824367047 0.115618607369624 0.178103663558354 0.315161658829468 0.6882654552217 0.788023697563827 0.788023697563827 0.809117717382641 0.788023697563827 0.788023697563827 0.708456204670439 0.609840333678701 0.378656252490635 0.320448447171967 0.255997449589543 0.296458648813794 0.510480592970431 0.748678302914375 0.809170850933822 0.788023697563827 0.788023697563827 0.788023697563827 0.788023697563827 0.768709651709572 0.789697404426025 0.769958290162323 0.812252596902314 0.791105443532318 0.854945405276162 0.789697404426025
0.140803910629367 0.0770170824367047 0.038309290401424 0.0188092771180362 0.0188092771180362 0 0 0 0 0 0 0 0 0 0 0 0 0 0 0 0 0 0 0 0 0 0 0 0 0 0 0 0 0 0.0770170824367047 0.138758268908903 0.235700433038442 0.609601232698387 0.76799234876863 0.788023697563827 0.809117717382641 0.788023697563827 0.788023697563827 0.788023697563827 0.728195318934141 0.553385935549002 0.537844371828591 0.435748253234505 0.651018835843894 0.669429611328073 0.708456204670439 0.788023697563827 0.788023697563827 0.809117717382641 0.788023697563827 0.788023697563827 0.809117717382641 0.809117717382641 0.788023697563827 0.768709651709572 0.789697404426025 0.768709651709572 0.789697404426025 0.788023697563827
0.0188092771180362 0.0188092771180362 0.0188092771180362 0.0188092771180362 0 0 0 0 0 0 0 0 0 0 0 0 0 0 0 0 0 0 0 0 0 0 0 0 0 0 0 0 0 0 0.0188092771180362 0.0963576950665498 0.272203182699716 0.6882654552217 0.788023697563827 0.788023697563827 0.809117717382641 0.809117717382641 0.788023697563827 0.788023697563827 0.788023697563827 0.750617677532478 0.710847214473579 0.691586302170506 0.789697404426025 0.768709651709572 0.788023697563827 0.788023697563827 0.830264870752637 0.80903801705587 0.809117717382641 0.788023697563827 0.809117717382641 0.788023697563827 0.830105470099094 0.788023697563827 0.788023697563827 0.788023697563827 0.788023697563827 0.788023697563827
0.0188092771180362 0 0 0 0 0 0 0 0 0 0 0 0 0 0 0 0 0 0 0 0 0 0 0 0 0 0 0 0 0 0 0 0 0 0.0188092771180362 0.0770170824367047 0.134852952897107 0.648627826040753 0.788023697563827 0.830371137854999 0.809117717382641 0.788023697563827 0.788023697563827 0.788023697563827 0.788023697563827 0.809011450280279 0.809011450280279 0.809011450280279 0.788023697563827 0.809117717382641 0.788023697563827 0.809117717382641 0.83045083818177 0.830371137854999 0.830132036874685 0.809117717382641 0.788023697563827 0.809117717382641 0.830105470099094 0.809117717382641 0.788023697563827 0.788023697563827 0.809117717382641 0.809117717382641
0.0188092771180362 0 0 0 0 0 0 0 0 0 0 0 0 0 0 0 0 0 0 0 0 0 0 0 0 0 0 0 0 0 0 0 0 0 0 0.038309290401424 0.115618607369624 0.629313780186499 0.76799234876863 0.809117717382641 0.788023697563827 0.788023697563827 0.788023697563827 0.788023697563827 0.830371137854999 0.809011450280279 0.788023697563827 0.788023697563827 0.788023697563827 0.788023697563827 0.809117717382641 0.788023697563827 0.893998565394118 0.894157966047661 0.830371137854999 0.830424271406179 0.788023697563827 0.788023697563827 0.788023697563827 0.788023697563827 0.809117717382641 0.809117717382641 0.809117717382641 0.809117717382641
0 0 0 0 0 0 0 0 0 0 0 0 0 0 0 0 0 0 0 0 0 0 0 0 0 0 0 0 0 0 0 0 0 0 0 0.0188092771180362 0.0770170824367047 0.134852952897107 0.589915251985866 0.708004569485402 0.788023697563827 0.788023697563827 0.788023697563827 0.809117717382641 0.809117717382641 0.872373210063495 0.830105470099094 0.809117717382641 0.809117717382641 0.788023697563827 0.788023697563827 0.893998565394118 0.91551765362238 0.89413139927207 0.830371137854999 0.809356818362955 0.80903801705587 0.788023697563827 0.809117717382641 0.809117717382641 0.809117717382641 0.788023697563827 0.788023697563827 0.788023697563827
0 0 0 0 0 0 0 0 0 0 0 0 0 0 0 0 0 0 0 0 0 0 0 0 0 0 0 0 0 0 0 0 0 0 0.0188092771180362 0.0188092771180362 0.0770170824367047 0.0770170824367047 0.115618607369624 0.291862596636646 0.648627826040753 0.76799234876863 0.788023697563827 0.788023697563827 0.788023697563827 0.788023697563827 0.809117717382641 0.851518291224994 0.788023697563827 0.788023697563827 0.830371137854999 0.809356818362955 0.809117717382641 0.809117717382641 0.809117717382641 0.788023697563827 0.788023697563827 0.788023697563827 0.788023697563827 0.809117717382641 0.830132036874685 0.830132036874685 0.872506043941447 0.851412024122632
0 0 0 0 0 0 0 0 0 0 0 0 0 0 0 0 0 0 0 0 0 0 0 0 0 0 0 0 0 0 0 0 0 0 0.0188092771180362 0.0188092771180362 0.0188092771180362 0.0188092771180362 0.0770170824367047 0.0963576950665498 0.213464041869238 0.648627826040753 0.788023697563827 0.788023697563827 0.809117717382641 0.788023697563827 0.809117717382641 0.788023697563827 0.788023697563827 0.788023697563827 0.788023697563827 0.788023697563827 0.788023697563827 0.788023697563827 0.788023697563827 0.788023697563827 0.788023697563827 0.788023697563827 0.788023697563827 0.809117717382641 0.80903801705587 0.851518291224994 0.830371137854999 0.809356818362955
0 0 0 0 0 0 0 0 0 0 0 0 0 0 0 0 0 0 0 0 0 0 0 0 0 0 0 0 0 0 0 0 0 0 0.0188092771180362 0.0188092771180362 0.0188092771180362 0.0188092771180362 0.0188092771180362 0.0770170824367047 0.0963576950665498 0.469302090805239 0.748678302914375 0.788023697563827 0.788023697563827 0.809117717382641 0.809117717382641 0.788023697563827 0.788023697563827 0.788023697563827 0.788023697563827 0.788023697563827 0.788023697563827 0.708004569485402 0.708004569485402 0.748678302914375 0.748678302914375 0.748678302914375 0.76799234876863 0.788023697563827 0.788023697563827 0.788023697563827 0.809117717382641 0.95775882681119
0 0 0 0 0 0 0 0 0 0 0 0 0 0 0 0 0 0 0 0 0 0 0 0 0 0 0 0 0 0 0 0 0 0 0 0 0 0 0 0.0188092771180362 0.0770170824367047 0.154193565526952 0.6882654552217 0.788023697563827 0.788023697563827 0.788023697563827 0.788023697563827 0.788023697563827 0.76799234876863 0.748678302914375 0.708004569485402 0.708004569485402 0.629048112430594 0.509949257458622 0.490077309316968 0.470444462155628 0.470444462155628 0.509949257458622 0.509949257458622 0.648627826040753 0.76799234876863 0.788023697563827 0.788023697563827 0.957386891952924
0 0 0 0 0 0 0 0 0 0 0 0 0 0 0 0 0 0 0 0 0 0 0 0 0 0 0 0 0 0 0 0 0 0 0 0 0 0 0 0.0188092771180362 0.0770170824367047 0.134852952897107 0.629048112430594 0.788023697563827 0.788023697563827 0.768709651709572 0.708004569485402 0.629048112430594 0.570096437395393 0.449430142663585 0.390611301506336 0.292739300231131 0.134852952897107 0.115618607369624 0.0963576950665498 0.0963576950665498 0.0770170824367047 0.0963576950665498 0.134852952897107 0.509949257458622 0.708004569485402 0.788023697563827 0.809117717382641 0.936372572460881
0 0 0 0 0 0 0 0 0 0 0 0 0 0 0 0 0 0 0 0 0 0 0 0 0 0 0 0 0 0 0 0 0 0 0 0 0 0 0 0 0.0770170824367047 0.134852952897107 0.550516723785234 0.708004569485402 0.6882654552217 0.509949257458622 0.174676549507186 0.134852952897107 0.0963576950665498 0.0963576950665498 0.0770170824367047 0.0770170824367047 0.0770170824367047 0.0575170691533169 0.0188092771180362 0.0188092771180362 0.0188092771180362 0.0770170824367047 0.115618607369624 0.550516723785234 0.788023697563827 0.872559177492628 0.83045083818177 0.851597991551765
0 0 0 0 0 0 0 0 0 0 0 0 0 0 0 0 0 0 0 0 0 0 0 0 0 0 0 0 0 0 0 0 0 0 0 0 0 0 0 0 0.0188092771180362 0.0963576950665498 0.154990568794665 0.412794559124359 0.275497462872931 0.115618607369624 0.0770170824367047 0.0770170824367047 0.0188092771180362 0.0188092771180362 0.0188092771180362 0.0188092771180362 0 0 0 0 0 0.0188092771180362 0.0770170824367047 0.570202704497755 0.788023697563827 0.85127919024468 0.788023697563827 0.936505406338833
0 0 0 0 0 0 0 0 0 0 0 0 0 0 0 0 0 0 0 0 0 0 0 0 0 0 0 0 0 0 0 0 0 0 0 0 0 0 0 0 0 0.0578093036848118 0.0770170824367047 0.0963576950665498 0.0981642358067001 0.0188092771180362 0.0188092771180362 0 0 0 0 0 0 0 0 0 0 0.0188092771180362 0.115618607369624 0.728779787997131 0.788023697563827 0.85127919024468 0.809356818362955 0.830503971732951
0 0 0 0 0 0 0 0 0 0 0 0 0 0 0 0 0 0 0 0 0 0 0 0 0 0 0 0 0 0 0 0 0 0 0 0 0 0 0 0 0 0 0.0188092771180362 0.0578093036848118 0.038309290401424 0.0188092771180362 0 0 0 0 0 0 0 0 0 0 0 0.0770170824367047 0.333200499455381 0.788023697563827 0.788023697563827 0.809117717382641 0.830503971732951 0.851597991551765
