data-raw/DATASET_PNE_1/DATASET_PNE/a_DATA/PFGS/ENVSUIT_A1B/HS_f60_H9_NardStri.asc
NCOLS 619 
NROWS 782 
XLLCORNER 876826 
YLLCORNER 1947424 
CELLSIZE 100 
NODATA_value -9999 
[rows 87 to 115 of 782, columns 396 to 461 of 619]
0.758401677252266 0.888142073133132 0.933033236726892 1 0.955262995621878 0.932909909354381 0.843435900598138 1 0.977492754516865 1 1 0.89785410371832 1 -9999 -9999 -9999 -9999 -9999 -9999 -9999 -9999 -9999 -9999 -9999 -9999 -9999 -9999 -9999 -9999 -9999 -9999 -9999 -9999 -9999 -9999 -9999 -9999 -9999 -9999 -9999 -9999 -9999 -9999 -9999 -9999 -9999 -9999 -9999 -9999 -9999 -9999 -9999 -9999 -9999 -9999 -9999 -9999 -9999 -9999 -9999 -9999 -9999 -9999 -9999 -9999 -9999
0.756027625331442 0.756027625331442 0.798760559906271 0.933064068570019 1 0.933156564099402 1 1 1 1 0.878491706234199 0.878491706234199 1 -9999 -9999 -9999 -9999 -9999 -9999 -9999 -9999 -9999 -9999 -9999 -9999 -9999 -9999 -9999 -9999 -9999 -9999 -9999 -9999 -9999 -9999 -9999 -9999 -9999 -9999 -9999 -9999 -9999 -9999 -9999 -9999 -9999 -9999 -9999 -9999 -9999 -9999 -9999 -9999 -9999 -9999 -9999 -9999 -9999 -9999 -9999 -9999 -9999 -9999 -9999 -9999 -9999
0.798760559906271 0.821144478016896 0.776160818893754 0.776160818893754 0.977739409261886 0.955324659308133 1 1 1 1 0.840691866559783 1 -9999 -9999 -9999 -9999 -9999 -9999 -9999 -9999 -9999 -9999 -9999 -9999 -9999 -9999 -9999 -9999 -9999 -9999 -9999 -9999 -9999 -9999 -9999 -9999 -9999 -9999 -9999 -9999 -9999 -9999 -9999 -9999 -9999 -9999 -9999 -9999 -9999 -9999 -9999 -9999 -9999 -9999 -9999 -9999 -9999 -9999 -9999 -9999 -9999 -9999 -9999 -9999 -9999 -9999
0.596226182401184 0.573626441388666 0.695011407781957 0.932940741197509 1 1 1 1 1 1 0.840691866559783 -9999 -9999 -9999 -9999 -9999 -9999 -9999 -9999 -9999 -9999 -9999 -9999 -9999 -9999 -9999 -9999 -9999 -9999 -9999 -9999 -9999 -9999 -9999 -9999 -9999 -9999 -9999 -9999 -9999 -9999 -9999 -9999 -9999 -9999 -9999 -9999 -9999 -9999 -9999 -9999 -9999 -9999 -9999 -9999 -9999 -9999 -9999 -9999 -9999 -9999 -9999 -9999 -9999 -9999 -9999
0.516155885798853 0.574643892211876 0.936147252882777 1 1 1 1 1 1 1 1 -9999 -9999 -9999 -9999 -9999 -9999 -9999 -9999 -9999 -9999 -9999 -9999 -9999 -9999 -9999 -9999 -9999 -9999 -9999 -9999 -9999 -9999 -9999 -9999 -9999 -9999 -9999 -9999 -9999 -9999 -9999 -9999 -9999 -9999 -9999 -9999 -9999 -9999 -9999 -9999 -9999 -9999 -9999 -9999 -9999 -9999 -9999 -9999 -9999 -9999 -9999 -9999 -9999 -9999 -9999
0.535240796694826 0.755842634272677 0.955293827465006 1 1 1 1 1 1 1 -9999 -9999 -9999 -9999 -9999 -9999 -9999 -9999 -9999 -9999 -9999 -9999 -9999 -9999 -9999 -9999 -9999 -9999 -9999 -9999 -9999 -9999 -9999 -9999 -9999 -9999 -9999 -9999 -9999 -9999 -9999 -9999 -9999 -9999 -9999 -9999 -9999 -9999 -9999 -9999 -9999 -9999 -9999 -9999 -9999 -9999 -9999 -9999 -9999 -9999 -9999 -9999 -9999 -9999 -9999 -9999
0.573626441388666 0.980822593574644 1 1 1 0.961737682678671 1 0.89785410371832 0.92005303077018 1 -9999 -9999 -9999 -9999 -9999 -9999 -9999 -9999 -9999 -9999 -9999 -9999 -9999 -9999 -9999 -9999 -9999 -9999 -9999 -9999 -9999 -9999 -9999 -9999 -9999 -9999 -9999 -9999 -9999 -9999 -9999 -9999 -9999 -9999 -9999 -9999 -9999 -9999 -9999 -9999 -9999 -9999 -9999 -9999 -9999 -9999 -9999 -9999 -9999 -9999 -9999 -9999 -9999 -9999 -9999 -9999
0.71869026330394 0.980822593574644 0.862890793611642 0.961737682678671 0.840691866559783 0.92005303077018 0.875346858235185 0.808287599432694 1 -9999 -9999 -9999 -9999 -9999 -9999 -9999 -9999 -9999 -9999 -9999 -9999 -9999 -9999 -9999 -9999 -9999 -9999 -9999 -9999 -9999 -9999 -9999 -9999 -9999 -9999 -9999 -9999 -9999 -9999 -9999 -9999 -9999 -9999 -9999 -9999 -9999 -9999 -9999 -9999 -9999 -9999 -9999 -9999 -9999 -9999 -9999 -9999 -9999 -9999 -9999 -9999 -9999 -9999 -9999 -9999 -9999
0.721588456557933 0.885182216192884 0.885182216192884 0.9229820558673 0.878491706234199 0.855984460751064 0.977801072948141 0.933094900413147 -9999 -9999 -9999 -9999 -9999 -9999 -9999 -9999 -9999 -9999 -9999 -9999 -9999 -9999 -9999 -9999 -9999 -9999 -9999 -9999 -9999 -9999 -9999 -9999 -9999 -9999 -9999 -9999 -9999 -9999 -9999 -9999 -9999 -9999 -9999 -9999 -9999 -9999 -9999 -9999 -9999 -9999 -9999 -9999 -9999 -9999 -9999 -9999 -9999 -9999 -9999 -9999 -9999 -9999 -9999 -9999 -9999 -9999
0.728957267065425 0.885182216192884 0.862890793611642 0.89785410371832 0.961521859776778 0.852870444595178 0.955324659308133 1 -9999 -9999 -9999 -9999 -9999 -9999 -9999 -9999 -9999 -9999 -9999 -9999 -9999 -9999 -9999 -9999 -9999 -9999 -9999 -9999 -9999 -9999 -9999 -9999 -9999 -9999 -9999 -9999 -9999 -9999 -9999 -9999 -9999 -9999 -9999 -9999 -9999 -9999 -9999 -9999 -9999 -9999 -9999 -9999 -9999 -9999 -9999 -9999 -9999 -9999 -9999 -9999 -9999 -9999 -9999 -9999 -9999 -9999
0.773725103286675 0.885182216192884 0.815008941234507 0.980915089104027 0.961521859776778 0.808287599432694 0.958407843620892 1 -9999 -9999 -9999 -9999 -9999 -9999 -9999 -9999 -9999 -9999 -9999 -9999 -9999 -9999 -9999 -9999 -9999 -9999 -9999 -9999 -9999 -9999 -9999 -9999 -9999 -9999 -9999 -9999 -9999 -9999 -9999 -9999 -9999 -9999 -9999 -9999 -9999 -9999 -9999 -9999 -9999 -9999 -9999 -9999 -9999 -9999 -9999 -9999 -9999 -9999 -9999 -9999 -9999 -9999 -9999 -9999 -9999 -9999
0.875254362705803 0.885182216192884 0.856107788123574 0.833600542640439 0.92005303077018 0.977801072948141 0.977523586359993 1 1 1 1 -9999 -9999 -9999 -9999 -9999 -9999 -9999 -9999 -9999 -9999 -9999 -9999 -9999 -9999 -9999 -9999 -9999 -9999 -9999 -9999 -9999 -9999 -9999 -9999 -9999 -9999 -9999 -9999 -9999 -9999 -9999 -9999 -9999 -9999 -9999 -9999 -9999 -9999 -9999 -9999 -9999 -9999 -9999 -9999 -9999 -9999 -9999 -9999 -9999 -9999 -9999 -9999 -9999 -9999 -9999
0.769408645248813 0.9229820558673 0.852993771967688 0.815008941234507 0.691434913979158 1 1 1 1 0.977801072948141 0.910710982302522 1 1 -9999 -9999 -9999 -9999 -9999 -9999 -9999 -9999 -9999 -9999 -9999 -9999 -9999 -9999 -9999 -9999 -9999 -9999 -9999 -9999 -9999 -9999 -9999 -9999 -9999 -9999 -9999 -9999 -9999 -9999 -9999 -9999 -9999 -9999 -9999 -9999 -9999 -9999 -9999 -9999 -9999 -9999 -9999 -9999 -9999 -9999 -9999 -9999 -9999 -9999 -9999 -9999 -9999
0.850064746870568 0.862674970709749 0.815008941234507 0.709348214836283 0.89785410371832 1 1 1 1 1 1 1 0.977801072948141 0.798421409631868 0.933094900413147 0.955602145896282 1 0.977492754516865 0.910710982302522 1 -9999 -9999 -9999 -9999 -9999 -9999 -9999 -9999 -9999 -9999 -9999 -9999 -9999 -9999 -9999 -9999 -9999 -9999 -9999 -9999 -9999 -9999 -9999 -9999 -9999 -9999 -9999 -9999 -9999 -9999 -9999 -9999 -9999 -9999 -9999 -9999 -9999 -9999 -9999 -9999 -9999 -9999 -9999 -9999 -9999 -9999
0.804834433002405 0.877998396744157 0.729049762594808 0.747610532157613 0.875377690078313 1 0.92005303077018 0.955293827465006 0.910402663871246 0.843250909539372 0.798359745945613 0.977739409261886 0.910125177283098 0.977801072948141 1 1 0.977492754516865 1 0.977369427144355 0.888080409446877 0.910371832028119 -9999 -9999 -9999 -9999 -9999 -9999 -9999 -9999 -9999 -9999 -9999 -9999 -9999 -9999 -9999 -9999 -9999 -9999 -9999 -9999 -9999 -9999 -9999 -9999 -9999 -9999 -9999 -9999 -9999 -9999 -9999 -9999 -9999 -9999 -9999 -9999 -9999 -9999 -9999 -9999 -9999 -9999 -9999 -9999 -9999
0.820805327742492 0.892150212739718 0.763365603995807 0.725349941419498 0.811124129000432 1 1 1 1 1 1 0.910556823086884 0.910556823086884 1 1 0.955016340876858 0.932755750138743 0.888357896035025 1 0.866035641610655 0.843096750323734 0.865573163963742 -9999 -9999 -9999 -9999 -9999 -9999 -9999 -9999 -9999 -9999 -9999 -9999 -9999 -9999 1 1 1 0.821144478016896 1 1 -9999 -9999 -9999 -9999 -9999 -9999 -9999 -9999 -9999 -9999 -9999 -9999 -9999 -9999 -9999 -9999 -9999 -9999 0.662298822223593 0.585959178639699 0.605167416908183 -9999 -9999 -9999
0.955201331935623 0.933002404883764 0.914410803477832 0.721403465499168 0.766202133563544 1 1 0.887833754701856 1 1 1 1 0.866066473453783 0.910556823086884 0.955293827465006 1 1 1 1 1 1 0.776160818893754 0.955293827465006 -9999 -9999 -9999 1 -9999 -9999 -9999 -9999 -9999 -9999 -9999 -9999 0.910125177283098 1 1 1 1 0.776160818893754 0.776160818893754 0.776160818893754 0.776160818893754 0.776160818893754 0.776160818893754 0.865511500277487 -9999 -9999 -9999 -9999 -9999 -9999 -9999 -9999 -9999 -9999 -9999 1 0.843682555343159 0.71946105938213 0.605167416908183 0.585959178639699 1 -9999 -9999
0.821144478016896 0.892150212739718 0.959209471542209 0.936918048960967 0.910217672812481 0.977801072948141 1 1 1 1 1 1 1 0.977739409261886 0.910618486773139 0.977492754516865 1 1 1 1 0.820928655115003 0.977708577418758 0.756798421409632 1 0.910618486773139 1 0.888080409446877 1 -9999 -9999 -9999 -9999 -9999 -9999 0.932385768021212 1 1 1 1 1 1 1 0.776160818893754 0.776160818893754 0.843343405068755 0.776160818893754 0.756798421409632 0.776160818893754 1 -9999 -9999 -9999 -9999 -9999 -9999 -9999 -9999 0.865758155022507 0.888018745760622 0.843559227970648 0.821082814330641 0.776160818893754 0.585959178639699 -9999 -9999 -9999
0.955201331935623 0.910710982302522 0.955293827465006 1 1 0.933002404883764 0.955262995621878 1 1 1 1 1 1 1 1 0.977523586359993 0.977492754516865 1 0.932971573040636 1 1 1 0.776160818893754 0.776160818893754 0.865758155022507 1 1 1 0.910371832028119 0.888080409446877 -9999 -9999 -9999 -9999 0.955293827465006 0.955232163778751 1 1 1 1 1 1 0.821051982487513 0.776160818893754 0.776160818893754 0.776160818893754 0.776160818893754 0.698587901584757 0.776160818893754 0.776160818893754 1 -9999 -9999 -9999 -9999 -9999 0.776160818893754 0.776160818893754 0.776160818893754 0.776160818893754 0.798791391749399 0.913424184497749 0.605167416908183 0.605167416908183 0.605167416908183 -9999
0.639544921995437 0.798544737004378 0.770271936856385 0.895788370228772 0.91074181414565 0.91074181414565 0.955509650366899 0.88817290497626 1 1 1 1 0.977739409261886 1 1 1 1 1 1 1 1 0.865881482395018 0.955201331935623 0.798452241474995 0.977492754516865 1 1 1 1 1 1 1 1 0.977523586359993 0.932817413824998 0.932817413824998 0.933033236726892 0.977492754516865 0.776160818893754 0.821144478016896 0.910957637047543 0.91074181414565 0.866035641610655 0.888327064191897 0.843559227970648 1 0.977739409261886 0.776160818893754 0.776160818893754 0.776160818893754 0.776160818893754 0.776160818893754 0.776160818893754 0.776160818893754 1 0.776160818893754 0.798760559906271 1 1 0.776160818893754 0.776160818893754 0.649996916815687 0.717271998520072 0.67253499414195 0.653080101128446 -9999
0.440155392489363 0.478911019300734 0.656964913362521 0.75975827834988 0.957297897268299 0.871955355491151 0.91074181414565 0.888357896035025 1 1 1 1 1 1 1 1 1 1 1 1 1 0.95510883640624 0.910525991243757 0.737744342356786 0.865542332120614 0.888018745760622 0.865542332120614 0.865542332120614 0.955293827465006 1 1 1 0.875562681137078 1 0.977523586359993 0.977492754516865 1 1 0.843343405068755 0.776160818893754 0.776160818893754 0.776160818893754 0.843435900598138 0.843435900598138 0.798668064376889 0.776160818893754 0.977523586359993 0.776160818893754 0.776160818893754 0.776160818893754 0.776160818893754 0.776160818893754 0.776160818893754 0.776160818893754 0.776160818893754 0.776160818893754 0.776160818893754 1 1 1 0.776160818893754 0.737343528396128 0.776160818893754 0.681630387864587 0.585959178639699 0.585959178639699
0.497564284392921 0.478201886908799 0.535857433557378 0.61552691619905 0.755965961645187 0.977492754516865 0.868070543257076 0.933249059628785 0.955540482210027 0.977739409261886 1 1 1 1 0.977369427144355 1 1 1 0.888142073133132 0.910217672812481 0.865634827649997 0.798359745945613 0.843035086637479 0.776160818893754 0.573626441388666 0.776160818893754 0.776160818893754 0.776160818893754 0.842911759264969 0.977492754516865 1 1 0.82083615958562 0.62101498427576 0.820651168526855 0.798452241474995 1 1 1 0.798760559906271 0.776160818893754 0.674785718690263 0.843435900598138 0.798668064376889 0.776160818893754 0.776160818893754 0.798452241474995 0.776160818893754 0.776160818893754 0.798760559906271 1 0.776160818893754 0.776160818893754 0.776160818893754 1 0.776160818893754 0.776160818893754 0.776160818893754 0.955293827465006 1 0.776160818893754 0.642473947092557 0.776160818893754 0.776160818893754 0.776160818893754 0.605167416908183
0.573626441388666 0.555034839982734 0.555034839982734 0.555034839982734 0.593697971264722 0.888265400505642 0.845439970401431 0.977492754516865 0.932817413824998 0.932755750138743 1 1 1 1 1 1 1 1 0.933064068570019 0.776160818893754 0.715452919775544 0.776160818893754 0.776160818893754 0.776160818893754 0.573626441388666 0.735771104396621 0.776160818893754 0.821144478016896 0.776160818893754 0.776160818893754 1 1 0.955232163778751 0.776160818893754 0.573626441388666 0.776160818893754 0.776160818893754 1 1 0.843343405068755 0.776160818893754 0.674785718690263 0.735740272553493 0.776160818893754 0.776160818893754 0.776160818893754 0.776160818893754 0.755904297958932 0.776160818893754 0.821298637232534 0.955324659308133 0.776160818893754 0.776160818893754 0.776160818893754 1 0.776160818893754 0.776160818893754 0.776160818893754 0.776160818893754 0.776160818893754 0.776160818893754 0.776160818893754 0.661127212184744 0.776160818893754 0.776160818893754 0.776160818893754
0.573626441388666 0.573626441388666 0.573626441388666 0.535857433557378 0.555034839982734 0.674477400258988 0.800548806807671 0.800456311278288 0.755965961645187 0.822840229388913 0.955509650366899 1 1 1 1 1 1 0.955540482210027 0.95510883640624 0.843435900598138 0.573626441388666 0.573626441388666 0.573626441388666 0.573626441388666 0.573626441388666 0.573626441388666 0.755842634272677 0.776160818893754 0.776160818893754 0.776160818893754 0.977523586359993 0.977739409261886 1 0.955232163778751 0.776160818893754 0.776160818893754 0.776160818893754 0.776160818893754 0.776160818893754 1 0.776160818893754 0.776160818893754 0.695535549115126 0.735740272553493 0.735586113337855 0.65468335697108 0.735740272553493 0.755904297958932 0.755904297958932 0.573626441388666 0.776160818893754 0.776160818893754 0.776160818893754 0.776160818893754 0.776160818893754 0.776160818893754 0.776160818893754 1 0.798544737004378 0.776160818893754 0.776160818893754 0.776160818893754 0.776160818893754 0.776160818893754 1 0.776160818893754
0.573626441388666 0.573626441388666 0.555034839982734 0.555034839982734 0.535857433557378 0.573626441388666 0.735493617808473 0.776160818893754 0.776160818893754 0.735493617808473 0.800548806807671 0.888234568662515 1 0.888049577603749 1 1 1 0.977801072948141 0.933341555158167 0.911050132576925 0.776160818893754 0.735370290435962 0.573626441388666 0.573626441388666 0.593882962323488 0.776160818893754 0.776160818893754 0.755842634272677 0.69522723068385 0.654313374853549 0.674785718690263 0.776160818893754 0.977739409261886 1 0.977739409261886 0.821051982487513 0.776160818893754 0.776160818893754 0.776160818893754 0.75593512980206 0.75593512980206 0.776160818893754 0.798791391749399 0.573626441388666 0.593882962323488 0.715514583461799 0.776160818893754 0.776160818893754 0.65468335697108 0.755904297958932 0.755904297958932 0.776160818893754 0.776160818893754 0.776160818893754 0.776160818893754 0.776160818893754 0.776160818893754 0.955540482210027 0.977739409261886 0.977739409261886 1 0.820743664056237 0.865634827649997 1 0.776160818893754 0.776160818893754
0.573626441388666 0.573626441388666 0.573626441388666 0.555034839982734 0.535857433557378 0.555034839982734 0.573626441388666 0.594067953382253 0.776160818893754 0.798359745945613 0.674477400258988 0.755965961645187 0.798668064376889 1 0.84315841400999 1 0.866282296355676 0.932909909354381 1 0.776160818893754 0.755842634272677 0.82095948695813 0.776160818893754 0.776160818893754 0.798668064376889 0.798668064376889 0.798668064376889 0.798668064376889 0.776160818893754 0.634519331565641 0.5552198310415 0.674785718690263 0.756027625331442 0.888666214466301 0.910525991243757 0.843744219029414 0.866035641610655 0.776160818893754 0.776160818893754 0.674785718690263 0.573626441388666 0.573626441388666 0.695350558056361 0.738145156317445 0.573626441388666 0.776160818893754 0.738021828944934 0.695350558056361 0.776160818893754 0.634550163408769 0.776160818893754 0.776160818893754 0.776160818893754 0.715668742677437 0.776160818893754 0.776160818893754 0.614324474317075 0.798452241474995 0.910525991243757 1 1 0.955540482210027 0.820743664056237 0.955540482210027 0.776160818893754 0.776160818893754
0.573626441388666 0.573626441388666 0.573626441388666 0.555034839982734 0.555034839982734 0.535857433557378 0.573626441388666 0.573626441388666 0.573626441388666 0.715792070049948 0.594067953382253 0.674477400258988 0.755965961645187 0.95510883640624 0.776160818893754 0.910341000184991 0.866128137140038 0.910710982302522 0.955540482210027 0.776160818893754 0.756027625331442 0.82095948695813 0.776160818893754 0.776160818893754 0.776160818893754 0.776160818893754 0.776160818893754 0.798668064376889 0.798668064376889 0.798668064376889 0.735616945180983 0.614077819572054 0.496916815687242 0.573626441388666 0.776160818893754 0.798668064376889 0.798668064376889 0.798668064376889 0.798668064376889 0.755904297958932 0.573626441388666 0.573626441388666 0.573626441388666 0.715514583461799 0.738145156317445 0.594098785225381 0.778473207128322 0.675124868964667 0.76065240180058 0.776160818893754 0.776160818893754 0.776160818893754 0.776160818893754 0.776160818893754 0.735832768082876 0.573626441388666 0.675279028180305 0.755904297958932 0.798791391749399 0.798791391749399 1 0.977739409261886 0.865326509218721 0.887895418388111 0.776160818893754 0.776160818893754
0.573626441388666 0.573626441388666 0.573626441388666 0.573626441388666 0.535857433557378 0.555034839982734 0.573626441388666 0.573626441388666 0.573626441388666 0.573626441388666 0.594067953382253 0.594067953382253 0.776160818893754 0.843559227970648 1 0.776160818893754 0.955540482210027 0.866128137140038 0.866128137140038 0.776160818893754 0.614324474317075 0.776160818893754 0.776160818893754 0.798668064376889 0.798668064376889 0.776160818893754 0.776160818893754 0.755842634272677 0.675217364494049 0.776160818893754 0.735586113337855 0.614324474317075 0.594067953382253 0.573626441388666 0.361225874082753 0.573626441388666 0.798791391749399 0.866066473453783 0.798668064376889 0.843775050872541 0.843775050872541 0.614324474317075 0.573626441388666 0.534839982734168 0.573626441388666 0.614355306160202 0.573626441388666 0.720262687303447 0.740488376395141 0.573626441388666 0.573626441388666 0.776160818893754 0.614324474317075 0.695350558056361 0.695350558056361 0.573626441388666 0.573626441388666 0.634580995251896 0.776160818893754 0.798791391749399 0.776160818893754 1 0.955540482210027 0.825121785780354 0.776160818893754 0.776160818893754
0.573626441388666 0.573626441388666 0.573626441388666 0.573626441388666 0.516649195288894 0.555034839982734 0.573626441388666 0.573626441388666 0.573626441388666 0.573626441388666 0.573626441388666 0.614324474317075 0.695319726213233 0.776160818893754 0.865943146081273 1 0.82083615958562 0.955540482210027 0.866128137140038 0.866128137140038 0.776160818893754 0.735863599926004 0.573626441388666 0.573626441388666 0.634580995251896 0.573626441388666 0.776160818893754 0.776160818893754 0.735771104396621 0.821298637232534 0.776160818893754 0.776160818893754 0.776160818893754 0.755842634272677 0.573626441388666 0.361225874082753 0.55444903496331 0.573626441388666 0.780723931676636 0.888265400505642 0.865788986865635 0.573626441388666 0.573626441388666 0.573626441388666 0.342017635814269 0.535240796694826 0.535240796694826 0.573626441388666 0.675124868964667 0.573626441388666 0.573626441388666 0.573626441388666 0.634580995251896 0.573626441388666 0.573626441388666 0.614355306160202 0.573626441388666 0.573626441388666 0.573626441388666 0.778473207128322 0.573626441388666 0.634519331565641 0.82083615958562 0.870167108589752 0.8677622248258 0.865326509218721
