data-raw/DATASET_PNE_1/DATASET_PNE/a_DATA/PFGS/ENVSUIT_A1B/HS_f0_P5_alpext.asc
NCOLS 619 
NROWS 782 
XLLCORNER 876826 
YLLCORNER 1947424 
CELLSIZE 100 
NODATA_value -9999 
[rows 217 to 247 of 782, columns 0 to 70 of 619]
-9999 -9999 -9999 -9999 -9999 -9999 -9999 0.767321488028574 0.790749765414535 0.883615340375942 0.813663468232588 1 1 1 0.953113176135848 1 1 1 1 1 1 1 1 1 0.859944910252142 0.767321488028574 0.767321488028574 0.748342767200412 0.0559675515331295 0.385507158640312 0.767321488028574 0.953325059781457 0.767321488028574 1 1 1 1 1 1 1 1 1 1 1 1 1 1 1 1 1 1 1 1 1 1 1 1 0.86045948482005 0.464872718467173 0.364924175923964 0.248297363562067 0.13127705300118 0.0931985349759361 0.0563005115476587 0.0376850198262554 0.0376850198262554 0.0376850198262554 0.0184944153524836 0.0184944153524836 0.0184944153524836 0.0376850198262554
-9999 -9999 -9999 -9999 -9999 -9999 -9999 0.772043466416442 0.748373036292642 0.813875351878197 0.883615340375942 0.813663468232588 0.953325059781457 1 0.883615340375942 1 1 1 1 1 1 1 1 1 0.767321488028574 0.767321488028574 0.767321488028574 0.771589430032993 0.0372612525350365 0.404728032206314 0.907285770499743 0.790628689045616 0.767321488028574 1 1 1 1 1 1 1 1 1 1 1 1 0.883706147652632 1 1 1 1 1 1 1 1 1 1 1 1 0.652874050307231 0.411266156127978 0.325574356025063 0.13127705300118 0.0749462723612919 0.0376850198262554 0.0376850198262554 0.0376850198262554 0.0376850198262554 0.0184944153524836 0.0184944153524836 0.0184944153524836 0.0376850198262554
-9999 -9999 -9999 -9999 -9999 -9999 -9999 0.631897569391894 0.729666737294549 0.837122014710779 0.883615340375942 0.883615340375942 0.836940400157399 1 0.767321488028574 1 1 1 1 1 1 1 1 1 0.790447074492236 0.767321488028574 0.767321488028574 0.538184459848049 0.0186154917214033 0.767321488028574 0.907164694130823 0.767321488028574 0.790780034506765 1 1 1 1 1 1 1 1 1 0.976541453521809 0.976541453521809 1 0.837061476526319 0.953506674334837 0.953506674334837 0.976571722614039 1 1 1 1 1 1 1 1 1 0.837485243817538 0.383872627659896 0.364924175923964 0.13127705300118 0.0563005115476587 0.0376850198262554 0.0376850198262554 0.0376850198262554 0.0376850198262554 0.0184944153524836 0.0376850198262554 0.0376850198262554 0.0376850198262554
-9999 -9999 -9999 -9999 -9999 -9999 0.748615189030481 0.748615189030481 0.767321488028574 0.794926900142265 0.860156793897751 0.860156793897751 0.767321488028574 1 0.767321488028574 1 1 1 1 1 1 1 1 1 0.976692798982959 0.83675878560402 0.767321488028574 0.289160638072464 0.0559675515331295 0.86073190665012 0.767321488028574 0.906952810485214 0.837152283803009 1 1 1 1 1 1 1 1 1 1 0.976541453521809 0.976541453521809 0.976692798982959 0.953234252504767 0.907043617761903 0.790628689045616 0.837061476526319 0.86045948482005 0.930199473317795 1 1 1 1 1 1 0.906922541392984 0.691043375609166 -9999 -9999 0.0563005115476587 0.0376850198262554 0.0376850198262554 0.0376850198262554 0.0376850198262554 0.0376850198262554 0.0376850198262554 0.0376850198262554 0.0376850198262554
-9999 -9999 -9999 -9999 -9999 0.767321488028574 0.748373036292642 0.748373036292642 0.771801313678603 0.776069255683022 0.837091745618549 0.930290280594485 0.953113176135848 1 0.767321488028574 1 1 1 1 1 1 1 1 1 0.883645609468172 0.83675878560402 0.837000938341859 0.154099948542543 0.767321488028574 0.790447074492236 0.813905620970427 0.930017858764416 0.883645609468172 1 1 1 1 1 1 1 1 1 1 1 0.953234252504767 0.953234252504767 0.860277870266671 1 0.86052002300451 0.930502164240094 0.976692798982959 1 0.930350818778945 1 1 1 1 1 0.767321488028574 0.691043375609166 0.364924175923964 0.189666131912704 0.0563005115476587 0.0376850198262554 0.0376850198262554 0.0376850198262554 0.0376850198262554 0.0376850198262554 0.0376850198262554 0.0376850198262554 0.0376850198262554
-9999 -9999 -9999 -9999 0.767321488028574 0.748373036292642 0.790749765414535 0.814208311892726 0.883615340375942 0.930290280594485 0.930290280594485 0.883463994914793 1 1 1 1 1 1 1 1 1 1 1 0.953264521596997 0.837152283803009 0.790447074492236 0.976571722614039 0.813754275509277 0.976904682628568 0.790447074492236 0.906983079577444 1 0.953355328873687 1 1 1 1 1 1 1 1 1 1 1 0.976692798982959 0.953234252504767 0.976541453521809 0.976541453521809 0.976541453521809 0.767321488028574 1 0.883615340375942 0.837061476526319 0.837152283803009 1 1 1 1 1 0.767321488028574 0.384054242213276 0.13127705300118 0.0563005115476587 0.0376850198262554 0.0376850198262554 0.0376850198262554 0.0376850198262554 0.0376850198262554 0.0376850198262554 0.0376850198262554 0.0376850198262554
-9999 -9999 -9999 -9999 0.767321488028574 0.767321488028574 0.883615340375942 0.883615340375942 0.860156793897751 0.790447074492236 0.813754275509277 1 1 1 1 1 1 1 1 1 1 1 0.953264521596997 0.790447074492236 0.790447074492236 0.976571722614039 1 0.860308139358901 0.883736416744862 0.83675878560402 1 1 1 1 1 1 1 1 1 1 1 1 0.976541453521809 1 1 0.976692798982959 0.929987589672186 0.906771195931834 1 0.767321488028574 0.767321488028574 0.767321488028574 1 0.767321488028574 0.976692798982959 1 1 0.837212821987469 0.929987589672186 0.883463994914793 0.767321488028574 0.150134697460423 0.112237793988558 0.0563005115476587 0.0376850198262554 0.0376850198262554 0.0376850198262554 0.0184944153524836 0.0376850198262554 0.0376850198262554 0.0376850198262554
-9999 -9999 -9999 0.767321488028574 0.767321488028574 0.930290280594485 0.883615340375942 1 0.86048975391228 0.953113176135848 1 1 1 1 1 1 1 1 1 1 1 1 0.953264521596997 0.767321488028574 0.790447074492236 1 1 0.813754275509277 0.790568150861156 0.953264521596997 1 1 1 1 1 1 1 1 1 1 1 1 1 0.976541453521809 0.976692798982959 0.976692798982959 0.930108666041106 0.930017858764416 0.860035717528831 0.860035717528831 0.72894027908103 0.767321488028574 0.883615340375942 0.767321488028574 0.767321488028574 1 0.929987589672186 0.929987589672186 0.883645609468172 0.813875351878197 0.767321488028574 0.615249568665436 0.189908284650543 0.0563005115476587 0.0376850198262554 0.0376850198262554 0.0376850198262554 0.0376850198262554 0.0376850198262554 0.0376850198262554 0.0376850198262554
-9999 -9999 0.767321488028574 0.767321488028574 0.930290280594485 0.930290280594485 0.813754275509277 1 1 1 1 1 1 1 1 1 1 1 1 1 1 1 0.953264521596997 0.767321488028574 0.976571722614039 1 0.976571722614039 0.44235251384811 0.906892272300754 1 1 1 1 1 1 1 1 1 1 1 1 1 1 1 0.953234252504767 0.930138935133335 0.860277870266671 0.930017858764416 0.836970669249629 0.836910131065169 0.790568150861156 0.767321488028574 0.767321488028574 0.767321488028574 0.767321488028574 0.976571722614039 0.929987589672186 0.767321488028574 0.790537881768926 0.860005448436601 0.767321488028574 0.13127705300118 0.116626812361897 0.0563005115476587 0.0376850198262554 0.0376850198262554 0.0376850198262554 0.0376850198262554 0.0376850198262554 0.0376850198262554 0.0563005115476587
-9999 0.767321488028574 0.767321488028574 0.767321488028574 0.883403456730333 0.930017858764416 1 1 1 0.767321488028574 1 1 1 1 1 1 1 1 1 1 1 1 0.883645609468172 0.813784544601508 1 1 0.500045403638345 0.86042921572782 0.976692798982959 1 1 1 1 1 1 1 1 1 1 1 1 1 0.883645609468172 0.906710657747374 0.930290280594485 0.953385597965917 0.837031207434089 0.930017858764416 0.767321488028574 0.767321488028574 0.767321488028574 0.767321488028574 0.364924175923964 0.42249598934528 0.767321488028574 0.767321488028574 0.836879861972939 0.836879861972939 0.906680388655144 0.767321488028574 0.460756121923904 0.13127705300118 0.0563005115476587 0.0376850198262554 0.0376850198262554 0.0376850198262554 0.0376850198262554 0.0376850198262554 0.0376850198262554 0.0563005115476587 0.0563005115476587
-9999 0.767321488028574 0.767321488028574 0.837091745618549 0.813966159154887 1 1 1 1 1 1 1 1 1 1 1 1 1 1 1 1 1 0.86058056118897 0.790568150861156 1 0.837303629264158 0.0372612525350365 1 1 1 1 1 1 1 1 1 1 1 1 1 1 0.976541453521809 0.883645609468172 0.953597481611527 0.837273360171929 0.976692798982959 0.837031207434089 0.813602930048128 0.767321488028574 0.767321488028574 0.727971668129673 0.70926536913158 0.324636014165935 0.305172987862094 0.671822502043164 0.767321488028574 0.883433725822563 0.883433725822563 0.883433725822563 0.767321488028574 0.26709446983685 0.13127705300118 0.0563005115476587 0.0376850198262554 0.0376850198262554 0.0376850198262554 0.0376850198262554 0.0376850198262554 0.0376850198262554 0.0563005115476587 0.0931985349759361
0.767321488028574 0.767321488028574 0.837091745618549 0.837091745618549 0.883433725822563 0.976904682628568 0.976571722614039 1 1 1 1 1 1 1 1 1 1 1 1 1 1 1 0.976571722614039 0.976692798982959 1 0.672670036625602 0.86042921572782 1 1 1 1 1 1 1 1 1 1 1 1 1 1 0.976541453521809 0.953113176135848 0.860156793897751 0.953385597965917 0.907013348669673 0.837031207434089 0.83684959288071 0.767321488028574 0.767321488028574 0.690316917395647 0.208311892726337 0.534188939673699 0.13127705300118 0.150134697460423 0.346217876925871 0.403305384871508 0.710476132820777 0.710476132820777 0.710082634621788 0.439355873717347 0.0931985349759361 0.0563005115476587 0.0376850198262554 0.0376850198262554 0.0376850198262554 0.0376850198262554 0.0376850198262554 0.0563005115476587 0.0563005115476587 0.247631443533008
0.767321488028574 0.767321488028574 0.837091745618549 0.860187062989981 0.790537881768926 1 1 1 0.906498774101765 0.976541453521809 1 1 1 1 1 1 1 1 1 1 1 1 1 1 1 0.538668765323728 1 1 1 1 1 1 1 1 1 1 1 1 1 1 1 1 0.837273360171929 0.883252111269183 0.953234252504767 0.837031207434089 0.883403456730333 0.767321488028574 0.767321488028574 0.767321488028574 0.591912098556164 0.13127705300118 0.437872688198081 0.169385840118655 0.13127705300118 0.13127705300118 0.13127705300118 0.13127705300118 0.13127705300118 0.150740079305022 0.139934013378939 0.0797287889336199 0.0376850198262554 0.0376850198262554 0.0376850198262554 0.0376850198262554 0.0376850198262554 0.0563005115476587 0.133153736719436 0.515664255228986 0.691618488361534
-9999 0.767321488028574 0.837091745618549 0.860187062989981 0.976571722614039 0.976571722614039 0.930108666041106 0.906680388655144 1 1 1 1 1 1 1 1 1 1 1 1 1 1 1 1 1 0.813996428247117 0.929957320579956 1 1 1 1 1 1 1 1 1 1 1 1 1 0.976541453521809 0.906498774101765 0.930138935133335 0.907013348669673 0.837031207434089 0.790749765414535 0.767321488028574 0.767321488028574 0.767321488028574 0.708327027272452 0.593183400429821 0.13127705300118 0.150346581106033 0.112146986711869 0.0931985349759361 0.0931985349759361 0.0563005115476587 0.0563005115476587 0.0563005115476587 0.0563005115476587 0.0378060961951751 0.0376850198262554 0.0376850198262554 0.0376850198262554 0.0376850198262554 0.0376850198262554 0.0563005115476587 0.0563005115476587 0.460302085540455 0.423464600296637 0.42228410569967
-9999 0.790537881768926 0.790537881768926 0.813633199140358 0.976692798982959 0.976541453521809 0.976541453521809 0.976541453521809 1 0.976541453521809 1 1 1 1 1 1 1 1 1 1 1 1 1 1 1 1 1 1 1 1 1 1 1 1 1 1 1 1 1 1 1 0.930138935133335 0.883706147652632 0.837031207434089 0.837031207434089 0.837031207434089 0.883463994914793 0.906377697732845 0.883312649453643 0.767321488028574 0.72894027908103 0.610860550292097 0.401761661167782 0.13127705300118 0.207797318158428 0.0563005115476587 0.0563005115476587 0.0563005115476587 0.0376850198262554 0.0376850198262554 0.0376850198262554 0.0191906044737718 0.0376850198262554 0.0376850198262554 0.0376850198262554 0.0376850198262554 0.0563005115476587 0.266277204346642 0.421224687471623 0.268365771710506 0.728698126343191
-9999 -9999 0.790447074492236 0.767321488028574 0.814056966431577 0.767321488028574 0.767321488028574 1 1 1 1 1 1 1 1 1 1 1 1 1 1 1 1 1 0.86042921572782 1 1 1 1 1 1 1 1 1 1 1 1 1 1 1 1 0.976692798982959 0.930138935133335 0.86048975391228 0.883706147652632 0.837031207434089 0.837031207434089 0.767321488028574 0.906377697732845 0.767321488028574 0.767321488028574 0.574931137815177 0.150134697460423 0.13127705300118 0.112237793988558 0.0563005115476587 0.0376850198262554 0.0376850198262554 0.0376850198262554 0.0376850198262554 0.0376850198262554 0.0376850198262554 0.0376850198262554 0.0376850198262554 0.0376850198262554 0.0376850198262554 0.0563005115476587 0.401368162968793 0.476647395344614 0.13127705300118 0.690347186487877
-9999 -9999 -9999 0.906680388655144 1 0.767321488028574 0.767321488028574 0.930017858764416 1 1 1 1 1 1 1 1 1 1 1 1 1 1 1 1 0.976934951720798 1 1 1 1 1 1 1 1 1 1 1 1 1 1 1 1 0.976541453521809 0.953234252504767 0.883252111269183 0.860126524805521 0.767321488028574 0.976874413536338 0.860156793897751 0.790447074492236 0.767321488028574 0.709961558252868 0.767321488028574 0.364924175923964 0.305929715167842 0.13127705300118 0.112237793988558 0.0563005115476587 0.0563005115476587 0.0563005115476587 0.0376850198262554 0.0191906044737718 0.0376850198262554 0.0376850198262554 0.0376850198262554 0.0376850198262554 0.0376850198262554 0.0563005115476587 0.0563005115476587 0.463177649302297 0.209492387323304 0.13127705300118
-9999 -9999 -9999 -9999 -9999 0.976541453521809 1 1 1 1 1 1 1 1 1 1 1 1 1 1 1 1 1 0.232587704694736 1 1 1 1 1 1 1 1 1 1 1 1 1 1 1 1 1 1 0.976541453521809 0.976541453521809 0.976541453521809 1 0.767321488028574 0.767321488028574 0.767321488028574 0.767321488028574 0.767321488028574 0.767321488028574 0.709961558252868 0.364924175923964 0.305929715167842 0.150740079305022 0.253564185610074 0.116626812361897 0.0563005115476587 0.0563005115476587 0.0378060961951751 0.0376850198262554 0.0376850198262554 0.0376850198262554 0.0376850198262554 0.0376850198262554 0.0376850198262554 0.0376850198262554 0.420558767442564 0.267790658958138 0.150982232042861
-9999 -9999 -9999 -9999 -9999 -9999 -9999 -9999 -9999 1 1 1 1 1 1 1 1 1 1 1 1 1 0.930411356963405 1 1 1 1 1 1 1 1 1 1 1 1 1 1 1 1 1 1 1 1 1 1 0.767321488028574 0.767321488028574 0.813663468232588 0.767321488028574 0.767321488028574 0.976874413536338 0.906680388655144 0.953113176135848 0.767321488028574 0.364924175923964 0.305929715167842 0.307685322517178 0.233465508369404 0.116626812361897 0.248327632654297 0.0563005115476587 0.0563005115476587 0.0376850198262554 0.0376850198262554 0.0376850198262554 0.0376850198262554 0.0376850198262554 0.0376850198262554 0.0376850198262554 0.0563005115476587 0.476647395344614
-9999 -9999 -9999 -9999 -9999 -9999 -9999 -9999 -9999 -9999 -9999 -9999 1 1 1 1 1 1 1 1 1 1 0.818324908435996 1 1 1 1 1 1 1 1 1 1 1 1 1 1 1 1 1 1 1 1 1 1 0.953325059781457 0.883827224021552 0.767321488028574 1 0.930138935133335 0.790749765414535 0.860308139358901 0.953113176135848 0.953113176135848 0.767321488028574 0.767321488028574 0.690347186487877 0.710809092835306 0.555104882404577 0.476647395344614 0.420558767442564 0.0754305778369707 0.0376850198262554 0.0376850198262554 0.0376850198262554 0.0376850198262554 0.0376850198262554 0.0376850198262554 0.0376850198262554 0.0563005115476587 0.168023730968308
-9999 -9999 -9999 -9999 -9999 -9999 -9999 -9999 -9999 -9999 -9999 -9999 -9999 -9999 -9999 -9999 -9999 1 1 1 1 1 0.680782153343221 1 1 1 1 1 1 1 1 1 1 1 1 1 1 1 1 1 1 1 1 1 1 1 1 0.976541453521809 0.976541453521809 0.906680388655144 0.790749765414535 0.860277870266671 0.953113176135848 0.790447074492236 0.747858461724733 0.767321488028574 0.767321488028574 0.748615189030481 0.710809092835306 0.19108877924751 0.0563005115476587 0.0563005115476587 0.0376850198262554 0.0376850198262554 0.0376850198262554 0.0376850198262554 0.0376850198262554 0.0376850198262554 0.0376850198262554 0.0563005115476587 0.149377970154675
-9999 -9999 -9999 -9999 -9999 -9999 -9999 -9999 -9999 -9999 -9999 -9999 -9999 -9999 -9999 -9999 -9999 -9999 1 1 1 1 0.883887762206012 1 1 1 1 1 1 1 1 1 1 1 1 1 1 1 1 1 1 1 1 1 1 1 1 1 1 1 0.837273360171929 0.883585071283712 0.767321488028574 0.767321488028574 0.747646578079123 0.748615189030481 0.748615189030481 0.555044344220117 0.362896146744559 0.0563005115476587 0.0378060961951751 0.0191906044737718 0.0376850198262554 0.0376850198262554 0.0376850198262554 0.0376850198262554 0.0184944153524836 0.0376850198262554 0.0376850198262554 0.0376850198262554 0.0563005115476587
-9999 -9999 -9999 -9999 -9999 -9999 -9999 -9999 -9999 -9999 -9999 -9999 -9999 -9999 -9999 -9999 -9999 -9999 -9999 1 1 1 0.86058056118897 1 1 1 1 1 1 1 1 1 1 1 1 1 1 1 1 1 1 1 1 1 1 1 1 1 1 0.767321488028574 0.883403456730333 0.953113176135848 0.767321488028574 0.591458062172715 0.150134697460423 0.13127705300118 0.304083300541817 0.139752398825559 0.0563005115476587 0.0563005115476587 0.0376850198262554 0.0191906044737718 0.0376850198262554 0.0376850198262554 0.0184944153524836 0.0184944153524836 0.0184944153524836 0.0376850198262554 0.0376850198262554 0.0563005115476587 0.168023730968308
-9999 -9999 -9999 -9999 -9999 -9999 -9999 -9999 -9999 -9999 -9999 -9999 -9999 -9999 -9999 -9999 -9999 -9999 -9999 1 1 0.883887762206012 1 1 1 1 1 1 1 1 1 1 1 1 1 1 1 1 1 -9999 1 -9999 1 1 1 1 1 0.767321488028574 0.767321488028574 0.767321488028574 0.906710657747374 0.906377697732845 0.728395435420892 0.632291067590883 0.13127705300118 0.0931985349759361 0.0931985349759361 0.162847716196991 0.0378060961951751 0.0563005115476587 0.0563005115476587 0.0191906044737718 0.0191906044737718 0.0376850198262554 0.0184944153524836 0.0184944153524836 0.0184944153524836 0.0376850198262554 0.0376850198262554 0.0563005115476587 0.186275993582952
-9999 -9999 -9999 -9999 -9999 -9999 -9999 -9999 -9999 -9999 -9999 -9999 -9999 -9999 -9999 -9999 -9999 -9999 -9999 -9999 1 1 1 1 1 1 1 1 1 1 1 1 1 1 1 1 1 1 1 1 -9999 -9999 -9999 1 1 1 1 0.767321488028574 0.976571722614039 0.767321488028574 0.953476405242607 0.929684898749886 0.708750794563671 0.631958107576354 0.13127705300118 0.380633834791295 0.284378121500136 0.169779338317644 0.0563005115476587 0.0563005115476587 0.0563005115476587 0.0376850198262554 0.0376850198262554 0.0376850198262554 0.0376850198262554 0.0184944153524836 0.0184944153524836 0.0376850198262554 0.0376850198262554 0.0563005115476587 0.186275993582952
-9999 -9999 -9999 -9999 -9999 -9999 -9999 -9999 -9999 -9999 -9999 -9999 -9999 -9999 -9999 -9999 -9999 -9999 -9999 -9999 0.976692798982959 1 1 1 1 1 1 1 1 1 1 1 1 1 1 1 1 1 1 1 1 -9999 -9999 1 1 1 1 0.883827224021552 0.930229742410025 0.976571722614039 0.953476405242607 0.953264521596997 0.708750794563671 0.708327027272452 0.534673245149378 0.275842237491298 0.0931985349759361 0.0931985349759361 0.0931985349759361 0.420558767442564 0.0563005115476587 0.0563005115476587 0.0376850198262554 0.0376850198262554 0.0376850198262554 0.0376850198262554 0.0184944153524836 0.0376850198262554 0.0376850198262554 0.0376850198262554 0.0563005115476587
-9999 -9999 -9999 -9999 -9999 -9999 -9999 -9999 -9999 -9999 -9999 -9999 -9999 -9999 -9999 -9999 -9999 -9999 -9999 -9999 0.976692798982959 1 1 1 1 1 1 1 1 1 1 1 1 1 1 1 1 1 1 1 1 1 -9999 -9999 1 1 1 1 0.790568150861156 0.976571722614039 0.790416805400006 0.767321488028574 0.767321488028574 0.632109453037503 0.325029512364924 0.595211429609226 0.691618488361534 0.59348609135212 0.574356025062808 0.476647395344614 0.476647395344614 0.189968822835003 0.0563005115476587 0.0191906044737718 0.0376850198262554 0.0376850198262554 0.0376850198262554 0.0184944153524836 0.0376850198262554 0.0376850198262554 0.0376850198262554
-9999 -9999 -9999 -9999 -9999 -9999 -9999 -9999 -9999 -9999 -9999 -9999 -9999 -9999 -9999 -9999 -9999 -9999 -9999 -9999 0.953627750703756 1 1 1 1 1 1 1 1 1 1 1 1 1 1 1 1 1 1 1 1 1 1 -9999 1 1 1 1 0.953476405242607 0.906922541392984 0.906771195931834 0.767321488028574 0.767321488028574 0.767321488028574 0.632109453037503 0.572267457698944 0.728698126343191 0.748615189030481 0.72897054817326 0.616914368738082 0.602082513545419 0.439749371916336 0.0563005115476587 0.0191906044737718 0.0376850198262554 0.0376850198262554 0.0376850198262554 0.0184944153524836 0.0376850198262554 0.0376850198262554 0.0376850198262554
-9999 -9999 -9999 -9999 -9999 -9999 -9999 -9999 -9999 -9999 -9999 -9999 -9999 -9999 -9999 -9999 -9999 -9999 -9999 -9999 1 1 1 1 1 1 1 1 1 1 1 1 1 1 1 1 1 1 1 1 1 1 1 1 1 -9999 1 1 1 0.767321488028574 0.860035717528831 0.976571722614039 1 0.976571722614039 0.953476405242607 0.708750794563671 0.708750794563671 0.629809002028029 0.748373036292642 0.710809092835306 0.136331991403578 0.0563005115476587 0.0563005115476587 0.0376850198262554 0.0376850198262554 0.0376850198262554 0.0376850198262554 0.0184944153524836 0.0376850198262554 0.0376850198262554 0.0376850198262554
-9999 -9999 -9999 -9999 -9999 -9999 -9999 -9999 -9999 -9999 -9999 -9999 -9999 -9999 -9999 -9999 -9999 -9999 -9999 -9999 1 1 1 1 1 1 1 1 1 1 1 1 1 1 1 1 1 0.930017858764416 1 1 1 1 1 1 1 1 1 1 1 0.790416805400006 1 0.976571722614039 0.907073886854133 0.976571722614039 0.953113176135848 0.906589581378454 0.767321488028574 0.728213820867512 0.747646578079123 0.690437993764567 0.26312921875473 0.0563005115476587 0.0376850198262554 0.0376850198262554 0.0191906044737718 0.0191906044737718 0.0376850198262554 0.0184944153524836 0.0376850198262554 0.0376850198262554 0.0376850198262554
-9999 -9999 -9999 -9999 -9999 -9999 -9999 -9999 -9999 -9999 -9999 -9999 -9999 -9999 -9999 -9999 -9999 -9999 -9999 0.976934951720798 1 1 1 1 1 1 1 1 1 1 1 1 1 1 1 1 1 0.953355328873687 0.790568150861156 0.976783606259648 1 1 1 1 1 1 1 1 1 0.767321488028574 1 0.976571722614039 0.767321488028574 0.976571722614039 0.883252111269183 0.953264521596997 0.929684898749886 0.747858461724733 0.571238308563126 0.573054454096922 0.186275993582952 0.0563005115476587 0.0376850198262554 0.0376850198262554 0.0191906044737718 0 0 0.0184944153524836 0.0376850198262554 0.0376850198262554 0.0376850198262554
