data-raw/DATASET_PNE_1/DATASET_PNE/a_DATA/PFGS/ENVSUIT_A1B/HS_f60_H8_notgraz.asc
NCOLS 619 
NROWS 782 
XLLCORNER 876826 
YLLCORNER 1947424 
CELLSIZE 100 
NODATA_value -9999 
[rows 160 to 191 of 782, columns 355 to 425 of 619]
0.546744241651391 -9999 -9999 -9999 -9999 -9999 0.830424271406179 0.809277118036184 1 1 0.978613745649691 -9999 -9999 -9999 -9999 -9999 -9999 -9999 -9999 -9999 -9999 -9999 1 0.957254058074971 1 0.957254058074971 0.957254058074971 1 1 1 1 1 0.851677691878537 0.978640312425281 1 0.856565978587179 0.671183018517043 0.588693180308706 0.527323928694774 0.50800988284052 0.252384368109243 0.116309343534975 -9999 0.0386015249329189 0 0 0 0 0 0 -9999 0 0 0 0 0 0 0 0 0 0 0 0 0 0 0.0195000132833878 0.330437554793975 0.448925373927366 0.507080045694854 0.584867564623682 0.584867564623682
-9999 -9999 -9999 -9999 -9999 -9999 -9999 0.809277118036184 1 1 0.978613745649691 0.893918865067347 0.893679764087033 -9999 -9999 -9999 -9999 -9999 -9999 -9999 -9999 -9999 0.894025132169709 0.957254058074971 0.894157966047661 0.978640312425281 1 1 1 1 0.809277118036184 0.809277118036184 0.809277118036184 0.920166839350708 0.625488164501474 0.566058287505645 0.546558274222258 0.468265986557212 0.330357854467203 -9999 -9999 -9999 0.0386015249329189 0.0386015249329189 0 0 0 0 0 0 -9999 0 0 0 0 0 0 0 0 0 0 0 0 0 0 0 0.0974734996413485 0.389575197258309 0.389681464360671 0.546026938710449 0.584867564623682
-9999 -9999 -9999 -9999 -9999 -9999 0.830530538508541 -9999 -9999 -9999 -9999 0.978613745649691 0.830291437528227 -9999 -9999 -9999 -9999 -9999 -9999 -9999 -9999 -9999 0.915145718764114 0.894157966047661 -9999 -9999 -9999 -9999 -9999 -9999 0.851677691878537 0.788023697563827 0.938976116468744 0.64602428203289 -9999 -9999 0.467468983289498 0.194096862463803 0.154857734916713 0.174357748200101 0.116335910310566 0.0581015382163067 0.0386015249329189 0.0388406259132329 0.0193406126298451 0.0388406259132329 0.0193406126298451 0 0 0 0.0393719614250418 0.0195000132833878 0.0195000132833878 0 0 0 0 0 0 0 0 0 0 0 0 0 0.0390000265667756 0.350070401955315 0.468265986557212 0.271724980739088 0.584867564623682
-9999 -9999 -9999 -9999 -9999 0.851624558327356 0.936478839563242 0.893998565394118 -9999 -9999 -9999 -9999 0.978613745649691 0.978613745649691 -9999 -9999 -9999 -9999 -9999 -9999 -9999 0.893679764087033 0.936160038256157 1 -9999 -9999 -9999 -9999 -9999 -9999 -9999 -9999 -9999 -9999 -9999 0.566058287505645 0.233601657766797 0.174357748200101 0.193167025318137 -9999 -9999 -9999 -9999 -9999 -9999 0.0581015382163067 0.0581015382163067 0.0581015382163067 0.116203076432613 0.154857734916713 0.468239419781621 0.429186259663665 0.389575197258309 0.136287558778991 0 0 0 0 0 0 0 0 0 0 0 0 0 0.175075051141043 0.409101777317287 0.194096862463803 0.546026938710449
-9999 -9999 -9999 -9999 -9999 0.915331686193247 0.894397067027975 0.936160038256157 -9999 -9999 -9999 -9999 0.957280624850562 0.957280624850562 -9999 -9999 -9999 -9999 -9999 -9999 -9999 0.87269201137058 0.893759464413804 -9999 -9999 -9999 -9999 -9999 -9999 -9999 -9999 0.726999814032571 0.666135331154858 -9999 -9999 0.584867564623682 0.19391089503467 -9999 -9999 -9999 -9999 -9999 -9999 -9999 -9999 0.154857734916713 0.154857734916713 0.154857734916713 0.174596849180415 0.428522090273903 0.566058287505645 0.527323928694774 0.50800988284052 0.429000292234532 0.213650009298371 0 0 0 0 0 0 0 0 0 0 0 0 0.0588719747084296 0.154857734916713 0.174756249833958 0.487739433065009
-9999 -9999 -9999 -9999 -9999 0.894397067027975 0.978613745649691 0.936239738582928 0.915145718764114 -9999 -9999 -9999 0.978613745649691 1 -9999 -9999 -9999 -9999 -9999 -9999 -9999 -9999 -9999 -9999 -9999 -9999 -9999 -9999 0.809277118036184 0.809277118036184 0.788023697563827 -9999 0.686352647379188 -9999 -9999 0.584867564623682 0.566058287505645 -9999 -9999 -9999 -9999 -9999 -9999 -9999 -9999 0.527323928694774 0.527323928694774 0.507080045694854 0.526314391222337 0.566058287505645 0.736776387449855 0.566058287505645 0.546823941978162 0.468265986557212 0.389575197258309 0.0782125873382748 0 0 0 0 0 0 0 0 0 0 0 0 0.155628171408836 0.389575197258309 0.468425387210754
-9999 -9999 -9999 -9999 -9999 -9999 0.957254058074971 0.978640312425281 -9999 -9999 -9999 -9999 1 1 -9999 -9999 -9999 -9999 -9999 0.957519725830876 -9999 -9999 -9999 -9999 0.936160038256157 0.809277118036184 0.830530538508541 -9999 0.788023697563827 0.809277118036184 0.788023697563827 -9999 -9999 -9999 -9999 -9999 -9999 -9999 -9999 -9999 -9999 0.310778140857044 0.588693180308706 0.631040620599878 0.651683005233655 0.818097287532212 0.776414016630802 0.628915278552642 0.58654127148588 0.58654127148588 0.799155176536224 0.605350548603916 0.566058287505645 0.507080045694854 0.487765999840599 0.389575197258309 0.0195000132833878 0 0 0 0 0 0 0 0 0 0 0 0.0390000265667756 0.330384421242794 0.448500305517919
-9999 -9999 -9999 -9999 -9999 -9999 -9999 0.872426343614676 -9999 -9999 -9999 -9999 0.978613745649691 0.957599426157647 -9999 -9999 -9999 -9999 -9999 -9999 -9999 -9999 0.978613745649691 1 1 1 1 1 0.788023697563827 0.830371137854999 -9999 -9999 -9999 -9999 -9999 -9999 -9999 -9999 -9999 -9999 -9999 0.877925666161898 0.920166839350708 0.854387502988762 0.788023697563827 1 0.981190722881964 0.961690709598576 0.90066682606732 0.726999814032571 0.726999814032571 0.64602428203289 0.605350548603916 0.584867564623682 0.526792593182965 0.487765999840599 0.330437554793975 0 0 0 0 0 0 0 0 0 0 0 0 0.0974203660901676 0.389575197258309
-9999 -9999 -9999 -9999 -9999 -9999 -9999 -9999 -9999 -9999 -9999 -9999 -9999 -9999 -9999 0.872771711697351 -9999 -9999 -9999 -9999 -9999 -9999 0.978666879200871 0.936531973114423 1 0.873010812677665 0.894397067027975 1 0.894397067027975 -9999 -9999 -9999 -9999 -9999 -9999 -9999 0.726999814032571 0.726999814032571 0.70670279748147 -9999 0.981190722881964 1 0.957546292606466 0.788023697563827 0.788023697563827 0.788023697563827 1 0.788023697563827 0.981190722881964 0.788023697563827 0.788023697563827 0.726999814032571 0.747349964134853 0.64602428203289 0.58654127148588 0.527323928694774 0.448925373927366 0.0588719747084296 0 0 0 0 0 0 0 0 0 0 0 0.0390000265667756 0.350070401955315
-9999 -9999 -9999 -9999 -9999 0.915172285539704 -9999 -9999 -9999 -9999 -9999 -9999 0.936266305358519 -9999 -9999 1 -9999 -9999 -9999 -9999 -9999 0.978852846630004 0.978613745649691 -9999 -9999 0.936160038256157 0.85186365930767 0.830530538508541 -9999 -9999 -9999 -9999 -9999 -9999 -9999 0.788023697563827 0.788023697563827 -9999 -9999 -9999 1 1 1 1 1 0.851810525756489 0.830663372386493 0.788023697563827 0.788023697563827 0.788023697563827 0.788023697563827 0.788023697563827 0.851810525756489 0.920166839350708 0.754204192237188 0.58654127148588 0.507292579899578 0.330836056427831 0 0 0 0 0 0 0 0 0 0 0 0.0195000132833878 0.252384368109243
-9999 -9999 -9999 -9999 0.978613745649691 1 0.957280624850562 0.957280624850562 0.957280624850562 0.957280624850562 0.957280624850562 0.872771711697351 0.851624558327356 -9999 -9999 -9999 -9999 -9999 -9999 -9999 1 1 0.978613745649691 -9999 -9999 -9999 -9999 -9999 -9999 -9999 -9999 -9999 -9999 -9999 -9999 -9999 -9999 -9999 1 1 1 1 1 1 1 1 0.788023697563827 1 -9999 -9999 0.788023697563827 1 0.978640312425281 0.788023697563827 0.726999814032571 0.606678887383438 0.546026938710449 0.448898807151776 0.0391859939959087 0 0 0 0 0 0 0 0 0 0 0 0.194575064424431
-9999 -9999 -9999 0.915172285539704 1 0.957280624850562 0.957280624850562 0.872771711697351 0.936186605031747 0.936186605031747 0.936186605031747 0.893786031189395 0.915172285539704 -9999 -9999 -9999 -9999 -9999 1 1 0.957599426157647 0.978613745649691 0.978613745649691 0.957918227464733 0.893998565394118 0.873010812677665 -9999 -9999 -9999 -9999 -9999 -9999 -9999 -9999 -9999 0.809277118036184 -9999 -9999 1 1 1 1 1 -9999 1 1 0.851916792858851 -9999 -9999 -9999 -9999 0.788023697563827 0.788023697563827 0.809409951914136 0.893892298291756 0.648601259265163 0.566058287505645 0.468637921415478 0.291570362105151 0 0 0 0 0 0 0 0 0 0 0 0.0390000265667756
-9999 0.936160038256157 1 1 0.957280624850562 0.957280624850562 0.915012884886161 0.872771711697351 0.872638877819399 0.9363194389097 0.872638877819399 0.893786031189395 0.915172285539704 -9999 -9999 -9999 0.893786031189395 0.91493318455939 0.915172285539704 0.978613745649691 -9999 -9999 -9999 -9999 -9999 -9999 -9999 -9999 -9999 -9999 -9999 -9999 -9999 0.830530538508541 0.830530538508541 0.809277118036184 -9999 0.873063946228846 1 1 1 0.936531973114423 -9999 -9999 -9999 0.809277118036184 1 1 1 -9999 -9999 0.809277118036184 0.788023697563827 0.830663372386493 0.809409951914136 0.690762732127202 0.566058287505645 0.487765999840599 0.389575197258309 0.0195000132833878 0 0 0 0 0 0 0 0 0 0 0.0390000265667756
0.87269201137058 0.893679764087033 1 1 0.957280624850562 -9999 -9999 0.851624558327356 0.872638877819399 0.894025132169709 0.893786031189395 0.872638877819399 0.978905980181185 1 1 1 1 0.936266305358519 0.936266305358519 1 -9999 -9999 -9999 -9999 -9999 -9999 -9999 -9999 -9999 -9999 -9999 -9999 1 -9999 0.809277118036184 -9999 -9999 1 1 1 1 0.936638240216785 -9999 -9999 0.91554422039797 0.851677691878537 0.894397067027975 0.788023697563827 0.788023697563827 0.788023697563827 0.809277118036184 0.788023697563827 1 0.830424271406179 0.726999814032571 0.688531122977604 0.566058287505645 0.507080045694854 0.409075210541697 0.0782125873382748 0 0 0 0 0 0 0 0 0 0 0
0.957254058074971 -9999 1 1 0.957280624850562 0.872771711697351 0.957360325177333 0.872771711697351 0.957360325177333 0.872771711697351 0.851624558327356 0.851624558327356 0.851624558327356 -9999 -9999 0.851624558327356 0.978746579527643 0.893918865067347 0.957280624850562 0.978613745649691 -9999 -9999 -9999 -9999 -9999 -9999 -9999 -9999 -9999 -9999 1 -9999 -9999 -9999 -9999 -9999 -9999 -9999 -9999 1 -9999 1 1 1 1 0.894397067027975 0.894397067027975 1 0.788023697563827 -9999 -9999 0.788023697563827 0.788023697563827 0.809277118036184 0.747349964134853 0.645599213623443 0.584867564623682 0.526792593182965 0.468425387210754 0.27188438139263 0 0 0 0 0 0 0 0 0 0 0
-9999 -9999 -9999 1 1 1 1 0.978666879200871 0.978666879200871 0.978666879200871 0.978666879200871 0.957280624850562 0.957280624850562 0.957280624850562 0.957280624850562 0.957280624850562 -9999 0.87266544459499 0.936266305358519 0.957280624850562 0.978852846630004 -9999 -9999 1 1 -9999 1 1 -9999 -9999 -9999 -9999 -9999 -9999 -9999 -9999 -9999 -9999 -9999 1 -9999 1 1 1 0.978640312425281 1 1 1 -9999 -9999 -9999 0.788023697563827 0.788023697563827 0.788023697563827 0.747349964134853 0.64602428203289 0.605350548603916 0.546026938710449 0.488137934698866 0.369756382667836 0 0 0 0 0 0 0 0 0 0 0
-9999 -9999 -9999 -9999 1 1 -9999 -9999 -9999 -9999 -9999 -9999 -9999 -9999 -9999 -9999 -9999 0.957280624850562 0.957360325177333 0.936266305358519 0.957280624850562 0.957280624850562 0.978666879200871 0.978666879200871 -9999 -9999 -9999 -9999 -9999 1 -9999 -9999 1 1 -9999 -9999 1 1 1 0.978666879200871 1 1 1 1 1 1 1 1 -9999 -9999 -9999 0.788023697563827 0.788023697563827 0.788023697563827 0.747349964134853 0.666135331154858 0.605350548603916 0.584867564623682 0.488137934698866 0.409075210541697 0 0 0 0 0 0 0 0 0 0 0
-9999 -9999 -9999 -9999 0.915384819744428 0.978640312425281 -9999 -9999 -9999 -9999 -9999 -9999 -9999 -9999 -9999 -9999 -9999 -9999 0.872771711697351 1 0.915172285539704 -9999 -9999 -9999 0.957572859382057 0.978666879200871 0.978666879200871 1 1 1 1 1 1 1 -9999 1 1 1 1 1 1 1 1 1 1 1 1 1 0.894397067027975 1 -9999 -9999 -9999 0.788023697563827 0.788023697563827 0.747349964134853 0.666135331154858 0.605350548603916 0.507080045694854 0.448500305517919 0.0390000265667756 0 0 0 0 0 0 0 0 0 0
-9999 -9999 -9999 -9999 0.893998565394118 -9999 -9999 -9999 -9999 -9999 -9999 -9999 -9999 -9999 -9999 -9999 -9999 -9999 -9999 0.872771711697351 0.872771711697351 0.830371137854999 0.830371137854999 0.936186605031747 0.915172285539704 0.978666879200871 0.978666879200871 0.978666879200871 -9999 -9999 -9999 0.978640312425281 1 1 1 1 1 1 1 -9999 -9999 -9999 -9999 1 1 1 1 0.978985680507957 0.894397067027975 1 1 -9999 -9999 0.851491724449404 0.788023697563827 0.767540713583592 0.667171435402885 0.58654127148588 0.546026938710449 0.448925373927366 0.0974203660901676 0 0 0 0 0 0 0 0 0 0
-9999 -9999 -9999 -9999 0.873010812677665 -9999 0.872824845248532 0.936399139236471 -9999 -9999 -9999 -9999 -9999 -9999 -9999 -9999 -9999 -9999 -9999 0.936266305358519 0.978666879200871 1 1 0.978666879200871 0.978666879200871 0.85127919024468 0.957572859382057 -9999 -9999 -9999 -9999 -9999 -9999 -9999 1 -9999 -9999 1 -9999 -9999 -9999 -9999 -9999 1 -9999 1 1 1 0.957838527137961 1 1 1 -9999 1 1 1 0.768497117504849 0.64602428203289 0.546026938710449 0.468637921415478 0.0390000265667756 0 0 0 0 0 0 0 0 0 0
-9999 -9999 -9999 0.915384819744428 0.809356818362955 0.936399139236471 0.830424271406179 0.830424271406179 0.873063946228846 -9999 -9999 -9999 -9999 -9999 -9999 1 1 1 0.915066018437342 -9999 -9999 -9999 -9999 1 0.978666879200871 0.978666879200871 0.830371137854999 -9999 -9999 0.978640312425281 1 -9999 -9999 1 0.915570787173561 0.979012247283547 -9999 1 -9999 -9999 -9999 0.809277118036184 -9999 -9999 -9999 1 0.936664806992375 1 0.830424271406179 0.809277118036184 0.809277118036184 1 0.957493159055285 0.894237666374432 0.851491724449404 0.788023697563827 0.747349964134853 0.648362158284849 0.546026938710449 0.448898807151776 0.0390000265667756 0 0 0 0 0 0 0 0 0 0
-9999 -9999 0.957307191626152 0.978852846630004 0.894237666374432 0.809277118036184 0.809277118036184 0.872798278472942 0.809277118036184 -9999 -9999 -9999 -9999 -9999 -9999 1 1 0.978640312425281 -9999 -9999 -9999 -9999 -9999 1 1 1 0.915251985866475 0.978666879200871 1 -9999 1 -9999 -9999 0.978905980181185 -9999 -9999 -9999 1 1 -9999 -9999 -9999 0.809277118036184 -9999 0.809277118036184 1 0.851810525756489 0.851810525756489 0.809277118036184 0.809277118036184 0.788023697563827 0.788023697563827 0.788023697563827 0.788023697563827 0.851757392205308 0.788023697563827 0.747349964134853 0.754204192237188 0.566058287505645 0.389442363380357 0.0196859807125209 0 0 0 0 0 0 0 0 0 0
-9999 -9999 0.851624558327356 0.872771711697351 0.809277118036184 0.830371137854999 0.830371137854999 0.809277118036184 0.809277118036184 -9999 -9999 -9999 -9999 -9999 -9999 -9999 1 1 1 -9999 -9999 -9999 -9999 1 1 1 1 1 1 -9999 -9999 0.936558539890014 0.809277118036184 -9999 -9999 0.873010812677665 0.957997927791504 -9999 1 -9999 -9999 0.809277118036184 0.809277118036184 -9999 -9999 1 0.809277118036184 0.809277118036184 0.788023697563827 0.809277118036184 0.788023697563827 1 1 1 1 0.852155893839165 0.688531122977604 0.629287213410908 0.509657022927127 0.0974203660901676 0.0196859807125209 0 0 0 0 0 0 0 0 0 0
-9999 0.830371137854999 0.830530538508541 0.809277118036184 0.809277118036184 0.830530538508541 0.809277118036184 0.809277118036184 0.809277118036184 -9999 -9999 -9999 -9999 -9999 -9999 -9999 1 1 1 1 -9999 -9999 -9999 -9999 1 1 1 1 1 1 -9999 -9999 0.788023697563827 0.788023697563827 -9999 1 1 1 0.894397067027975 0.978852846630004 0.788023697563827 -9999 -9999 -9999 0.830291437528227 0.809277118036184 0.788023697563827 0.809277118036184 0.788023697563827 0.788023697563827 0.809277118036184 1 0.894343933476794 1 0.80962248611886 0.794532557583486 0.671448686272947 0.546026938710449 0.429186259663665 0.0390000265667756 0 0 0 0 0 0 0 0 0 0 0.0195000132833878
0.809277118036184 0.788023697563827 0.809277118036184 0.788023697563827 0.788023697563827 0.788023697563827 0.788023697563827 0.809277118036184 -9999 0.788023697563827 0.936478839563242 -9999 -9999 -9999 -9999 0.936558539890014 1 1 1 -9999 -9999 -9999 -9999 -9999 -9999 1 1 1 1 1 1 1 1 -9999 -9999 0.873249913657979 1 1 0.978852846630004 0.978852846630004 1 0.788023697563827 0.788023697563827 0.788023697563827 0.788023697563827 0.809277118036184 0.788023697563827 0.809277118036184 0.809277118036184 0.788023697563827 0.788023697563827 0.788023697563827 0.788023697563827 0.767540713583592 0.686352647379188 0.778034589941819 0.546026938710449 0.448925373927366 0.194707898302383 0.0196859807125209 0 0 0 0 0 0 0 0 0 0 0.0195000132833878
0.809277118036184 0.767540713583592 0.747509364788396 0.747349964134853 0.747349964134853 0.767540713583592 0.767540713583592 0.767540713583592 0.788023697563827 0.809277118036184 0.830530538508541 0.851996493185622 -9999 -9999 0.894157966047661 -9999 0.91554422039797 0.978985680507957 -9999 -9999 -9999 -9999 -9999 -9999 -9999 0.936399139236471 -9999 -9999 -9999 1 1 1 0.936478839563242 0.809277118036184 -9999 0.788023697563827 1 1 0.978852846630004 0.978852846630004 0.830530538508541 0.788023697563827 0.788023697563827 0.788023697563827 0.788023697563827 0.788023697563827 0.788023697563827 0.788023697563827 0.788023697563827 0.936478839563242 0.788023697563827 0.788023697563827 0.767540713583592 0.686352647379188 0.713928960442071 0.566058287505645 0.429000292234532 0.291570362105151 0 0 0 0 0 0 0 0 0 0 0 0.0195000132833878 0.0195000132833878
0.767540713583592 0.726999814032571 0.666321298583991 0.686352647379188 0.665816529847772 0.686352647379188 0.747349964134853 0.767540713583592 0.809277118036184 0.830424271406179 0.830530538508541 0.894343933476794 -9999 -9999 -9999 1 0.978640312425281 1 -9999 0.915491086846789 0.957493159055285 0.957493159055285 0.915384819744428 0.894397067027975 0.851996493185622 0.915491086846789 0.915491086846789 -9999 -9999 0.809277118036184 0.851916792858851 0.809277118036184 0.788023697563827 0.830663372386493 0.893759464413804 0.893759464413804 0.788023697563827 1 0.788023697563827 0.978852846630004 0.809277118036184 0.978852846630004 0.788023697563827 0.788023697563827 0.788023697563827 0.788023697563827 0.788023697563827 0.788023697563827 0.788023697563827 0.830397704630589 1 0.767540713583592 0.815679710953482 0.713928960442071 0.652506575276959 0.468637921415478 0.27188438139263 0 0 0 0 0 0 0 0 0 0 0.0390000265667756 0.19452193087325 0.175075051141043 0.175075051141043
0.686352647379188 0.645599213623443 0.605350548603916 0.625488164501474 0.605350548603916 0.625488164501474 0.706968465237374 0.767540713583592 0.788023697563827 0.788023697563827 0.809277118036184 0.978852846630004 -9999 -9999 1 0.978905980181185 0.91554422039797 0.936638240216785 0.936478839563242 0.809277118036184 0.809277118036184 -9999 0.788023697563827 0.830663372386493 0.936744507319147 0.89413139927207 -9999 -9999 0.788023697563827 0.830530538508541 0.936478839563242 0.788023697563827 0.788023697563827 0.830371137854999 0.809277118036184 0.851757392205308 0.872771711697351 0.978852846630004 0.788023697563827 1 0.788023697563827 0.830663372386493 0.788023697563827 0.788023697563827 0.788023697563827 0.788023697563827 0.788023697563827 0.788023697563827 0.788023697563827 0.915251985866475 1 0.815679710953482 0.735022980260886 0.608060359714142 0.468637921415478 0.350070401955315 0.0390000265667756 0 0 0 0 0 0 0 0 0 0.0390000265667756 0.291304694349247 0.409314311522011 0.389309529502404 0.389309529502404
0.625488164501474 0.584867564623682 0.605350548603916 0.605350548603916 0.605350548603916 -9999 -9999 0.788023697563827 0.788023697563827 0.788023697563827 0.830371137854999 0.851757392205308 -9999 1 1 1 0.873010812677665 0.894397067027975 0.957493159055285 -9999 -9999 -9999 0.809409951914136 0.788023697563827 0.851651125102946 0.915331686193247 -9999 -9999 0.873063946228846 0.915331686193247 0.872984245902075 0.788023697563827 0.788023697563827 0.788023697563827 0.809277118036184 0.788023697563827 0.788023697563827 1 0.809409951914136 0.788023697563827 0.788023697563827 0.788023697563827 0.767540713583592 0.767540713583592 0.788023697563827 0.788023697563827 0.788023697563827 0.788023697563827 0.809409951914136 0.873037379453256 0.899019685980713 0.798517573922053 0.546026938710449 0.429000292234532 0.291171860471295 0.0390000265667756 0 0 0 0 0 0 0 0 0 0.0390000265667756 0.271671847187907 0.429000292234532 0.468425387210754 0.468425387210754 0.448500305517919
0.587205440875641 0.584867564623682 0.584867564623682 0.584867564623682 0.584867564623682 -9999 0.646608751095879 0.788023697563827 0.809277118036184 0.809277118036184 0.830371137854999 0.89410483249648 0.830663372386493 -9999 1 0.936585106665604 0.809277118036184 0.851996493185622 0.809277118036184 -9999 -9999 -9999 0.851651125102946 0.809409951914136 0.788023697563827 0.851757392205308 0.809409951914136 0.957493159055285 0.788023697563827 0.809277118036184 0.978852846630004 0.788023697563827 0.788023697563827 0.894237666374432 0.788023697563827 0.767540713583592 0.809409951914136 1 1 1 0.767540713583592 0.832709014106958 0.726999814032571 0.70670279748147 0.832602747004596 0.832709014106958 0.853856167476953 0.811455593634601 0.792646316516564 0.691586302170506 0.735527748997104 0.695039982997264 0.448925373927366 0.252490635211604 0.0390000265667756 0 0 0 0 0 0 0 0 0 0.0390000265667756 0.252357801333652 0.429000292234532 0.487872266942961 0.546026938710449 0.526686326080604 0.468425387210754
-9999 -9999 -9999 0.565553518769427 0.60617411864722 -9999 0.625567864828246 0.767540713583592 0.788023697563827 0.809277118036184 0.788023697563827 0.809277118036184 0.894343933476794 -9999 0.978640312425281 0.936744507319147 0.894397067027975 0.978640312425281 0.809277118036184 0.851996493185622 -9999 -9999 -9999 -9999 0.788023697563827 0.788023697563827 0.809409951914136 0.809409951914136 1 0.788023697563827 0.788023697563827 0.788023697563827 0.957625992933238 0.979517016019766 0.726999814032571 0.646608751095879 0.726999814032571 0.750272309449802 0.920166839350708 0.920166839350708 0.859302356472995 0.649052894450201 0.62995138280067 0.735527748997104 0.62995138280067 0.734916713158524 0.778034589941819 0.650965702292713 0.650965702292713 0.650965702292713 0.71804681065859 0.468637921415478 0.272070348821764 0.0195000132833878 0 0 0 0 0 0 0 0 0 0.0195000132833878 0.213782843176324 0.429000292234532 0.487659732738238 0.546026938710449 0.625488164501474 0.584867564623682 0.526686326080604
-9999 -9999 -9999 0.526580058978242 0.586036502749661 0.605350548603916 0.645599213623443 0.767540713583592 0.788023697563827 0.788023697563827 0.788023697563827 0.851810525756489 -9999 -9999 -9999 1 -9999 0.851916792858851 0.851996493185622 0.788023697563827 -9999 -9999 -9999 -9999 -9999 0.788023697563827 0.809277118036184 0.788023697563827 0.788023697563827 0.788023697563827 0.809409951914136 0.851757392205308 0.96070773890173 0.940357588799448 0.816901782630642 0.566509922690683 0.526314391222337 0.567413193060758 0.778034589941819 0.778034589941819 0.778034589941819 0.758534576658431 0.714539996280651 0.548152280757684 0.67580563746978 0.693392842910656 0.548152280757684 0.507080045694854 0.487765999840599 0.468265986557212 0.429186259663665 0.136048457798677 0.0195000132833878 0 0 0 0 0 0 0 0 0 0.0390000265667756 0.233070322254988 0.428814324805398 0.487659732738238 0.546026938710449 0.585319199808719 0.625488164501474 0.625488164501474 0.546026938710449
