data-raw/DATASET_PNE_1/DATASET_PNE/a_DATA/PFGS/ENVSUIT_A1B/HS_f0_C5_CallVulg.asc
NCOLS 619 
NROWS 782 
XLLCORNER 876826 
YLLCORNER 1947424 
CELLSIZE 100 
NODATA_value -9999 
[rows 544 to 575 of 782, columns 497 to 567 of 619]
0 0 0.09169921875 0 0 0.050048828125 0 0 0 0 0 0 0 0 0 0 0 0 0 0 0 0 0 0 0 0 0 0 0 0 0 0 0 0 0 0 0 0 0 0 0 0 0 0 0 0 0 0.417138671875 0.681982421875 0.79931640625 0.60703125 0.714208984375 0.714208984375 0.714208984375 0.24375 0.415625 0.66142578125 0.69697265625 0.659765625 0.642041015625 0.725244140625 0 0 0.15927734375 0.629248046875 0.953466796875 0.6798828125 0.543212890625 0.474951171875 0.66279296875 0.6798828125
0 0 0 0 0.01669921875 0.202734375 0 0 0 0 0 0 0 0 0 0 0 0 0 0 0 0 0 0 0 0 0 0 0 0 0 0 0 0 0 0 0 0 0 0 0 0 0 0 0 0 0.0189453125 0.223876953125 0.564892578125 0.774267578125 0.571484375 0.624267578125 0.714208984375 0.714208984375 0.742919921875 0.305615234375 0.397216796875 0.69697265625 0.679150390625 0.662646484375 0.725244140625 0.69638671875 0.62890625 0.1578125 0.2830078125 0.070361328125 0.083544921875 0.1046875 0.03525390625 0.50888671875 0.6798828125
0 0 0 0 0.058349609375 0.341259765625 0 0 0 0 0 0 0 0 0 0 0 0 0 0 0 0 0 0 0 0 0 0 0 0 0 0 0 0 0 0 0 0 0 0 0 0 0 0 0 0 0 0 0.1162109375 0.537109375 0.820849609375 0.914111328125 0.742919921875 0.32587890625 0.742919921875 0.742919921875 0.589208984375 0.62509765625 0.679150390625 0.69638671875 0.724755859375 0.69638671875 0.856103515625 0.971533203125 0.88662109375 1 0.8857421875 0.8275390625 0.913818359375 0.50888671875 0.142333984375
0 0 0 0 0 0.4583984375 0 0 0 0 0 0 0 0 0 0 0 0 0 0 0 0 0 0 0 0 0 0 0 0 0 0 0 0 0 0 0 0 0 0 0 0 0 0 0 0 0 0 0 0.223876953125 0.58681640625 0.6337890625 0.914111328125 0.624267578125 0.066845703125 0.660791015625 0.714208984375 0.69638671875 0.69638671875 0.679150390625 0.679150390625 0.714208984375 0.885791015625 0.69638671875 0.679150390625 1 0.799462890625 0.971533203125 0.942822265625 0.942822265625 0.85634765625
0 0 0 0 0 0.324755859375 0.534228515625 0 0 0 0 0 0 0 0 0 0 0 0 0 0 0 0 0 0 0 0 0 0 0 0 0 0 0 0 0 0 0 0 0 0 0 0 0 0 0 0 0 0 0 0 0 0.91572265625 0.914111328125 0.856787109375 0.742919921875 0.714208984375 0.714208984375 0.714208984375 0.714208984375 0.714208984375 0.62509765625 0.714208984375 0.168994140625 0.034521484375 0.574755859375 0.73623046875 0.679150390625 0.91357421875 0.88486328125 0.913720703125
0 0 0 0 0 0.01669921875 0.517724609375 0.517724609375 0 0 0 0 0 0 0 0 -9999 -9999 -9999 0 0 0 0 0 0 0 0 0 0 0 0 0 0 0 0 0 0 0 0 0 0 0 0 0 0 0 0 0 0 0 0 0 0 0.30830078125 0.753955078125 0.742919921875 0.742919921875 0.742919921875 0.714208984375 0.742919921875 0.742919921875 0.679150390625 0.305615234375 0.068896484375 0.068896484375 0.1533203125 0.085791015625 0.452587890625 0.851611328125 0.5259765625 0.752880859375
0 0 0 0 0 0 0.3310546875 0.552099609375 0.552099609375 0 0 0 0 0 0 0 -9999 -9999 -9999 -9999 -9999 0 0 0 0 0 0 0 0 0 0 0 0 0 0 0 0 0 0 0 0 0 0 0 0 0 0 0 0 0 0 0 0 0 0.342529296875 0.382275390625 0 0.537109375 0.64248046875 0.660791015625 0.714208984375 0.714208984375 0.3234375 0.068896484375 0.068896484375 0.11904296875 0.068896484375 0.13662109375 0.575341796875 0.24541015625 0.2830078125
0 0 0 0 0 0 0 0.537109375 0.641845703125 0.5693359375 0 0 0 0 0 0 -9999 -9999 -9999 -9999 -9999 -9999 0 0 0 0 0 0 0 0 0 0 0 0 0 0 0 0 0 0 0 0 0 0 0 0 0 0 0 0 0 0 0 0 0.209814453125 0.1638671875 0 0.25009765625 0.570751953125 0.39140625 0.168994140625 0.625244140625 0.551416015625 0.01748046875 0.01748046875 0.085791015625 0.0521484375 0.10244140625 0.645556640625 0.12001953125 0.1060546875
0 0 0 0 0 0 0 0.117578125 0.570751953125 0.588623046875 0.534228515625 0 0 0 0 0 -9999 -9999 -9999 -9999 -9999 -9999 0 0 0 0 0 0 0 0 0 0 0 0 0 0 0 0 0 0 0 0 0 0 0 0 0 0 0 0 0 0 0 0 0.02890625 0 0 0.066845703125 0.554248046875 0.588623046875 0.168994140625 0.168994140625 0.2025390625 0 0 0.068896484375 0 0.068896484375 0.41435546875 0.12001953125 0.01748046875
0 0 0 0 0 0 0 0 0.285546875 0.55361328125 0.6994140625 0.534228515625 0.11123046875 0 0 0 -9999 -9999 -9999 -9999 -9999 -9999 -9999 0 0 0 0 0 0 0 0 0 0 0 0 0 0 0 0 0 0 0 0 0 0 0 0 0 0 0 0 0 0 0 0 0 0 0 0.4330078125 0.570751953125 0.479638671875 0.168994140625 0.068896484375 0 0 0.01748046875 0.068896484375 0.068896484375 0.31806640625 0.103369140625 0.034521484375
0 0 0 0 0 0 0 0 0 0.071240234375 0.670556640625 0.81044921875 0.552099609375 0.332568359375 0.01669921875 0.01669921875 -9999 -9999 -9999 -9999 -9999 -9999 0 0 0 0 0 0 0 0 0 0 0 0 0 0 0 0 0 0 0 0 0 0 0 0 0 0 0 0 0 0 0 0 0 0 0.057763671875 0.35908203125 0.537109375 0.32587890625 0.359423828125 0.588623046875 0.168994140625 0.01748046875 0 0 0.068896484375 0.1357421875 0.279443359375 0.222900390625 0.246142578125
0 0 0 0 0 0 0 0 0 0 0.535791015625 0.641845703125 0.728515625 0.624267578125 0.49833984375 0.299365234375 -9999 -9999 -9999 -9999 -9999 0 0 0 0 0 0 0 0 0 0 0 0 0 0 0 0 0 0 0 0 0 0 0 0 0 0 0 0 0 0.1140625 0 0 0 0 0 0.02890625 0.537109375 0.566015625 0.32587890625 0.101025390625 0.267138671875 0.168994140625 0 0 0 0.068896484375 0.416162109375 0.679296875 0.645556640625 0.850830078125
0 0 0 0 0 0 0 0 0 0 0 0.535791015625 0.641845703125 0.69599609375 0.588623046875 0.562939453125 0.096826171875 0.135400390625 0 0 0 0 0 0 0 0 0 0 0 0 0 0 0 0 0 0 0 0 0 0 0 0 0 0 0 0 0 0 0 0 0 0 0 0 0 0 0 0.537109375 0.588623046875 0.28642578125 0.117578125 0.189306640625 0.357275390625 0 0 0 0 0.068896484375 0.416162109375 0.171533203125 0.7666015625
0 0 0 0 0 0 0 0 0 0 0 0 0.535791015625 0.69599609375 0.69599609375 0.588623046875 0.58232421875 0.541015625 0.033349609375 0 0 0 0 0 0 0 0 0 0 0 0 0 0 0 0 0 0 0 0 0 0 0 0 0 0 0 0 0 0 0 0 0 0 0 0 0 0 0.537109375 0.537109375 0.32841796875 0 0.32587890625 0.24267578125 0 0 0 0 0.068896484375 0.1533203125 0.1533203125 0.851416015625
0.519287109375 0.537109375 0.5017578125 0 0 0 0 0 0 0 0 0 0 0.588623046875 0.714208984375 0.69599609375 0.867431640625 0.8677734375 0.36953125 0 0 0 0 0 0 0 0.41845703125 0 0.050048828125 0 0 0 0 0 0 0 0 0 0 0 0 0 0 0 0 0 0 0 0 0 0 0 0 0 0.056640625 0 0.0189453125 0.399267578125 0.4857421875 0.18837890625 0.308837890625 0.22578125 0.068896484375 0.01748046875 0 0 0 0.11904296875 0.416162109375 0.188232421875 0.592626953125
0.714208984375 0.714208984375 0.714208984375 0.714208984375 0.714208984375 0.535791015625 0 0.03349609375 0 0 0 0 0.151953125 0.606787109375 0.714208984375 0.714208984375 -9999 -9999 -9999 0.25390625 0.16142578125 0.290380859375 0.429541015625 0.72119140625 0.5458984375 0.3796875 0.620703125 0.556884765625 0.380615234375 0 0.050048828125 0.43681640625 0.274658203125 0.274658203125 0.169775390625 0.285205078125 0 0 0 0 0 0 0 0 0 0 0 0 0 0 0 0 0 0 0 0 0.0189453125 0.156201171875 0.29130859375 0.347802734375 0.381494140625 0.470166015625 0.22578125 0.106103515625 0 0 0.068896484375 0.398388671875 0.5732421875 0.188232421875 0.29814453125
0.5890625 0.6791015625 0.714208984375 0.714208984375 0.714208984375 0.714208984375 0.714208984375 0.714208984375 0.714208984375 0.714208984375 0.714208984375 0.678759765625 0.714208984375 0.714208984375 0.742919921875 0.714208984375 -9999 -9999 -9999 0.6001953125 0.58232421875 0.537109375 0.55361328125 0.588623046875 0.76826171875 0.796630859375 0.768017578125 0.738916015625 0.81025390625 0 0.390673828125 0.710546875 0.5658203125 0.5658203125 0.43876953125 0.829541015625 0.374365234375 0 0.471923828125 0 0 0 0 0 0 0 0 0 0 0 0 0 0 0 0 0 0 0 0.085888671875 0.296875 0.537109375 0.624267578125 0.3654296875 0.085791015625 0 0 0.11904296875 0.50478515625 0.20478515625 0.2626953125 0.266552734375
0.5716796875 0.6080078125 0.64287109375 0.64287109375 0.679150390625 0.714208984375 0.714208984375 0.714208984375 0.714208984375 0.714208984375 0.714208984375 0.714208984375 0.714208984375 0.714208984375 0.714208984375 -9999 -9999 -9999 -9999 0.69599609375 0.641845703125 0.69599609375 0.742822265625 0.69599609375 0.69599609375 0.753076171875 0.635498046875 0.652978515625 0.91435546875 0.681689453125 0.867431640625 0.867431640625 0.652978515625 0.624267578125 0.724609375 0.867431640625 0.91435546875 0.942822265625 0.924609375 0.5001953125 0 0.0189453125 0 0 0 0 0 0 0 0 0 0 0 0 0 0.027783203125 0 0.01669921875 0.411181640625 0.537109375 0.537109375 0.487744140625 0.329345703125 0.12275390625 0.01748046875 0.01748046875 0.209423828125 0.31552734375 0.1533203125 0.279833984375 0.0521484375
0.64287109375 0.679150390625 0.679150390625 0.661279296875 0.64287109375 0.679150390625 0.679150390625 0.810546875 0.838818359375 0.86796875 0.714208984375 0.714208984375 0.714208984375 0.714208984375 0.344775390625 -9999 -9999 -9999 -9999 0.714208984375 0.714208984375 0.69599609375 0.69599609375 0.714208984375 0.714208984375 0.714208984375 0.714208984375 0.714208984375 0.724609375 0.742822265625 0.742822265625 0.724609375 0.753076171875 0.681689453125 0.752734375 0.78134765625 0.828857421875 0.82861328125 0.728173828125 0.624267578125 0.223388671875 0.27939453125 0.425341796875 0.18212890625 0 0 0 0 0 0 0 0 0 0 0 0.044482421875 0 0.313623046875 0.537109375 0.588623046875 0.548193359375 0.60703125 0.5734375 0.39794921875 0.068896484375 0.01748046875 0.57490234375 0.17001953125 0.13662109375 0.188232421875 0.0521484375
0.714208984375 0.69697265625 0.679150390625 0.679150390625 0.625732421875 0.60634765625 0.625732421875 0.679150390625 0.679150390625 0.679150390625 0.679150390625 0.679150390625 0.642626953125 0.375732421875 0.01748046875 -9999 -9999 -9999 -9999 0.714208984375 0.714208984375 0.714208984375 0.714208984375 0.714208984375 0.714208984375 0.714208984375 0.714208984375 0.714208984375 0.714208984375 0.714208984375 0.714208984375 0.69599609375 0.724462890625 0.588623046875 0.624609375 0.714208984375 0.74267578125 0.624267578125 0.60703125 0.571484375 0.28798828125 0.313623046875 0.537109375 0.425341796875 0.47451171875 0 0 0 0 0 0 -9999 0 0 0 0.052294921875 0 0.537109375 0.588623046875 0.60703125 0.74931640625 0.64248046875 0.714208984375 0.209423828125 0.068896484375 0.1357421875 0.662646484375 0.188232421875 0.377685546875 0.20634765625 0.15224609375
0.757275390625 0.60634765625 0.489794921875 0.4501953125 0.4501953125 0.4501953125 0.489794921875 0.60634765625 0.411572265625 0.324462890625 0 0 0 0 0 -9999 -9999 -9999 -9999 0.742919921875 0.742919921875 0.714208984375 0.714208984375 0.742919921875 0.742919921875 0.714208984375 0.714208984375 0.714208984375 0.714208984375 0.714208984375 0.742919921875 0.69599609375 0.714208984375 0.69599609375 0.714208984375 0.714208984375 0.714208984375 0.635498046875 0.570751953125 0.61708984375 0.54775390625 0.55361328125 0.537109375 0.537109375 0.82978515625 0.21640625 0 0 0 0 0 -9999 -9999 -9999 -9999 -9999 0.7357421875 0.771533203125 0.624267578125 0.624267578125 0.714208984375 0.714208984375 0.64287109375 0.1357421875 0.17001953125 0.320068359375 0.452587890625 0.20634765625 0.13662109375 0.068896484375 0.0521484375
0 0 0 0 0 0 0 0 0 0.01748046875 0.0521484375 0 0 0 0 0 0 -9999 0.659765625 0.69638671875 0.714208984375 0.714208984375 0.714208984375 0.714208984375 0.714208984375 0.88466796875 0.714208984375 0.714208984375 0.714208984375 0.714208984375 0.714208984375 0.742919921875 0.714208984375 0.714208984375 0.714208984375 0.714208984375 0.714208984375 0.57080078125 0.588623046875 0.69599609375 0.570751953125 0.535791015625 0.635498046875 0.537109375 0.72734375 0.885498046875 0 0 0 0 0.068994140625 0 -9999 -9999 -9999 -9999 -9999 -9999 -9999 -9999 0.714208984375 0.714208984375 0.591552734375 0.10244140625 0.17001953125 0.20478515625 0.13662109375 0.068896484375 0.034521484375 0.138232421875 0.141162109375
0 0 0 0.35751953125 0.60634765625 0.66201171875 0.60634765625 0.643798828125 0.625732421875 0.17001953125 0.13662109375 0.086474609375 0 0 0.01748046875 0.0697265625 0 0 0 0.359228515625 0.659765625 0.714208984375 0.714208984375 0.714208984375 0.69638671875 0.506201171875 0.620703125 0.781640625 1 0.7419921875 0.714208984375 0.714208984375 0.714208984375 0.714208984375 0.714208984375 0.714208984375 0.714208984375 0.714208984375 0.714208984375 0.714208984375 0.69599609375 0.535791015625 0.653076171875 0.588623046875 0.803955078125 0.885986328125 0.885986328125 0.885986328125 0.9412109375 0.607958984375 0.60419921875 0.741259765625 0.414794921875 -9999 -9999 -9999 -9999 -9999 -9999 0.97138671875 0.48642578125 0.6263671875 0.6263671875 0.17001953125 0.17001953125 0.188232421875 0.085791015625 0.068896484375 0.068896484375 0.154833984375 0.20634765625
0.35751953125 0.644140625 0.607958984375 0.60634765625 0.625732421875 0.625732421875 0.60751953125 0.3685546875 0.240283203125 0.17001953125 0.103369140625 0.086474609375 0 0 0 0 0 0.068896484375 0.068896484375 0 0 0.1212890625 0.429443359375 0.543212890625 0.50361328125 0.240625 0.222900390625 0.433056640625 0.58017578125 0.69638671875 1 0.8853515625 1 0.97109375 0.9419921875 0.714208984375 0.714208984375 0.714208984375 0.714208984375 0.714208984375 0.714208984375 0.624609375 0.69599609375 0.642919921875 0.588623046875 0.85654296875 0.827685546875 0.79931640625 0.828173828125 0.914111328125 0.537109375 0.652978515625 0.537109375 -9999 -9999 -9999 -9999 -9999 -9999 -9999 0.943017578125 0.6263671875 0.679150390625 0.679150390625 0.679150390625 0.679150390625 0.585302734375 0.679150390625 0.662646484375 0.662646484375 0.48408203125
0.679150390625 0.79345703125 0.76474609375 0.79345703125 0.67158203125 0.57041015625 0.350439453125 0.119970703125 0.119970703125 0.33994140625 0.17001953125 0.186572265625 0.103369140625 0 0 0.01748046875 0.13662109375 0.17001953125 0.20478515625 0.310595703125 0.41201171875 0.3234375 0 0 0.01748046875 0.154833984375 0.188232421875 0.276904296875 0.399609375 0.466796875 0.69638671875 0.725244140625 0.753857421875 1 0.942919921875 0.97109375 0.79931640625 0.714208984375 0.742919921875 0.714208984375 0.714208984375 0.742919921875 0.714208984375 0.714208984375 0.714208984375 0.69599609375 0.69599609375 0.714208984375 0.714208984375 0.742919921875 0.588623046875 0.537109375 0.571484375 -9999 -9999 -9999 0.624267578125 -9999 0.844140625 0.91416015625 1 0.9427734375 0.679150390625 0.679150390625 0.509423828125 0.659765625 0.64326171875 0.62890625 0.61201171875 0.6798828125 0.6798828125
0.678759765625 0.643798828125 0.643798828125 0.643798828125 0.58955078125 0.503125 0.261572265625 0.17001953125 0.3234375 0.22216796875 0.3685546875 0.22216796875 0.17001953125 0.13662109375 0.33994140625 0.13662109375 0.17001953125 0.45927734375 0.25849609375 0.33994140625 0.393798828125 0.3234375 0.13662109375 0.375390625 0.305615234375 0.03349609375 0 0.1046875 0.330810546875 0.618701171875 0.677001953125 0.69638671875 0.63798828125 0.433056640625 0.466796875 0.725 1 0.828271484375 0.714208984375 0.714208984375 0.714208984375 0.742919921875 0.742919921875 0.714208984375 0.714208984375 0.714208984375 0.678759765625 0.66103515625 0.714208984375 0.714208984375 0.706982421875 0.570751953125 0.652880859375 0.347802734375 0.60703125 0.624267578125 -9999 0.75830078125 0.464111328125 0.942529296875 0.91416015625 0.91416015625 0.644775390625 0.509423828125 0.442041015625 0.575341796875 0.567041015625 0.486083984375 0.646142578125 0.69638671875 0.783056640625
0.6283203125 0.5818359375 0.646142578125 0.6283203125 0.74697265625 0.55517578125 0.486572265625 0.51640625 0.571240234375 0.350439453125 0.227197265625 0.3685546875 0.607958984375 0.511181640625 0.435107421875 0.33994140625 0.493017578125 0.511962890625 0.471826171875 0.33994140625 0.33994140625 0.188232421875 0.430322265625 0.88486328125 0.913720703125 0.913720703125 0.913720703125 0.80087890625 0.41201171875 0.336181640625 0.224755859375 0.17294921875 0.416162109375 0.433056640625 0.29521484375 0.466796875 0.69638671875 0.9708984375 1 1 0.942822265625 0.74306640625 0.714208984375 0.7712890625 0.742919921875 0.714208984375 0.742919921875 0.742919921875 0.742919921875 0.714208984375 0.714208984375 0.714208984375 0.641845703125 0.066845703125 0.684765625 0.678271484375 0.589208984375 -9999 0.17001953125 0.17001953125 0.631640625 0.799169921875 0.662646484375 0.442041015625 0.29521484375 0.4640625 0.69638671875 0.640380859375 0.942822265625 0.9712890625 0.9423828125
0.535791015625 0.482373046875 0.49990234375 0.221923828125 0.418310546875 0.536865234375 0.55517578125 0.624609375 0.5896484375 0.55517578125 0.227197265625 0.227197265625 0.417236328125 0.396923828125 0.570263671875 0.607958984375 0.3685546875 0.33994140625 0.2880859375 0.35751953125 0.4900390625 0.642626953125 0.913134765625 0.9419921875 1 0.9708984375 0.9708984375 1 1 0.77216796875 0.69638671875 0.433056640625 0.17294921875 0.781640625 0.69638671875 0.69638671875 0.583349609375 0.677001953125 0.942919921875 0.9712890625 1 1 0.9419921875 0.885009765625 0.742578125 0.714208984375 0.714208984375 0.714208984375 0.714208984375 0.714208984375 0.714208984375 0.714208984375 0.714208984375 0.570751953125 0.714208984375 0.742919921875 0.62509765625 0.355078125 0.24375 0.17001953125 0.418896484375 0.662646484375 0.64326171875 0.585302734375 0.6798828125 0.69638671875 0.725244140625 0.72548828125 0.914208984375 0.743310546875 0.913525390625
0.535791015625 0.358984375 0.519287109375 0.535791015625 0.331591796875 0.314892578125 0.535791015625 0.535791015625 0.535791015625 0.60751953125 0.5380859375 0.13662109375 0.236376953125 0.168994140625 0.117578125 0.305615234375 0.068896484375 0.33994140625 0.396923828125 0.414794921875 0.679150390625 0.7419921875 0.827685546875 0.798974609375 0.89619140625 0.88466796875 0.85595703125 0.88486328125 1 0.753857421875 0.7716796875 0.829345703125 0.34794921875 0.087939453125 0.29521484375 0.6576171875 0.72548828125 0.69638671875 0.72548828125 0.9712890625 0.867724609375 0.725244140625 0.9423828125 0.9712890625 0.856640625 0.828173828125 0.913720703125 0.714208984375 0.742578125 0.742919921875 0.714208984375 0.714208984375 0.714208984375 0.714208984375 0.714208984375 0.714208984375 0.714208984375 0.77119140625 -9999 0.69638671875 0.69638671875 0.828173828125 0.80048828125 1 1 0.75302734375 0.69638671875 0.5591796875 0.44912109375 0.439013671875 0.3482421875
0.537109375 0.519287109375 0.519287109375 0.536865234375 0.400732421875 0.26474609375 0.519287109375 0.55361328125 0.535791015625 0.43486328125 0.172705078125 0.085791015625 0.101025390625 0.151953125 0.379345703125 0.23759765625 0.379345703125 0.5896484375 0.55185546875 0.5896484375 0.62509765625 0.81044921875 0.81044921875 0.33994140625 0.2880859375 0.33994140625 0.606787109375 0.913134765625 0.9419921875 0.781640625 1 1 0.829345703125 0.857373046875 0.312353515625 0.018212890625 0.2603515625 0.69638671875 0.69638671875 0.64111328125 0.9712890625 0.942822265625 1 0.942919921875 0.942919921875 1 1 0.856640625 0.799755859375 0.742919921875 0.714208984375 0.707470703125 0.379345703125 0.553662109375 0.742919921875 0.714208984375 0.714208984375 0.8859375 0.913720703125 0.913720703125 0.799462890625 0.8564453125 1 1 1 0.72548828125 0.5591796875 0.44912109375 0.432568359375 0.5060546875 0.212255859375
0.55361328125 0.517724609375 0.571484375 0.587744140625 0.7263671875 0.69599609375 0.75380859375 0.810205078125 0.588818359375 0.331591796875 0.155126953125 0.342822265625 0.535791015625 0.624609375 0.571240234375 0.5822265625 0.70361328125 0.5896484375 0.5896484375 0.624609375 0.5896484375 0.5896484375 0.33994140625 0.3234375 0.379345703125 0.414794921875 0.5896484375 0.62607421875 0.69638671875 0.884423828125 0.942431640625 1 1 0.80068359375 0.8568359375 0.742822265625 0.69638671875 0.087939453125 0.035791015625 0.553955078125 0.971630859375 1 0.971533203125 0.856640625 0.827734375 1 0.914013671875 0.74306640625 0.885009765625 0.782666015625 0.742919921875 0.714208984375 0.168994140625 0.742919921875 0.714208984375 0.77119140625 0.82802734375 0.856640625 0.885009765625 1 1 1 0.914453125 0.942822265625 0.942822265625 0.743310546875 0.629248046875 0.5591796875 0.6798828125 0.629248046875 0.525439453125
0.517724609375 0.340283203125 0.4583984375 0.050048828125 0.15322265625 0.582861328125 0.63349609375 0.72470703125 0.810205078125 0.69599609375 0.535791015625 0.535791015625 0.624609375 0.624609375 0.5890625 0.553369140625 0.571240234375 0.607470703125 0.607470703125 0.535791015625 0.342822265625 0.342822265625 0.3234375 0.379345703125 0.6458984375 0.72119140625 0.571240234375 0.5896484375 0.724755859375 0.69638671875 0.679150390625 1 0.942431640625 0.63798828125 0.714208984375 0.886328125 0.827685546875 1 0.69638671875 0.035791015625 0.122802734375 0.942724609375 1 0.971533203125 0.942822265625 0.725244140625 0.74306640625 0.942919921875 0.828173828125 0.742919921875 0.714208984375 0.714208984375 0.379345703125 0.7712890625 0.714208984375 0.8859375 0.5623046875 0.585302734375 0.771533203125 0.942919921875 0.9712890625 1 0.942822265625 0.942822265625 0.69638671875 0.656689453125 0.629248046875 0.714208984375 0.77177734375 0.6798828125 0.74267578125
