data-raw/DATASET_PNE_1/DATASET_PNE/a_DATA/PFGS/ENVSUIT_A1B/HS_f90_C4_shrubs.asc
NCOLS 619 
NROWS 782 
XLLCORNER 876826 
YLLCORNER 1947424 
CELLSIZE 100 
NODATA_value -9999 
[rows 392 to 419 of 782, columns 256 to 319 of 619]
0.856106215860612 0.856106215860612 0.783780551014712 0.96383716757705 1 1 1 1 1 1 1 1 1 1 1 1 1 1 1 1 1 1 1 1 1 0.946134524141781 0.927714205972649 1 1 1 1 1 0.639727283601132 1 1 1 1 1 1 1 0.675810374386986 0.928392009887963 1 0.945496591045014 0.963956780032694 1 1 1 1 1 1 0.802001515091105 0.747737331047406 0.909533112714804 1 1 1 0.540209720505562 0.390654280132371 0.765160878752841 0.981818906742155 1 1 1
0.96383716757705 0.856106215860612 0.693871855189187 0.801642677724174 1 1 1 1 1 1 1 1 1 1 1 0.946573103145808 1 1 1 1 1 1 1 1 1 0.819544675252183 0.600135560783063 1 1 1 1 1 0.639727283601132 1 1 1 1 1 1 1 0.819385191977991 0.675810374386986 1 0.891272277819864 1 1 1 1 1 1 1 0.96383716757705 0.856106215860612 1 1 1 0.441768669510785 0.253299310234839 0.441768669510785 0.619871615964276 0.600015948327419 0.639727283601132 0.693154180455325 0.910051433355927
0.927714205972649 0.856106215860612 0.801642677724174 0.96383716757705 1 1 1 -9999 1 0.96383716757705 0.981818906742155 1 1 1 0.946573103145808 0.909931820900283 0.675810374386986 0.657589410310594 0.747179139587736 1 1 1 1 1 1 0.927714205972649 0.416051991547386 1 1 1 1 1 0.620469678242494 1 1 1 1 1 1 0.982137873290539 0.946573103145808 0.639727283601132 0.818508033969937 0.693712371914995 1 1 1 1 1 0.981818906742155 0.909533112714804 0.892029823372274 1 1 1 0.459590925401698 0.365416051991547 0.314022566883298 0.225748574618237 0.225509349706949 0.579721701686536 0.503289342530202 0.614010605637734 0.639727283601132
1 0.96383716757705 0.891391890275507 0.96383716757705 1 1 1 1 0.928392009887963 0.928392009887963 1 1 1 1 0.765400103664128 0.639727283601132 0.639727283601132 0.639727283601132 0.639727283601132 0.675810374386986 0.928392009887963 0.963956780032694 1 1 1 1 1 1 1 1 1 1 0.639727283601132 1 1 1 1 1 1 0.946573103145808 0.946573103145808 0.639727283601132 0.639727283601132 0.639727283601132 1 1 1 1 0.981818906742155 0.675411666201507 1 1 1 1 0.982137873290539 0.441768669510785 0.540209720505562 0.540209720505562 0.540209720505562 0.540209720505562 0.710657469797855 0.639727283601132 0.72843985487022 0.639727283601132
0.981818906742155 0.96383716757705 0.945416849407918 1 0.963956780032694 1 1 1 -9999 1 1 1 1 0.675810374386986 0.639727283601132 0.639727283601132 0.639727283601132 0.639727283601132 0.639727283601132 0.675810374386986 1 1 1 1 1 1 1 1 1 1 1 1 0.620469678242494 1 1 1 1 1 1 0.982137873290539 0.982137873290539 0.639727283601132 0.657589410310594 0.657948247677525 1 1 1 1 -9999 -9999 -9999 0.96383716757705 0.639727283601132 1 0.441768669510785 0.258921095650094 0.105857023244687 0.441768669510785 0.710657469797855 0.926876918783143 0.926876918783143 0.782385072365536 0.956181970415853 0.981818906742155
0.9096128543519 0.981818906742155 1 1 0.6936326302779 1 0.783621067740521 0.928392009887963 0.928392009887963 -9999 -9999 0.928392009887963 0.928392009887963 1 0.639727283601132 0.639727283601132 0.639727283601132 0.639727283601132 0.639727283601132 0.639727283601132 0.675810374386986 1 1 1 1 1 1 1 1 1 1 1 0.569873609505203 1 1 1 1 1 1 1 1 0.909931820900283 0.639727283601132 0.639727283601132 0.927674335154101 1 0.639727283601132 -9999 -9999 -9999 -9999 0.212232367130497 0.927714205972649 1 0.854750608029983 0.441768669510785 0.155974642159404 0.264622622702444 0.1826880905865 0.218890793827997 0.945297236952275 0.908775567162394 0.908775567162394 0.981818906742155
0.729994816793589 0.96383716757705 1 0.91056975399705 0.639727283601132 1 0.747657589410311 0.639727283601132 0.639727283601132 0.675810374386986 0.874008213388621 -9999 1 0.783860292651808 0.711574498624457 0.639727283601132 0.639727283601132 0.639727283601132 0.639727283601132 0.639727283601132 0.639727283601132 0.639727283601132 0.981818906742155 1 1 1 1 1 1 1 1 1 0.40209720505562 1 1 1 1 1 1 1 1 1 0.657948247677525 0.639727283601132 1 1 1 1 1 1 1 1 1 1 0.981818906742155 0.441768669510785 0.540209720505562 0.540209720505562 0.416530441369961 0.520393923687253 0.371994737051952 0.8724931222838 0.908775567162394 1
0.639727283601132 0.639727283601132 0.639727283601132 0.639727283601132 0.639727283601132 0.639727283601132 0.639727283601132 0.639727283601132 0.639727283601132 0.639727283601132 0.639727283601132 0.639727283601132 0.639727283601132 0.639727283601132 0.639727283601132 0.639727283601132 0.639727283601132 0.639727283601132 0.639727283601132 0.639727283601132 0.639727283601132 0.639727283601132 0.639727283601132 0.928392009887963 0.856265699134803 1 1 1 1 1 1 1 0.362425740600455 1 1 1 1 1 1 1 1 1 0.909931820900283 0.639727283601132 1 1 1 1 1 1 1 1 1 1 1 0.579721701686536 0.384833140624377 0.0441369961325306 0.365416051991547 0.441768669510785 0.252501893863881 0.267054742633866 0.675092699653124 0.8724931222838
0.657549539492046 0.675411666201507 0.639727283601132 0.639727283601132 0.639727283601132 0.639727283601132 0.639727283601132 0.639727283601132 0.639727283601132 0.639727283601132 0.639727283601132 0.639727283601132 0.639727283601132 0.639727283601132 0.639727283601132 0.639727283601132 0.639727283601132 0.639727283601132 0.639727283601132 0.639727283601132 0.639727283601132 0.639727283601132 0.639727283601132 0.928392009887963 0.928392009887963 0.964395359036721 1 1 1 1 1 1 0.40209720505562 0.657549539492046 1 1 1 1 1 1 1 1 1 0.838164347514054 0.981818906742155 1 1 1 1 1 1 1 1 1 1 0.232526613771381 0.384952753080021 0.639727283601132 0.366293209999601 0.182448865675212 0.259399545472669 0.385471073721143 0.441768669510785 0.540209720505562
0.639727283601132 1 0.963916909214146 0.639727283601132 0.639727283601132 0.639727283601132 0.639727283601132 0.639727283601132 0.639727283601132 0.639727283601132 0.441768669510785 0.416051991547386 0.639727283601132 0.639727283601132 0.639727283601132 0.600215302420159 0.639727283601132 0.639727283601132 0.639727283601132 0.639727283601132 0.639727283601132 0.639727283601132 0.639727283601132 0.675810374386986 0.928392009887963 0.928392009887963 1 1 1 1 1 1 1 0.277301543000678 1 1 1 1 1 1 1 1 1 0.981818906742155 1 1 1 1 1 1 1 1 1 1 1 0.639727283601132 0.764562816474622 0.427295562377896 0.112914158127666 0.0761532634264982 0.150033890195766 0.540209720505562 0.619871615964276 0.229456560743192
0.639727283601132 0.766157649216539 0.639727283601132 0.639727283601132 0.639727283601132 0.639727283601132 0.639727283601132 -9999 -9999 0.639727283601132 0.639727283601132 0.441768669510785 0.639727283601132 0.639727283601132 0.639727283601132 0.600215302420159 0.639727283601132 0.639727283601132 0.639727283601132 0.639727283601132 0.639727283601132 0.639727283601132 0.639727283601132 0.639727283601132 0.928392009887963 0.782943263825206 1 1 1 1 1 1 1 0.982018260834895 0.639727283601132 1 1 1 1 1 1 1 1 0.981818906742155 1 1 1 1 1 1 1 1 1 1 1 0.872732347195088 0.782385072365536 0.427295562377896 0.537378892388661 0.580279893146206 0.540209720505562 0.441768669510785 0.422909772337626 0.303616283242295
0.639727283601132 0.639727283601132 0.639727283601132 0.639727283601132 0.675371795382959 0.639727283601132 0.639727283601132 0.639727283601132 0.639727283601132 0.639727283601132 0 0 0.639727283601132 0.639727283601132 0.619871615964276 0.639727283601132 0.441768669510785 0.639727283601132 0.639727283601132 0.639727283601132 0.639727283601132 0.639727283601132 0.639727283601132 0.639727283601132 0.891830469279534 0.819145967066704 0.982137873290539 1 1 1 1 1 1 1 0.461424983054902 1 1 1 1 1 1 1 1 1 1 1 1 1 1 1 1 1 1 1 1 0.981818906742155 0.854830349667079 0.800845261353216 0.639727283601132 0.764562816474622 0.335792033810454 0.29572186116981 0.232446872134285 0.461026274869423
0.639727283601132 0.639727283601132 0.639727283601132 0.639727283601132 0.657509668673498 0.639727283601132 0.639727283601132 -9999 -9999 0.639727283601132 0.639727283601132 0.639727283601132 0.639727283601132 0.639727283601132 0.600015948327419 0.441768669510785 0.639727283601132 0.639727283601132 0.639727283601132 0.639727283601132 0.639727283601132 0.639727283601132 0.639727283601132 0.639727283601132 0.6936326302779 0.910290658267214 0.982137873290539 1 1 1 1 1 1 1 0.8192257087038 0.239424265380168 1 1 1 1 1 1 1 1 1 1 1 1 1 1 1 1 1 1 1 1 1 0.981818906742155 0.981818906742155 0.890434990630358 0.489573780949723 0.619871615964276 0.297675531278657 0.441768669510785
0.639727283601132 0.639727283601132 0.639727283601132 0.639727283601132 0.639727283601132 0.639727283601132 0.560065388142419 0.639727283601132 0.639727283601132 0.639727283601132 0.639727283601132 0.212232367130497 0.639727283601132 0.639727283601132 0.639727283601132 0.441768669510785 0.639727283601132 0.639727283601132 1 0.639727283601132 0.639727283601132 0.639727283601132 0.639727283601132 0.639727283601132 0.675810374386986 0.855508153582393 0.946214265778876 1 1 1 1 1 1 1 1 0.239424265380168 0.563414536900443 1 1 1 1 1 1 1 1 1 1 1 1 1 1 1 1 1 0.372154220326143 0.981818906742155 0.981818906742155 0.908536342251106 0.981818906742155 0.800845261353216 0.710657469797855 0.657589410310594 0.639727283601132 0.323392209242056
0.619951357601372 0.600095689964515 0.347912762649017 0.520513536142897 0.639727283601132 0.639727283601132 0.500578126868945 0.540209720505562 0.639727283601132 0.639727283601132 0.639727283601132 0.58039950560185 0.639727283601132 0.639727283601132 0.441768669510785 0.423109126430366 0.560065388142419 0.639727283601132 0.783621067740521 0.639727283601132 0.639727283601132 0.639727283601132 0.619991228419919 0.639727283601132 0.6936326302779 0.711534627805909 0.928392009887963 1 1 1 1 1 1 1 1 0.927714205972649 0.0693752242733543 1 1 1 1 1 1 1 1 1 1 1 1 1 1 1 1 1 0.926518081416212 0.295323152984331 0.372154220326143 0.872732347195088 1 0.981818906742155 0.800845261353216 0.854870220485627 0.639727283601132 0.496272078465771
0.639727283601132 0.639727283601132 0.639727283601132 0.501255930784259 0.520513536142897 0.639727283601132 0.520393923687253 0.441768669510785 0.441768669510785 0.639727283601132 0.639727283601132 0.639727283601132 0.619871615964276 0.639727283601132 0.441768669510785 0.441768669510785 0.639727283601132 0.639727283601132 0.856425182408995 0.639727283601132 0.639727283601132 0.639727283601132 0.712013077628484 0.639727283601132 0.639727283601132 0.639727283601132 0.838164347514054 1 1 1 1 1 1 1 1 1 0.0951317730553008 1 1 1 1 1 1 1 1 1 1 1 1 1 1 1 1 0.981818906742155 1 1 1 0.800845261353216 0.639727283601132 0.981818906742155 0.675411666201507 0.639727283601132 0.51074518559866 0.657589410310594
0.639727283601132 0.639727283601132 0.639727283601132 0.619951357601372 0.441768669510785 0.639727283601132 0.619871615964276 0.441768669510785 0.441768669510785 0.540209720505562 0.639727283601132 0.639727283601132 0.639727283601132 0.639727283601132 0.404529324987042 0.600135560783063 0.639727283601132 0.639727283601132 0.837765639328575 0.802081256728201 0.711574498624457 0.639727283601132 0.693552888640804 0.657589410310594 0.639727283601132 0.639727283601132 0.838164347514054 0.946214265778876 0.982137873290539 1 1 1 1 1 1 1 0.219169889557833 0.856823890594474 0.892428531557753 1 0.766117778397991 1 1 1 1 1 1 1 1 1 1 1 1 0.872732347195088 0.800845261353216 1 1 1 0.981818906742155 0.836928352139069 0.746581077309517 0.639727283601132 0.320680993580798 0.485148120090905
0.639727283601132 0.639727283601132 0.639727283601132 0.639727283601132 0.600095689964515 0.441768669510785 0.639727283601132 0.639727283601132 0.441768669510785 0.560065388142419 0.639727283601132 0.639727283601132 0.639727283601132 0.600015948327419 0.178780750368805 0.54024959132411 0.639727283601132 0.441768669510785 0.639727283601132 0.639727283601132 0.838961763885013 0.729715721063753 0.657948247677525 0.639727283601132 0.639727283601132 0.639727283601132 0.982137873290539 0.928392009887963 0.928392009887963 1 1 1 1 1 1 1 0.927714205972649 0.638291934133408 1 1 1 1 1 1 1 1 1 1 1 1 0.28392009887963 0.390813763406563 0.729197400422631 1 0.800845261353216 0.619871615964276 0.800845261353216 0.588254056855787 0.890434990630358 0.614010605637734 0.371755512140664 0.639727283601132 0.61409034727483 0.657589410310594
0.639727283601132 0.639727283601132 0.639727283601132 0.639727283601132 0.639727283601132 0.639727283601132 0.500578126868945 0.639727283601132 0.639727283601132 0.600135560783063 0.639727283601132 0.639727283601132 0.441768669510785 0.348710179019975 0.128144810812966 0.639727283601132 0.639727283601132 0.441768669510785 0.600135560783063 0.639727283601132 0.693353534548064 0.820302220804593 0.675810374386986 0.639727283601132 0.639727283601132 0.639727283601132 0.928392009887963 1 1 1 1 1 1 1 1 1 1 0.820900283082812 1 1 1 1 1 1 1 1 1 1 1 1 0.218970535465093 0.360551812128703 0.423109126430366 0.639727283601132 1 0.537498504844305 0.384554044894542 0.453929269167896 0.657589410310594 0.435349467724572 0.346078704995814 0.693154180455325 0.53777760057414 0.394162912164587
0.639727283601132 0.639727283601132 0.639727283601132 0.639727283601132 0.600135560783063 0.639727283601132 0.639727283601132 0.441768669510785 0.441768669510785 0.441768669510785 0.540209720505562 -9999 0.639727283601132 0.36744946373749 0.0763924883377856 0.639727283601132 0.639727283601132 0.619871615964276 0.441768669510785 0.639727283601132 0.639727283601132 0.639727283601132 0.639727283601132 0.639727283601132 0.639727283601132 0.639727283601132 0.928392009887963 0.964315617399625 0.928392009887963 1 1 1 1 1 1 1 1 0.910609624815597 1 1 1 1 1 1 1 1 1 0.981818906742155 1 1 0.288704597105379 0.163350743590766 0.339699374028149 0.639727283601132 0.639727283601132 0.963597942665763 0.461106016506519 0.357362146644871 0.710657469797855 0.908416729795463 0.836968222957617 0.728798692237152 0.693154180455325 0.451696503329213
0.639727283601132 0.639727283601132 0.639727283601132 0.639727283601132 0.639727283601132 0.639727283601132 0.639727283601132 0.639727283601132 0.441768669510785 0.10198955384554 -9999 0.639727283601132 0.639727283601132 0.397392448466967 0.639727283601132 0.441768669510785 0.520393923687253 0.619871615964276 0.423109126430366 0.639727283601132 0.639727283601132 0.639727283601132 0.639727283601132 0.639727283601132 0.675810374386986 0.711534627805909 0.963956780032694 0.928392009887963 0.6936326302779 0.928392009887963 1 1 1 1 1 -9999 1 1 0.555201148279574 1 1 1 1 1 1 1 1 1 1 0.928392009887963 0.639727283601132 0.441768669510785 0.639727283601132 0.639727283601132 0.614010605637734 0.729755591882301 0.981818906742155 0.729197400422631 0.728798692237152 0.729197400422631 0.729197400422631 0.451895857421953 0.874167696662813 0.420876360591683
0.639727283601132 0.639727283601132 0.639727283601132 0.639727283601132 0.639727283601132 0.639727283601132 0.639727283601132 0.639727283601132 0.639727283601132 0.441768669510785 0.639727283601132 0.639727283601132 0.366971013914916 0.540209720505562 0.639727283601132 0.423109126430366 0.441768669510785 0.441768669510785 0.639727283601132 0.639727283601132 0.639727283601132 0.639727283601132 0.639727283601132 0.639727283601132 0.639727283601132 0.6936326302779 0.820062995893306 0.765160878752841 0.657589410310594 0.928392009887963 1 1 1 1 1 1 1 0.435708305091504 1 1 1 1 1 1 1 1 1 1 1 1 0.928392009887963 0.74805629759579 0.639727283601132 0.639727283601132 0.639727283601132 0.4272158207408 0.96383716757705 1 0.691200510346477 0.747418364499023 0.599577369323392 0.229935010565767 0.471432558510426 0.639727283601132
0.639727283601132 0.639727283601132 0.639727283601132 0.639727283601132 0.639727283601132 0.639727283601132 0.639727283601132 0.639727283601132 0.639727283601132 0.639727283601132 0.442885052430126 0.639727283601132 0.579721701686536 0.639727283601132 0.619871615964276 0.619871615964276 0.639727283601132 0.441768669510785 0.639727283601132 0.639727283601132 0.639727283601132 0.639727283601132 0.657948247677525 0.639727283601132 0.639727283601132 0.639727283601132 0.820062995893306 0.657589410310594 0.782943263825206 0.928392009887963 1 1 1 1 1 1 1 0.342689685419242 0.78477732147841 1 1 1 1 1 1 1 1 1 1 0.639727283601132 0.657948247677525 0.657948247677525 0.639727283601132 0.639727283601132 0.639727283601132 0.397432319285515 0.639727283601132 0.61409034727483 0.765639328575416 0.801762290179817 0.783860292651808 0.486423986284438 0.178541525457518 0.496989753199633
0.657948247677525 0.675810374386986 0.675810374386986 0.639727283601132 0.639727283601132 0.639727283601132 0.639727283601132 0.639727283601132 0.639727283601132 0.639727283601132 0.579721701686536 0.442885052430126 0.441768669510785 0.540209720505562 0.54024959132411 0.639727283601132 0.385471073721143 0.639727283601132 0.639727283601132 0.639727283601132 0.639727283601132 0.639727283601132 0.657948247677525 0.639727283601132 0.639727283601132 0.639727283601132 0.910490012359954 0.675411666201507 0.838283959969698 0.928392009887963 1 0.928312268250867 1 1 1 1 1 0.537857342211236 0.639727283601132 1 1 1 1 1 1 1 1 1 1 0.639727283601132 0.639727283601132 0.639727283601132 0.639727283601132 0.639727283601132 0.588413540129979 0.614050476456282 0.639727283601132 0.61409034727483 0.639727283601132 0.540209720505562 0.639727283601132 0.639727283601132 0.153143814042502 0.43881822893824
1 1 1 0.675810374386986 0.639727283601132 0.657948247677525 0.639727283601132 0.639727283601132 0.639727283601132 0.639727283601132 0.639727283601132 0.639727283601132 0.423109126430366 0.379012001116383 0.600135560783063 0.639727283601132 0.600135560783063 0.639727283601132 0.639727283601132 0.639727283601132 0.639727283601132 0.639727283601132 0.639727283601132 0.639727283601132 0.639727283601132 0.675411666201507 0.639727283601132 0.639727283601132 0.639727283601132 0.693552888640804 0.675411666201507 0.946214265778876 1 1 -9999 1 1 1 0.639727283601132 0.657589410310594 1 1 1 1 1 1 1 1 1 1 0.946573103145808 0.657948247677525 0.639727283601132 0.639727283601132 0.639727283601132 0.639727283601132 0.639727283601132 0.614329572186117 0.347553925282086 0.267054742633866 0.588692635859814 0.639727283601132 0.348630437382879 0.255173238706591
1 1 1 0.928392009887963 0.711773852717196 0.675810374386986 0.639727283601132 0.639727283601132 0.639727283601132 0.639727283601132 0.639727283601132 0.639727283601132 0.579721701686536 0.22949643156174 0.441768669510785 0.560065388142419 0.639727283601132 0.639727283601132 0.639727283601132 0.639727283601132 0.639727283601132 0.639727283601132 0.639727283601132 0.639727283601132 0.639727283601132 0.747179139587736 0.639727283601132 0.639727283601132 0.639727283601132 0.639727283601132 0.639727283601132 0.963956780032694 1 1 -9999 1 1 1 0.748136039232885 0.657589410310594 1 1 1 1 1 1 1 1 1 1 1 1 0.820381962441689 0.747498106136119 0.639727283601132 0.619871615964276 0.540209720505562 0.44396156453092 0.27821857182728 0.248315457916351 -9999 -9999 0.28487699852478 0.639727283601132
1 1 1 1 0.946214265778876 0.639727283601132 0.639727283601132 0.639727283601132 0.639727283601132 0.639727283601132 0.639727283601132 0.639727283601132 0.619871615964276 0.423109126430366 0.353295323152984 0.423109126430366 0.639727283601132 0.639727283601132 0.639727283601132 0.639727283601132 0.639727283601132 0.639727283601132 0.365575535265739 0.441768669510785 0.820062995893306 0.711773852717196 0.639727283601132 0.639727283601132 0.639727283601132 0.639727283601132 0.729994816793589 1 1 1 -9999 -9999 1 1 1 0.639727283601132 1 1 1 1 1 1 1 1 1 1 1 1 1 1 1 0.6936326302779 1 0.83768589769148 0.619951357601372 0.29229297077469 0.255173238706591 0.59447390454926 0.81998325425621 -9999
1 1 1 1 1 0.928392009887963 0.657948247677525 0.639727283601132 0.639727283601132 0.639727283601132 0.639727283601132 0.639727283601132 0.614010605637734 0.619871615964276 0.441768669510785 0.397392448466967 0.639727283601132 0.639727283601132 0.639727283601132 0.639727283601132 0.639727283601132 0.639727283601132 0.0932578445835493 0.212232367130497 0.675411666201507 0.675411666201507 0.675411666201507 0.711773852717196 0.639727283601132 0.639727283601132 1 1 1 1 -9999 1 1 1 0.838882022247917 1 1 1 1 1 0.441768669510785 0.881703281368367 1 1 1 1 1 1 1 1 1 0.981818906742155 0.891950081735178 0.613970734819186 0.464933615087118 0.523703201626729 0.248315457916351 0.620948128065069 0.639727283601132 0.639727283601132
