data-raw/DATASET_PNE_1/DATASET_PNE/a_DATA/PFGS/ENVSUIT_A1B/HS_f15_P3_ubac2.asc
NCOLS 619 
NROWS 782 
XLLCORNER 876826 
YLLCORNER 1947424 
CELLSIZE 100 
NODATA_value -9999 
[rows 140 to 167 of 782, columns 192 to 255 of 619]
1 1 1 1 1 1 1 -9999 -9999 -9999 -9999 -9999 -9999 -9999 -9999 -9999 -9999 -9999 -9999 -9999 -9999 -9999 -9999 -9999 -9999 -9999 -9999 -9999 1 1 1 1 1 1 1 1 1 1 1 1 1 1 1 1 1 1 1 1 1 1 1 1 1 1 1 1 1 1 1 1 1 1 1 1
1 1 0.990780860185623 1 1 1 1 1 1 -9999 1 1 1 1 -9999 -9999 -9999 -9999 -9999 -9999 -9999 -9999 -9999 -9999 -9999 -9999 -9999 1 1 1 1 1 1 1 1 1 1 1 0.943668305873871 0.825403451919556 1 1 1 1 1 1 1 1 1 1 1 1 1 1 1 1 1 1 1 1 1 1 1 1
1 0.97204253077507 0.990780860185623 1 1 1 1 1 1 1 1 1 0.981144964694977 0.896439045667648 -9999 -9999 -9999 -9999 -9999 -9999 -9999 -9999 -9999 -9999 -9999 -9999 1 1 1 0.905958265066147 1 1 1 1 1 1 1 1 1 0.990630835294724 1 1 1 1 1 1 1 1 1 0.896455734968185 0.849426507949829 1 1 1 1 1 1 1 1 1 1 1 1 1
0.978677660226822 0.990780860185623 1 1 1 1 1 1 1 1 1 1 1 1 1 1 1 -9999 -9999 -9999 -9999 -9999 -9999 -9999 -9999 -9999 1 1 0.976093620061874 0.589573889970779 1 1 1 1 1 1 1 1 1 1 1 1 1 1 0.988163501024246 0.926313668489456 0.916711121797562 0.928697645664215 0.883919030427933 0.943151503801346 0.931365013122559 0.952370643615723 1 1 1 1 1 1 1 1 1 1 1 0.967157900333405
0.990780860185623 1 1 1 1 1 1 1 1 1 1 1 1 1 1 1 0.887253254652023 1 1 1 1 -9999 -9999 -9999 -9999 1 1 1 0.68324887752533 0.954871296882629 1 1 1 1 1 1 1 1 1 1 1 1 1 0.964273810386658 0.952353954315186 0.98811349272728 0.892804741859436 0.883585602045059 0.883585602045059 0.883585602045059 0.943134814500809 0.943168163299561 0.940484136343002 0.928597629070282 0.952370643615723 0.988013476133347 0.964390516281128 0.94060081243515 0.964373826980591 0.964373826980591 0.94060081243515 0.907491981983185 0.895622164011002 0.814700573682785
1 1 1 1 0.990780860185623 1 1 1 1 1 0.971575766801834 1 1 1 1 0.987996786832809 0.732762068510056 0.856461703777313 1 1 1 1 1 1 1 1 1 0.976093620061874 0.940384089946747 1 1 1 1 1 1 1 1 1 1 1 1 1 0.97619366645813 0.976243674755096 0.96702453494072 0.978894352912903 0.943068146705627 0.962273269891739 0.98124498128891 0.978877693414688 0.954904615879059 0.967057853937149 0.955054670572281 0.919478505849838 0.964407175779343 0.943151503801346 0.931365013122559 0.931365013122559 0.967057853937149 0.978894352912903 0.990780860185623 0.886036276817322 0.566301017999649 0.57830423116684
1 1 1 1 1 1 1 1 1 1 1 1 1 1 1 1 0.952270597219467 0.636336356401443 1 1 1 1 1 1 1 1 1 0.964107096195221 1 1 1 0.988163501024246 1 1 1 1 1 1 1 1 1 1 0.892804741859436 0.940500795841217 0.971692442893982 0.962173223495483 0.647389322519302 0.562666714191437 0.77020537853241 0.857411950826645 0.962273269891739 0.990780860185623 0.907275259494781 0.907275259494781 0.955188035964966 0.966991186141968 0.902473986148834 0.943068146705627 0.971692442893982 0.981228321790695 0.592274606227875 0.454554542899132 0.388186857104301 0.400090023875237
1 1 1 1 1 1 1 1 1 1 1 1 1 1 1 1 1 1 1 1 1 1 1 1 1 1 1 1 1 0.964373826980591 0.964373826980591 0.976276993751526 0.952370643615723 1 1 1 1 1 1 1 1 0.964273810386658 0.928664296865463 0.883585602045059 0.933482259511948 0.726310342550278 0.60034342110157 0.468641638755798 0.836056262254715 0.609762609004974 0.852627366781235 0.852627366781235 0.971809148788452 0.971809148788452 0.962273269891739 0.706221669912338 0.58167177438736 0.765520811080933 0.555764868855476 0.445085361599922 0.402790755033493 0.342741392552853 0.206871832720935 0.242481331340969
1 1 1 1 1 1 1 1 1 1 1 1 1 1 1 1 1 1 1 1 1 1 1 1 1 1 1 1 1 0.976276993751526 0.916777819395065 0.94045078754425 0.952370643615723 0.988163501024246 1 1 1 1 1 1 1 0.964257121086121 0.98811349272728 0.883585602045059 0.883585602045059 0.947919428348541 0.962273269891739 0.798679620027542 0.506184995174408 0.692384630441666 0.824053078889847 0.8644138276577 0.852627366781235 0.876250326633453 0.553314208984375 0.435482800006866 0.44746932387352 0.42853094637394 0.364063747227192 0.218975062482059 0.266471053473651 0.29266136419028 0.168845027685165 0.171212330460548
1 1 1 1 1 1 1 1 1 1 1 1 1 1 1 1 1 1 1 1 1 1 1 1 1 1 1 1 0.976260334253311 0.94045078754425 0.928380906581879 0.92856428027153 0.952370643615723 0.98811349272728 1 1 1 1 1 1 1 1 1 0.931231647729874 0.883585602045059 0.919261783361435 0.971692442893982 0.87860095500946 0.801030248403549 0.869265109300613 0.788827002048492 0.814517199993134 0.833605617284775 0.449703261256218 0.411476381123066 0.311416368931532 0.311416368931532 0.268938387744129 0.209272474050522 0.164160445332527 0.135719522833824 0.135719522833824 0.159342497587204 0.197619363665581
1 0.924629896879196 1 1 1 1 1 1 1 1 1 1 1 1 1 1 1 1 0.964207112789154 0.976093620061874 1 1 1 1 1 1 1 1 0.952370643615723 0.916461050510406 0.952170580625534 0.904707908630371 0.94045078754425 0.964373826980591 1 1 1 1 1 1 1 1 0.928614288568497 0.940417438745499 0.952353954315186 0.976276993751526 0.919478505849838 0.921645760536194 0.971809148788452 0.852627366781235 0.833605617284775 0.805131375789642 0.81713455915451 0.528240859508514 0.29266136419028 0.154691249132156 0.145138710737228 0.135719522833824 0.126433715224266 0.0973759666085243 0.120998933911324 0.168744996190071 0.168744996190071 0.168744996190071
1 0.868081480264664 1 1 1 1 1 1 1 1 0.940350770950317 1 0.98811349272728 1 1 1 1 1 0.952337294816971 0.95210388302803 0.940184056758881 1 1 1 1 1 1 0.964207112789154 0.952303946018219 0.952120572328568 0.714290469884872 0.904707908630371 0.94045078754425 0.94045078754425 0.988163501024246 1 1 1 1 0.964257121086121 0.916727781295776 1 1 1 0.976276993751526 0.976276993751526 0.976276993751526 0.976276993751526 0.897722721099854 0.8644138276577 0.84539207816124 0.795795530080795 0.688433572649956 0.447719390504062 0.298462927341461 0.147556021809578 0.138170182704926 0.154374495148659 0.168744996190071 0 0 0 0 0
1 0.915244072675705 1 0.97876101732254 1 1 1 1 1 1 1 1 0.975893557071686 0.952137231826782 0.940350770950317 0.940367430448532 0.976060271263123 0.964007079601288 0.942634701728821 0.952170580625534 1 1 1 1 1 1 0.964207112789154 0.964190453290939 0.952120572328568 0.952170580625534 0.862029880285263 0.909325808286667 0.89260470867157 0.916694462299347 0.94045078754425 0.94045078754425 1 1 0.916777819395065 0.952370643615723 0.952287286520004 0.928597629070282 0.964273810386658 1 1 0.976243674755096 0.952353954315186 0.976276993751526 0.907275259494781 0.852627366781235 0.536926507949829 0.399706579744816 0.556598417460918 0.354894638061523 0.260286062955856 0.138170182704926 0.0286743137985468 0 0 0 0 0 0 0
1 0.981144964694977 1 0.702120572328568 1 1 0.94033408164978 1 1 1 0.987996786832809 0.940234065055847 0.909692585468292 0.876166969537735 0.959489196538925 0.875933587551117 0.911926507949829 0.971492409706116 0.947602689266205 0.92366299033165 1 0.98811349272728 1 1 1 1 0.940417438745499 0.966891169548035 0.954887956380844 0.902457296848297 0.826420396566391 0.923596292734146 0.897422641515732 0.940300732851028 0.895372092723846 0.904591232538223 0.904591232538223 0.904591232538223 0.883585602045059 0.892804741859436 0.928664296865463 0.928664296865463 0.916777819395065 0.928664296865463 0.964357167482376 0.952353954315186 0.955021321773529 0.976276993751526 0.976276993751526 0.947802722454071 0.435799553990364 0.399706579744816 0.499799951910973 0.336022943258286 0.225810214877129 0.185816213488579 0 0 0 0 0 0 0 0
1 1 1 0.598859697580338 1 1 1 0.963990390300751 1 1 0.942584693431854 0.876166969537735 0.843091487884521 0.857361942529678 0.857361942529678 0.902207255363464 0.857295274734497 0.645022004842758 0.81261670589447 0.888070166110992 0.980911582708359 0.976276993751526 0.98811349272728 1 1 0.98811349272728 0.952337294816971 0.942901432514191 0.914377152919769 0.914377152919769 0.776973843574524 0.854977965354919 0.914377152919769 0.938166826963425 0.962273269891739 0.854877948760986 0.950270056724548 0.90487465262413 0.895372092723846 0.93116495013237 0.907275259494781 0.895372092723846 0.883585602045059 0.883585602045059 0.976276993751526 0.952353954315186 0.964357167482376 0.969391822814941 0.966724455356598 0.8644138276577 0.435799553990364 0.375866897404194 0.481078292243183 0.32415309548378 0.232662037014961 0.0286743137985468 0 0 0 0 0 0 0 0
1 1 1 1 1 0.976093620061874 0.975993603467941 1 0.943034797906876 0.978610962629318 0.950270056724548 0.87886768579483 0.76357027888298 0.640554130077362 0.687866747379303 0.697069212794304 0.440400779247284 0.456921860575676 0.55099692940712 0.876200318336487 0.957305282354355 0.976276993751526 0.976276993751526 1 0.976276993751526 0.976276993751526 0.952170580625534 0.938166826963425 0.857361942529678 0.685332775115967 0.685282751917839 0.791611075401306 0.817517995834351 0.893104821443558 0.697002544999123 0.515837550163269 0.457105234265327 0.779457837343216 0.950170040130615 0.92626366019249 0.86671444773674 0.786426365375519 0.907108545303345 0.930998265743256 0.90724191069603 0.976276993751526 0.966724455356598 0.888003468513489 0.92638036608696 0.593508258461952 0.426247000694275 0.399706579744816 0.499833283945918 0.32415309548378 0.209005728363991 0.0286743137985468 0 0 0 0 0 0 0 0
1 1 1 1 1 0.952070564031601 0.682315289974213 0.978894352912903 0.990447461605072 0.971492409706116 0.947569340467453 0.76357027888298 0.640554130077362 0.505651496350765 0.565100699663162 0.638320207595825 0.515404105186462 0.496849164366722 0.466307684779167 0.776757121086121 0.957305282354355 0.976276993751526 0.976276993751526 0.976276993751526 0.964173793792725 0.976276993751526 0.923596292734146 0.92626366019249 0.808148831129074 0.524973332881927 0.449703246355057 0.562633365392685 0.522689372301102 0.475710183382034 0.44746932387352 0.438083499670029 0.459255799651146 0.506335020065308 0.713873684406281 0.706588417291641 0.506335020065308 0.466441050171852 0.553397580981255 0.80318084359169 0.962273269891739 0.895372092723846 0.899889975786209 0.938166826963425 0.609912633895874 0.445185378193855 0.409559205174446 0.311416368931532 0.29266136419028 0.32415309548378 0.197819411754608 0.156875163316727 0 0 0 0 0 0 0 0
1 1 1 1 1 1 0.978894352912903 1 0.912059873342514 0.947602689266205 0.81963524222374 0.650056660175323 0.505651496350765 0.320802222937346 0.399706579744816 0.49639904499054 0.506184995174408 0.565234065055847 0.550846889615059 0.645422101020813 0.921645760536194 0.909325808286667 0.966724455356598 0.98811349272728 0.976276993751526 0.948086142539978 0.885719537734985 0.843091487884521 0.732478648424149 0.487246602773666 0.421445712447166 0.399706579744816 0.399706579744816 0.399706579744816 0.399706579744816 0.399706579744816 0.399706579744816 0.409092433750629 0.532158583402634 0.409259147942066 0.399706579744816 0.399706579744816 0.515654161572456 0.716257661581039 0.819751918315887 0.971809148788452 0.914377152919769 0.781858503818512 0.527457311749458 0.506151646375656 0.411493055522442 0.301880490034819 0.273639644496143 0.135719522833824 0.150173380970955 0.154357835650444 0.00976927205920219 0 0 0 0 0 0 0
1 1 1 1 1 1 1 0.976160317659378 0.971809148788452 0.889053732156754 0.674146428704262 0.562650054693222 0.320802222937346 0.301880490034819 0.301880490034819 0.409092433750629 0.468624979257584 0.534475862979889 0.716140955686569 0.748716324567795 0.885719537734985 0.933432251214981 0.948086142539978 0.912176579236984 0.966724455356598 0.888303518295288 0.888286858797073 0.843158155679703 0.534125775098801 0.458922386169434 0.440317407250404 0.399706579744816 0.301880490034819 0.292411308735609 0.311416368931532 0.301880490034819 0.301880490034819 0.301880490034819 0.311416368931532 0.275590162724257 0.311416368931532 0.399706579744816 0.459205791354179 0.555764868855476 0.770072013139725 0.8644138276577 0.87860095500946 0.494331821799278 0.505951598286629 0.399706579744816 0.301880490034819 0.282858770340681 0.207205250859261 0.147606030106544 0.150173380970955 0.150323420763016 0.0286743137985468 0 0 0 0 0 0 0
1 1 1 1 1 1 1 0.952137231826782 0.959922641515732 0.74961656332016 0.536743149161339 0.320802222937346 0.301880490034819 0.268421586602926 0.292411308735609 0.411593079566956 0.421178966760635 0.499183103442192 0.67564682662487 0.789043724536896 0.852627366781235 0.876500397920609 0.888403564691544 0.948086142539978 0.888303518295288 0.824286460876465 0.8644138276577 0.843158155679703 0.8575119972229 0.857178598642349 0.81701785326004 0.399706579744816 0.301880490034819 0.292411308735609 0.273639644496143 0.135719522833824 0.171228989958763 0.135719522833824 0.145138710737228 0.154691249132156 0.283192182891071 0.301880490034819 0.409559205174446 0.5181715041399 0.643154859542847 0.855044662952423 0.605394765734673 0.475710183382034 0.399706579744816 0.301880490034819 0.292411308735609 0.207205250859261 0.183098822832108 0.150056675076485 0.138336896896362 0.1424880027771 0.03796012327075 0 0 0 0 0 0 0
1 1 1 1 1 1 1 0.93101492524147 0.926547050476074 0.63650307059288 0.520122036337852 0.311416368931532 0.292411308735609 0.223259534686804 0.24283142387867 0.311416368931532 0.411593079566956 0.44041745364666 0.543544948101044 0.590640857815742 0.843158155679703 0.843158155679703 0.704487890005112 0.888303518295288 0.833755642175674 0.607261940836906 0.833572268486023 0.857478648424149 0.819551885128021 0.838423579931259 0.805131375789642 0.79554545879364 0.301880490034819 0.283192182891071 0.273639644496143 0.135719522833824 0.147556021809578 0.135719522833824 0.126433715224266 0.135719522833824 0.159442514181137 0.283192182891071 0.399706579744816 0.478027477860451 0.591341018676758 0.845492124557495 0.565150693058968 0.437766745686531 0.301880490034819 0.282858770340681 0.254901319742203 0.171212330460548 0.173712983727455 0.162059888243675 0.1424880027771 0.1424880027771 0.0189050417393446 0 0 0 0 0 0 0
1 1 1 1 1 1 0.940234065055847 0.942584693431854 0.950270056724548 0.723642960190773 0.523022800683975 0.311416368931532 0.292411308735609 0.159475862979889 0.149889975786209 0.301880490034819 0.320802222937346 0.442184582352638 0.520238742232323 0.866731137037277 0.8575119972229 0.843158155679703 0.795795530080795 0.90954253077507 0.824286460876465 0.342541337013245 0.824286460876465 0.843158155679703 0.828837692737579 0.843341559171677 0.819751918315887 0.79554545879364 0.707855418324471 0.292411308735609 0.252217262983322 0.159442514181137 0.150056675076485 0.161959856748581 0.142287939786911 0.0973759666085243 0.135719522833824 0.192518010735512 0.301880490034819 0.409092433750629 0.5820552110672 0.477694064378738 0.524923324584961 0.399706579744816 0.292411308735609 0.254901319742203 0.195102021098137 0.197702720761299 0.174046412110329 0.1424880027771 0.0189050417393446 0.00931915175169706 0 0 0 0 0 0 0 0
1 1 1 1 1 1 0.928314208984375 0.942584693431854 0.950270056724548 0.811433047056198 0.563100144267082 0.320968937128782 0.301880490034819 0.161793142557144 0.126133635640144 0.301880490034819 0.320802222937346 0.432798758149147 0.499166443943977 0.829037725925446 0.843341559171677 0.786359667778015 0.843158155679703 0.852310627698898 0.824286460876465 0.531741797924042 0.805314749479294 0.833605617284775 0.847959458827972 0.843341559171677 0.758135497570038 0.786259651184082 0.707855418324471 0.292411308735609 0.252217262983322 0.159442514181137 0.197702720761299 0.16614431142807 0.13320218026638 0.0189050417393446 0.117047876119614 0.135719522833824 0.283192182891071 0.399706579744816 0.47534342110157 0.409092433750629 0.399706579744816 0.311416368931532 0.273639644496143 0.183315545320511 0.150173380970955 0.1424880027771 0.0189050417393446 0.00931915175169706 0 0 0 0 0 0 0 0 0 0
1 1 1 1 1 1 1 0.942584693431854 0.902740716934204 0.857595354318619 0.826787114143372 0.311416368931532 0.301880490034819 0.1499233096838 0.116847828030586 0.292411308735609 0.311416368931532 0.411593079566956 0.852827429771423 0.810166031122208 0.758018791675568 0.418945044279099 0.447369307279587 0.711006283760071 0.428497612476349 0.795778870582581 0.805198043584824 0.814483851194382 0.847959458827972 0.862213253974915 0.810166031122208 0.788827002048492 0.670012012124062 0.292411308735609 0.240330755710602 0.159442514181137 0.162209928035736 0.16614431142807 0.0189050417393446 0.0189050417393446 0.109379164874554 0.135719522833824 0.261986523866653 0.311416368931532 0.795795530080795 0.786259651184082 0.292411308735609 0.283192182891071 0.171212330460548 0.147606030106544 0.142287939786911 0.0189050417393446 0 0 0 0 0 0 0 0 0 0 0 0
1 1 1 1 1 1 1 0.909609228372574 0.88818684220314 0.881284981966019 0.81468391418457 0.311416368931532 0.292561337351799 0.171262338757515 0.116847828030586 0.292411308735609 0.311416368931532 0.42357961833477 0.829037725925446 0.833955705165863 0.585806205868721 0.786226332187653 0.8575119972229 0.833288878202438 0.814483851194382 0.559715926647186 0.767521321773529 0.786226332187653 0.819551885128021 0.862213253974915 0.817117899656296 0.79554545879364 0.631835162639618 0.651123642921448 0.258869033306837 0.135719522833824 0.162059888243675 0.130651503801346 0.0189050417393446 0 0.1424880027771 0.173846364021301 0.135719522833824 0.283192182891071 0.795795530080795 0.698386237025261 0.282858770340681 0.145138710737228 0.147606030106544 0.162059888243675 0.156858488917351 0 0 0 0 0 0 0 0 0 0 0 0 0
1 1 1 1 1 1 0.987996786832809 0.900073349475861 0.866847813129425 0.904857963323593 0.79581218957901 0.311416368931532 0.292561337351799 0.135719522833824 0.135719522833824 0.259102433919907 0.311416368931532 0.411593079566956 0.829037725925446 0.833955705165863 0.304781273007393 0.373933061957359 0.459355846047401 0.845592141151428 0.833605617284775 0.371532410383224 0.625783532857895 0.616281002759933 0.767521321773529 0.843341559171677 0.829037725925446 0.79554545879364 0.776840478181839 0.670012012124062 0.498532958328724 0.147606030106544 0.162059888243675 0.118664979934692 0.0189050417393446 0.00931915175169706 0.0281908512115479 0.150173380970955 0.135719522833824 0.273639644496143 0.301880490034819 0.613213539123535 0.168845027685165 0.147556021809578 0.162059888243675 0.130651503801346 0.00931915175169706 0 0 0 0 0 0 0 0 0 0 0 0 0
1 1 1 1 0.964207112789154 1 0.978444248437881 0.912059873342514 0.878717660903931 0.940584152936935 0.795478790998459 0.311416368931532 0.283342212438583 0.135719522833824 0.135719522833824 0.249549880623817 0.311416368931532 0.707855418324471 0.829037725925446 0.833955705165863 0.316667780280113 0.758135497570038 0.829037725925446 0.824069738388062 0.833605617284775 0.407075226306915 0.347592696547508 0.465907573699951 0.776840478181839 0.843341559171677 0.822069197893143 0.795845538377762 0.807532012462616 0.670012012124062 0.416561082005501 0.159442514181137 0.162059888243675 0.16614431142807 0.0189050417393446 0.00931915175169706 0.00931915175169706 0.142287939786911 0.138170182704926 0.159342497587204 0.292411308735609 0.468858372420073 0.145138710737228 0.138220191001892 0.118664979934692 0.0189050417393446 0 0 0 0 0 0 0 0 0 0 0 0 0 0
1 1 1 1 1 1 0.900073349475861 0.876317024230957 0.950020015239716 0.907492011785507 0.726927191019058 0.302097216248512 0.273873031139374 0.147606030106544 0.135719522833824 0.249549880623817 0.301880490034819 0.311416368931532 0.807532012462616 0.833955705165863 0.34049080312252 0.56698451936245 0.819451838731766 0.824069738388062 0.843158155679703 0.338056817650795 0.288043484091759 0.352710731327534 0.456721782684326 0.843341559171677 0.822069197893143 0.805131375789642 0.399706579744816 0.292411308735609 0.159442514181137 0.159442514181137 0.162059888243675 0.142387971282005 0.0189050417393446 0.00931915175169706 0.00931915175169706 0.133002132177353 0.161959856748581 0.183232188224792 0.283192182891071 0.407341957092285 0.147556021809578 0.138336896896362 0.118664979934692 0.00931915175169706 0 0 0 0 0 0 0 0 0 0 0 0 0 0
