data-raw/DATASET_PNE_1/DATASET_PNE/a_DATA/PFGS/ENVSUIT_A1B/HS_f60_P1_ubacPion.asc
NCOLS 619 
NROWS 782 
XLLCORNER 876826 
YLLCORNER 1947424 
CELLSIZE 100 
NODATA_value -9999 
[rows 364 to 391 of 782, columns 384 to 447 of 619]
-9999 -9999 -9999 -9999 -9999 -9999 -9999 -9999 -9999 0.148609170583005 0.070578771328168 0.096363097506245 0.0265040856937212 -9999 0 0 0 -9999 0 0 0.0778187052796478 0.252847283966298 0.133917608704856 0.129345018840764 0.311994580634235 0.255387611668572 0.255768660823913 0.430162157584995 0.696981243913798 -9999 0.642914602650409 0.642914602650409 0.660485202591134 -9999 0.641940810364537 0.641940810364537 0.678436851687201 0.678436851687201 0.641940810364537 0.714043778314069 0.714043778314069 0.678436851687201 0.714043778314069 0.80265887632838 0.678436851687201 0.642914602650409 0.624370210423811 0.678436851687201 0.696388500783268 0.624370210423811 0.569710826029891 0.569710826029891 0.587281425970617 0.694144544646259 0.85651382361658 0.982133028494009 1 1 1 1 1 0.40835767814048 0.165460011008087 0.486049367035014
-9999 -9999 -9999 -9999 -9999 -9999 -9999 -9999 0.122359117659511 0.174266480375968 0.174901562301537 0 0.0525001058469876 0.0265040856937212 0.0782844320250646 0 -9999 -9999 -9999 -9999 0 0 0 0.167111224014565 0.264236419831492 0.259282780812058 0.22769803971379 0.333883737668826 0.333926076463864 0.335323256700114 0.335323256700114 0.545662390448368 0.465599729031712 0.506583682628392 0.54320674033617 0.642914602650409 0.660485202591134 0.660485202591134 0.660485202591134 0.642914602650409 0.678436851687201 0.563952749904738 0.616664549726915 0.608620178669715 0.616918582497142 0.590710868368686 0.564164443879927 0.590668529573648 0.564460815445192 0.564460815445192 0.642914602650409 0.642914602650409 0.80265887632838 0.94593335873661 0.982133028494009 0.982133028494009 1 1 1 1 1 0.820398831449257 0.705703035691604 1
-9999 -9999 -9999 -9999 -9999 -9999 -9999 0.0965747914814344 0.0965747914814344 0.0701553833777891 0.0265040856937212 0.0525001058469876 0.0526271222321013 0 0 0 -9999 -9999 -9999 -9999 -9999 -9999 0 0 0 0.252847283966298 -9999 -9999 0.278927981709641 0.25060332782929 0.33401075405394 0.23934120834921 0.265167873322325 0.324992590710868 0.324992590710868 0.527837757737415 0.642914602650409 0.564164443879927 0.342690207036708 0.339218425843601 0.36153097082857 0.335534950675304 0.335534950675304 0.335111562724925 0.335534950675304 0.368897921165164 0.255980354799102 0.307760701130446 0.342690207036708 0.24979889072357 0.616664549726915 0.678436851687201 0.820864558194674 0.964054363012829 1 1 1 1 1 1 1 0.94593335873661 1 1
-9999 -9999 0.122697828019815 0.201024598839917 -9999 -9999 -9999 0.0446250899699395 0.052754138617215 0 0.104407468563445 0.0525001058469876 0 0 0 0 -9999 -9999 -9999 -9999 -9999 0 0 -9999 0 0.23472627969008 -9999 0.252847283966298 -9999 0.278927981709641 0.278927981709641 0.096363097506245 0.0181210042762183 0.0443710571997121 0.240738388585461 0.324992590710868 0.297557051526314 0.33401075405394 0.25060332782929 0.224522630085948 0.231804902832465 0.271434014987933 0.33401075405394 0.271434014987933 0.305389728608324 0.279266692069944 0.323299038909353 0.302891739701088 0.242474279182015 0.309327236546848 0.538210762521699 0.660485202591134 0.838604513315551 0.964054363012829 0.982133028494009 1 0.973495914306279 1 1 1 1 1 1 1
0.252847283966298 0.148143443837588 0 0 -9999 -9999 -9999 0 0 0 -9999 0.0265040856937212 -9999 0.0265040856937212 -9999 -9999 -9999 -9999 -9999 0 0 0.0265040856937212 -9999 -9999 -9999 -9999 0.078496126000254 0 0.104746178923748 0.252847283966298 0.252847283966298 0.252847283966298 0.200601210889538 -9999 0.278927981709641 0.148143443837588 0.200812904864728 0.294593335873661 0.148439815402854 0.114907489732842 0.0443710571997121 0.148482154197892 0.375629789576189 0.252677928786147 0.278927981709641 0.252677928786147 0.278927981709641 0.278927981709641 0.305686100173589 0.224310936110758 0.527922435327491 0.642914602650409 0.80265887632838 0.927939370845506 0.982133028494009 1 1 1 1 1 1 1 1 1
0.252847283966298 0.0780303992548372 0.104280452178331 0 0 0 0 0 0 0.0265040856937212 -9999 -9999 0 0.0265040856937212 0 0 0.0265040856937212 0.0782844320250646 0.0782844320250646 0.104407468563445 0.104407468563445 -9999 -9999 -9999 -9999 -9999 0.0782844320250646 0.104068758203142 0.130276472331597 0.0785384647952919 0.156568864050129 0.156526525255091 0.2086032431517 -9999 0.201024598839917 0.278927981709641 0.226597231042805 0.278927981709641 0.278927981709641 -9999 0.278927981709641 0.278927981709641 0.252847283966298 0.252847283966298 0.252847283966298 0.252847283966298 0.201066937634955 0.278927981709641 0.323299038909353 0.250306956264025 0.342690207036708 0.642914602650409 0.714043778314069 0.910199415724628 0.964054363012829 0.964054363012829 1 1 1 1 1 1 1 1
0.0965747914814344 0.0780303992548372 0.0262500529234938 0 0 0 0 0 0 -9999 -9999 -9999 -9999 0 0 0 0 0 0 0.0786231423853677 0.0786231423853677 0.130191794741522 0.0525001058469876 -9999 -9999 -9999 -9999 0.104068758203142 -9999 0.0522884118717981 0.156653541640205 -9999 -9999 -9999 0.130530505101825 0.104534484948558 0.104746178923748 0.252847283966298 0.208730259536814 -9999 0.200601210889538 -9999 0.201024598839917 0.252847283966298 0.226724247427918 0.208730259536814 0.148482154197892 0.252847283966298 0.302891739701088 0.281976374952369 0.315381684237267 0.564460815445192 0.660485202591134 0.80265887632838 0.874380795122571 0.910199415724628 0.8922901054236 1 1 1 1 0.9461450527118 1 1
0.0962784199161692 0.103814725432914 0.0523730894618739 0 0 0 0 0.0265040856937212 -9999 -9999 -9999 -9999 -9999 -9999 0 0 0 0 0 0 0 0 0.0525001058469876 -9999 -9999 -9999 0.0782844320250646 0.0527117998221771 -9999 0.0527117998221771 0.0527117998221771 0.130530505101825 -9999 -9999 0 0.0785384647952919 0.17464752953131 -9999 -9999 -9999 0.096363097506245 0.052754138617215 0.0439053304542953 0.23472627969008 0.252847283966298 0.148482154197892 0.252847283966298 0.278927981709641 0.302891739701088 0.229772640670647 0.229772640670647 0.616664549726915 0.714043778314069 0.838604513315551 0.838604513315551 0.820398831449257 1 0.928489775180998 1 1 1 0.874634827892798 1 1
0.0181210042762183 0.0181210042762183 0 0 0 0 0 0.0265040856937212 -9999 -9999 -9999 -9999 -9999 -9999 -9999 0 0 0 0 0 0 0 0 -9999 -9999 -9999 0.0525001058469876 -9999 -9999 -9999 -9999 0.0525001058469876 -9999 0.156399508869978 0.0265040856937212 0.0785384647952919 0.130530505101825 0.078496126000254 0.0785384647952919 0.025784326178077 0.0785384647952919 0.0785384647952919 0.156653541640205 0.0964054363012829 0.121935729709132 0.252847283966298 0.252847283966298 0.252677928786147 0.277107413523011 0.255980354799102 0.229772640670647 0.608620178669715 0.749439010965748 0.820398831449257 0.820398831449257 0.820398831449257 1 1 1 1 1 0.964054363012829 1 1
0.20077056606969 0 0 0.025784326178077 0 0 0 0.0265040856937212 0.0265040856937212 -9999 -9999 -9999 -9999 -9999 -9999 0 0 0 0 0.0265040856937212 0 0 -9999 -9999 -9999 -9999 -9999 -9999 0 0.0782844320250646 0.0265040856937212 0.0522884118717981 0 0 0.078496126000254 0 0.025784326178077 0.025784326178077 0.025784326178077 0.025784326178077 0.182395529023244 0.078496126000254 0.201024598839917 0.252847283966298 0.252847283966298 0.271645708963123 0.264236419831492 0.239595241119438 0.279605402430247 0.335534950675304 0.616918582497142 0.678436851687201 0.714255472289259 0.642914602650409 0.642914602650409 0.838604513315551 1 1 1 1 1 0.820398831449257 1 0.973749947076506
0.208476226766586 0.156187814894788 0 0 0 0 0 0.0522884118717981 0.0527117998221771 -9999 0.0265040856937212 0.0265040856937212 0 -9999 -9999 -9999 -9999 0 0 0.0265040856937212 -9999 -9999 0.0525001058469876 0 0 -9999 0 0.0522884118717981 0.0785384647952919 0 0 0 0 0 0.104746178923748 0.0520343791015708 0.025784326178077 0.0701553833777891 0.148651509378043 0.174816884711461 0.227020618993183 0.252847283966298 0.252847283966298 0.252847283966298 0.252847283966298 0.345526906304247 0.256488420339557 0.25060332782929 0.368897921165164 0.616664549726915 0.678436851687201 0.80265887632838 0.678436851687201 0.714255472289259 0.80265887632838 0.892374783013675 0.982133028494009 1 1 1 1 0.98192133451882 1 1
0.182395529023244 0.182395529023244 0.0520343791015708 0.0701553833777891 0.0181210042762183 0.025784326178077 0 0 0.0265040856937212 0.0522884118717981 0 0 0 0.0265040856937212 0 -9999 -9999 0 0 0 0.0782844320250646 -9999 -9999 -9999 -9999 0.0525001058469876 0 0 0 -9999 -9999 -9999 0 0.0265040856937212 0 0.0961514035310555 0.20077056606969 0.252847283966298 0.252847283966298 0.252847283966298 0.252847283966298 0.252847283966298 0.278927981709641 0.230407722596215 0.219441974681401 0.23934120834921 0.278250560989034 0.36957534188577 0.564079766289851 0.784918921207503 0.80265887632838 0.80265887632838 0.820398831449257 0.838604513315551 0.964054363012829 0.982133028494009 1 1 1 1 1 1 0.974215673821923 1
0.182395529023244 0.234302891739701 0.181972141072865 0.121935729709132 0.0443710571997121 0.0966594690715102 0.0439053304542953 0 0 0.0265040856937212 0.078496126000254 0.0265040856937212 0.0265040856937212 0.025784326178077 0 -9999 -9999 0 0 0 0.0265040856937212 0 0.0265040856937212 0 0 0 0 -9999 -9999 0 0 0 0 0.0520343791015708 0.0961514035310555 0.227020618993183 0.227020618993183 0.0958126931707524 0.0627037554511198 0.282569118082899 0.252847283966298 0.290359456369872 0.188958042254117 0.341547059570685 0.4401117744189 0.342986578601973 0.598120157500318 0.564079766289851 0.678436851687201 0.80265887632838 0.820398831449257 0.838604513315551 0.856640840001694 0.964054363012829 1 1 1 1 1 1 0.910114738134553 1 1 1
0.174266480375968 0.208518565561624 0.148482154197892 0.252847283966298 0.174266480375968 0.0965747914814344 0.174901562301537 0.0439053304542953 0 0.0522884118717981 0.0265040856937212 0.0522884118717981 0.0519920403065329 0.0524577670519497 -9999 -9999 -9999 0 -9999 -9999 -9999 0 0 0.0265040856937212 0 0 0 -9999 -9999 0 0 0 0.130742199077014 0.0701553833777891 0.227020618993183 0.174774545916423 0.0880646936788179 0.0809094373174139 0.129345018840764 0.173080994114907 0.25623438756933 0.276387654007367 0.315466361827342 0.387781023752064 0.626063762225327 0.626529488970744 0.80265887632838 0.80265887632838 0.820398831449257 0.838604513315551 0.838604513315551 0.892374783013675 0.982133028494009 1 1 1 1 1 1 1 1 1 1 0.974215673821923
0.0439053304542953 0.0960243871459418 0.0181210042762183 0.055125111139337 0.0181210042762183 0.0965747914814344 0.0965747914814344 0.0181210042762183 0.12278250560989 0.148651509378043 0.0520343791015708 0.0785384647952919 -9999 -9999 -9999 -9999 -9999 -9999 -9999 -9999 -9999 0.0265040856937212 0 -9999 -9999 -9999 0.025784326178077 0 0 0 0 0.208476226766586 0.0785384647952919 0.253101316736526 0.252847283966298 0.252847283966298 0.0809094373174139 0.155129345018841 0.193572970913248 0.211524620009315 0.229772640670647 0.229772640670647 0.36153097082857 0.571616071806596 0.714043778314069 0.80265887632838 0.80265887632838 0.820398831449257 0.856344468436428 0.94593335873661 0.964054363012829 1 1 1 0.948092637283543 1 1 1 1 0.51246877513866 1 1 1 1
0.0441170244294847 0.271645708963123 0.252847283966298 0.055125111139337 0.0809094373174139 0.0181210042762183 0.0181210042762183 0.0181210042762183 0.0966594690715102 0.157119268385622 0.23472627969008 -9999 -9999 -9999 -9999 -9999 0.0522884118717981 0.174774545916423 0.121935729709132 0 -9999 0.0784114484101782 -9999 0 -9999 0 0 0 0 0 0.0522884118717981 0.23472627969008 0.148439815402854 0.174774545916423 0.252847283966298 0.308819171006393 0.147296667936831 0.191625386341505 0.229772640670647 0.251365426139972 0.315381684237267 0.564333799060079 0.616410516956687 0.660485202591134 0.714763537829713 0.785003598797578 0.80265887632838 0.838604513315551 0.964054363012829 1 1 1 1 1 1 1 1 1 0.786273762648715 1 1 1 1 1
0.136669630382319 0.241585164486219 0.267411829459334 0.0809094373174139 0.10690545747068 0.055125111139337 0.055125111139337 0.163004360895889 0.252847283966298 0.278927981709641 0.226851263813032 -9999 -9999 -9999 -9999 0.252847283966298 0.0962784199161692 0.148058766247513 0 0.104407468563445 0 0 -9999 -9999 0 0 0 0 0 0 0.025784326178077 0.227020618993183 0.0964054363012829 0.0439053304542953 0.0809094373174139 0.0809094373174139 0.118421609720987 0.211524620009315 0.28959735805919 0.269613446801304 0.652186798763707 0.80265887632838 0.714255472289259 0.572335831322241 0.590583851983573 0.642914602650409 0.80265887632838 0.856640840001694 0.964054363012829 1 1 1 1 1 1 1 1 0.786273762648715 1 1 1 1 1 0.964054363012829
0.250306956264025 0.324823235530717 0.167788644735171 0.23713959100724 0.173673737245438 0.173673737245438 0.173673737245438 0.21182099157458 0.227359329353487 0.227062957788221 0.129345018840764 -9999 -9999 0.327067191667725 0.114738134552691 0.0700283669926754 0 0 0 0 -9999 -9999 -9999 -9999 0 0 0 0.0265040856937212 0 0 0.0782844320250646 0.20077056606969 0.122655489224777 0.0956856767856387 0.0809094373174139 0.0809094373174139 0.0882763876540074 0.166433803293958 0.207036707735298 0.642914602650409 0.625682713069986 0.80265887632838 0.714255472289259 0.642914602650409 0.642914602650409 0.80265887632838 0.820398831449257 0.892374783013675 1 1 1 1 1 1 1 1 0.59062619077861 1 1 1 0.982133028494009 0.874380795122571 0.964054363012829 0.80265887632838
0.369236631525467 0.341801092340912 0.493670350141835 0.41377704390533 0.229772640670647 0.229772640670647 0.351581353994665 0.33401075405394 0.229984334645836 0.255387611668572 0.173673737245438 0.174266480375968 0.107201829035946 0.0704094161480164 0.130530505101825 0 0 0 -9999 -9999 -9999 -9999 -9999 0 0 0 0.0262500529234938 0.0262500529234938 0 0 0.130318811126635 0.208899614716965 0.148439815402854 0.148566831787967 0.274990473771116 0.147296667936831 0.162919683305813 0.0181210042762183 0.177695922774038 0.599602015326644 0.80265887632838 0.80265887632838 0.820398831449257 0.838604513315551 0.838604513315551 0.820398831449257 0.838604513315551 0.964054363012829 1 1 1 1 1 1 0.98192133451882 0.56450315424023 1 1 1 0.928489775180998 0.8922901054236 0.982133028494009 0.874380795122571 0.749439010965748
0.678436851687201 0.599602015326644 0.927939370845506 0.820398831449257 0.678436851687201 0.335746644650493 0.335323256700114 0.335746644650493 0.432025064566662 0.503111901435285 0.247343240611372 0.250306956264025 0.133409543164402 0.122740166814852 0.0181210042762183 0.0265040856937212 0 -9999 -9999 -9999 -9999 -9999 0 0 0 0.0262500529234938 0.104576823743596 0.182395529023244 0.182395529023244 0.0522884118717981 0.130742199077014 0.208899614716965 0.122655489224777 0.0966594690715102 0.252677928786147 0.162962022100851 0.269571108006266 0.158982175367289 0.624666581989077 0.670138447859774 0.80265887632838 0.820398831449257 0.820398831449257 0.874380795122571 1 0.964054363012829 1 1 1 1 1 1 1 0.732376476565477 0.937931326474449 0.974215673821923 1 1 0.891866717473221 0.8922901054236 0.964054363012829 0.874380795122571 0.749439010965748 0.731614378254795
0.820398831449257 0.820398831449257 0.982133028494009 0.820398831449257 0.820398831449257 0.767051949701512 0.608027435539185 0.600787501587705 0.804013717769592 0.626952876921123 0.500613912528049 0.250306956264025 0.10792158855159 0.12278250560989 0.0181210042762183 0 0 -9999 -9999 -9999 0 0.0265040856937212 0 0 0 0 0.0780303992548372 0.260806977433422 0.208899614716965 0.234980312460307 0.148439815402854 0.104534484948558 0.17464752953131 0.148439815402854 0.252677928786147 0.162962022100851 0.231212159701935 0.237774672932808 0.60671493289301 0.515051441635971 0.80265887632838 0.820398831449257 0.874380795122571 1 1 1 0.974003979846733 1 1 1 1 1 0.459968669291672 0.768237435962573 1 1 1 0.909945382954401 0.982133028494009 0.874380795122571 0.838604513315551 0.714043778314069 0.731614378254795 0.652186798763707
1 0.838138786570134 0.820398831449257 0.820398831449257 0.732799864515856 0.804437105719971 0.856344468436428 0.52110588932639 0.659807781870528 0.681908632880308 0.359032981921335 0.167111224014565 0.278927981709641 0.260806977433422 0.104322790973369 0.0522884118717981 0.0522884118717981 -9999 -9999 0.0265040856937212 0.0265040856937212 0 0 0 0 0.0522884118717981 0.208899614716965 0.227020618993183 0.0956856767856387 0.0700283669926754 0.174393496761082 0.0964054363012829 0.252677928786147 0.278927981709641 0.0181210042762183 0.267115457894068 0.357339430119819 0.325119607095982 0.60671493289301 0.624666581989077 0.820398831449257 0.856344468436428 0.964139040602904 1 1 0.921969600745163 0.948177314873619 1 1 1 1 0.590880223548838 1 1 1 1 0.875989669334011 0.946399085482027 0.964054363012829 0.838604513315551 0.80265887632838 0.678436851687201 0.564460815445192 0.387781023752064
1 1 1 1 0.794572166476142 0.616410516956687 0.580507218764554 0.554384182226174 0.651551716838139 0.656208984292307 0.358609593970956 0.122486134044625 0.252931961556374 0.052754138617215 0.0785384647952919 0.156653541640205 -9999 -9999 0.0265040856937212 0.0525001058469876 0 0 0 0.025784326178077 0.156992252000508 0.104534484948558 0.0704094161480164 0.0439053304542953 0.0701553833777891 0.252677928786147 0.0958126931707524 0.0696896566323722 0.174139463990855 0.036496041322664 0.055125111139337 0.147296667936831 0.346839408950421 0.574198738303908 0.80265887632838 0.820398831449257 0.838604513315551 0.838604513315551 1 1 1 0.973749947076506 1 1 1 1 0.63584402387908 1 1 1 1 0.964139040602904 0.910411109699818 0.964054363012829 0.838604513315551 0.80265887632838 0.643634362166053 0.387781023752064 0.331258732376477 0.261230365383801
0.820398831449257 0.820398831449257 0.345907955459588 0.345907955459588 0.371692281637665 0.71362039036369 0.600533468817477 0.63745289809052 0.611668571912443 0.651848088403404 0.369194292730429 0.186883441297261 0.0181210042762183 0.208476226766586 0.15635717007494 0 -9999 -9999 0 0 0 0.0265040856937212 0.025784326178077 0.23472627969008 0.23472627969008 0.148439815402854 0.0701553833777891 0.0181210042762183 0.278927981709641 0.0443287184046742 0.110885304204242 0.055125111139337 0.0181210042762183 0.055125111139337 0.147296667936831 0.331258732376477 0.401879842499682 0.593632245226301 0.820398831449257 0.820398831449257 0.838604513315551 1 1 1 1 1 1 1 1 0.724247427918201 1 1 1 1 1 0.982133028494009 0.964054363012829 0.838604513315551 0.80265887632838 0.714043778314069 0.52191032643211 0.28959735805919 0.287014691561878 0.0701553833777891
1 0.838138786570134 0.8922901054236 0.94593335873661 0.89207841144841 0.732842203310894 0.768406791142724 0.656378339472459 -9999 -9999 0.575680596130234 0.504043354926119 0.541343833354503 0.234810957280156 0.182353190228206 0 0.0522884118717981 0 0 0 0 0.0265040856937212 0 0.130784537872052 0.0964054363012829 0.226554892247767 0.140183750370464 0.180913671196918 0.126254286802998 0.235107328845421 0.215208095177611 0.136669630382319 0.055125111139337 0.191625386341505 0.28959735805919 0.341801092340912 0.609805664930776 0.80265887632838 0.838604513315551 0.964054363012829 0.982133028494009 1 1 1 1 1 1 1 0.964054363012829 1 1 1 1 0.974003979846733 1 0.94593335873661 0.820398831449257 0.696092129218002 0.678436851687201 0.538676489267116 0.28959735805919 0.173080994114907 0.0181210042762183 0.278927981709641
0.982133028494009 0.820398831449257 0.838604513315551 0.820398831449257 0.820398831449257 0.671112240145645 0.683390490706634 0.63766459206571 0.253228333121639 -9999 0.234514585714891 0.585841906939328 0.532622041576697 0.208730259536814 0.156568864050129 0.182649561793471 0.104407468563445 0 0 0 0 0 0.0522884118717981 0.0439053304542953 0.0181210042762183 0.036496041322664 0.128455904144968 0.261230365383801 0.24277065074728 0.508150218044794 0.443668233202083 0.391295143740209 0.259494474787248 0.556247089207841 0.574198738303908 0.6258097294551 0.80265887632838 0.838604513315551 0.874380795122571 1 1 1 1 1 1 1 1 0.767814048012194 1 1 1 0.974003979846733 1 1 1 1 0.820398831449257 0.598120157500318 0.369236631525467 0.349506753037808 0.277319107498201 0.162962022100851 0.226597231042805 0.278927981709641
0.820398831449257 0.820398831449257 0.698463101740124 0.927939370845506 1 0.927939370845506 0.758499513103857 0.502519158304755 -9999 -9999 -9999 0.272026758118464 0.575638257335196 0.567636225073034 0.0782844320250646 0.208476226766586 -9999 -9999 -9999 0.104068758203142 0.0265040856937212 0 0.2086032431517 0.208476226766586 0.252677928786147 0.0726957110800627 0.218722215165756 0.298065117066768 0.563825733519624 0.735213175833016 0.789322155891443 0.627291587281426 0.563402345569245 0.641940810364537 0.641940810364537 0.696092129218002 0.856344468436428 0.982133028494009 1 1 0.974003979846733 1 1 1 1 0.768914856683179 0.644777509632076 1 0.922392988695542 1 1 1 1 1 0.874550150302722 1 1 0.543249079131208 0.383166095092934 0.261230365383801 0.0181210042762183 0.226597231042805 0.252677928786147 0.148439815402854
0.80265887632838 0.776408823404886 0.60671493289301 0.671874338456327 0.741987383039079 0.793894745755536 0.8922901054236 -9999 -9999 -9999 -9999 0.820398831449257 0.689783648757356 0.732588170540666 0.130276472331597 0.208476226766586 0.0265040856937212 0 0 0 0 0 0.2086032431517 0.260806977433422 0.0181210042762183 0.173080994114907 0.329692196960075 0.402514924425251 0.848173080994115 0.838392819340362 0.973792285871544 0.974215673821923 0.820398831449257 0.838604513315551 0.838604513315551 0.820398831449257 0.874380795122571 1 0.974003979846733 0.974003979846733 1 1 1 1 0.859392861679157 0.688682840086371 0.921842584360049 1 1 1 1 1 1 1 0.731572039459757 1 1 0.378043100893349 0.301917947415217 0.0181210042762183 0.252677928786147 0.252931961556374 0.226597231042805 0.122655489224777
