data-raw/DATASET_PNE_1/DATASET_PNE/a_DATA/PFGS/ENVSUIT_A1B/HS_f90_C4_shrubs.asc
NCOLS 619 
NROWS 782 
XLLCORNER 876826 
YLLCORNER 1947424 
CELLSIZE 100 
NODATA_value -9999 
[rows 224 to 251 of 782, columns 128 to 191 of 619]
0.314381404250229 0.391172600773494 0.263346756508911 0.263386627327459 0.560065388142419 0.639727283601132 0.54024959132411 0.441768669510785 0.441768669510785 0.441768669510785 0.560543837964993 0.390654280132371 0.441768669510785 0.314461145887325 0.441768669510785 0.441768669510785 0.365416051991547 0.441768669510785 0.441768669510785 0.441768669510785 0.416012120728839 0.314301662613133 0.416530441369961 0.441768669510785 0.441768669510785 0.441768669510785 0.554124636178781 0.639727283601132 0.639727283601132 0.657589410310594 0.675411666201507 0.639727283601132 0.639727283601132 0.946573103145808 1 1 1 1 1 1 1 1 1 -9999 -9999 -9999 1 1 0.974602288584985 1 1 0.874167696662813 0.910290658267214 1 1 0.639727283601132 0.639727283601132 0.600215302420159 0.48144013396595 0.416012120728839 0.416012120728839 0.178701008731709 0.416012120728839 0.441768669510785
0.639727283601132 0.218890793827997 0.314620629161517 0.410589689406324 0.441768669510785 0.600135560783063 0.441768669510785 0.600135560783063 0.619951357601372 0.639727283601132 0.441768669510785 0.441768669510785 0.441768669510785 0.365455922810095 0.416530441369961 0.441768669510785 0.390654280132371 0.441768669510785 0.41637095809577 0.639727283601132 0.441768669510785 0.441768669510785 0.54024959132411 0.441768669510785 0.441768669510785 0.441768669510785 0.600135560783063 0.639727283601132 0.639727283601132 0.639727283601132 0.639727283601132 0.639727283601132 0.819464933615087 1 1 1 1 1 1 1 1 1 1 1 0.22949643156174 0.127586619353295 1 1 1 1 1 0.783501455284877 0.657589410310594 0.693951596826283 1 0.639727283601132 0.639727283601132 0.639727283601132 0.541405845061999 0.416012120728839 0.283401778238507 0.309158327020454 0.416012120728839 0.48144013396595
0.639727283601132 0.639727283601132 0.639727283601132 0.639727283601132 0.639727283601132 0.639727283601132 0.639727283601132 0.639727283601132 0.639727283601132 0.639727283601132 0.574418882819664 0.639727283601132 0.441768669510785 0.391132729954946 0.41637095809577 0.416051991547386 0.441768669510785 0.441768669510785 0.441768669510785 0.461584466329094 0.639727283601132 0.416530441369961 0.639727283601132 0.441768669510785 0.441768669510785 0.441768669510785 0.540209720505562 0.540209720505562 0.639727283601132 0.639727283601132 0.639727283601132 0.675810374386986 1 1 1 1 0.433953989075396 1 1 1 1 1 1 1 1 0.639727283601132 1 1 1 1 1 0.910290658267214 0.639727283601132 0.639727283601132 0.801562936087078 0.729715721063753 0.639727283601132 0.639727283601132 0.600215302420159 0.416012120728839 0.32749890355249 0.416012120728839 0.541405845061999 0.48144013396595
0.639727283601132 0.639727283601132 0.639727283601132 0.639727283601132 0.639727283601132 0.639727283601132 0.639727283601132 0.639727283601132 0.639727283601132 0.639727283601132 0.639727283601132 0.639727283601132 0.639727283601132 0.540209720505562 0.540209720505562 0.639727283601132 0.639727283601132 0.639727283601132 0.639727283601132 0.619951357601372 0.619951357601372 0.441768669510785 0.494677245723855 0.639727283601132 0.619871615964276 0.461504724691998 0.560065388142419 0.639727283601132 0.639727283601132 0.639727283601132 0.639727283601132 0.946573103145808 1 1 1 0.639727283601132 0.112236354212352 0.872732347195088 1 1 1 1 1 1 1 1 1 1 1 1 1 0.783501455284877 0.639727283601132 0.639727283601132 0.639727283601132 0.639727283601132 0.639727283601132 0.639727283601132 0.600215302420159 0.441768669510785 0.288704597105379 0.48144013396595 0.501255930784259 0.579841314142179
0.639727283601132 0.639727283601132 0.639727283601132 0.639727283601132 0.639727283601132 0.639727283601132 0.639727283601132 0.639727283601132 0.639727283601132 0.639727283601132 0.639727283601132 0.639727283601132 0.639727283601132 0.639727283601132 0.639727283601132 0.639727283601132 0.619951357601372 0.639727283601132 0.639727283601132 0.639727283601132 0.619951357601372 0.441768669510785 0.599657110960488 0.619951357601372 0.619871615964276 0.639727283601132 0.639727283601132 0.639727283601132 0.639727283601132 0.639727283601132 0.711574498624457 0.946573103145808 1 1 0.96383716757705 0.441768669510785 0.313863083609106 1 1 1 1 1 1 1 1 1 1 1 1 1 1 0.639727283601132 0.639727283601132 0.639727283601132 0.639727283601132 0.639727283601132 0.639727283601132 0.639727283601132 0.619951357601372 0.441768669510785 0.441768669510785 0.48144013396595 0.48144013396595 0.639727283601132
0.639727283601132 0.639727283601132 0.639727283601132 0.639727283601132 0.639727283601132 0.639727283601132 0.639727283601132 0.639727283601132 0.579721701686536 0.619871615964276 0.639727283601132 0.639727283601132 0.693871855189187 0.639727283601132 0.639727283601132 0.600015948327419 0.554005023723137 0.441768669510785 0.441768669510785 0.441768669510785 0.619991228419919 0.639727283601132 0.639727283601132 0.639727283601132 0.639727283601132 0.619871615964276 0.639727283601132 0.639727283601132 0.639727283601132 0.639727283601132 0.910290658267214 0.964395359036721 1 0.981818906742155 0.441768669510785 0.441768669510785 0.639727283601132 1 1 1 1 1 1 1 1 1 1 1 1 1 0.946573103145808 0.639727283601132 0.639727283601132 0.639727283601132 0.639727283601132 0.639727283601132 0.639727283601132 0.639727283601132 0.639727283601132 0.580479247238946 0.441768669510785 0.501255930784259 0.639727283601132 0.639727283601132
0.639727283601132 0.639727283601132 0.639727283601132 0.639727283601132 0.639727283601132 0.639727283601132 0.639727283601132 0.639727283601132 0.639727283601132 0.639727283601132 0.639727283601132 0.639727283601132 0.639727283601132 0.639727283601132 0.639727283601132 0.675411666201507 0.639727283601132 0.554005023723137 0.416051991547386 0.461584466329094 0.461504724691998 0.619951357601372 0.501136318328615 0.639727283601132 0.639727283601132 0.639727283601132 0.639727283601132 0.639727283601132 0.639727283601132 0.657948247677525 0.675810374386986 0.946573103145808 1 0.639727283601132 0.639727283601132 0.441768669510785 1 1 -9999 1 1 1 1 1 1 1 1 1 1 1 1 0.639727283601132 0.639727283601132 0.639727283601132 0.639727283601132 0.639727283601132 0.560065388142419 0.619991228419919 0.639727283601132 0.48144013396595 0.48144013396595 0.639727283601132 0.639727283601132 0.639727283601132
0.928392009887963 0.892388660739205 0.675810374386986 0.639727283601132 0.639727283601132 0.639727283601132 0.639727283601132 0.639727283601132 0.639727283601132 0.614010605637734 0.639727283601132 0.639727283601132 0.639727283601132 0.981818906742155 0.712013077628484 0.639727283601132 0.657589410310594 0.639727283601132 0.554005023723137 0.540209720505562 0.614010605637734 0.639727283601132 0.441768669510785 0.639727283601132 0.639727283601132 0.639727283601132 0.639727283601132 0.639727283601132 0.639727283601132 0.639727283601132 0.639727283601132 0.910290658267214 1 0.908895179618038 0.963956780032694 1 1 0.819385191977991 -9999 -9999 1 1 1 1 1 1 1 1 1 1 1 0.639727283601132 0.639727283601132 0.639727283601132 0.639727283601132 0.619871615964276 0.461584466329094 0.481320521510307 0.639727283601132 0.441768669510785 0.639727283601132 0.639727283601132 0.639727283601132 0.639727283601132
1 0.964395359036721 0.6936326302779 0.639727283601132 0.639727283601132 0.639727283601132 0.639727283601132 0.639727283601132 0.639727283601132 0.639727283601132 0.639727283601132 0.639727283601132 0.639727283601132 1 0.748215780869981 0.639727283601132 0.639727283601132 0.872732347195088 0.675411666201507 0.675411666201507 0.639727283601132 0.619871615964276 0.441768669510785 0.639727283601132 0.600015948327419 0.639727283601132 0.639727283601132 0.639727283601132 0.639727283601132 0.639727283601132 0.639727283601132 0.981818906742155 1 1 1 1 1 -9999 -9999 1 1 1 1 1 1 1 1 1 1 1 0.964435229855269 0.639727283601132 0.639727283601132 0.639727283601132 0.639727283601132 0.441768669510785 0.441768669510785 0.441768669510785 0.639727283601132 0.441768669510785 0.657589410310594 0.619991228419919 0.657589410310594 0.675092699653124
1 1 0.801403452812886 0.639727283601132 0.639727283601132 0.675810374386986 0.711574498624457 0.639727283601132 0.639727283601132 0.639727283601132 0.639727283601132 0.639727283601132 1 1 0.729994816793589 0.639727283601132 0.639727283601132 0.927714205972649 0.963956780032694 0.639727283601132 0.639727283601132 0.639727283601132 0.441768669510785 0.639727283601132 0.404449583349946 0.42968781149077 0.639727283601132 0.71209281926558 0.639727283601132 0.657549539492046 0.200310992384674 0.639727283601132 0.891272277819864 1 1 0.693792113552091 -9999 -9999 -9999 1 1 1 1 1 1 1 1 1 1 1 0.856664407320282 0.639727283601132 0.560065388142419 0.461584466329094 0.481320521510307 0.441768669510785 0.441768669510785 0.441768669510785 0.639727283601132 0.441768669510785 0.675810374386986 0.639727283601132 0.692875084725489 0.764562816474622
1 1 0.856265699134803 0.675411666201507 0.928392009887963 0.910290658267214 0.639727283601132 0.639727283601132 0.639727283601132 0.639727283601132 0.639727283601132 0.657589410310594 1 0.675411666201507 0.675411666201507 0.639727283601132 0.639727283601132 0.639727283601132 1 0.639727283601132 0.639727283601132 0.639727283601132 0.416530441369961 0.639727283601132 0.639727283601132 0.639727283601132 0.639727283601132 0.639727283601132 0.244089151150273 -9999 -9999 0.639727283601132 1 0.964355488218173 -9999 -9999 -9999 -9999 -9999 1 1 1 1 1 1 1 1 1 1 1 0.711574498624457 0.946373749053068 0.441768669510785 0.441768669510785 0.441768669510785 0.441768669510785 0.441768669510785 0.441768669510785 0.520991985965472 0.441768669510785 0.909373629440612 0.657589410310594 0.7288385630557 0.764562816474622
1 1 0.964076392488338 0.964395359036721 1 0.928392009887963 0.639727283601132 0.639727283601132 0.729795462700849 0.946573103145808 0.675810374386986 0.892388660739205 0.783501455284877 0.747777201865954 1 1 0.657589410310594 0.675411666201507 1 0.730234041704876 0.639727283601132 0.639727283601132 0.560025517323871 0.540209720505562 0.639727283601132 0.639727283601132 0.639727283601132 -9999 -9999 -9999 0.764921653841553 1 0.711574498624457 -9999 -9999 -9999 -9999 -9999 -9999 1 1 1 0.673776962641043 1 1 1 1 1 1 1 0.639727283601132 0.802081256728201 0.639727283601132 0.461584466329094 0.441768669510785 0.441768669510785 0.441768669510785 0.348909533112715 0.441768669510785 0.619991228419919 0.639727283601132 0.909373629440612 0.764562816474622 0.819066225429608
0.837087835413261 1 1 1 0.946573103145808 0.946573103145808 0.639727283601132 0.78326223037359 0.711415015350265 0.946573103145808 1 0.964395359036721 0.964076392488338 1 0.457637255292851 1 1 1 1 0.801842031816913 0.639727283601132 0.639727283601132 0.639727283601132 0.520393923687253 0.639727283601132 0.639727283601132 0.639727283601132 0.639727283601132 0.657948247677525 0.981818906742155 1 0.909293887803517 -9999 -9999 -9999 -9999 -9999 -9999 -9999 -9999 1 1 0.48144013396595 1 1 1 1 1 1 0.964435229855269 0.639727283601132 0.874167696662813 0.619951357601372 0.48144013396595 0.441768669510785 0.441768669510785 0.385550815358239 0.204098720146725 0.311789801044615 0.692875084725489 0.729755591882301 0.927195885331526 0.926837047964595 0.963159363661736
1 1 1 1 1 0.946573103145808 0.639727283601132 0.946573103145808 0.946573103145808 0.946214265778876 1 1 0.946214265778876 0.349706949483673 0.365136956261712 0.631832861528647 1 1 1 0.819544675252183 0.639727283601132 0.639727283601132 0.639727283601132 0.639727283601132 0.540209720505562 0.639727283601132 0.639727283601132 0.639727283601132 0.657549539492046 0.639727283601132 0.927156014512978 0.560065388142419 0.639727283601132 0.819903512619114 1 -9999 -9999 -9999 -9999 1 1 1 0.48144013396595 1 1 1 1 1 1 1 0.964196004943981 0.783660938559069 0.619951357601372 0.314102308520394 0.461584466329094 0.441768669510785 0.42283003070053 0.305131374347115 0.330529085762131 0.657589410310594 0.461504724691998 0.579921055779275 0.712013077628484 0.639727283601132
1 1 1 1 1 0.801403452812886 1 1 1 1 1 1 0.783501455284877 0.639727283601132 0.365136956261712 0.339699374028149 0.927714205972649 1 1 1 0.675810374386986 0.675810374386986 0.639727283601132 0.639727283601132 0.540209720505562 0.639727283601132 0.639727283601132 0.639727283601132 0.639727283601132 0.639727283601132 0.540209720505562 0.729715721063753 1 1 -9999 -9999 -9999 -9999 1 1 1 1 0.501176189147163 1 1 1 1 1 1 1 0.729715721063753 0.639727283601132 0.637733742673737 0.346836250548224 0.3282564491049 0.378852517842191 0.42283003070053 0.404250229257207 0.441768669510785 0.560025517323871 0.441768669510785 0.595709899924246 0.964315617399625 1
1 1 1 1 1 1 1 1 1 1 1 1 0.981818906742155 0.981818906742155 0.639727283601132 0.504246242175352 0.478569435030501 1 1 1 1 1 0.981818906742155 0.982098002471991 0.639727283601132 0.560025517323871 0.579841314142179 0.481320521510307 0.579841314142179 0.461504724691998 0.639727283601132 0.783860292651808 -9999 -9999 -9999 -9999 -9999 -9999 -9999 1 1 0.980184203181691 0.441768669510785 1 1 1 1 1 0.928471751525059 0.639727283601132 0.657589410310594 0.639727283601132 0.656951477213827 0.441768669510785 0.341892269048284 0.385550815358239 0.385550815358239 0.404250229257207 0.441768669510785 0.48144013396595 0.501255930784259 1 1 0.964196004943981
1 1 1 1 1 1 1 1 1 1 1 1 1 1 0.801403452812886 0.639727283601132 0.543319644352299 0.390813763406563 0.639727283601132 0.873489892747498 0.945735815956302 1 1 1 1 0.579841314142179 0.554124636178781 0.508632032215621 0.441768669510785 0.639727283601132 0.675411666201507 0.559905904868227 0.619871615964276 -9999 -9999 -9999 -9999 -9999 -9999 -9999 1 0.83501455284877 0.461584466329094 1 1 1 1 1 0.856664407320282 0.639727283601132 0.639727283601132 0.521071727602568 0.602926518081416 0.441768669510785 0.144651329691799 0.359953749850484 0.385550815358239 0.302101192137475 0.441768669510785 0.441768669510785 0.635859814201986 0.654001036641282 0.639727283601132 0.675371795382959
1 1 1 1 1 1 1 1 1 1 1 1 1 1 1 0.964076392488338 0.639727283601132 0.339380407479766 0.263027789960528 0.460109246042821 1 1 1 1 0.892388660739205 0.639727283601132 0.441768669510785 0.441768669510785 0.441768669510785 0.619871615964276 0.441768669510785 0.501136318328615 -9999 -9999 -9999 -9999 -9999 -9999 1 1 1 1 0.441768669510785 1 1 1 1 1 0.783860292651808 0.639727283601132 0.692875084725489 0.728041146684742 0.459551054583151 0.441768669510785 0.176906821897054 0.290458913121486 0.279454567202265 0.334595909254017 0.334595909254017 0.441768669510785 0.441768669510785 0.441768669510785 0.673737091822495 0.657589410310594
1 1 1 1 1 1 1 1 1 1 1 0.963916909214146 0.783501455284877 0.981818906742155 1 0.946214265778876 0.783501455284877 0.639727283601132 0.262629081775049 0.391013117499302 1 1 1 1 0.639727283601132 0.675371795382959 0.520991985965472 0.461584466329094 0.441768669510785 0.441768669510785 0.41637095809577 0.461584466329094 0.639727283601132 -9999 0.801562936087078 1 1 1 -9999 1 1 0.981818906742155 0.657589410310594 1 1 1 1 0.964435229855269 0.639727283601132 0.639727283601132 0.600215302420159 0.441768669510785 0.441768669510785 0.441768669510785 0.202623499860452 0.316215461903433 0.29743630636737 0.279454567202265 0.367170368007655 0.441768669510785 0.441768669510785 0.585184003827599 0.48144013396595 -9999
1 1 1 1 1 1 1 1 1 1 1 0.963916909214146 1 0.981818906742155 1 1 0.946214265778876 0.613970734819186 0.391013117499302 0.31398269606475 1 1 1 0.837805510147123 0.675371795382959 0.657509668673498 0.520513536142897 0.540329332961206 0.461584466329094 0.435867788365695 0.639727283601132 0.579841314142179 0.639727283601132 0.639727283601132 0.910290658267214 1 -9999 -9999 -9999 1 1 0.783501455284877 1 1 1 1 1 0.639727283601132 0.639727283601132 0.639727283601132 0.600215302420159 0.441768669510785 0.441768669510785 0.441768669510785 0.0947729356883697 0.279454567202265 0.423188868067461 0.348391212471592 0.348391212471592 0.367170368007655 0.441768669510785 0.495554403731909 -9999 0.639727283601132
1 1 1 1 1 1 1 1 1 1 1 1 1 1 1 1 0.946573103145808 0.639727283601132 0.263027789960528 0.263027789960528 1 1 0.981818906742155 0.693353534548064 0.819345321159443 0.639727283601132 0.441768669510785 0.416012120728839 0.441768669510785 0.639727283601132 0.639727283601132 0.639727283601132 0.838961763885013 0.801562936087078 1 1 1 -9999 -9999 1 1 0.981818906742155 0.96383716757705 1 1 0.982177744109087 0.910290658267214 0.639727283601132 0.639727283601132 0.855508153582393 0.600215302420159 0.441768669510785 0.441768669510785 0.441768669510785 0.441768669510785 0.441768669510785 0.0700530281886687 0.329731669391173 -9999 0.139507994099119 0.441768669510785 0.441768669510785 0.441768669510785 0.639727283601132
1 1 1 1 1 1 1 1 1 1 1 1 1 1 1 1 0.946573103145808 0.639727283601132 0.365336310354452 0.339619632391053 1 1 0.945895299230493 0.711574498624457 0.711494756987361 0.639727283601132 0.416012120728839 0.263346756508911 0.441768669510785 0.599657110960488 0.711494756987361 0.927913560065388 1 0.675810374386986 1 0.96383716757705 -9999 -9999 -9999 -9999 1 1 1 1 -9999 -9999 -9999 0.675371795382959 1 0.982098002471991 0.600215302420159 0.441768669510785 0.441768669510785 0.441768669510785 0.423188868067461 0.441768669510785 0.441768669510785 0.0187392847175153 0 0.228659144372234 0.423188868067461 0.441768669510785 0.441768669510785 0.675371795382959
1 1 1 1 1 1 1 1 1 1 1 1 1 1 0.873729117658786 0.982257485746182 1 0.657589410310594 0.639727283601132 0.619991228419919 1 1 0.945895299230493 0.639727283601132 0.747936685140146 0.441768669510785 0.441768669510785 0.441768669510785 0.639727283601132 0.675371795382959 1 1 1 -9999 -9999 -9999 -9999 -9999 -9999 -9999 1 1 1 1 -9999 -9999 -9999 1 1 1 0.600215302420159 0.521071727602568 0.365535664447191 0.441768669510785 0.334436425979825 0.423188868067461 0.441768669510785 0.423188868067461 0.0187392847175153 0.404808420716877 0.423188868067461 0.441768669510785 0.441768669510785 0.673737091822495
1 1 1 1 1 1 1 1 1 1 1 1 1 1 1 1 0.855308799489654 0.639727283601132 1 0.614010605637734 1 1 0.675810374386986 0.657509668673498 0.747936685140146 0.416012120728839 0.41637095809577 0.639727283601132 0.819345321159443 0.639727283601132 0.783621067740521 0.441768669510785 0.639727283601132 0.639727283601132 -9999 -9999 -9999 -9999 -9999 -9999 1 1 1 1 1 1 -9999 -9999 0.765439974482676 0.639727283601132 0.639727283601132 0.441768669510785 0.441768669510785 0.416131733184482 0.20704916071927 0.297835014552849 0.423188868067461 0.441768669510785 0.132809696583071 0.423188868067461 0.441768669510785 0.416012120728839 0.600215302420159 0.639727283601132
1 1 1 1 1 1 1 1 1 1 1 1 1 1 1 1 1 0.639727283601132 1 1 1 1 0.693353534548064 0.693353534548064 0.639727283601132 0.441768669510785 0.41637095809577 0.639727283601132 0.675810374386986 0.441768669510785 0.441768669510785 0.441768669510785 0.494677245723855 0.639727283601132 -9999 -9999 -9999 -9999 -9999 -9999 1 1 1 1 1 1 1 1 0.657589410310594 0.639727283601132 0.639727283601132 0.461584466329094 0.263267014871815 0.441768669510785 0.353135839878793 0.315816753717954 0.441768669510785 0.441768669510785 0.423188868067461 0.441768669510785 0.441768669510785 0.441768669510785 0.619951357601372 0.639727283601132
1 1 1 1 1 1 1 1 1 1 1 1 1 1 1 1 1 0.946573103145808 0.639727283601132 0.639727283601132 0.639727283601132 0.639727283601132 0.639727283601132 0.639727283601132 0.560065388142419 0.639727283601132 0.441768669510785 0.639727283601132 0.693592759459352 0.600135560783063 0.441768669510785 0.501136318328615 0.675411666201507 0.872732347195088 1 1 1 1 -9999 -9999 -9999 -9999 -9999 1 1 1 0.657948247677525 0.675371795382959 0.639727283601132 0.639727283601132 0.501136318328615 0.461584466329094 0.441768669510785 0.441768669510785 0.441768669510785 0.423188868067461 0.441768669510785 0.334556038435469 0.441768669510785 0.441768669510785 0.477413181292612 0.619951357601372 0.441768669510785 0.441768669510785
1 1 1 1 1 1 1 1 1 1 1 1 1 1 1 1 1 0.982257485746182 0.836848610501974 0.639727283601132 0.639727283601132 0.639727283601132 0.639727283601132 0.639727283601132 0.639727283601132 0.599657110960488 0.441768669510785 0.441768669510785 0.639727283601132 0.560065388142419 0.639727283601132 0.477652406203899 0.540209720505562 0.639727283601132 0.729755591882301 1 1 0.928033172521032 0.964435229855269 -9999 -9999 -9999 -9999 1 1 1 0.657948247677525 0.639727283601132 0.639727283601132 0.560025517323871 0.441768669510785 0.441768669510785 0.441768669510785 0.441768669510785 0.423188868067461 0.441768669510785 0.323591563334795 0.441768669510785 0.441768669510785 0.441768669510785 0.41637095809577 0.385550815358239 0.348909533112715 0.441768669510785
1 1 1 1 1 1 1 1 1 0.67573063274989 1 1 1 1 1 1 1 1 0.910290658267214 0.675810374386986 0.639727283601132 0.639727283601132 0.639727283601132 0.639727283601132 0.639727283601132 0.639727283601132 0.441768669510785 0.416530441369961 0.639727283601132 0.501255930784259 0.579801443323631 0.675411666201507 0.534308839360472 0.639727283601132 0.711973206809936 0.747936685140146 0.783660938559069 0.711574498624457 0.892946852198876 1 1 -9999 -9999 -9999 1 1 0.639727283601132 0.639727283601132 0.579841314142179 0.441768669510785 0.441768669510785 0.441768669510785 0.441768669510785 0.441768669510785 0.441768669510785 0.3415733024999 0.441768669510785 0.441768669510785 0.385550815358239 0.341852398229736 0.348909533112715 0.367569076193134 0.42283003070053 0.461504724691998
