data-raw/DATASET_PNE_1/DATASET_PNE/a_DATA/PFGS/ENVSUIT_A1B/HS_f45_H8_notgraz.asc
NCOLS 619 
NROWS 782 
XLLCORNER 876826 
YLLCORNER 1947424 
CELLSIZE 100 
NODATA_value -9999 
[rows 0 to 25 of 782, columns 236 to 294 of 619]
-9999 -9999 -9999 -9999 -9999 -9999 -9999 -9999 -9999 -9999 -9999 -9999 -9999 -9999 -9999 -9999 -9999 1 1 1 -9999 -9999 -9999 -9999 1 1 -9999 -9999 -9999 -9999 -9999 -9999 -9999 -9999 -9999 -9999 -9999 -9999 -9999 -9999 -9999 -9999 -9999 -9999 -9999 -9999 -9999 -9999 -9999 -9999 -9999 -9999 -9999 -9999 -9999 -9999 -9999 -9999 -9999
-9999 -9999 -9999 -9999 -9999 -9999 -9999 -9999 -9999 -9999 -9999 -9999 -9999 -9999 -9999 1 1 1 1 1 1 1 1 1 1 1 1 -9999 -9999 -9999 -9999 -9999 -9999 -9999 -9999 -9999 -9999 -9999 -9999 -9999 -9999 -9999 -9999 -9999 -9999 -9999 -9999 -9999 -9999 -9999 -9999 -9999 -9999 -9999 -9999 -9999 -9999 -9999 -9999
-9999 -9999 -9999 -9999 -9999 -9999 -9999 -9999 -9999 -9999 -9999 -9999 -9999 -9999 1 1 1 1 1 1 1 1 1 1 1 1 1 1 -9999 -9999 -9999 -9999 -9999 -9999 -9999 -9999 -9999 -9999 -9999 -9999 -9999 -9999 -9999 -9999 -9999 -9999 -9999 -9999 -9999 -9999 -9999 -9999 -9999 -9999 -9999 -9999 -9999 -9999 -9999
-9999 -9999 -9999 -9999 -9999 -9999 -9999 -9999 -9999 -9999 -9999 -9999 -9999 1 1 1 1 1 1 1 1 1 1 1 1 1 1 1 1 1 1 -9999 -9999 -9999 -9999 -9999 -9999 -9999 -9999 -9999 -9999 -9999 -9999 -9999 -9999 -9999 -9999 -9999 -9999 -9999 -9999 -9999 -9999 -9999 -9999 -9999 -9999 -9999 -9999
-9999 -9999 -9999 -9999 -9999 -9999 -9999 -9999 -9999 -9999 -9999 -9999 1 1 1 1 1 1 1 1 1 1 1 1 1 1 0.989492833614349 1 0.989492833614349 1 1 1 -9999 -9999 -9999 -9999 -9999 -9999 -9999 -9999 -9999 -9999 -9999 -9999 -9999 -9999 -9999 -9999 -9999 -9999 -9999 -9999 -9999 -9999 -9999 -9999 -9999 -9999 -9999
-9999 -9999 -9999 -9999 -9999 -9999 -9999 -9999 -9999 -9999 -9999 -9999 1 1 1 1 1 1 1 1 1 1 0.989492833614349 0.989492833614349 1 1 0.989492833614349 1 0.989492833614349 0.989492833614349 0.989492833614349 0.989492833614349 0.989492833614349 1 0.958927750587463 -9999 -9999 -9999 -9999 -9999 -9999 -9999 -9999 -9999 -9999 -9999 -9999 -9999 -9999 -9999 -9999 -9999 -9999 -9999 -9999 -9999 -9999 -9999 -9999
-9999 -9999 -9999 -9999 -9999 -9999 -9999 -9999 -9999 -9999 -9999 -9999 1 1 1 1 1 1 1 1 1 1 0.989492833614349 1 1 1 1 1 1 0.98933345079422 0.978653609752655 0.979158371686935 0.970285058021545 0.9491246342659 0.860099345445633 0.696952790021896 0.725020587444305 0.724197015166283 -9999 -9999 -9999 -9999 -9999 -9999 -9999 -9999 -9999 -9999 -9999 -9999 -9999 -9999 -9999 -9999 -9999 -9999 -9999 -9999 -9999
-9999 -9999 -9999 -9999 -9999 -9999 -9999 -9999 -9999 -9999 -9999 -9999 1 1 1 1 1 1 1 1 1 1 1 1 1 0.978653609752655 1 1 0.980035066604614 0.808692634105682 0.862609922885895 0.821032911539078 0.948247909545898 0.891116082668304 0.83474138379097 0.696740254759789 0.675367280840874 0.606320239603519 0.65590712428093 -9999 -9999 -9999 -9999 -9999 -9999 -9999 -9999 -9999 -9999 -9999 -9999 -9999 -9999 -9999 -9999 -9999 -9999 -9999 -9999
-9999 -9999 -9999 -9999 -9999 -9999 -9999 -9999 -9999 -9999 -9999 1 -9999 1 1 1 1 1 1 1 1 1 1 0.950399816036224 0.989320158958435 0.989320158958435 0.978653609752655 0.813939601182938 0.792885422706604 0.834794491529465 0.845368087291718 0.775245070457458 0.699596181511879 0.667782470583916 0.658683344721794 0.639249756932259 0.607369624078274 0.763383001089096 0.5966632142663 0.714539989829063 0.866302698850632 -9999 -9999 -9999 -9999 -9999 -9999 -9999 -9999 -9999 -9999 -9999 -9999 -9999 -9999 -9999 -9999 -9999 -9999
-9999 -9999 -9999 -9999 -9999 -9999 -9999 -9999 -9999 -9999 -9999 -9999 -9999 1 1 1 1 1 1 1 1 1 1 0.951063990592957 0.978653609752655 0.978653609752655 0.978653609752655 0.834781229496002 0.792885422706604 0.773425251245499 0.753154814243317 0.805371791124344 0.815387487411499 0.816463440656662 0.659002155065536 0.630230337381363 0.755200445652008 0.587019473314285 0.675632953643799 0.714539989829063 0.886652857065201 0.859142959117889 -9999 -9999 -9999 -9999 -9999 -9999 -9999 -9999 -9999 -9999 -9999 -9999 -9999 -9999 -9999 -9999 -9999
-9999 -9999 -9999 -9999 -9999 -9999 -9999 -9999 -9999 -9999 1 -9999 1 1 1 1 1 1 1 1 1 1 1 0.969952970743179 1 0.98933345079422 1 0.989320158958435 0.86667463183403 0.845886141061783 0.783932417631149 0.734744027256966 0.655933693051338 0.617225900292397 0.684506252408028 0.694933712482452 0.577149912714958 0.586992904543877 0.636300846934319 0.714539989829063 0.917523443698883 1 0.978680163621902 -9999 -9999 -9999 -9999 -9999 -9999 -9999 -9999 -9999 -9999 -9999 -9999 -9999 -9999 -9999 -9999
-9999 -9999 -9999 -9999 -9999 -9999 -9999 -9999 -9999 1 -9999 1 1 1 1 1 1 1 1 1 1 1 1 0.978866130113602 0.989492833614349 0.978866130113602 0.978866130113602 1 1 0.856499552726746 0.846736282110214 0.734744027256966 0.646993964910507 0.608219757676125 0.588653333485126 0.568356312811375 0.588653333485126 0.577149912714958 0.61654844135046 0.714539989829063 0.938896417617798 0.98930686712265 0.978680163621902 1 -9999 -9999 -9999 -9999 -9999 -9999 -9999 -9999 -9999 -9999 -9999 -9999 -9999 -9999 -9999
-9999 -9999 -9999 -9999 -9999 -9999 -9999 1 1 1 1 1 1 1 1 1 1 1 1 1 1 1 1 1 1 0.989492833614349 0.989492833614349 0.989492833614349 0.989492833614349 0.978653609752655 0.948672980070114 0.734744027256966 0.669522598385811 0.599160492420197 0.568223476409912 0.548046015202999 0.589569881558418 0.578106321394444 0.596835896372795 0.704882979393005 0.938896417617798 0.957426756620407 0.957426756620407 1 1 1 -9999 -9999 -9999 -9999 -9999 -9999 -9999 -9999 -9999 -9999 -9999 -9999 -9999
-9999 -9999 -9999 -9999 -9999 -9999 1 1 1 1 -9999 -9999 -9999 1 -9999 -9999 -9999 1 1 1 1 1 1 1 1 1 1 1 0.989492833614349 0.978866130113602 0.96847853064537 0.753154814243317 0.607409477233887 0.588640049099922 0.548046015202999 0.519008528441191 0.538375705480576 0.568223476409912 0.578106321394444 0.606678888201714 0.715429976582527 0.863871842622757 0.906046599149704 0.936970323324203 0.946760177612305 0.845168828964233 0.978998959064484 -9999 -9999 -9999 -9999 -9999 -9999 -9999 -9999 -9999 -9999 -9999 -9999
-9999 -9999 -9999 -9999 -9999 1 1 1 1 1 -9999 -9999 -9999 -9999 -9999 -9999 -9999 1 1 1 1 1 1 1 1 1 1 1 1 1 0.96847853064537 0.723971202969551 0.587696924805641 0.557676468044519 0.538375705480576 0.497701983898878 0.497701983898878 0.507451990619302 0.548046015202999 0.567426472902298 0.586992904543877 0.743710309267044 0.805770307779312 0.797029823064804 0.906046599149704 0.897372543811798 0.959459096193314 -9999 -9999 -9999 -9999 -9999 -9999 -9999 -9999 -9999 -9999 -9999 -9999
-9999 -9999 -9999 -9999 1 1 1 1 1 1 1 1 -9999 -9999 -9999 -9999 -9999 1 1 1 1 1 1 1 1 1 1 1 1 1 0.948181509971619 0.704378202557564 0.587696924805641 0.548046015202999 0.508381824940443 0.487128388136625 0.497701983898878 0.444953631609678 0.465077975764871 0.548046015202999 0.567426472902298 0.577149912714958 0.743710309267044 0.763369739055634 0.815533608198166 0.796192973852158 0.736683428287506 -9999 -9999 -9999 -9999 -9999 -9999 -9999 -9999 -9999 -9999 -9999 -9999
1 1 1 1 1 1 1 1 1 1 1 1 -9999 -9999 1 -9999 -9999 1 1 1 1 1 0.989492833614349 0.989492833614349 1 1 1 1 1 1 0.937634497880936 0.704378202557564 0.567426472902298 0.538375705480576 0.497701983898878 0.488098094239831 0.47759092785418 0.497701983898878 0.423593949526548 0.433343956246972 0.557676468044519 0.567426472902298 0.567426472902298 0.567426472902298 0.753725975751877 0.678356051445007 0.714354038238525 0.767713397741318 -9999 -9999 -9999 -9999 -9999 -9999 -9999 -9999 -9999 -9999 -9999
1 -9999 1 1 1 1 1 1 1 1 1 1 1 1 -9999 -9999 1 1 1 1 1 1 1 1 1 1 1 1 1 1 0.958237022161484 0.723971202969551 0.567426472902298 0.538375705480576 0.497701983898878 0.456523457542062 0.41495973803103 0.424616763368249 0.487194817513227 0.497701983898878 0.464254405349493 0.547049764543772 0.567426472902298 0.546119928359985 0.64521399140358 0.606054566800594 0.61707977950573 0.638572305440903 -9999 -9999 -9999 -9999 -9999 -9999 -9999 -9999 -9999 -9999 -9999
1 -9999 1 1 1 1 1 1 1 1 1 1 1 1 -9999 -9999 0.989492833614349 1 1 1 1 1 1 1 1 1 1 1 1 1 0.890093237161636 0.694654762744904 0.567426472902298 0.527749001979828 0.497701983898878 0.468013593927026 0.426449874415994 0.447769710794091 0.404372880235314 0.497701983898878 0.496014975011349 0.47280890122056 0.526739470660686 0.536489475518465 0.567426472902298 0.733840763568878 0.587019473314285 0.607077389955521 -9999 -9999 -9999 -9999 -9999 -9999 -9999 -9999 -9999 -9999 -9999
1 1 1 1 1 1 1 1 1 1 1 1 1 1 0.989492833614349 1 0.989492833614349 1 1 1 0.989492833614349 1 1 1 1 1 1 1 0.989492833614349 0.970829665660858 0.959352821111679 0.606320239603519 0.567426472902298 0.497701983898878 0.466034363955259 0.447769710794091 0.417005389928818 0.458396444097161 0.405342588201165 0.444913785904646 0.496838565915823 0.51712229475379 0.507451990619302 0.507451990619302 0.536489475518465 0.703700765967369 0.577149912714958 0.587019473314285 -9999 -9999 -9999 -9999 -9999 -9999 -9999 -9999 -9999 -9999 -9999
1 1 1 1 1 1 1 1 1 1 1 1 1 1 1 0.989492833614349 0.989373296499252 0.968066722154617 0.93667808175087 0.957479864358902 0.959326267242432 1 1 1 1 0.978653609752655 0.978653609752655 1 1 0.989824920892715 0.889575183391571 0.596676498651505 0.557676468044519 0.497701983898878 0.47759092785418 0.437076577916741 0.273159593343735 0.447703311219811 0.405342588201165 0.425692716613412 0.487208109349012 0.507451990619302 0.507451990619302 0.496944824233651 0.507451990619302 0.65364895761013 0.577149912714958 0.577149912714958 0.606041274964809 -9999 -9999 -9999 -9999 -9999 -9999 -9999 -9999 -9999 0.604912206530571
1 1 1 1 1 1 1 1 1 1 1 0.989492833614349 1 1 0.98046013712883 0.98933345079422 0.787093847990036 0.82351690530777 0.969355225563049 0.990210145711899 0.941406965255737 1 0.978653609752655 1 1 0.989320158958435 0.989320158958435 0.96847853064537 0.98046013712883 0.938006430864334 0.756913989782333 0.577149912714958 0.548046015202999 0.487194817513227 0.477670619264245 0.427671939134598 0.224236875772476 0.447703311219811 0.426410028710961 0.416035691276193 0.455460797995329 0.497701983898878 0.497701983898878 0.423593949526548 0.422770390287042 0.614303559064865 0.653808355331421 0.567426472902298 0.54472516477108 0.564411148428917 -9999 -9999 -9999 -9999 -9999 -9999 -9999 -9999 0.56504875421524
1 1 1 1 1 1 1 1 1 1 1 1 1 1 0.93946760892868 0.725764453411102 0.783268243074417 0.685542359948158 0.724768206477165 0.813248842954636 0.810113966464996 1 0.989320158958435 0.979145079851151 0.979145079851151 0.979145079851151 0.96847853064537 0.919542521238327 0.989824920892715 0.907919555902481 0.679192900657654 0.567426472902298 0.517998997122049 0.47759092785418 0.417005389928818 0.417005389928818 0.146422788500786 0.437076577916741 0.437076577916741 0.416035691276193 0.457413444295526 0.445843618363142 0.46700407192111 0.413020383566618 0.413020383566618 0.484485011547804 0.546119928359985 0.546119928359985 0.503865450620651 0.544751718640327 0.764233142137527 -9999 -9999 -9999 -9999 0.512898176908493 0.541470751166344 0.503028616309166 0.461438328027725
-9999 1 1 1 1 -9999 -9999 -9999 -9999 -9999 1 1 1 0.98933345079422 0.793934792280197 0.76360884308815 0.657926201820374 0.587019473314285 0.587019473314285 0.607223503291607 0.745317608118057 0.846749544143677 0.867139548063278 0.803432434797287 0.803432434797287 0.948447167873383 0.958237022161484 0.959352821111679 0.939812958240509 0.879918187856674 0.73406657576561 0.557676468044519 0.497701983898878 0.445856908336282 0.417005389928818 0.243750169873238 0.146715015172958 0.243975982069969 0.427671939134598 0.426410028710961 0.447756448760629 0.425480196252465 0.467083763331175 0.456510197371244 0.456510197371244 0.422770390287042 0.44301426038146 0.494115460664034 0.556746631860733 0.586992904543877 0.711923152208328 0.544778287410736 -9999 -9999 0.616375759243965 0.615538910031319 0.511237755417824 0.461438328027725 0.461438328027725
-9999 -9999 -9999 -9999 -9999 -9999 -9999 -9999 -9999 1 1 1 0.950187295675278 0.804627925157547 0.656332194805145 0.618540950119495 0.645107731223106 0.608870647847652 0.587696924805641 0.608883932232857 0.647259637713432 0.758614271879196 0.75593101978302 0.754390150308609 0.783440917730331 0.896442711353302 0.927432864904404 0.959352821111679 0.889575183391571 0.716970860958099 0.577149912714958 0.548046015202999 0.487194817513227 0.477670619264245 0.406431823968887 0.233960315585136 0.127015754580498 0.166241601109505 0.243975982069969 0.417005389928818 0.448925375938416 0.405316004529595 0.405342588201165 0.446906307712197 0.456510197371244 0.456510197371244 0.422770390287042 0.422770390287042 0.546119928359985 0.566470071673393 0.61654844135046 0.625647559762001 0.584070548415184 0.596025615930557 0.566470071673393 0.481004759669304 0.461438328027725 0.451807875186205 0.509896129369736
-9999 -9999 -9999 -9999 -9999 -9999 -9999 1 1 1 1 0.990210145711899 0.846151798963547 0.675659522414207 0.59735395014286 0.557676468044519 0.579022876918316 0.636460244655609 0.557676468044519 0.599160492420197 0.630044370889664 0.608073644340038 0.677837997674942 0.725087001919746 0.773717492818832 0.875202566385269 0.885895699262619 0.938139259815216 0.907175689935684 0.646661877632141 0.567426472902298 0.517998997122049 0.476528268307447 0.436027208343148 0.406431823968887 0.214553281664848 0.0973672345280647 0.0973672345280647 0.166241601109505 0.185635343194008 0.408690005540848 0.448925375938416 0.394808838143945 0.405342588201165 0.446906307712197 0.456510197371244 0.422770390287042 0.432520397007465 0.546119928359985 0.577149912714958 0.626510992646217 0.626218751072884 0.596025615930557 0.492401912808418 0.461438328027725 0.461438328027725 0.451807875186205 0.452684581279755 0.422903217375278
