data-raw/DATASET_PNE_1/DATASET_PNE/a_DATA/PFGS/ENVSUIT_A1B/HS_f45_H8_notgraz.asc
NCOLS 619 
NROWS 782 
XLLCORNER 876826 
YLLCORNER 1947424 
CELLSIZE 100 
NODATA_value -9999 
[rows 260 to 285 of 782, columns 236 to 294 of 619]
0.621423438191414 0.908836096525192 0.904758125543594 0.978826284408569 -9999 -9999 -9999 0.957625985145569 0.883517980575562 -9999 -9999 -9999 0.883517980575562 -9999 0.883770346641541 -9999 -9999 0.969474792480469 0.781541407108307 0.647512018680573 0.618235439062119 0.539411813020706 0.43278606235981 0.413432167842984 0.394011855125427 0.394011855125427 0.333293497562408 0.203979700803757 0.0193804632872343 0 0 0 0 0 0.136686056852341 0.292433768510818 0.203979700803757 0.125647559762001 0.0193804632872343 0 0 0 0 0 0 0 0 0 0 0 0 0 0 0 0 0 0 0 0
0.642570614814758 0.916739732027054 0.957572877407074 0.925852119922638 -9999 -9999 0.883517980575562 0.894011855125427 -9999 -9999 -9999 -9999 0.925852119922638 -9999 -9999 -9999 0.989506125450134 0.873276472091675 0.781222611665726 0.65816530585289 0.589516744017601 0.600980311632156 0.461903251707554 0.413432167842984 0.394011855125427 0.394011855125427 0.343441992998123 0.233229726552963 0.135278016328812 0 0 0 0 0.0485507808625698 0.273996442556381 0.394011855125427 0.292433768510818 0.233229726552963 0.1546850502491 0.0385351069271564 0 0 0 0 0 0 0 0 0 0 0 0 0 0 0 0 0 0 0
0.554501749575138 0.906166166067123 1 0.978746592998505 -9999 0.894011855125427 -9999 -9999 -9999 -9999 -9999 1 1 1 -9999 0.904771387577057 0.894011855125427 0.947411090135574 0.751587390899658 0.6083924472332 0.620706155896187 0.602042987942696 0.452153243124485 0.413432167842984 0.394011855125427 0.394011855125427 0.323051989078522 0.213769555091858 0.0773093178868294 0 0 0.0384554080665112 0.0581945218145847 0.275059103965759 0.323051989078522 0.394011855125427 0.394011855125427 0.302608847618103 0.243072718381882 0.184253871440887 0.0485507808625698 0.0097500067204237 0 0 0 0 0 0 0 0 0 0 0 0 0 0 0.0097500067204237 0.0097500067204237 0.08693977445364
0.681942582130432 0.760274708271027 0.98942643404007 1 -9999 -9999 0.915265262126923 -9999 -9999 -9999 1 1 0.989320158958435 0.894011855125427 0.894011855125427 0.894011855125427 1 0.938006430864334 0.709930658340454 0.670040652155876 0.65258626639843 0.452259510755539 0.413432167842984 0.394011855125427 0.394011855125427 0.394011855125427 0.282577514648438 0.174410879611969 0.0193804632872343 0 0.0287054013460875 0.135995328426361 0.234969839453697 0.32345050573349 0.394011855125427 0.394011855125427 0.394011855125427 0.394011855125427 0.353510797023773 0.262599289417267 0.194070294499397 0.14496161043644 0.0579554215073586 0.028904652222991 0 0 0 0 0 0 0 0 0 0 0 0.0097500067204237 0.135278016328812 0.164302229881287 0.33342632651329
0.63272762298584 0.781594544649124 0.958848059177399 1 0.894011855125427 -9999 -9999 -9999 -9999 -9999 1 0.925838857889175 0.894011855125427 0.894011855125427 0.894011855125427 0.978826284408569 0.989506125450134 0.812783926725388 0.762214064598083 0.743484497070312 0.559071227908134 0.43278606235981 0.413432167842984 0.394011855125427 0.394011855125427 0.343441992998123 0.24309928715229 0.0775484144687653 0 0 0.0384554080665112 0.156013384461403 0.325190603733063 0.394011855125427 0.404585421085358 0.403761861845851 0.403761861845851 0.394011855125427 0.394011855125427 0.394011855125427 0.282418102025986 0.233229726552963 0.194070294499397 0.135278016328812 0.028904652222991 0 0 0 0 0 0 0 0 0 0 0 0.135278016328812 0.243072718381882 0.262599289417267
0.544831439852715 0.683111503720284 0.926981240510941 0.980101495981216 1 1 0.894011855125427 0.968080013990402 1 0.894011855125427 0.904638558626175 0.894011855125427 0.894011855125427 0.894011855125427 0.894011855125427 0.978826284408569 0.894144684076309 0.822839468717575 0.783454209566116 0.723094493150711 0.539411813020706 0.423036057502031 0.403761861845851 0.394011855125427 0.343441992998123 0.26295793056488 0.145280405879021 0.0097500067204237 0 0.0482983961701393 0.0384554080665112 0.106492921710014 0.333200514316559 0.404585421085358 0.394011855125427 0.423036057502031 0.43278606235981 0.403761861845851 0.394011855125427 0.394011855125427 0.394011855125427 0.353510797023773 0.272761076688766 0.223612546920776 0.0677054300904274 0 0 0 0 0 0 0 0 0 0 0 0.028904652222991 0.223612546920776 0.2726149559021
0.704630583524704 0.782776772975922 0.843402147293091 0.851757407188416 0.98942643404007 1 1 0.894011855125427 0.98942643404007 1 1 1 1 0.915265262126923 0.894011855125427 0.883517980575562 0.968252718448639 0.791610211133957 0.782936155796051 0.703448370099068 0.519938364624977 0.413432167842984 0.394011855125427 0.394011855125427 0.292433768510818 0.174410879611969 0.0193804632872343 0 0.00940463878214359 0.00967030599713326 0.0482054129242897 0.174849227070808 0.353935867547989 0.404585421085358 0.424005733802915 0.44250950217247 0.519938364624977 0.423036057502031 0.403761861845851 0.394011855125427 0.394011855125427 0.383916467428207 0.333293497562408 0.262904822826385 0.145280405879021 0 0 0 0 0 0 0 0 0 0 0 0.028904652222991 0.194189846515656 0.292433768510818
0.733668074011803 0.792951822280884 0.843402147293091 0.894011855125427 0.883996188640594 1 1 1 1 1 1 0.98942643404007 0.989320158958435 0.978746592998505 0.883517980575562 0.936372578144073 0.851664423942566 0.812345594167709 0.772389143705368 0.578943178057671 0.44250950217247 0.413432167842984 0.394011855125427 0.394011855125427 0.282776772975922 0.115990541875362 0.0097500067204237 0.00940463878214359 0.0191546455025673 0.0384554080665112 0.205095514655113 0.262944668531418 0.457559585571289 0.414335427805781 0.494965605437756 0.539597779512405 0.578943178057671 0.471480570733547 0.423036057502031 0.403761861845851 0.394011855125427 0.394011855125427 0.394011855125427 0.292433768510818 0.213769555091858 0.0388007760047913 0 0 0 0 0 0 0 0 0 0 0.028904652222991 0.0966632142663002 0.272561848163605
0.763290017843246 0.792951822280884 0.843402147293091 0.894011855125427 0.894011855125427 1 1 1 0.904638558626175 0.894011855125427 0.894011855125427 0.883517980575562 0.883517980575562 0.947039127349854 0.883517980575562 0.812119781970978 0.760460674762726 0.699928283691406 0.61905899643898 0.50053133815527 0.423036057502031 0.394011855125427 0.394011855125427 0.343441992998123 0.203979700803757 0.0482054129242897 0 0.0191546455025673 0.00967030599713326 0.0482054129242897 0.263290017843246 0.292433768510818 0.5 0.445206033065915 0.644895195960999 0.628822296857834 0.627852618694305 0.559071227908134 0.43278606235981 0.403761861845851 0.394011855125427 0.394011855125427 0.394011855125427 0.333200514316559 0.233229726552963 0.106267102062702 0 0 0 0 0 0 0 0 0 0 0.028904652222991 0.0869132056832314 0.252942264080048
0.733668074011803 0.792951822280884 0.842538714408875 0.946946173906326 0.978746592998505 0.978746592998505 0.978746592998505 0.98942643404007 0.894011855125427 0.894011855125427 0.894011855125427 0.894011855125427 0.894011855125427 0.724037617444992 0.855237662792206 0.730081558227539 0.680229008197784 0.58875960111618 0.529568821191788 0.423036057502031 0.413432167842984 0.394011855125427 0.394011855125427 0.282776772975922 0.145280405879021 0.0290507692843676 0.00940463878214359 0.0287054013460875 0.0287054013460875 0.0482054129242897 0.272907197475433 0.353935867547989 0.48933345079422 0.494088910520077 0.766956239938736 0.638426184654236 0.667941868305206 0.58875960111618 0.44250950217247 0.413432167842984 0.394011855125427 0.394011855125427 0.404638558626175 0.394011855125427 0.262599289417267 0.1546850502491 0.00940463878214359 0 0 0 0 0 0 0 0 0 0.0191546455025673 0.0771897658705711 0.252942264080048
0.753354042768478 0.792951822280884 0.763834655284882 0.872838139533997 0.894011855125427 0.894011855125427 0.904638558626175 0.894011855125427 0.894011855125427 0.894011855125427 0.894011855125427 0.843402147293091 0.744972243905067 0.763329893350601 0.626245319843292 0.553253084421158 0.684572666883469 0.529568821191788 0.423036057502031 0.413432167842984 0.394011855125427 0.394011855125427 0.292433768510818 0.194508641958237 0.067798413336277 0.0287851020693779 0.0384554080665112 0.0287054013460875 0.0482054129242897 0.263290017843246 0.292433768510818 0.48930686712265 0.455699907615781 0.663120001554489 0.805969566106796 0.750710666179657 0.760248124599457 0.618235439062119 0.481310278177261 0.423036057502031 0.403761861845851 0.575263664126396 0.415132433176041 0.383743792772293 0.252756297588348 0.184253871440887 0.0193804632872343 0 0 0 0 0 0 0 0 0.00940463878214359 0.0191546455025673 0.0675061792135239 0.243072718381882
0.772986888885498 0.802608847618103 0.894011855125427 0.874139904975891 0.894011855125427 0.894011855125427 0.904638558626175 0.894011855125427 1 0.872838139533997 0.863712430000305 0.802608847618103 0.604168325662613 0.732698380947113 0.645732045173645 0.73293748497963 0.471467286348343 0.423036057502031 0.413432167842984 0.394011855125427 0.394011855125427 0.292433768510818 0.243484497070312 0.0968358963727951 0.019420312717557 0.028904652222991 0.0193007625639439 0.0482054129242897 0.0482054129242897 0.263290017843246 0.394011855125427 0.47864031791687 0.464520085602999 0.691254198551178 0.865492403507233 0.802236914634705 0.750843495130539 0.618235439062119 0.471467286348343 0.423036057502031 0.403761861845851 0.545522160828114 0.456018712371588 0.322998851537704 0.282590806484222 0.203979700803757 0.0193804632872343 0 0 0 0 0 0 0.00967030599713326 0 0 0.00940463878214359 0.0675061792135239 0.174092084169388
0.792951822280884 0.894011855125427 0.894011855125427 0.883996188640594 0.894011855125427 0.894011855125427 0.894011855125427 0.894011855125427 1 0.894144684076309 0.833386480808258 0.719348579645157 0.575542628765106 0.734544783830643 0.714818954467773 0.586275599896908 0.491790875792503 0.413432167842984 0.394011855125427 0.394011855125427 0.394011855125427 0.243497788906097 0.1546850502491 0.057809304445982 0.0385749563574791 0.0482054129242897 0.0482054129242897 0.184346854686737 0.24309928715229 0.353550642728806 0.5 0.466379748657346 0.622260317206383 0.752118706703186 0.781514823436737 0.833293497562408 0.667941868305206 0.618235439062119 0.471467286348343 0.423036057502031 0.413432167842984 0.394011855125427 0.404638558626175 0.412821115925908 0.333173930644989 0.233229726552963 0.0388007760047913 0 0 0 0 0 0 0.00967030599713326 0 0.00940463878214359 0.00940463878214359 0.0481389984488487 0.145014747977257
0.82298555970192 0.8446906208992 0.894011855125427 0.894011855125427 0.904638558626175 0.904638558626175 0.894011855125427 0.894011855125427 1 0.883517980575562 0.77141946554184 0.585412181913853 0.625939801335335 -9999 -9999 0.535200975835323 0.423036057502031 0.403761861845851 0.394011855125427 0.394011855125427 0.292433768510818 0.174410879611969 0.0869530588388443 0.0482054129242897 0.0580484047532082 0.0967960432171822 0.184346854686737 0.252942264080048 0.353550642728806 0.5 0.424005733802915 0.493238754570484 0.691971510648727 0.739100962877274 0.873010814189911 0.843402147293091 0.640086606144905 0.481190726161003 0.534988433122635 0.443293228745461 0.413432167842984 0.403761861845851 0.394011855125427 0.444355877116323 0.394011855125427 0.262904822826385 0.125873386859894 0 0 0 0 0 0 0.00967030599713326 0 0 0.00940463878214359 0.028904652222991 0.106306955218315
0.894011855125427 0.864389896392822 0.894011855125427 0.894011855125427 0.894011855125427 0.894011855125427 0.894011855125427 0.98942643404007 0.968080013990402 0.824353754520416 0.863353788852692 0.635889053344727 0.753500163555145 0.61723917722702 0.61551234126091 0.43278606235981 0.413432167842984 0.394011855125427 0.394011855125427 0.292433768510818 0.24309928715229 0.0869530588388443 0.0482054129242897 0.0580484047532082 0.077402301132679 0.213915675878525 0.252942264080048 0.363619446754456 0.468133151531219 0.394011855125427 0.413432167842984 0.511609673500061 0.639475584030151 0.729563504457474 0.843402147293091 0.780970215797424 0.639263033866882 0.743484497070312 0.576313063502312 0.535041585564613 0.423036057502031 0.403761861845851 0.394011855125427 0.404638558626175 0.394011855125427 0.292433768510818 0.184253871440887 0.019420312717557 0 0 0 0 0 0.00967030599713326 0 0 0.0191546455025673 0.028904652222991 0.145014747977257
0.88386332988739 0.883332014083862 0.883996188640594 -9999 -9999 -9999 0.894011855125427 -9999 -9999 0.894397079944611 0.793948084115982 0.772309452295303 0.742807030677795 0.596583515405655 0.546319179236889 0.413432167842984 0.403761861845851 0.41525200009346 0.394011855125427 0.282577514648438 0.203979700803757 0.0869530588388443 0.106758587062359 0.2140883654356 0.233482107520103 0.292433768510818 0.394011855125427 0.394011855125427 0.394011855125427 0.403761861845851 0.423036057502031 0.461836829781532 0.619072288274765 0.688504546880722 0.89464944601059 0.721367657184601 0.815068662166595 0.77540448307991 0.704125821590424 0.654220134019852 0.452259510755539 0.413432167842984 0.403761861845851 0.394011855125427 0.394011855125427 0.302608847618103 0.203979700803757 0.0290507692843676 0 0.00967030599713326 0 0 0 0.00967030599713326 0 0 0.0287054013460875 0.1752610206604 0.154631912708282
0.814909279346466 0.874139904975891 0.894011855125427 0.894011855125427 -9999 -9999 0.936345994472504 0.925838857889175 -9999 -9999 0.825589120388031 0.708456218242645 0.786562532186508 0.502390995621681 0.590778663754463 0.413432167842984 0.403761861845851 0.425878703594208 0.394011855125427 0.262599289417267 0.213875830173492 0.135796070098877 0.175048485398293 0.272761076688766 0.302701830863953 0.394011855125427 0.394011855125427 0.394011855125427 0.394011855125427 0.413432167842984 0.43278606235981 0.533394433557987 0.58875960111618 0.751720190048218 0.873807817697525 0.832576185464859 0.695836991071701 0.774740308523178 0.754177629947662 0.714818954467773 0.491857282817364 0.423036057502031 0.403761861845851 0.394011855125427 0.404638558626175 0.312783926725388 0.223612546920776 0.0290507692843676 0 0.00967030599713326 0.00967030599713326 0 0 0.00967030599713326 0 0.00967030599713326 0.0287054013460875 0.165418028831482 0.282776772975922
0.894011855125427 0.894011855125427 -9999 0.978746592998505 -9999 -9999 1 1 0.957626014947891 0.876942694187164 0.806739985942841 0.7115778028965 0.691838681697845 0.482014290988445 0.442389953881502 0.424058871343732 0.394011855125427 0.394011855125427 0.394011855125427 0.24309928715229 0.233641505241394 0.194362536072731 0.223931357264519 0.272561848163605 0.394011855125427 0.394011855125427 0.394011855125427 0.413432167842984 0.413432167842984 0.423036057502031 0.494460821151733 0.673999100923538 0.754177629947662 0.740455895662308 0.822201877832413 0.873807817697525 0.874711096286774 0.803644955158234 0.753101676702499 0.733774334192276 0.66415610909462 0.423036057502031 0.413432167842984 0.394011855125427 0.415212124586105 0.394011855125427 0.282776772975922 0.0484046638011932 0 0.00967030599713326 0.00967030599713326 0 0 0.00967030599713326 0.00967030599713326 0.0193007625639439 0.0870194733142853 0.223612546920776 0.292433768510818
0.8446906208992 0.883996188640594 -9999 0.968119889497757 0.904638558626175 0.978746592998505 0.98942643404007 0.894011855125427 0.873674988746643 0.792911976575851 0.752928972244263 0.713982090353966 0.633258953690529 0.692489564418793 0.462713524699211 0.432812631130219 0.403682161122561 0.394011855125427 0.394011855125427 0.282577514648438 0.282776772975922 0.263290017843246 0.282776772975922 0.394011855125427 0.425759136676788 0.394011855125427 0.444475427269936 0.453083068132401 0.44250950217247 0.442536070942879 0.624080136418343 0.683722540736198 0.743484497070312 0.739619016647339 0.895273774862289 0.894011855125427 0.822799623012543 0.802236914634705 0.678063839673996 0.639502137899399 0.559071227908134 0.442536070942879 0.413432167842984 0.394011855125427 0.447065711021423 0.373674988746643 0.252942264080048 0.067798413336277 0 0.00967030599713326 0.00967030599713326 0 0 0 0.00967030599713326 0.0193007625639439 0.14583832025528 0.253274351358414 0.322932451963425
-9999 -9999 -9999 0.894011855125427 0.978746592998505 0.915265262126923 1 0.894011855125427 0.894011855125427 0.822959005832672 0.772800922393799 0.713756278157234 0.596583515405655 0.586860075592995 0.52728408575058 0.413432167842984 0.394011855125427 0.394011855125427 0.394011855125427 0.272561848163605 0.282776772975922 0.282776772975922 0.292433768510818 0.394011855125427 0.404585421085358 0.413432167842984 0.483382478356361 0.653263732790947 0.569644793868065 0.569644793868065 0.683496713638306 0.723081216216087 0.793629288673401 0.823277801275253 0.854905545711517 0.884500950574875 0.833386480808258 0.782936155796051 0.7838394343853 0.639502137899399 0.559071227908134 0.452259510755539 0.413432167842984 0.394011855125427 0.404638558626175 0.373674988746643 0.252942264080048 0.116242930293083 0 0.0193007625639439 0.00967030599713326 0 0 0 0.00967030599713326 0 0.0579554215073586 0.243072718381882 0.322932451963425
0.894011855125427 -9999 0.894011855125427 0.894011855125427 0.894011855125427 0.894011855125427 0.978746592998505 0.894011855125427 0.863646030426025 0.862689614295959 0.782643914222717 0.713756278157234 0.615485772490501 0.743550911545753 0.715111181139946 0.413432167842984 0.394011855125427 0.394011855125427 0.394011855125427 0.302701830863953 0.292433768510818 0.292433768510818 0.323118418455124 0.394011855125427 0.404585421085358 0.413432167842984 0.591070905327797 0.639488846063614 0.670664981007576 0.668420076370239 0.731237232685089 0.782936155796051 0.79259318113327 0.833386480808258 0.842180073261261 0.843402147293091 0.792261093854904 0.698095172643661 0.669496029615402 0.682713001966476 0.559071227908134 0.452259510755539 0.413432167842984 0.394011855125427 0.404638558626175 0.373674988746643 0.252942264080048 0.106492921710014 0 0.0193007625639439 0.00967030599713326 0.00967030599713326 0 0.00967030599713326 0.00967030599713326 0 0.0773093178868294 0.262904822826385 0.333200514316559
-9999 -9999 -9999 0.978746592998505 0.894011855125427 0.98942643404007 0.894011855125427 -9999 -9999 0.812943339347839 0.833054393529892 0.782776772975922 0.635357722640038 0.576313063502312 0.453986331820488 0.413432167842984 0.394011855125427 0.403682161122561 0.403682161122561 0.312770634889603 0.323118418455124 0.333213776350021 0.333213776350021 0.394011855125427 0.404585421085358 0.413432167842984 0.610730320215225 0.699436783790588 0.771592140197754 0.812783926725388 0.812876909971237 0.873369455337524 0.88386332988739 0.88386332988739 0.904704988002777 0.863313943147659 0.843402147293091 0.888446122407913 0.825589120388031 0.764193296432495 0.653901338577271 0.423036057502031 0.403761861845851 0.394011855125427 0.394011855125427 0.373674988746643 0.252942264080048 0.144935041666031 0.0097500067204237 0.0193007625639439 0.00967030599713326 0.00967030599713326 0 0.00967030599713326 0.00967030599713326 0 0.0968358963727951 0.292433768510818 0.394011855125427
-9999 -9999 -9999 1 0.894011855125427 -9999 -9999 -9999 -9999 -9999 0.854241371154785 0.792951822280884 0.65493743121624 0.575409799814224 0.463736340403557 0.413432167842984 0.394011855125427 0.394011855125427 0.394011855125427 0.373714834451675 0.353457659482956 0.394011855125427 0.394011855125427 0.394011855125427 0.414255727082491 0.423036057502031 0.560133889317513 0.743139147758484 0.79259318113327 0.894011855125427 0.894011855125427 0.894011855125427 0.894011855125427 0.894011855125427 0.904704988002777 0.894011855125427 0.843402147293091 0.803644955158234 0.783454209566116 0.754177629947662 0.67387954890728 0.423036057502031 0.403761861845851 0.394011855125427 0.394011855125427 0.353550642728806 0.24309928715229 0.135370999574661 0.0288249514997005 0 0.00967030599713326 0.00967030599713326 0 0.00967030599713326 0.00967030599713326 0 0.125647559762001 0.313501238822937 0.394011855125427
-9999 -9999 0.989373296499252 1 0.936505407094955 -9999 -9999 -9999 0.894011855125427 0.894011855125427 0.88386332988739 0.792951822280884 0.753114968538284 0.596583515405655 0.526580065488815 0.423036057502031 0.413432167842984 0.394011855125427 0.394011855125427 0.394011855125427 0.403682161122561 0.403682161122561 0.403682161122561 0.424975413829088 0.434579329565167 0.423036057502031 0.634295046329498 0.648534834384918 0.729629933834076 0.904704988002777 0.894011855125427 0.894011855125427 0.894011855125427 0.894011855125427 0.915331691503525 0.894011855125427 0.843402147293091 0.793629288673401 0.773664355278015 0.733787626028061 0.56482294946909 0.423036057502031 0.403761861845851 0.394011855125427 0.394011855125427 0.292433768510818 0.24309928715229 0.125647559762001 0.0288249514997005 0 0.00967030599713326 0.00967030599713326 0 0 0.00967030599713326 0 0.125647559762001 0.292433768510818 0.394011855125427
1 0.978746592998505 0.904638558626175 0.894011855125427 0.894011855125427 0.894011855125427 0.894011855125427 0.894011855125427 0.894011855125427 0.894011855125427 0.894011855125427 0.772442281246185 0.782776772975922 0.596583515405655 0.604633241891861 0.43278606235981 0.413432167842984 0.403761861845851 0.394011855125427 0.394011855125427 0.403682161122561 0.403682161122561 0.403682161122561 0.435442734509706 0.413432167842984 0.433609623461962 0.602321922779083 0.723081216216087 0.782099306583405 0.894011855125427 0.894011855125427 0.894011855125427 0.894011855125427 0.894011855125427 0.915331691503525 0.85538375377655 0.833386480808258 0.782936155796051 0.754177629947662 0.673999100923538 0.453919932246208 0.413432167842984 0.394011855125427 0.394011855125427 0.394011855125427 0.292433768510818 0.223612546920776 0.125647559762001 0.0190749447792768 0 0.00967030599713326 0.00967030599713326 0.00967030599713326 0 0 0 0.1546850502491 0.292433768510818 0.41525200009346
0.91522541642189 0.989373296499252 1 0.904638558626175 0.894011855125427 0.894011855125427 0.894011855125427 0.894011855125427 0.894011855125427 0.894011855125427 0.894011855125427 0.79259318113327 0.782776772975922 0.596583515405655 0.694269552826881 0.566230975091457 0.433609623461962 0.413432167842984 0.403761861845851 0.394011855125427 0.403682161122561 0.403682161122561 0.414348710328341 0.403682161122561 0.413432167842984 0.433609623461962 0.601538226008415 0.753354042768478 0.833678692579269 0.883996188640594 0.894011855125427 0.894011855125427 0.904638558626175 0.904638558626175 0.915331691503525 0.894011855125427 0.733654797077179 0.773664355278015 0.734478354454041 0.576073952019215 0.413432167842984 0.413432167842984 0.394011855125427 0.394011855125427 0.394011855125427 0.282418102025986 0.203979700803757 0.0773093178868294 0.0190749447792768 0 0.00967030599713326 0.00967030599713326 0 0 0 0.019420312717557 0.174464017152786 0.292433768510818 0.394011855125427
