data-raw/DATASET_PNE_1/DATASET_PNE/a_DATA/PFGS/ENVSUIT_A1B/HS_f45_H1_alpines.asc
NCOLS 619 
NROWS 782 
XLLCORNER 876826 
YLLCORNER 1947424 
CELLSIZE 100 
NODATA_value -9999 
[rows 135 to 161 of 782, columns 360 to 419 of 619]
0.390893399715424 0.390893399715424 0.390893399715424 0.390893399715424 0.390893399715424 0.410171201452613 0.410171201452613 0.429578479379416 0.429578479379416 0.429578479379416 0.451445825397968 0.67655012011528 0.450338084250689 0.429578479379416 0.44052654504776 0.429578479379416 0.468162856996059 0.508171491324902 0.488936848938465 0.528096675872803 0.537505403161049 0.568206012248993 0.703668534755707 0.723349153995514 0.713580787181854 0.693871378898621 0.693871378898621 0.614487126469612 0.565357506275177 0.50700619071722 0.487685225903988 0.390893399715424 0.410214360803366 0.463631130754948 0.769860446453094 0.769860446453094 0.769860446453094 0.660235926508904 0.553172200918198 0.495238102972507 0.514501497149467 0.503625385463238 0.503625378012657 0.54849661886692 0.54849661886692 0.536426421254873 0.493008211255074 0.522543527185917 0.563875712454319 0.573514610528946 0.665242418646812 0.745590567588806 0.823536157608032 0.772838443517685 0.805524379014969 0.86345848441124 1 1 1 1
0.390893399715424 0.390893399715424 0.390893399715424 0.390893399715424 0.390893399715424 0.429578479379416 0.41981010325253 0.429578479379416 0.429578479379416 0.450338084250689 0.540008619427681 0.610329434275627 0.478751264512539 0.461257375776768 0.461257375776768 0.537692427635193 0.625737309455872 0.694792121648788 0.703423976898193 0.742497473955154 0.771975249052048 0.752553582191467 0.762134939432144 0.793842613697052 0.815652400255203 0.836268156766891 0.773298799991608 0.763559192419052 0.733031213283539 0.664724498987198 0.497324131429195 0.487685225903988 0.439044743776321 0.390893399715424 0.401841461658478 0.769860446453094 0.769860446453094 0.769860446453094 0.553172200918198 0.4950942248106 0.48421810567379 0.493813846260309 0.516904052346945 0.529089339077473 0.53034095838666 0.494935985654593 0.451388295739889 0.482980862259865 0.577039279043674 0.563875712454319 0.584376335144043 0.615278378129005 0.798086613416672 0.945475459098816 0.957401812076569 0.784736007452011 0.783167898654938 1 1 1
0.390893399715424 0.390893399715424 0.390893399715424 0.390893399715424 0.400489141233265 0.429578479379416 0.43914544954896 0.450093504041433 0.451402679085732 0.487555749714375 0.439404405653477 0.449043307453394 0.548237666487694 0.580966770648956 0.596173211932182 0.696058124303818 0.773068636655807 0.781786799430847 0.792734861373901 0.792734861373901 0.782923310995102 0.782923310995102 0.803654164075851 0.803654164075851 0.858092367649078 0.858164310455322 0.868910938501358 0.857977271080017 0.827578753232956 0.733808070421219 0.693842619657516 0.516688242554665 0.458365708589554 0.390893399715424 0.390893399715424 0.43462809920311 0.769860446453094 0.780880451202393 0.611379653215408 0.464767666533589 0.515623647719622 0.4950942248106 0.595453903079033 0.545777596533298 0.478190183639526 0.423608124256134 0.50005754083395 0.465875412337482 0.507078118622303 0.538728229701519 0.570435896515846 0.564710102975368 0.637994527816772 0.829909354448318 0.820097804069519 0.87519782781601 0.970435917377472 0.970435917377472 0.98908069729805 0.98908069729805
0.439044743776321 0.390893399715424 0.390893399715424 0.400489141233265 0.458423249423504 0.429578479379416 0.497237809002399 0.58485110104084 0.526341542601585 0.574938863515854 0.491814129054546 0.631621345877647 0.701942175626755 0.771255940198898 0.81673139333725 0.792648553848267 0.803697317838669 0.792734861373901 0.792734861373901 0.781786799430847 0.792734861373901 0.803682923316956 0.803682923316956 0.945489853620529 0.98912388086319 1 0.988979995250702 0.988979995250702 0.978060722351074 0.836109906435013 0.803524672985077 0.656121402978897 0.497194647789001 0.410214360803366 0.390893399715424 0.390893399715424 0.43462809920311 0.445561796426773 0.769860446453094 0.594403684139252 0.584764786064625 0.577413320541382 0.606560207903385 0.625794842839241 0.467357218265533 0.5 0.511019997298717 0.489138267934322 0.478175789117813 0.467256508767605 0.489138238132 0.538713857531548 0.558581508696079 0.834700047969818 0.909092217683792 0.918860584497452 0.681570991873741 0.724111631512642 0.959502220153809 0.978147029876709
0.458480797708035 0.477729827165604 0.506876714527607 0.429578479379416 0.468148469924927 0.440454613417387 0.604402244091034 0.753646939992905 0.752553582191467 0.804661184549332 0.805107176303864 0.832038551568985 0.806919872760773 0.814487129449844 0.803697317838669 0.803697317838669 0.781786799430847 0.836311310529709 0.858135521411896 0.858135521411896 0.847259402275085 0.836340099573135 0.869011670351028 1 0.956366002559662 1 1 1 0.956222116947174 0.901668846607208 0.879787087440491 0.74268451333046 0.629348292946815 0.472320534288883 0.410214360803366 0.390893399715424 0.390893399715424 0.412645667791367 0.445561796426773 0.791598320007324 0.762537777423859 0.63438355922699 0.564149044454098 0.732254356145859 0.752769380807877 0.752769380807877 0.616155952215195 0.548266433179379 0.577269457280636 0.50005754083395 0.467299681156874 0.509523808956146 0.45393467694521 0.864666968584061 0.898403108119965 0.929779887199402 0.918860584497452 0.928772836923599 0.745087042450905 0.745087042450905
0.458423249423504 0.615494176745415 0.51660193502903 0.497237809002399 0.594705805182457 0.604402244091034 0.549028918147087 0.69965472817421 0.945216506719589 0.934340357780457 0.91266006231308 0.781786799430847 0.781786799430847 0.792749255895615 0.781786799430847 0.814559072256088 0.847230613231659 0.869155526161194 0.923507422208786 0.923507422208786 0.923507422208786 0.825377643108368 0.869011670351028 0.869011670351028 1 1 1 1 0.912588119506836 0.934383541345596 0.988979995250702 0.83619624376297 0.668033391237259 0.615005031228065 0.461300536990166 0.443101715296507 0.421234358102083 0.401841461658478 0.48912388086319 0.48912388086319 0.595568999648094 0.791598320007324 0.595511451363564 0.556768827140331 0.791598320007324 0.664638176560402 0.511019997298717 0.50005754083395 0.50005754083395 0.549705076962709 0.581398360431194 0.539807222783566 0.559602923691273 0.867702484130859 0.926787525415421 0.939692139625549 0.958452016115189 0.978147029876709 0.838613152503967 0.959602922201157
0.585196375846863 0.633880019187927 0.633880019187927 0.594705805182457 0.633880019187927 0.653776437044144 0.773068606853485 0.782923310995102 0.836296945810318 0.781786799430847 0.781786799430847 0.792749255895615 0.781786799430847 0.825392037630081 0.814559072256088 0.890950947999954 0.923507422208786 1 1 1 0.989037543535233 0.967098265886307 0.901827067136765 0.879873394966125 0.988979995250702 1 1 0.98908069729805 1 0.98912388086319 0.978247761726379 0.86885342001915 0.722975105047226 0.655243843793869 0.657329887151718 0.526744350790977 0.472320534288883 0.421234358102083 0.506128627806902 0.478377215564251 0.511019997298717 0.791598320007324 0.780736565589905 0.780722200870514 0.769860446453094 0.530182708054781 0.52198244817555 0.511019997298717 0.559516616165638 0.646727085113525 0.560566820204258 0.505984760820866 0.592231333255768 0.612818285822868 0.683844044804573 0.861099123954773 0.95062580704689 0.94957560300827 0.990159690380096 0.98030498623848
0.624054089188576 0.604560494422913 0.673442661762238 0.683182269334793 0.763487249612808 0.773068606853485 0.753402382135391 0.782923310995102 0.781786799430847 0.879873394966125 0.781786799430847 0.792734861373901 0.890965312719345 0.890965312719345 0.934426695108414 0.989037543535233 1 1 1 1 1 1 0.96706947684288 0.967256516218185 0.945446699857712 0.923564970493317 0.956322818994522 1 1 1 0.89082145690918 0.879916578531265 0.858509570360184 0.707351446151733 0.633405268192291 0.562566533684731 0.469284996390343 0.410214360803366 0.453776445239782 0.478290908038616 0.456596188247204 0.511019997298717 0.673298820853233 0.791598320007324 0.791598320007324 0.627175942063332 0.543734714388847 0.50005754083395 0.666062444448471 0.785110056400299 0.61083297431469 0.626557320356369 0.865587681531906 0.939692139625549 0.908056408166885 0.93865630030632 0.990159690380096 0.990159690380096 0.990159690380096 1
0.633880019187927 0.633880019187927 0.763487249612808 0.880981147289276 0.793842613697052 0.86036542057991 0.782923310995102 0.814702928066254 0.8800028860569 0.901884645223618 0.901884615421295 0.847259402275085 0.912746369838715 0.967227727174759 1 1 1 1 1 1 1 1 1 1 1 0.890979707241058 0.97820457816124 1 1 0.98908069729805 0.901841461658478 0.923478633165359 0.945345997810364 0.833333343267441 0.795123010873795 0.72442814707756 0.615566104650497 0.449431739747524 0.451388295739889 0.390893399715424 0.439044743776321 0.390893399715424 0.445648092776537 0.55665373057127 0.82450008392334 0.824485689401627 0.576435044407845 0.434700053185225 0.61293338984251 0.863343417644501 0.609495036303997 0.72012659907341 0.928815990686417 0.970435917377472 0.970435917377472 1 1 1 1 1
0.633880019187927 0.663587987422943 0.763501644134521 0.858149886131287 0.792734861373901 0.792749255895615 0.781786799430847 0.792734861373901 0.934556186199188 0.934700042009354 0.901841461658478 0.956236511468887 0.989037543535233 1 1 1 1 1 1 1 1 1 1 1 1 0.988979995250702 1 1 1 0.956222116947174 0.901841461658478 0.880074799060822 0.890792697668076 0.901740729808807 0.957574456930161 0.735045313835144 0.654941737651825 0.674377799034119 0.595799162983894 0.497194647789001 0.439116675406694 0.390893399715424 0.390893399715424 0.445475481450558 0.542454324662685 0.889756858348846 -9999 0.554654005914927 0.456495467573404 0.6690404266119 0.699223130941391 0.887469440698624 0.93865630030632 0.970435917377472 1 1 1 1 1 1
0.643518924713135 0.742813974618912 0.782923310995102 0.781786799430847 0.792591005563736 0.781786799430847 0.781786799430847 0.803682923316956 0.847259402275085 0.945331603288651 0.989037543535233 0.989037543535233 1 1 1 1 1 1 1 1 1 1 1 1 1 1 1 1 1 1 0.98908069729805 0.98908069729805 0.98912388086319 1 1 0.86345848441124 0.980319380760193 0.729247570037842 0.785095661878586 0.731448709964752 0.492778029292822 0.473140563815832 0.412731975317001 0.390893399715424 0.554711550474167 0.867961436510086 0.889756858348846 0.585987627506256 0.434743203222752 0.509610138833523 0.710056111216545 0.898216098546982 0.990159690380096 0.980290591716766 1 1 1 1 1 1
0.684347569942474 0.763487249612808 0.782923310995102 0.781786799430847 0.781786799430847 0.792720466852188 0.803682923316956 0.912645667791367 0.95619335770607 1 0.989037543535233 1 1 1 1 1 1 1 1 1 1 1 1 1 1 1 1 1 1 0.98908069729805 1 1 0.98912388086319 1 1 1 0.90169757604599 0.86009207367897 0.956337213516235 0.76899728178978 0.595007911324501 0.461358077824116 0.43445548415184 0.423723213374615 0.543849807232618 0.62093223631382 0.900704920291901 0.575039565563202 0.445604961365461 0.467371597886086 0.672162294387817 0.891727805137634 0.921176820993423 1 1 1 1 1 1 1
0.796230733394623 0.782923310995102 0.781786799430847 0.781786799430847 0.814559072256088 0.923507422208786 0.989037543535233 1 0.989037543535233 1 1 1 1 1 1 1 1 1 1 1 -9999 1 1 1 1 1 1 1 1 1 0.98908069729805 0.945360392332077 0.98908069729805 0.97820457816124 0.912645667791367 0.923507422208786 0.912645667791367 1 0.98908069729805 0.793641209602356 0.567788809537888 0.493972100317478 0.486491151154041 0.532887350767851 0.532901741564274 0.56548698246479 0.878895133733749 0.878895133733749 0.576435044407845 0.467357218265533 0.498805917799473 0.643015399575233 0.929866194725037 1 1 1 1 1 1 1
0.91366708278656 0.792734861373901 0.781786799430847 0.847230613231659 0.934426695108414 0.978175789117813 0.989037543535233 1 1 1 1 1 1 1 1 1 1 1 1 -9999 1 1 1 1 1 1 1 1 1 1 1 0.956222116947174 0.98908069729805 0.98908069729805 0.97820457816124 0.945288449525833 0.956394761800766 0.98912388086319 0.97821894288063 0.863587975502014 0.675485551357269 0.478218965232372 0.473313197493553 0.520601354539394 0.554654005914927 0.565530136227608 0.849589973688126 0.889756858348846 0.575111493468285 0.467270892113447 0.532772250473499 0.534944623708725 0.709653288125992 0.980290591716766 1 1 1 1 1 1
0.923464238643646 0.792734861373901 0.803682923316956 0.912703216075897 0.923622488975525 0.989037543535233 1 1 1 1 1 1 1 1 1 1 1 -9999 -9999 1 1 1 1 -9999 1 1 1 1 1 1 1 0.967098265886307 0.956222116947174 0.97820457816124 0.98908069729805 0.97820457816124 0.967270910739899 0.967270910739899 1 0.945504248142242 0.748309582471848 0.576492592692375 0.460135236382484 0.486663781106472 0.554452583193779 0.554654005914927 0.562897421419621 0.878823190927505 0.857142865657806 0.543705940246582 0.52173787355423 0.543590851128101 0.606416329741478 0.880304992198944 1 1 1 1 1 1
0.836354494094849 0.792734861373901 0.858279377222061 0.923622488975525 1 1 1 1 1 1 1 1 1 1 1 1 1 1 1 1 -9999 1 -9999 1 1 1 1 1 1 1 1 1 1 1 0.945317208766937 0.956250905990601 0.945345997810364 0.923507422208786 0.912645667791367 0.901654452085495 0.90169757604599 0.847230613231659 0.587152913212776 0.564336076378822 0.475773274898529 0.52642785012722 0.423665661364794 0.553330454975367 0.867947071790695 0.813422530889511 0.554582074284554 0.532714709639549 0.455315791070461 0.638008907437325 0.959732413291931 0.99017408490181 1 1 1 1
0.781786799430847 0.814472734928131 0.912703216075897 1 1 1 1 1 1 -9999 1 1 1 1 -9999 1 1 -9999 -9999 1 -9999 -9999 1 1 1 1 1 1 1 1 1 1 1 1 1 1 0.934383541345596 0.912717580795288 0.934383541345596 0.923507422208786 0.912530571222305 0.923521786928177 0.902790993452072 0.877183139324188 0.602992370724678 0.560538038611412 0.559099406003952 0.423636890947819 0.521824197843671 0.824399381875992 0.548280823975801 0.532700330018997 0.499841753393412 0.548453442752361 0.752999573945999 0.980535179376602 1 1 0.98912388086319 1
0.847259402275085 0.945302844047546 1 1 1 1 1 1 1 -9999 -9999 1 1 -9999 -9999 -9999 1 1 -9999 1 -9999 1 -9999 1 1 1 1 1 1 1 1 1 1 1 1 1 1 0.945317208766937 0.934383541345596 0.901640057563782 0.923564940690994 0.901783913373947 0.912530571222305 0.851891815662384 0.854150474071503 0.666148766875267 0.530110768973827 0.521924890577793 0.47814703732729 0.532786648720503 0.825363248586655 0.575053952634335 0.499884910881519 0.489181414246559 0.680290594696999 0.980535179376602 0.99017408490181 1 0.978190183639526 0.98912388086319
0.956322818994522 1 1 1 1 1 1 -9999 -9999 -9999 -9999 -9999 -9999 -9999 -9999 -9999 -9999 1 -9999 -9999 1 -9999 -9999 1 1 1 1 1 1 1 -9999 1 1 1 1 1 1 1 0.967098265886307 0.97820457816124 0.890763938426971 0.890979707241058 0.967270910739899 0.923550546169281 0.912631273269653 0.886965930461884 0.718155652284622 0.556725651025772 0.532872974872589 0.445389159023762 0.598172925412655 0.696317076683044 0.565458208322525 0.574938848614693 0.672967910766602 0.900172621011734 0.99017408490181 1 0.978190183639526 0.98912388086319
1 1 1 1 1 -9999 -9999 1 -9999 -9999 1 -9999 -9999 -9999 -9999 -9999 -9999 1 -9999 -9999 1 1 1 1 1 -9999 -9999 -9999 -9999 -9999 1 1 1 1 1 1 1 1 1 1 0.945288449525833 0.97820457816124 0.967270910739899 0.98912388086319 0.98912388086319 0.945461094379425 0.889080733060837 0.748021870851517 0.604315921664238 0.556682497262955 0.466134369373322 0.584865488111973 0.618702344596386 0.531535029411316 0.713019713759422 0.980535179376602 0.99017408490181 1 1 1
1 1 1 1 1 -9999 -9999 -9999 -9999 -9999 -9999 -9999 -9999 -9999 -9999 -9999 -9999 1 -9999 -9999 1 1 -9999 -9999 -9999 -9999 1 1 -9999 1 1 1 1 1 1 1 1 1 1 1 0.97820457816124 1 0.97820457816124 0.98912388086319 0.98912388086319 1 0.83239820599556 0.682707518339157 0.542396791279316 0.519320964813232 0.467242132872343 0.618702344596386 0.618702344596386 0.592979416251183 0.821450144052505 0.970694869756699 1 1 1 1
1 1 1 1 1 -9999 -9999 -9999 -9999 -9999 -9999 -9999 -9999 -9999 -9999 -9999 -9999 -9999 -9999 1 -9999 1 1 -9999 1 1 1 1 1 1 1 1 1 1 1 1 1 1 1 1 1 1 1 0.98912388086319 1 0.950927913188934 0.782419800758362 0.64255502820015 0.585671126842499 0.525348879396915 0.4890231564641 0.733836859464645 0.618702344596386 0.65117247402668 0.810818582773209 0.980535179376602 1 1 1 1
1 1 1 1 1 -9999 -9999 -9999 -9999 -9999 -9999 -9999 -9999 -9999 -9999 -9999 -9999 -9999 1 -9999 -9999 1 1 1 1 1 1 1 1 1 1 1 1 1 1 1 1 1 1 1 0.98908069729805 0.98912388086319 0.934426695108414 0.978190183639526 0.968407422304153 0.91979569196701 0.790289163589478 0.709653288125992 0.579758308827877 0.565343111753464 0.628441944718361 0.74219536781311 0.532743502408266 0.597899585962296 0.671788230538368 0.861530721187592 0.99017408490181 0.99017408490181 1 1
1 1 1 1 1 -9999 -9999 -9999 -9999 -9999 -9999 -9999 -9999 -9999 -9999 -9999 -9999 -9999 -9999 -9999 -9999 1 1 1 1 1 1 1 1 1 1 1 1 1 1 1 1 1 1 0.956222116947174 0.912660032510757 0.934484243392944 0.956365972757339 0.97931233048439 0.968407422304153 0.834268450737 0.706588983535767 0.714372023940086 0.676952958106995 0.62727664411068 0.62484534829855 0.83029779791832 0.565458208322525 0.521809816360474 0.65117247402668 0.671788230538368 0.832311898469925 0.980247437953949 1 1
-9999 1 1 1 1 1 -9999 -9999 -9999 -9999 -9999 -9999 -9999 -9999 -9999 -9999 -9999 -9999 1 1 1 1 1 1 1 1 1 1 1 1 1 1 1 1 1 1 1 1 0.934383541345596 0.923521786928177 0.923564940690994 0.923521786928177 1 1 1 0.834268450737 0.716199114918709 0.643576472997665 0.591871678829193 0.641461670398712 0.423766367137432 0.585915692150593 0.635793417692184 0.615048192441463 0.571399793028831 0.663400948047638 0.931189745664597 0.980535179376602 0.99017408490181 1
-9999 1 1 1 1 1 -9999 -9999 -9999 -9999 -9999 -9999 -9999 -9999 -9999 -9999 -9999 1 1 1 1 1 1 1 1 1 1 1 1 1 1 1 1 1 1 1 1 -9999 0.956250905990601 0.97820457816124 1 1 1 1 1 -9999 0.941217094659805 0.980405688285828 0.92960724234581 0.810818582773209 0.673140555620193 0.613552004098892 0.489123873412609 0.561617031693459 0.615120127797127 0.682822614908218 0.950856000185013 0.99017408490181 1 1
-9999 -9999 1 1 1 1 1 1 -9999 -9999 -9999 -9999 -9999 -9999 -9999 -9999 -9999 1 1 1 1 1 1 1 1 1 1 1 1 1 1 1 1 1 -9999 -9999 -9999 1 1 1 1 1 1 1 0.98912388086319 -9999 0.923608094453812 0.93462809920311 0.94659760594368 0.948928207159042 0.92088907957077 0.76288303732872 0.609955415129662 0.541231475770473 0.624888502061367 0.683901593089104 0.960768222808838 0.99017408490181 1 1
