data-raw/DATASET_PNE_1/DATASET_PNE/a_DATA/PFGS/ENVSUIT_A1B/HS_f15_C5_CallVulg.asc
NCOLS 619 
NROWS 782 
XLLCORNER 876826 
YLLCORNER 1947424 
CELLSIZE 100 
NODATA_value -9999 
[rows 234 to 259 of 782, columns 60 to 119 of 619]
0.485864251852036 0.579687491059303 0.3214111328125 0.199609369039536 0.305932629853487 0.311059564352036 0.814111322164536 0.842748999595642 0.535449206829071 0.645288079977036 0.870776385068893 1 0.914160162210464 0.913989245891571 0.956762701272964 1 0.985546886920929 1 1 1 1 1 1 1 1 1 1 0.485302731394768 0.451318353414536 0.536401376128197 0.425634764134884 0.465161144733429 0.900097668170929 1 0.971337884664536 0.9144287109375 1 1 1 0.885302722454071 0.942602545022964 0.857104480266571 0.857104480266571 0.857104480266571 0.454541027545929 0.196142578497529 0.525366201996803 0.744213879108429 0.848193347454071 0.669677734375 0.651708960533142 0.651708960533142 0.660620093345642 0.6781005859375 0.521508783102036 0.195092776790261 0.6082763671875 0.705297827720642 0.714208960533142 0.714208960533142
0.482080072164536 0.315747082233429 0.106835938990116 0.134960934519768 0.498828127980232 0.343115229159594 0.814208984375 0.814038097858429 0.708251953125 0.473803713917732 0.341430671513081 0.985644519329071 0.885546863079071 0.957226574420929 0.55859375 0.810791015625 0.885180652141571 0.956591814756393 1 0.957250982522964 1 1 1 1 1 1 1 0.603735342621803 0.527197271585464 0.442407228052616 0.186767580918968 0.4010009765625 0.871411144733429 0.914453119039536 1 0.885791003704071 0.985693365335464 1 1 0.899487316608429 0.942602545022964 0.842797845602036 0.857104480266571 0.857104480266571 0.706030279397964 0.706030279397964 0.7928466796875 0.833740234375 0.848193347454071 0.7568359375 0.687158197164536 0.669677734375 0.687158197164536 0.687158197164536 0.572290033102036 0.263476565480232 0.651708960533142 0.714208960533142 0.714208960533142 0.714208960533142
0.473803713917732 0.254370123147964 0.106835938990116 0.302783191204071 0.7138671875 0.506665050983429 0.762304693460464 0.628393560647964 0.773754894733429 0.637426763772964 0.743066400289536 0.8709716796875 0.87109375 0.885913103818893 0.719482421875 0.807177752256393 0.971411138772964 0.971362292766571 0.985546886920929 0.885522454977036 1 1 1 0.986108392477036 1 1 1 0.814013659954071 0.545458987355232 0.417187497019768 0.0943115204572678 0.311669923365116 0.762475579977036 0.885839849710464 0.985644519329071 0.914526373147964 0.928320318460464 1 1 0.928369134664536 0.928369134664536 0.871337890625 0.604638665914536 0.585522443056107 0.510473623871803 0.721264630556107 0.833886712789536 0.857104480266571 0.857104480266571 0.848193347454071 0.857104480266571 0.687158197164536 0.687158197164536 0.687158197164536 0.651708960533142 0.238964848220348 0.660620093345642 0.714208960533142 0.714208960533142 0.742871105670929
0.606250017881393 0.358642578125 0.1475830078125 0.542333975434303 0.819750964641571 0.516137689352036 0.674291998147964 0.586352542042732 0.671679675579071 0.842748999595642 0.828100591897964 0.856542974710464 0.871752917766571 0.829126000404358 0.943261712789536 0.933911144733429 0.933911144733429 0.890869140625 0.985449224710464 0.985864251852036 0.957617193460464 1 1 0.9716796875 1 1 1 0.769750982522964 0.600781247019768 0.5189208984375 0.162573236040771 0.159326173365116 0.681811511516571 0.842749029397964 0.956982433795929 1 0.942626953125 0.95703125 1 1 1 0.914477527141571 0.8197021484375 0.585522443056107 0.423095718026161 0.8197021484375 0.8197021484375 0.857104480266571 0.857104480266571 0.857104480266571 0.857104480266571 0.839257806539536 0.696362286806107 0.696362286806107 0.678295880556107 0.256176762282848 0.687158197164536 0.714208960533142 0.8426513671875 0.814306646585464
0.696191400289536 0.406933583319187 0.530737295746803 0.530493170022964 0.714892581105232 0.672387704253197 0.201098635792732 0.583642572164536 0.7711181640625 0.814111322164536 0.884985357522964 0.899511724710464 0.928735345602036 0.870996087789536 1 0.803466796875 0.857104480266571 0.985546886920929 0.956640630960464 1 1 1 1 1 1 1 1 1 0.78466796875 0.577685564756393 0.274560540914536 0.130957033485174 0.386645495891571 0.762475579977036 0.914526373147964 0.929394543170929 1 0.885693371295929 1 1 1 0.899487316608429 0.857104480266571 0.711035162210464 0.546508774161339 0.871533215045929 0.776342749595642 0.857104480266571 0.857104480266571 0.857104480266571 0.857104480266571 0.762402325868607 0.848193347454071 0.714208960533142 0.687158197164536 0.342016607522964 0.714208960533142 0.799633771181107 0.742700219154358 0.7623291015625
0.928442388772964 0.67138671875 0.569482415914536 0.602343752980232 0.512499988079071 0.496362306177616 0.1156005859375 0.444726563990116 0.785351574420929 0.856982409954071 0.84228515625 0.8709716796875 0.9140625 0.87109375 0.942700177431107 0.714208960533142 0.714208960533142 0.985571295022964 0.956689447164536 1 1 1 1 1 1 1 1 1 1 1 0.857104480266571 0.249096679501235 0.299047850072384 0.639355450868607 0.9144287109375 1 0.957470715045929 0.885693371295929 1 1 1 0.913793951272964 0.871533215045929 0.871533215045929 0.782690435647964 0.857104480266571 0.834008783102036 0.871533215045929 0.857104480266571 0.857104480266571 0.857104480266571 0.733618140220642 0.693090826272964 0.857104480266571 0.696362286806107 0.315747067332268 0.828417956829071 0.7283935546875 0.799877941608429 0.733837872743607
0.707958996295929 0.276171887293458 0 0.277026355266571 0.272363282740116 0.1925048828125 0.114428713917732 0.524682611227036 0.785253882408142 0.814208984375 0.884985357522964 1 -9999 -9999 -9999 0.671459943056107 0.870996087789536 0.870996087789536 0.914135754108429 1 1 1 1 1 1 1 1 1 1 1 1 1 0.582836925983429 0.144555658102036 0.681811511516571 1 1 0.885693371295929 1 1 1 0.943139642477036 0.928149402141571 0.899609386920929 0.899658203125 0.899658203125 0.797045916318893 0.857104480266571 0.871533215045929 0.857104480266571 0.857104480266571 0.857104480266571 0.733618140220642 0.767895489931107 0.721704095602036 0.681323230266571 0.770727515220642 0.770727515220642 0.742749005556107 0.857104480266571
0.707958996295929 0.685498058795929 0.577124014496803 0.542333975434303 0.513916015625 0.233593747019768 0.111376956105232 0.668603509664536 0.756762683391571 0.828344732522964 0.870776385068893 0.757495105266571 0.885522484779358 0.899975597858429 0.814306616783142 0.828564465045929 0.857104480266571 0.870996087789536 0.8994140625 0.97119140625 0.928417980670929 0.9715576171875 0.986108392477036 1 0.957446277141571 1 0.985693365335464 0.957373052835464 0.971264660358429 1 1 1 1 0.971215814352036 0.206030279397964 0.914086908102036 1 0.942626953125 1 1 0.828710943460464 1 1 1 1 1 0.829028308391571 0.857104480266571 0.848193347454071 0.842919915914536 0.857104480266571 0.857104480266571 0.8426513671875 0.733618140220642 0.678540021181107 0.857104480266571 0.842871069908142 0.857104480266571 0.857104480266571 0.857104480266571
0.480419911444187 0.262133792042732 0.516552738845348 0.530493170022964 0.533447265625 0.6494140625 0.252905270084739 0.691943377256393 0.756689429283142 0.828344732522964 0.842236340045929 0.743066400289536 0.870996087789536 0.8426513671875 0.714208960533142 0.742895483970642 0.7860107421875 0.856762677431107 0.870996087789536 0.942407220602036 0.971215814352036 0.957250982522964 0.957250982522964 0.986108392477036 1 1 1 1 0.957373052835464 0.971264660358429 1 1 1 1 0.899731457233429 0.621313452720642 1 1 0.942480474710464 0.985693365335464 0.8431396484375 1 1 1 1 1 0.985644519329071 0.971337884664536 0.857104480266571 0.857104480266571 0.857104480266571 0.857104480266571 0.857104480266571 0.696362286806107 0.857104480266571 0.857104480266571 0.857104480266571 0.857104480266571 0.857104480266571 0.857104480266571
0.348339848220348 0.243579097092152 0.437207031995058 0.389404296875 0.545434579253197 0.620507821440697 0.785253882408142 0.233593747019768 0.7711181640625 0.814111322164536 0.7998046875 0.702416986227036 0.813696295022964 0.714208960533142 0.3868408203125 0.714208960533142 0.842871069908142 0.870996087789536 0.857104480266571 0.928149402141571 0.985449224710464 0.928442388772964 0.957250982522964 1 1 1 1 0.957446277141571 1 1 1 1 1 1 1 0.1646728515625 1 1 0.885693371295929 0.929492175579071 0.985693365335464 0.985693365335464 1 1 1 1 0.971459954977036 1 0.871533215045929 0.885717779397964 0.871289074420929 0.857104480266571 0.857104480266571 0.640869140625 0.857104480266571 0.857104480266571 0.857104480266571 0.857104480266571 0.857104480266571 0.857104480266571
0.813427716493607 0.493139654397964 0.486889638006687 0.179663091897964 0.618505850434303 0.635668933391571 0.813891589641571 0.191943362355232 0.785253882408142 0.842797845602036 0.628393560647964 0.507153317332268 0.730493158102036 0.714208960533142 0.842968732118607 0.728759765625 0.757250964641571 0.828515619039536 0.7564697265625 0.942822277545929 1 0.985449224710464 1 1 0.8568115234375 0.985693365335464 1 1 1 1 1 1 1 1 0.899731457233429 0.139233395457268 1 1 1 0.94384765625 1 1 0.985693365335464 0.985693365335464 1 1 0.985815435647964 0.985693365335464 1 0.913745105266571 0.857104480266571 0.857104480266571 0.639990210533142 0.673559576272964 0.857104480266571 0.857104480266571 0.857104480266571 0.871289074420929 0.857104480266571 0.914160132408142
0.870996087789536 0.716723620891571 0.530493155121803 0.357641600072384 0.338818371295929 0.4737548828125 0.785815417766571 0.247583005577326 0.785253882408142 0.828564435243607 0.739526391029358 0.6878662109375 0.670190423727036 0.985815435647964 0.714208960533142 0.645336896181107 0.714208960533142 0.756738275289536 0.8138427734375 0.870996087789536 0.870996087789536 0.857104480266571 1 1 1 1 0.723071306943893 1 1 0.985693365335464 1 1 1 1 0.733666986227036 0.621313452720642 1 1 1 1 1 1 1 1 0.985693365335464 0.985693365335464 0.739672869443893 1 0.985449224710464 0.885717779397964 0.857104480266571 0.590771466493607 0.610302716493607 0.857104480266571 0.739404290914536 0.885717779397964 0.899609386920929 0.928149402141571 1 0.913964837789536
0.776904314756393 0.842236340045929 0.857104480266571 0.675000011920929 0.450854495167732 0.422509767115116 0.852026373147964 0.352856442332268 0.742919921875 0.828564435243607 0.856982409954071 0.828100591897964 0.7998046875 0.971582025289536 -9999 0.245361328125 0.714208960533142 0.885180652141571 0.842871069908142 0.857104480266571 0.857104480266571 0.857104480266571 0.857104480266571 0.871289074420929 1 1 0.667089849710464 1 1 1 1 1 1 1 0.762475579977036 0.785229474306107 0.886206060647964 1 1 1 1 0.958032220602036 0.914575189352036 0.800219714641571 0.985693365335464 1 1 0.971411138772964 0.914257824420929 0.885717779397964 0.421313479542732 0.782690435647964 0.871533215045929 0.871533215045929 0.782690435647964 0.899853527545929 0.971093744039536 1 1 1
0.856542974710464 0.885424822568893 0.871337890625 0.796801745891571 0.494384780526161 0.580908194184303 0.527563482522964 0.315820321440697 0.542333975434303 0.617431640625 0.828564435243607 0.716723620891571 0.696191400289536 0.714208960533142 0.714208960533142 0.714208960533142 0.714208960533142 0.814770489931107 0.857104480266571 0.828442364931107 0.728100568056107 0.800195306539536 0.857104480266571 0.857104480266571 0.914208978414536 0.9569091796875 0.871142596006393 1 1 1 1 1 1 1 1 1 0.7908935546875 1 1 1 0.957470715045929 1 1 1 1 1 1 0.9425048828125 0.871289074420929 0.572045892477036 0.782690435647964 0.914208978414536 0.914208978414536 0.913745105266571 0.857104480266571 0.985644519329071 1 1 1 0.985644519329071
0.856542974710464 0.814208984375 0.842748999595642 0.785620123147964 0.709814444184303 0.215966790914536 0 0.397485353052616 0.722753912210464 0.7998046875 0.871337890625 0.660327166318893 0.187939459457994 0.714208960533142 0.714208960533142 0.714208960533142 0.714208960533142 0.366650387644768 0.842871069908142 0.800537109375 0.728100568056107 0.870996087789536 0.857104480266571 0.857104480266571 0.9715576171875 0.885791003704071 1 1 0.985693365335464 1 1 1 1 1 1 1 0.586083978414536 0.971289068460464 1 1 0.986108392477036 1 1 1 0.957373052835464 1 1 0.9000244140625 0.857104480266571 0.820117175579071 1 1 0.942333996295929 0.956689447164536 0.942333996295929 1 1 1 0.857104480266571 0.8056640625
0.730151355266571 0.928442388772964 0.814111322164536 0.677905291318893 0.501806654036045 0.105175778269768 0 0.510473638772964 0.7908935546875 0.785253882408142 0.828344732522964 0.6705322265625 0.551489248871803 0.169970706105232 0.705297827720642 0.597583025693893 0.696191400289536 0.7574462890625 0.899584949016571 0.757080078125 0.9713134765625 0.985546886920929 0.914379894733429 0.9569091796875 0.957250982522964 0.900146484375 0.942773431539536 1 1 1 1 1 1 1 1 1 1 0.204199224710464 0.719531238079071 0.603613272309303 1 1 1 1 1 1 1 1 0.8145751953125 1 1 1 1 0.971142590045929 0.8714599609375 1 1 1 0.985546886920929 1
0.653417944908142 1 0.814111322164536 0.771435558795929 0.714892581105232 0 0.183398440480232 0.344921886920929 0.610082983970642 0.484741225838661 0.693945318460464 0.728515625 0.757299780845642 0.714208960533142 0.714208960533142 0.714208960533142 0.728515625 0.828051745891571 0.742871075868607 0.799780249595642 0.985546886920929 1 1 0.957250982522964 1 1 0.914331048727036 1 1 1 1 1 1 1 1 1 1 1 0.4254150390625 0.447998046875 0.971362292766571 1 1 1 1 1 1 1 1 1 1 1 1 1 0.900244146585464 1 1 1 1 1
0.787768542766571 0.8707275390625 0.828344732522964 0.725390613079071 0.857104480266571 0.405542001128197 0.43359375 0.451684564352036 0.301684580743313 0.440991207957268 0.709057599306107 0.714208960533142 0.544238269329071 0.697582989931107 0.714208960533142 0.714208960533142 0.942822247743607 0.814306616783142 0.87158203125 0.885424792766571 0.985546886920929 1 1 1 0.957202136516571 0.985693365335464 0.971264660358429 1 1 1 1 0.971142590045929 1 1 1 1 1 1 1 0.00881347618997097 0.842333972454071 1 1 1 1 1 1 1 1 1 1 1 0.9718017578125 1 0.971508800983429 1 1 1 1 1
0.796630859375 0.696191400289536 0.814111322164536 0.600659176707268 0.7713623046875 0.275415040552616 0.459057614207268 0.276171887293458 0.423901364207268 0.502148434519768 0.6910400390625 0.696191400289536 0.714208960533142 0.714208960533142 0.771655261516571 0.870996087789536 0.742749005556107 0.742871105670929 0.814526349306107 0.857153326272964 0.985864251852036 1 0.985693365335464 0.943212896585464 0.843359380960464 0.900146484375 0.971264660358429 0.900146484375 1 1 1 1 0.985693365335464 1 1 1 1 1 1 0.385156251490116 0.508959963917732 1 1 1 1 1 1 0.914599597454071 1 1 1 1 0.971923828125 1 0.857348620891571 1 1 0.829028308391571 1 0.948266625404358
0.796313464641571 0.503881841897964 0.856982409954071 0.620043963193893 0.813745111227036 0.474609367549419 0.857104480266571 0.572485357522964 0.351904295384884 0.506494149565697 0.284741217270494 0.109912112355232 0.669189453125 0.870996087789536 0.943090826272964 0.885351568460464 0.7283935546875 0.714208960533142 0.848193347454071 0.560766592621803 0.857104480266571 1 1 1 1 0.928784191608429 0.971093744039536 0.943017572164536 0.900146484375 1 0.956957995891571 1 0.985693365335464 1 1 1 1 1 1 0.899877905845642 0.235522456467152 1 1 1 1 1 1 1 1 1 1 1 0.958032220602036 1 0.96240234375 1 1 1 1 1
0.685571283102036 0.477246105670929 0.856982409954071 0.693872064352036 0.7994384765625 0.281323246657848 0.857104480266571 0.486157223582268 0.459863275289536 0.415551759302616 0.1529541015625 0.161718755960464 0.179663091897964 0.714208960533142 0.714208960533142 0.714208960533142 0.757543921470642 0.742749005556107 0.714208960533142 0.971264660358429 0.857104480266571 1 1 1 1 1 0.985693365335464 0.9718017578125 0.928662121295929 1 1 1 1 1 1 1 1 1 1 1 0 0.871337890625 1 1 1 1 1 1 1 1 1 1 0.971923828125 1 1 1 0.943115234375 1 1 1
0.473803713917732 0.611840814352036 0.642626941204071 0.714892581105232 0.797143548727036 0.197167962789536 0.729077160358429 0.397485353052616 0.301489263772964 0.179663091897964 0.276464849710464 0.276464849710464 0.188232421875 0.669189453125 0.597583025693893 0.714208960533142 0.743115216493607 0.756762683391571 0.885839849710464 0.834301739931107 0.900146484375 0.899316430091858 1 1 1 1 0.985693365335464 0.900341808795929 0.957446277141571 0.9569091796875 0.9569091796875 0.900146484375 1 1 1 1 1 1 1 0.985644519329071 0 0.567480474710464 1 1 1 1 1 1 1 1 1 1 0.971923828125 1 1 1 0.800219714641571 0.900488287210464 0.857104480266571 0.665673822164536
0.679394513368607 0.379663087427616 0.583520501852036 0.794189453125 0.589770495891571 0.163745120167732 0.762719720602036 0.842748999595642 0.441162109375 0.267895519733429 0.179663091897964 0.179663091897964 0.6744384765625 0.738720685243607 0.7174072265625 0.714208960533142 0.714208960533142 0.742749005556107 0.814379870891571 0.799755871295929 0.899877935647964 0.885424792766571 0.956835925579071 0.928637713193893 0.957373052835464 1 0.985766589641571 1 0.971459954977036 0.928784191608429 0.771728515625 1 1 1 1 1 1 1 1 0.899877905845642 0.0284912101924419 0.385156251490116 1 1 1 1 1 1 1 1 1 0.861499011516571 0.943115234375 0.871240228414536 1 0.814672827720642 1 1 1 0.971655279397964
0.6295166015625 0.259375005960464 0.7484130859375 0.805419921875 0.0908691436052322 0.569384753704071 0.688720703125 0.871337890625 0.813916027545929 0.669189453125 0.687402337789536 0.6910400390625 0.179663091897964 0.6783447265625 0.714208960533142 0.714208960533142 0.714208960533142 0.714208960533142 0.714208960533142 0.728564441204071 0.870996087789536 0.814062505960464 0.857104480266571 0.857104480266571 0.871289074420929 0.971020519733429 0.9569091796875 1 0.871557623147964 0.956787109375 0.928881824016571 1 1 1 1 1 1 1 1 0.6043701171875 0 0.226708978414536 1 1 1 1 1 1 1 0.943115234375 0.812768548727036 1 0.943115234375 1 0.971923828125 0.971923828125 1 1 0.985693365335464 1
0.646240234375 0.259375005960464 0.5732421875 0.2154541015625 0.242749020457268 0.567700207233429 0.871337890625 0.871337890625 0.8997802734375 0.714208960533142 0.6605224609375 0.625 0.708935558795929 0.179663091897964 0.674633771181107 0.714208960533142 0.714208960533142 0.714208960533142 0.857104480266571 0.714208960533142 0.799584954977036 0.814379870891571 0.857104480266571 0.928637683391571 1 1 1 0.914648443460464 0.871557623147964 0.914575189352036 0.985693365335464 1 1 1 1 1 1 1 1 0.317822270095348 0 0.116064451634884 0.9140625 0.914453119039536 0.821386724710464 0.9283447265625 1 1 0.803613275289536 0.943115234375 1 1 0.914379894733429 0.971923828125 1 1 1 1 0.851586937904358 1
0.370874024927616 0 0.527612313628197 0.753955066204071 0.569091796875 0.701928704977036 0.828344732522964 0.842236340045929 0.856542974710464 0.714208960533142 0.535449206829071 0.603198260068893 0.714208960533142 0.714208960533142 0.161718755960464 0.706884741783142 0.597583025693893 0.552612289786339 0.705664038658142 0.857104480266571 0.785082995891571 0.842797875404358 0.857104480266571 0.885522454977036 1 1 1 1 1 0.985693365335464 1 1 1 1 1 1 1 1 0.985571295022964 0 0.0284912101924419 0.126074217259884 0.1248779296875 0.170019533485174 0.9283447265625 0.985546886920929 0.831250011920929 0.812768548727036 0.943115234375 1 1 1 1 1 1 1 0.985546886920929 0.928637683391571 0.857104480266571 0.956762701272964
