data-raw/DATASET_PNE_1/DATASET_PNE/a_DATA/PFGS/ENVSUIT_A1B/HS_f90_C6_VaccMyrt.asc
NCOLS 619 
NROWS 782 
XLLCORNER 876826 
YLLCORNER 1947424 
CELLSIZE 100 
NODATA_value -9999 
[rows 468 to 493 of 782, columns 285 to 341 of 619]
0.727866405448269 0.727866405448269 0.746960226389278 0.766458313897441 0.766458313897441 -9999 -9999 0.766458313897441 0.766458313897441 -9999 -9999 0.766458313897441 0.766458313897441 0.766458313897441 0.766458313897441 0.766458313897441 0.766458313897441 0.766458313897441 0.746960226389278 0.727866405448269 0.938209410081786 0.727866405448269 0.727866405448269 0.690362906987592 0.652050875392605 0.652050875392605 0.59672855054887 0.577323755325435 0.577323755325435 0.577323755325435 0.502969804397176 0.390614796156358 0 0 0 0 0 0 0 0 0 0 0 0 0 0 0 0 0 0 0 0 0 0 0 0 0
0.766458313897441 0.766458313897441 0.766458313897441 0.83642752744348 0.789688092794726 0.789688092794726 0.766458313897441 0.766458313897441 0.766458313897441 -9999 -9999 0.766458313897441 0.766458313897441 0.766458313897441 0.766458313897441 0.766458313897441 0.766458313897441 0.766458313897441 0.934011257269024 0.844668345927792 0.938209410081786 0.727866405448269 0.727866405448269 0.727866405448269 0.652050875392605 0.652050875392605 0.59672855054887 0.577323755325435 0.558603103523339 0.577323755325435 0.558603103523339 0.409366545386697 0.0391205647292969 0 0 0 0 0 0 0 0 0 0 0 0 0 0 0 0 0 0 0 0 0 0 0 0
0.766458313897441 0.766458313897441 0.789688092794726 0.813228845974438 0.859968280623193 0.859781696053736 0.766458313897441 0.766458313897441 0.766458313897441 -9999 0.766458313897441 0.766458313897441 0.766458313897441 0.766458313897441 0.766458313897441 0.766458313897441 0.766458313897441 0.957303231022794 0.938209410081786 0.727866405448269 0.938209410081786 0.727866405448269 0.727866405448269 0.774636937525267 0.671175793761856 0.652050875392605 0.633734490157664 0.577323755325435 0.577323755325435 0.540100133718941 0.540100133718941 0.502969804397176 0.427838417762851 0.0781478371738657 0 0 0 0 0 0 0 0 0 0 0 0 0 0 0 0 0 0 0 0 0 0 0
0.766458313897441 0.766458313897441 0.882980377522779 0.789688092794726 0.766458313897441 0.766458313897441 0.766458313897441 0.766458313897441 0.766458313897441 0.836676306869422 0.906583325558976 0.789905774792425 0.766458313897441 0.766458313897441 0.766458313897441 0.766458313897441 0.746960226389278 0.727866405448269 0.938209410081786 0.938209410081786 0.938209410081786 0.727866405448269 0.727866405448269 0.727866405448269 0.689834250707467 0.652050875392605 0.652050875392605 0.595888919986317 0.577323755325435 0.577323755325435 0.521628261342787 0.558603103523339 0.540100133718941 0.353515564262836 0.334670522747769 0.171409024473676 0 0 0 0 0 0 0 0 0 0 0 0 0 0 0 0 0 0 0 0 0
0.766458313897441 0.789688092794726 0.859781696053736 0.766458313897441 0.766458313897441 0.766458313897441 0.766458313897441 0.766458313897441 0.766458313897441 0.766458313897441 0.766458313897441 0.766458313897441 0.766458313897441 0.766458313897441 0.766458313897441 0.746960226389278 0.751065086917312 0.751065086917312 0.797586839568368 0.797835618994309 0.821034300463352 0.727866405448269 0.727866405448269 0.727866405448269 0.709021363933203 0.652050875392605 0.652050875392605 0.652050875392605 0.615293715209752 0.577323755325435 0.577323755325435 0.558603103523339 0.558603103523339 0.540100133718941 0.316167552943372 0.222719781074105 0.222719781074105 0.122554964704419 0 0 0 0 0 0 0 0 0 0 0 0 0 0 0 0 0 0 0
0.766458313897441 0.976552539105016 0.953353857635974 0.766458313897441 0.789688092794726 0.766458313897441 0.766458313897441 0.789688092794726 0.766458313897441 0.766458313897441 0.766458313897441 0.766458313897441 0.766458313897441 0.766458313897441 0.766458313897441 0.746960226389278 0.774294865814597 0.797586839568368 0.774388158099325 0.727866405448269 0.727866405448269 0.727866405448269 0.727866405448269 0.727866405448269 0.727866405448269 0.689834250707467 0.671175793761856 0.652050875392605 0.652050875392605 0.59672855054887 0.577323755325435 0.577323755325435 0.577323755325435 0.558603103523339 0.558603103523339 0.558603103523339 0.540100133718941 0.278819541623908 0.203999129272009 0.0203999129272009 0 0 0 0 0 0 0 0 0 0 0 0 0 0 0 0 0
0.766458313897441 0.953353857635974 0.953353857635974 0.766458313897441 0.766458313897441 0.766458313897441 0.766458313897441 0.789688092794726 0.746960226389278 0.789688092794726 0.766458313897441 0.766458313897441 0.766458313897441 0.766458313897441 0.746960226389278 0.774294865814597 0.797742326709581 0.774294865814597 0.774388158099325 0.727866405448269 0.727866405448269 0.708679292222533 0.727866405448269 0.727866405448269 0.707404297664583 0.727866405448269 0.727866405448269 0.652050875392605 0.652050875392605 0.652050875392605 0.59672855054887 0.577323755325435 0.577323755325435 0.577323755325435 0.595888919986317 0.558603103523339 0.558603103523339 0.409366545386697 0.222719781074105 0.142892682775135 0 0 0 0 0 0 0 0 0 0 0 0 0 0 0 0 0
0.766458313897441 0.882980377522779 0.953353857635974 0.883384644089934 0.789688092794726 0.766458313897441 0.766458313897441 0.766458313897441 0.766458313897441 0.766458313897441 0.789688092794726 0.766458313897441 0.766458313897441 0.746960226389278 0.727866405448269 0.774543645240539 0.938209410081786 0.868115806822776 0.727866405448269 0.727866405448269 0.727866405448269 0.778461921199117 0.708679292222533 0.708679292222533 0.727866405448269 0.797586839568368 0.727866405448269 0.709021363933203 0.652050875392605 0.652050875392605 0.652050875392605 0.633734490157664 0.59672855054887 0.577323755325435 0.577323755325435 0.577323755325435 0.577323755325435 0.558603103523339 0.558603103523339 0.203999129272009 0 0 0 0 0 0 0 0 0 0 0 0 0 0 0 0 0
0.953353857635974 0.882887085238051 0.906241253848307 0.930092981310446 0.83642752744348 0.766458313897441 0.766458313897441 0.766458313897441 0.812886774263769 0.766458313897441 0.766458313897441 0.770190005286563 0.746960226389278 0.709021363933203 0.727866405448269 0.727866405448269 0.727866405448269 0.727866405448269 0.727866405448269 0.774388158099325 0.801722797524645 0.759337002829866 0.778461921199117 0.708679292222533 0.727866405448269 0.797586839568368 0.821189787604565 0.727866405448269 0.69045619927232 0.67179774232671 0.652050875392605 0.652050875392605 0.652050875392605 0.615293715209752 0.577323755325435 0.595888919986317 0.595888919986317 0.577323755325435 0.465341916223528 0.203999129272009 0 0 0 0 0 0 0 0 0 0 0 0 0 0 0 0 0
0.906427838417763 0.976739123674472 0.859750598625494 0.906241253848307 0.953353857635974 0.766458313897441 0.766458313897441 0.766458313897441 0.770221102714806 0.746960226389278 0.64480517461206 0.746960226389278 0.727866405448269 0.709021363933203 0.727866405448269 0.727866405448269 0.727866405448269 0.727866405448269 0.774388158099325 0.689834250707467 0.872034082781354 0.899897378486799 0.759554684827565 0.708679292222533 0.727866405448269 0.797586839568368 0.727866405448269 0.727866405448269 0.727866405448269 0.69045619927232 0.709021363933203 0.652050875392605 0.652050875392605 0.652050875392605 0.615293715209752 0.595888919986317 0.577323755325435 0.558603103523339 0.29738470628479 0.16161333457723 0 0 0 0 0 0 0 0 0 0 0 0 0 0 0 0 0
0.906552228130734 0.812886774263769 0.859750598625494 0.883042572379264 0.883322449233448 0.766458313897441 0.789688092794726 0.746960226389278 0.793388686755605 0.774294865814597 0.746960226389278 0.746960226389278 0.727866405448269 0.727866405448269 0.727866405448269 0.727866405448269 0.727866405448269 0.751127281773797 0.727866405448269 0.689834250707467 0.923096059955842 0.763690642783842 0.629349752775445 0.670709332338216 0.708679292222533 0.751096184345555 0.727866405448269 0.727866405448269 0.938209410081786 0.727866405448269 0.727866405448269 0.689834250707467 0.652050875392605 0.652050875392605 0.633734490157664 0.615293715209752 0.577323755325435 0.540100133718941 0.26019218210654 0.142892682775135 0 0 0 0 0 0 0 0 0 0 0 0 0 0 0 0 0
0.930092981310446 0.906614422987219 0.859564014056038 0.929533227602077 0.836334235158752 0.766458313897441 0.766458313897441 0.746960226389278 0.727866405448269 0.774294865814597 0.774294865814597 0.727866405448269 0.727866405448269 0.774294865814597 0.727866405448269 0.727866405448269 0.727866405448269 0.774388158099325 0.689834250707467 0.829897067512517 0.853095748981559 0.717262182417514 0.763690642783842 0.689554373853282 0.708679292222533 0.82112759274808 0.727866405448269 0.727866405448269 0.727866405448269 0.727866405448269 0.727866405448269 0.821096495319837 0.652050875392605 0.652050875392605 0.633734490157664 0.615293715209752 0.577323755325435 0.521628261342787 0.29738470628479 0.0203999129272009 0 0 0 0 0 0 0 0 0 0 0 0 0 0 0 0 0
0.789688092794726 0.929813104456262 0.906521130702491 0.859999378051435 0.789688092794726 0.766458313897441 0.746960226389278 0.751065086917312 0.727866405448269 0.797586839568368 0.774294865814597 0.774294865814597 0.751065086917312 0.774294865814597 0.727866405448269 0.727866405448269 0.727866405448269 0.727866405448269 0.689834250707467 0.829772677799546 0.670709332338216 0.694001306091986 0.717262182417514 0.899897378486799 0.736076126504338 0.708679292222533 0.727866405448269 0.727866405448269 0.727866405448269 0.727866405448269 0.727866405448269 0.689834250707467 0.652050875392605 0.652050875392605 0.633734490157664 0.577323755325435 0.577323755325435 0.521628261342787 0.203999129272009 0 0 0 0 0 0 0 0 0 0 0 0 0 0 0 0 0 0
0.766458313897441 0.883166962092235 0.859657306340766 0.836489722299966 0.789688092794726 0.746960226389278 0.727866405448269 0.774294865814597 0.727866405448269 0.727866405448269 0.727866405448269 0.727866405448269 0.727866405448269 0.727866405448269 0.751096184345555 0.774294865814597 0.727866405448269 0.709021363933203 0.689554373853282 0.689554373853282 0.652050875392605 0.655938053922941 0.655938053922941 0.806325216904562 0.689554373853282 0.689554373853282 0.727866405448269 0.727866405448269 0.708679292222533 0.708679292222533 0.694001306091986 0.652050875392605 0.652050875392605 0.633734490157664 0.59672855054887 0.577323755325435 0.558603103523339 0.409366545386697 0.203999129272009 0 0 0 0 0 0 0 0 0 0 0 0 0 0 0 0 0 0
0.746960226389278 0.766458313897441 0.766458313897441 0.789688092794726 0.789688092794726 0.746960226389278 0.727866405448269 0.774357060671083 0.727866405448269 0.727866405448269 0.727866405448269 0.709021363933203 0.727866405448269 0.727866405448269 0.727866405448269 0.821003203035109 0.820847715893896 0.69045619927232 0.670709332338216 0.633330223590509 0.63264608016917 0.63264608016917 0.655875859066455 0.725969462325466 0.675342849146376 0.652050875392605 0.923096059955842 0.895481543676338 0.633330223590509 0.614765058929627 0.652050875392605 0.63264608016917 0.614329694934229 0.577323755325435 0.577323755325435 0.540100133718941 0.540100133718941 0.48412476288211 0.0203999129272009 0 0 0 0 0 0 0 0 0 0 0 0 0 0 0 0 0 0
0.727866405448269 0.789688092794726 0.766458313897441 0.789688092794726 0.766458313897441 0.751096184345555 0.727866405448269 0.727866405448269 0.709021363933203 0.778399726342632 0.708679292222533 0.689554373853282 0.84858662188637 0.75115837920204 0.727866405448269 0.727866405448269 0.727866405448269 0.689834250707467 0.633485710731723 0.595360263706192 0.613925428367074 0.63264608016917 0.63264608016917 0.613925428367074 0.652050875392605 0.652050875392605 0.675342849146376 0.652050875392605 0.614765058929627 0.63264608016917 0.63264608016917 0.577323755325435 0.577323755325435 0.540100133718941 0.428211586901763 0.222719781074105 0.316167552943372 0.16161333457723 0 0 0 0 0 0 0 0 0 0 0 0 0 0 0 0 0 0 0
0.727866405448269 0.746960226389278 0.766458313897441 0.793481979040333 0.746960226389278 0.774294865814597 0.727866405448269 0.727866405448269 0.689834250707467 0.689554373853282 0.592063936312467 0.338308921852163 0.670709332338216 0.805983145193893 0.689834250707467 0.708679292222533 0.670709332338216 0.670709332338216 0.652050875392605 0.595360263706192 0.595360263706192 0.614329694934229 0.614329694934229 0.637559473831514 0.773921696675685 0.633734490157664 0.652050875392605 0.652050875392605 0.522281307335883 0.540193426003669 0.222844170787076 0.37245389806263 0.558603103523339 0.484186957738595 0.222719781074105 0.203999129272009 0.0203999129272009 0 0 0 0 0 0 0 0 0 0 0 0 0 0 0 0 0 0 0 0
0.727866405448269 0.727866405448269 0.746960226389278 0.727866405448269 0.727866405448269 0.774294865814597 0.727866405448269 0.727866405448269 0.801660602668159 0.689554373853282 0.689554373853282 0.652144167677333 0.717262182417514 0.853157943838045 0.652050875392605 0.76888391330037 0.76888391330037 0.652050875392605 0.63264608016917 0.57704387847125 0.57704387847125 0.595609043132133 0.595888919986317 0.619118698883602 0.666106912958298 0.615293715209752 0.615293715209752 0.59672855054887 0.335292471312622 0.39133003700594 0.294057281462823 0.297571290854246 0.558603103523339 0.540100133718941 0.446932238703859 0.316167552943372 0 0 0 0 0 0 0 0 0 0 0 0 0 0 0 0 0 0 0 0 0
0.75115837920204 0.774294865814597 0.751065086917312 0.727866405448269 0.727866405448269 0.727866405448269 0.727866405448269 0.774388158099325 0.755201044873589 0.693970208663744 0.876449917591815 0.806263022048077 0.717231084989271 0.74941692322045 0.63264608016917 0.595360263706192 0.63264608016917 0.63264608016917 0.655875859066455 0.614329694934229 0.558603103523339 0.558603103523339 0.577168268184221 0.595888919986317 0.595888919986317 0.595888919986317 0.577323755325435 0.203999129272009 0.222844170787076 0.428802438038374 0.558603103523339 0.595888919986317 0.577323755325435 0.558603103523339 0.502969804397176 0.0594582828000124 0 0 0 0 0 0 0 0 0 0 0 0 0 0 0 0 0 0 0 0 0
0.75115837920204 0.727866405448269 0.774294865814597 0.727866405448269 0.727866405448269 0.727866405448269 0.727866405448269 0.708679292222533 0.712846347607053 0.782597879155394 0.652050875392605 0.792082594769413 0.725876170040738 0.655875859066455 0.702428709145754 0.595360263706192 0.63264608016917 0.614329694934229 0.428398171471219 0.558603103523339 0.503063096681904 0.443293839599465 0.538265385452623 0.558603103523339 0.268277513449638 0.517367913673539 0.558603103523339 0.0607021799297198 0.142301831638524 0.200329632739372 0.316229747799857 0.595888919986317 0.577323755325435 0.558603103523339 0.502969804397176 0.169916347918027 0 0 0 0 0 0 0 0 0 0 0 0 0 0 0 0 0 0 0 0 0
0.727866405448269 0.727866405448269 0.727866405448269 0.727866405448269 0.751127281773797 0.751127281773797 0.727866405448269 0.670709332338216 0.670709332338216 0.81105202599745 0.675342849146376 0.63264608016917 0.74941692322045 0.655875859066455 0.731100537985509 0.595888919986317 0.581832882420624 0.595888919986317 0.558603103523339 0.558603103523339 0.409957396523308 0.387225176477905 0.117081817333707 0.0201200360730168 0.0607021799297198 0 0.0201200360730168 0 0 0.0811020928569207 0.222719781074105 0.577323755325435 0.577323755325435 0.558603103523339 0.558603103523339 0.15107130640296 0 0 0 0 0 0 0 0 0 0 0 0 0 0 0 0 0 0 0 0 0
0.751127281773797 0.727866405448269 0.727866405448269 0.727866405448269 0.751127281773797 0.774294865814597 0.731971265976304 0.652144167677333 0.633485710731723 0.633330223590509 0.655875859066455 0.655875859066455 0.637559473831514 0.661100227011226 0.595888919986317 0.595888919986317 0.595888919986317 0.595888919986317 0.595888919986317 0.558603103523339 0.212177752899835 0.0998538420872594 0.0404577541437323 0.293870696893367 0.0201200360730168 0.0201200360730168 0.0201200360730168 0 0 0.163074913704637 0.484497932021022 0.372267313493174 0.409366545386697 0.409366545386697 0.0578101191031502 0.0933855770127811 0 0 0 0 0 0 0 0 0 0 0 0 0 0 0 0 0 0 0 0 0
0.727866405448269 0.727866405448269 0.727866405448269 0.727866405448269 0.727866405448269 0.77861740834033 0.712846347607053 0.652050875392605 0.652050875392605 0.595360263706192 0.595360263706192 0.57704387847125 0.57704387847125 0.558603103523339 0.558603103523339 0.538265385452623 0.538265385452623 0.558603103523339 0.558603103523339 0.419286624996113 0.117081817333707 0 0.0201200360730168 0.219112479397954 0 0 0 0 0 0 0.462325465683988 0.190254065988743 0.0391205647292969 0.018720651802096 0 0 0 0 0 0 0 0 0 0 0 0 0 0 0 0 0 0 0 0 0 0 0
0.727866405448269 0.727866405448269 0.727866405448269 0.751313866343253 0.797586839568368 0.689834250707467 0.670709332338216 0.792206984482383 0.792206984482383 0.679136735391983 0.57704387847125 0.57704387847125 0.558603103523339 0.558603103523339 0.538265385452623 0.443573716453649 0.387287371334391 0.466088254501353 0.423111608669963 0.227353297882265 0 0 0.0405199490002177 0.175078521006313 0 0 0 0 0 0 0.13067139347576 0.018720651802096 0 0 0 0 0 0 0 0 0 0 0 0 0 0 0 0 0 0 0 0 0 0 0 0 0
0.755201044873589 0.727866405448269 0.751313866343253 0.727866405448269 0.709021363933203 0.670709332338216 0.787604565102466 0.839133003700594 0.725969462325466 0.773082066113132 0.660820350157042 0.688932425288429 0.595888919986317 0.558603103523339 0.521721553627515 0.466026059644867 0.304008458500482 0.208850328077868 0.112230618527848 0.0404577541437323 0.0201200360730168 0 0 0 0 0 0 0 0 0.0933233821562957 0.112106228814877 0.018720651802096 0 0 0 0 0 0 0 0 0 0 0 0 0 0 0 0 0 0 0 0 0 0 0 0 0
0.755201044873589 0.727866405448269 0.727866405448269 0.727866405448269 0.689834250707467 0.652050875392605 0.815654445377367 0.725876170040738 0.655875859066455 0.707559784805797 0.614329694934229 0.595888919986317 0.595888919986317 0.595888919986317 0.595888919986317 0.314799266100693 0.0984544578163386 0.0404577541437323 0.0201200360730168 0 0 0 0 0 0 0 0 0 0 0 0 0 0 0 0 0 0 0 0 0 0 0 0 0 0 0 0 0 0 0 0 0 0 0 0 0 0
