data-raw/DATASET_PNE_1/DATASET_PNE/a_DATA/PFGS/ENVSUIT_A1B/HS_f15_C3_cushion.asc
NCOLS 619 
NROWS 782 
XLLCORNER 876826 
YLLCORNER 1947424 
CELLSIZE 100 
NODATA_value -9999 
[rows 280 to 307 of 782, columns 0 to 62 of 619]
-9999 -9999 -9999 -9999 -9999 -9999 -9999 -9999 -9999 -9999 -9999 -9999 -9999 0.228251047432423 0.238375917077065 0.238375917077065 0.238375917077065 0.250451825559139 0.250451825559139 0.238478608429432 0.21629836410284 0.19233138859272 0.240326955914497 0.178366061300039 0.250451825559139 0.250451825559139 0.260145410895348 0.260145410895348 0.179803665727377 0.177934776991606 0.151893539354205 0.139981932006776 0.130288347601891 0.118212439119816 0.130288347601891 0.130288347601891 0.179002717137337 0.217222541570663 0.272303454577923 0.511932134628296 0.453421503305435 0.320401698350906 0.0397190498188138 0.0397190498188138 0.481044113636017 0.73642486333847 0.871251940727234 0.791320949792862 0.672122746706009 0.431323423981667 0.600611999630928 0.858662635087967 0.8464635014534 0.77263206243515 0.879836529493332 0.975991934537888 1 0.964080333709717 0.915653496980667 0.734843492507935 0.387743353843689 0.381438419222832 0.785426765680313
-9999 -9999 -9999 -9999 -9999 -9999 -9999 -9999 -9999 -9999 -9999 -9999 -9999 -9999 0.238375917077065 0.250451825559139 0.250451825559139 0.250451825559139 0.250451825559139 0.226731292903423 0.180419784039259 0.204407297074795 0.240326955914497 0.250451825559139 0.250451825559139 0.250451825559139 0.260145410895348 0.228045679628849 0.144007230177522 0.177934776991606 0.235890910029411 0.139981932006776 0.188162330538034 0.139981932006776 0.130288347601891 0.26084366440773 0.15010679885745 0.15010679885745 0.179002717137337 0.217222541570663 0.204941257834435 0.123634271323681 0.435554087162018 0.613796919584274 0.727224171161652 0.483590736985207 0.455043941736221 0.801178842782974 0.795982927083969 0.314219996333122 0.724431127309799 0.718865513801575 0.709007650613785 0.791320949792862 0.975991934537888 1 1 0.87948739528656 0.867924928665161 0.642836600542068 0.241723492741585 0.362954884767532 0.522549897432327
-9999 -9999 -9999 -9999 -9999 -9999 -9999 -9999 -9999 -9999 -9999 -9999 -9999 -9999 0.240326955914497 0.250451825559139 0.226464308798313 0.250451825559139 0.214655391871929 0.250451825559139 0.216606423258781 0.228415347635746 0.192310854792595 0.250451825559139 0.250451825559139 0.250451825559139 0.240326955914497 0.250451825559139 0.238170549273491 0.178181223571301 0.260145410895348 0.250451825559139 0.297625884413719 0.282387252897024 0.234946198761463 0.337714612483978 0.139981932006776 0.139981932006776 0.15010679885745 0.130288347601891 0.241723492741585 0.602439820766449 0.414072126150131 0.43072783946991 0.310708127915859 0.283619495108724 0.849010080099106 0.805512189865112 0.263020619750023 0.483385369181633 0.761131197214127 0.849010080099106 0.848845779895782 0.869937568902969 0.988088399171829 0.964100867509842 0.891583830118179 0.855849027633667 0.879836529493332 0.764458239078522 0.31703358143568 0.2891850695014 0.542101383209229
-9999 -9999 -9999 -9999 -9999 -9999 -9999 -9999 -9999 -9999 -9999 -9999 -9999 -9999 -9999 0.240326955914497 0.250451825559139 0.228045679628849 0.215949229896069 0.202291965484619 0.144027767702937 0.132054548710585 0.156309045851231 0.250451825559139 0.250451825559139 0.250451825559139 0.250451825559139 0.250451825559139 0.238170549273491 0.250451825559139 0.250451825559139 0.352891638875008 0.479010939598083 0.473958760499954 0.335270673036575 0.280477277934551 0.130288347601891 0.130288347601891 0.130288347601891 0.231947761029005 0.227018810808659 0.212848104536533 0.174381829798222 0.355315051972866 0.127967630513012 0.394233122467995 0.849441379308701 0.375338867306709 0.321900933980942 0.392549082636833 0.821099996566772 0.765135943889618 0.803889751434326 0.729709208011627 0.879836529493332 0.844101697206497 0.82021689414978 0.60872420668602 0.800090372562408 0.717818111181259 0.354021184146404 0.231947761029005 0.419247508049011
-9999 -9999 -9999 -9999 -9999 -9999 -9999 -9999 -9999 -9999 -9999 -9999 -9999 -9999 0.216175146400928 0.240326955914497 0.240326955914497 0.228045679628849 0.250451825559139 0.240326955914497 0.240326955914497 0.0357348211109638 0.204263530671597 0.250451825559139 0.250451825559139 0.226094640791416 0.238170549273491 0.250451825559139 0.228045679628849 0.250451825559139 0.260145410895348 0.382300987839699 0.517805814743042 0.61917769908905 0.547975033521652 0.260145410895348 0.250451825559139 0.130288347601891 0.198205046355724 0.179002717137337 0.16939128190279 0.10685533285141 0.155200034379959 0.127988171763718 0.118643720634282 0.397847697138786 0.496364921331406 0.794771194458008 0.563254743814468 0.62537993490696 0.840692520141602 0.65604205429554 0.743571817874908 0.555142536759377 0.775507271289825 0.855828464031219 0.624948650598526 0.654542833566666 0.659697711467743 0.803971886634827 0.231947761029005 0.335866250097752 0.2891850695014
-9999 -9999 -9999 -9999 -9999 -9999 -9999 -9999 -9999 -9999 -9999 -9999 -9999 -9999 0.216175146400928 0.240326955914497 0.240326955914497 0.250451825559139 0.240326955914497 0.215949229896069 0.142179418355227 0.132075085304677 0.120163477957249 0.19233138859272 0.250451825559139 0.238170549273491 0.178366061300039 0.260145410895348 0.260145410895348 0.250451825559139 0.250451825559139 0.250451825559139 0.250451825559139 0.260145410895348 0.214121423661709 0.240326955914497 0.177955314517021 0.178920563310385 0.169226985424757 0.15988253057003 0.289369910955429 0.242565512657166 0.114988092333078 0.0101248668506742 0.199437286704779 0.496056839823723 0.736548095941544 0.470015615224838 0.341452389955521 0.732050448656082 0.734617590904236 0.74379774928093 0.807750761508942 0.786207169294357 0.447034403681755 0.879836529493332 0.841123789548874 0.58757084608078 0.660560250282288 0.605664178729057 0.130288347601891 0.34654562920332 0.308202564716339
-9999 -9999 -9999 -9999 -9999 -9999 -9999 -9999 -9999 -9999 -9999 -9999 -9999 -9999 0.2038938626647 0.240326955914497 0.250451825559139 0.250451825559139 0.250451825559139 0.154255323112011 0.240326955914497 0.120163477957249 0.132054548710585 0.204366222023964 0.180255480110645 0.216134071350098 0.144150990992785 0.1441715285182 0.240326955914497 0.240326955914497 0.240326955914497 0.240326955914497 0.216298371553421 0.168056353926659 0.228251047432423 0.166187468916178 0.187854271382093 0.169226985424757 0.15010679885745 0.217222541570663 0.301117219030857 0.147252112627029 0.0958884432911873 0.11829458642751 0.266717322170734 0.454735890030861 0.459397837519646 0.539616361260414 0.442762657999992 0.724369525909424 0.607635766267776 0.832190096378326 0.822825103998184 0.807997226715088 0.528608381748199 0.737739264965057 0.879836529493332 0.652571260929108 0.633389472961426 0.4176866710186 0.139981932006776 0.2891850695014 0.34654562920332
-9999 -9999 -9999 -9999 -9999 -9999 -9999 -9999 -9999 -9999 -9999 -9999 -9999 -9999 0.216175146400928 0.250451825559139 0.250451825559139 0.260145410895348 0.250451825559139 0.190544653683901 0.168693009763956 0.144520662724972 0.168610859662294 0.156514417380095 0.156329579651356 0.132157232612371 0.0959500558674335 0.156165283173323 0.143740244209766 0.179783128201962 0.240326955914497 0.16787151992321 0.084100054576993 0.0840384438633919 0.141912426799536 0.223794467747211 0.152098912745714 0.292162988334894 0.27035241574049 0.217222541570663 0.15010679885745 0.0838536098599434 0.152057837694883 0.29941264539957 0.16760453954339 0.139961387962103 0.209582678973675 0.538137689232826 0.834572434425354 0.454818025231361 0.360038608312607 0.445822730660439 0.664298057556152 0.744249552488327 0.793313086032867 0.354021184146404 0.879836529493332 0.879836529493332 0.468865513801575 0.619917035102844 0.154316935688257 0.595642000436783 0.337611936032772
-9999 -9999 -9999 -9999 -9999 -9999 -9999 -9999 -9999 -9999 -9999 -9999 -9999 -9999 0.250451825559139 -9999 -9999 -9999 -9999 -9999 0.250451825559139 0.216134071350098 0.156432271003723 0.144150990992785 0.240326955914497 0.250451825559139 0.250451825559139 0.215969771146774 0.1441715285182 0.14439744129777 0.250451825559139 0.250451825559139 0.228251047432423 0.144007230177522 0.141912426799536 0.202127665281296 0.139981932006776 0.270270273089409 0.308202564716339 0.139981932006776 0.1078822016716 0.130288347601891 0.27035241574049 0.308202564716339 0.241723492741585 0.280045997351408 0.317690797150135 0.299063503742218 0.289369910955429 0.15988253057003 0.27035241574049 0.438162311911583 0.543826505541801 0.582374915480614 0.335866250097752 0.157828799448907 0.87047153711319 0.879836529493332 0.680584073066711 0.772015929222107 0.238170549273491 0.762199133634567 0.605006992816925
-9999 -9999 -9999 -9999 -9999 -9999 -9999 -9999 -9999 -9999 -9999 -9999 -9999 -9999 -9999 -9999 -9999 -9999 -9999 -9999 0.250451825559139 0.260145410895348 0.250451825559139 0.250451825559139 0.299248337745667 0.451162412762642 0.43670417368412 0.269941672682762 0.250451825559139 0.250451825559139 0.238170549273491 0.260145410895348 0.238375917077065 0.240326955914497 0.167809907346964 0.15394726395607 0.139981932006776 0.177318658679724 0.231947761029005 0.157828799448907 0.308202564716339 0.457857564091682 0.308202564716339 0.438798978924751 0.60163888335228 0.736260563135147 0.65965661406517 0.280046008527279 0.139981932006776 0.280046008527279 0.419247508049011 0.727840304374695 0.26084366440773 0.391727581620216 0.27035241574049 0.130288347601891 0.679618835449219 0.879836529493332 0.829314887523651 0.606588333845139 0.250451825559139 0.691900104284286 0.662572890520096
-9999 -9999 -9999 -9999 -9999 -9999 -9999 -9999 -9999 -9999 -9999 -9999 -9999 -9999 -9999 -9999 -9999 -9999 -9999 -9999 -9999 -9999 0.270270273089409 0.548385784029961 0.713464230298996 0.689312428236008 0.51513597369194 0.260145410895348 0.247864127159119 0.247864127159119 0.214121423661709 0.211718559265137 0.250451825559139 0.250451825559139 0.107882196083665 0.143822394311428 0.151893539354205 0.139981932006776 0.139981932006776 0.402057841420174 0.585044771432877 0.546311512589455 0.304444268345833 0.468865513801575 0.2891850695014 0.148997775278986 0.139981932006776 0.139981932006776 0.213607978075743 0.516717314720154 0.594594597816467 0.74763822555542 0.176127499900758 0.222829218953848 0.280046008527279 0.25106793269515 0.368561558425426 0.853897958993912 0.84890741109848 0.699293524026871 0.250451825559139 0.704017102718353 0.450648978352547
-9999 -9999 -9999 -9999 -9999 -9999 -9999 -9999 -9999 -9999 -9999 -9999 -9999 -9999 -9999 -9999 -9999 -9999 -9999 -9999 -9999 -9999 -9999 -9999 0.260145410895348 0.365275606513023 0.461759641766548 0.260145410895348 0.260145410895348 0.260145410895348 0.269510388374329 0.247864127159119 0.177996382117271 0.226094640791416 0.15394726395607 0.047790190204978 0.143822394311428 0.15394726395607 0.366466775536537 0.556682825088501 0.430974274873734 0.342397108674049 0.374106645584106 0.342417649924755 0.187833733856678 0.130288347601891 0.130288347601891 0.130288347601891 0.142199954949319 0.327877253293991 0.624332517385483 0.7500821352005 0.205680601298809 0.142199954949319 0.25106793269515 0.479236826300621 0.181343965232372 0.869650036096573 0.905898302793503 0.886654883623123 0.214265175163746 0.65912264585495 0.432227060198784
-9999 -9999 -9999 -9999 -9999 -9999 -9999 -9999 -9999 -9999 -9999 -9999 -9999 -9999 -9999 -9999 -9999 -9999 -9999 -9999 -9999 -9999 -9999 -9999 -9999 -9999 0.240326955914497 0.260145410895348 0.324693992733955 0.38108928501606 0.368479430675507 0.221535358577967 0.187998034060001 0.214408941566944 0.250451825559139 0.144233141094446 0.132157236337662 0.226176790893078 0.390782877802849 0.269161254167557 0.260145410895348 0.260145410895348 0.247864127159119 0.247864127159119 0.352891638875008 0.398258462548256 0.309886626899242 0.190113369375467 0.191756345331669 0.682761043310165 0.905898302793503 0.247864127159119 0.214100882411003 0.21188285946846 0.45366795361042 0.55298613011837 0.211903400719166 0.905898302793503 0.891152560710907 0.9688860476017 0.214799143373966 0.43992854654789 0.297112464904785
-9999 -9999 -9999 -9999 -9999 -9999 -9999 -9999 -9999 -9999 -9999 -9999 -9999 -9999 -9999 -9999 -9999 -9999 -9999 -9999 -9999 -9999 -9999 -9999 -9999 -9999 -9999 0.238478608429432 0.371231406927109 0.342910535633564 0.347716256976128 0.299042951315641 0.221535358577967 0.250451825559139 0.250451825559139 0.250451825559139 0.250451825559139 0.154029406607151 0.260145410895348 0.189928524196148 0.21420356631279 0.166187468916178 0.144007230177522 0.226094640791416 0.260145410895348 0.55432103574276 0.615583688020706 0.354473017156124 0.260145410895348 1 0.520331874489784 0.391419529914856 0.247864127159119 0.362585231661797 0.427318662405014 0.905898302793503 0.625010281801224 0.755812019109726 0.867822229862213 0.896204710006714 0.238170549273491 0.289390459656715 0.250451825559139
-9999 -9999 -9999 -9999 -9999 -9999 -9999 -9999 -9999 -9999 -9999 -9999 -9999 -9999 -9999 -9999 -9999 -9999 -9999 -9999 -9999 -9999 -9999 -9999 -9999 -9999 -9999 -9999 0.250451825559139 0.301096674054861 0.385915547609329 0.342212282121181 0.235870376229286 0.120163477957249 0.226402699947357 0.250451825559139 0.223815001547337 0.255195930600166 0.117904376238585 0.178057998418808 0.260145410895348 0.226197324693203 0.167892057448626 0.167809907346964 0.178057998418808 0.154029406607151 0.280066534876823 0.858251869678497 0.87716668844223 1 0.382300987839699 0.279265597462654 0.236055210232735 0.248151652514935 0.318799793720245 0.553643301129341 0.664031028747559 0.664031028747559 0.915304362773895 0.614187151193619 0.250451825559139 0.260145410895348 0.260145410895348
-9999 -9999 -9999 -9999 -9999 -9999 -9999 -9999 -9999 -9999 -9999 -9999 -9999 -9999 -9999 -9999 -9999 -9999 -9999 -9999 -9999 -9999 -9999 -9999 -9999 -9999 -9999 -9999 -9999 0.322866186499596 0.339439749717712 0.238170549273491 0.238375917077065 0.236096285283566 0.269510388374329 0.260145410895348 0.187443517148495 0.289390459656715 0.226197324693203 0.238478608429432 0.228045679628849 0.226197324693203 0.214450009167194 0.190051756799221 0.226197324693203 0.202456250786781 0.190174974501133 0.373161911964417 0.744988918304443 0.773638367652893 0.260145410895348 0.280066534876823 0.226176783442497 0.270270273089409 0.289390459656715 0.569354295730591 0.569354295730591 0.811509072780609 0.86761686205864 0.24817218631506 0.289390459656715 0.260145410895348 0.279265597462654
-9999 -9999 -9999 -9999 -9999 -9999 -9999 -9999 -9999 -9999 -9999 -9999 -9999 -9999 -9999 -9999 -9999 -9999 -9999 -9999 -9999 -9999 -9999 -9999 -9999 -9999 -9999 -9999 -9999 -9999 0.202456258237362 0.226176790893078 0.182576190680265 0.249794621020555 0.260145410895348 0.260145410895348 0.211821250617504 0.289390459656715 0.270270273089409 0.250451825559139 0.240326955914497 0.120163477957249 0.120163477957249 0.1441715285182 0.192002795636654 0.190051756799221 0.260145410895348 0.308941915631294 0.651297956705093 0.403885647654533 0.260145410895348 0.470077201724052 0.456009209156036 0.514889508485794 0.289390459656715 0.337673544883728 0.394520670175552 0.289390459656715 0.289390459656715 0.250451825559139 0.299084037542343 0.299084037542343 0.279265597462654
-9999 -9999 -9999 -9999 -9999 -9999 -9999 -9999 -9999 -9999 -9999 -9999 -9999 -9999 -9999 -9999 -9999 -9999 -9999 -9999 -9999 -9999 -9999 -9999 -9999 -9999 -9999 -9999 -9999 -9999 0.187464065849781 0.46473753452301 0.338392339646816 0.330773025751114 0.260145410895348 0.260145410895348 0.269941672682762 0.270270273089409 0.270270273089409 0.250451825559139 0.240326955914497 0.202127657830715 0.120163477957249 0.238170549273491 0.250451825559139 0.202456258237362 0.247864127159119 0.260145410895348 0.269941672682762 0.299084037542343 0.269941672682762 0.578000500798225 0.596730470657349 0.33806374669075 0.269941672682762 0.33806374669075 0.299084037542343 0.260145410895348 0.238170549273491 0.21420356631279 0.238170549273491 0.269941672682762 0.260145410895348
-9999 -9999 -9999 -9999 -9999 -9999 -9999 -9999 -9999 -9999 -9999 -9999 -9999 -9999 -9999 -9999 -9999 -9999 -9999 -9999 -9999 -9999 -9999 -9999 -9999 -9999 -9999 -9999 0.1078822016716 0.320812441408634 0.691448301076889 0.290150329470634 0.33989155292511 0.390782877802849 0.260145410895348 0.247864127159119 0.260145410895348 0.260145410895348 0.308941915631294 0.21420356631279 0.240326955914497 0.260145410895348 0.238170549273491 0.260145410895348 0.260145410895348 0.226197324693203 0.156206358224154 0.130288347601891 0.260145410895348 0.299084037542343 0.406124219298363 0.445658430457115 0.606095463037491 0.679167002439499 0.548036634922028 0.31645855307579 0.260145410895348 0.214285716414452 0.17814015224576 0.120163477957249 0.120163477957249 0.166413377970457 0.238170549273491
-9999 -9999 -9999 -9999 -9999 -9999 -9999 -9999 -9999 -9999 -9999 -9999 -9999 -9999 -9999 -9999 -9999 -9999 -9999 -9999 -9999 -9999 -9999 -9999 -9999 -9999 -9999 -9999 0.258954249322414 0.660128980875015 0.716647505760193 0.458679050207138 0.199765868484974 0.503491342067719 0.492031559348106 0.332107946276665 0.280066534876823 0.279265597462654 0.279265597462654 0.192002795636654 0.250451825559139 0.238170549273491 0.154255323112011 0.238170549273491 0.260145410895348 0.202291965484619 -9999 0.166392840445042 0.250451825559139 0.190750025212765 0.190750025212765 0.250451825559139 0.154481234028935 0.202291965484619 0.166372302919626 0.142405327409506 0.118212439119816 0.120163477957249 0.168323341757059 0.120163477957249 0.120163477957249 0.120163477957249 0.18023494631052
-9999 -9999 -9999 -9999 -9999 -9999 -9999 -9999 -9999 -9999 -9999 -9999 -9999 -9999 -9999 -9999 -9999 -9999 -9999 -9999 -9999 -9999 -9999 -9999 -9999 -9999 -9999 -9999 0.327610269188881 0.750123202800751 0.636572748422623 0.636572748422623 0.235788226127625 0.260145410895348 0.484617605805397 0.440606266260147 0.260145410895348 0.260145410895348 0.260145410895348 0.166331227868795 0.238170549273491 0.130288347601891 0.166331227868795 0.260145410895348 0.202517874538898 -9999 -9999 -9999 0.240326955914497 0.215949229896069 0.215949229896069 0.240326955914497 0.240326955914497 0.240326955914497 0.168056353926659 0.179906353354454 0.178468745201826 0.203955478966236 0.120163477957249 0.168159041553736 0.168159041553736 0.168159041553736 0.18023494631052
-9999 -9999 -9999 -9999 -9999 -9999 -9999 -9999 -9999 -9999 -9999 -9999 -9999 -9999 -9999 -9999 -9999 -9999 -9999 -9999 -9999 -9999 -9999 -9999 -9999 -9999 -9999 -9999 0.260145410895348 0.636572748422623 0.468064576387405 0.608662635087967 0.501971587538719 0.226094640791416 0.506304949522018 0.467160940170288 0.280066534876823 0.260145410895348 0.260145410895348 0.166331227868795 0.130288347601891 0.178448211401701 -9999 -9999 -9999 0.215949229896069 0.250451825559139 0.250451825559139 0.240326955914497 0.250451825559139 0.240326955914497 0.215969771146774 0.2038938626647 0.2038938626647 0.155918836593628 0.240326955914497 0.20416084676981 0.20416084676981 0.192084938287735 0.216236755251884 0.216236755251884 0.216236755251884 0.216236755251884
-9999 -9999 -9999 -9999 -9999 -9999 -9999 -9999 -9999 -9999 -9999 -9999 -9999 -9999 -9999 -9999 -9999 -9999 -9999 -9999 -9999 -9999 -9999 -9999 -9999 -9999 -9999 -9999 0.313644960522652 0.468064576387405 0.634210973978043 0.299248337745667 0.506304949522018 0.214121423661709 0.302657514810562 0.367719545960426 0.270270273089409 0.375564768910408 0.250451825559139 0.154255323112011 -9999 0.250451825559139 -9999 0.250451825559139 0.240326955914497 0.228230513632298 0.215949229896069 0.240326955914497 0.240326955914497 0.240326955914497 0.240326955914497 0.2038938626647 0.179885815829039 0.120163477957249 0 0.108190260827541 0.2038938626647 0.2038938626647 0.192084945738316 0.167892053723335 0.191879570484161 0.192084945738316 0.179885812103748
-9999 -9999 -9999 -9999 -9999 -9999 -9999 -9999 -9999 -9999 -9999 -9999 -9999 -9999 -9999 -9999 -9999 -9999 -9999 -9999 -9999 -9999 -9999 -9999 -9999 -9999 -9999 0.362728983163834 0.23584983497858 0.58539392054081 0.648504912853241 0.260145410895348 0.499897316098213 0.296701714396477 0.250451825559139 0.309106230735779 0.270270273089409 0.50776307284832 0.260145410895348 -9999 -9999 0.250451825559139 0.240326955914497 0.240326955914497 0.228251047432423 0.228251047432423 0.228251047432423 0.228251047432423 0.216175146400928 0.216175146400928 0.240326955914497 0.2038938626647 0.120163477957249 0.108251869678497 0.0241107363253832 0.120163477957249 0.167892057448626 0.2038938626647 0.2038938626647 0.2038938626647 0.156144749373198 0.216339439153671 0.167892057448626
-9999 -9999 -9999 -9999 -9999 -9999 -9999 -9999 -9999 -9999 -9999 -9999 -9999 -9999 -9999 -9999 -9999 -9999 -9999 -9999 -9999 -9999 -9999 -9999 -9999 -9999 0.260145410895348 0.476156249642372 0.275055453181267 0.732707649469376 0.563953027129173 0.260145410895348 0.427975833415985 0.419535025954247 0.260145410895348 0.397457495331764 0.338392347097397 0.473178341984749 0.328534469008446 0.250451825559139 0.250451825559139 0.240326955914497 0.240326955914497 0.228251047432423 0.215969771146774 0.240326955914497 0.240326955914497 0.240326955914497 0.192105479538441 0.228251047432423 0.215969771146774 0.120163477957249 0.0480777136981487 0.0241107363253832 0.0241107363253832 0.120163477957249 0.120163477957249 0.120163477957249 0.156144749373198 0.156144749373198 0.2038938626647 0.240326955914497 0.216175146400928
-9999 -9999 -9999 -9999 -9999 -9999 -9999 -9999 -9999 -9999 -9999 -9999 -9999 -9999 -9999 -9999 -9999 -9999 -9999 -9999 -9999 -9999 -9999 -9999 -9999 0.289390459656715 0.341349706053734 0.440503567457199 0.260145410895348 0.471843421459198 0.4220200330019 0.260145410895348 0.431610941886902 0.39523945748806 0.270270273089409 0.270270273089409 0.358108103275299 0.495358601212502 0.455536842346191 0.250451825559139 0.240326955914497 0.240326955914497 0.240326955914497 0.228045679628849 0.215969771146774 0.144376901909709 0.15626797452569 0.179926887154579 0.132280457764864 0.120163477957249 0.108251869678497 0.0241107363253832 0.0241107363253832 0.0241107363253832 0.0121169798076153 0.0241107363253832 0.120163477957249 0.120163477957249 0.108067035675049 0.108067035675049 0.215969771146774 0.228251047432423 0.228251047432423
-9999 -9999 -9999 -9999 -9999 -9999 -9999 -9999 -9999 -9999 -9999 -9999 -9999 -9999 -9999 -9999 -9999 -9999 -9999 -9999 -9999 -9999 -9999 -9999 -9999 0.260145410895348 0.348065391182899 0.36533722281456 0.260145410895348 0.308941915631294 0.451716914772987 0.250451825559139 0.43612913787365 0.31869712471962 0.260145410895348 0.260145410895348 0.495358601212502 0.542306765913963 0.318491742014885 0.250451825559139 0.216175146400928 0.240326955914497 0.2038938626647 0.179926887154579 0.215969771146774 0.167830444872379 0.0722706019878387 0.0960938110947609 0.0360018089413643 0.0360018089413643 0.0241107363253832 0.0241107363253832 0.0241107363253832 0.0121169798076153 0.0121169798076153 0.0121169798076153 0 0.108067035675049 0.167892057448626 0.240326955914497 0.240326955914497 0.240326955914497 0.2038938626647
-9999 -9999 -9999 -9999 -9999 -9999 -9999 -9999 -9999 -9999 -9999 -9999 -9999 -9999 -9999 -9999 -9999 -9999 -9999 -9999 -9999 -9999 -9999 -9999 0.485459625720978 0.338228046894073 0.358108103275299 0.422410264611244 0.260145410895348 0.260145410895348 0.328534469008446 0.289123475551605 0.260145410895348 0.299248337745667 0.250451825559139 0.250451825559139 0.475437432527542 0.288959175348282 0.250451825559139 0.250451825559139 0.240326955914497 0.2038938626647 0.191920645534992 0.215969771146774 0.2038938626647 0.0843465030193329 0.0360018089413643 0 0 0 0 0 0 0.0121169798076153 0.0121169798076153 0.108067035675049 0.0241107363253832 0.120163477957249 0.240326955914497 0.204078704118729 0.240326955914497 0.168487638235092 0
