data-raw/DATASET_PNE_1/DATASET_PNE/a_DATA/PFGS/ENVSUIT_A1B/HS_f30_H8_notgraz.asc
NCOLS 619 
NROWS 782 
XLLCORNER 876826 
YLLCORNER 1947424 
CELLSIZE 100 
NODATA_value -9999 
[rows 493 to 521 of 782, columns 448 to 511 of 619]
1 1 1 1 1 1 1 1 -9999 1 1 1 1 1 1 1 1 1 1 1 1 1 1 1 1 0.978746579527643 0.978746579527643 0.957413458728514 0.9149066177838 0.851412024122632 0.788023697563827 0.788023697563827 0.748226667729338 0.271937514943811 0.550091655375787 0.369862649770197 0.0771499163146569 0.0771499163146569 0.0381498897478813 0.0381498897478813 0.0188092771180362 0.0381498897478813 0.0381498897478813 0.0188092771180362 0.0769108153343429 0.0964108286177307 0.115618607369624 0.687840386812253 0.788023697563827 0.830503971732951 0.851837092532079 1 0.894264233150023 0.979012247283547 1 1 1 1 1 1 1 1 0.95775882681119 1
0.957732260035599 0.978746579527643 1 1 1 1 1 1 -9999 -9999 1 1 1 1 1 1 1 1 1 1 1 1 1 0.957599426157647 0.93634600568529 0.957599426157647 1 1 0.957599426157647 0.893865731516166 0.788023697563827 0.788023697563827 0.748226667729338 0.707818602056268 0.550091655375787 0.330464121569565 0.0771499163146569 0.0771499163146569 0.0381498897478813 0.0381498897478813 0.0188092771180362 0.0188092771180362 0.0188092771180362 0.0188092771180362 0.0769108153343429 0.0964108286177307 0.350150102282086 0.667809038017056 0.767806381339497 0.788023697563827 0.830503971732951 0.936452272787652 0.851704258654127 0.957997927791504 0.979012247283547 1 1 1 1 1 1 1 1 1
0.93634600568529 1 0.978746579527643 1 1 1 1 -9999 -9999 -9999 -9999 1 1 1 1 1 1 1 1 1 1 1 1 1 1 1 0.978852846630004 0.957493159055285 0.830132036874685 0.788023697563827 0.788023697563827 0.788023697563827 0.728035918280598 0.729204856406578 0.550091655375787 0.291915730187827 0.0964108286177307 0.0771499163146569 0.0381498897478813 0.0381498897478813 0.0188092771180362 0.0188092771180362 0.0188092771180362 0.0381498897478813 0.0769108153343429 0.0964108286177307 0.408782976010202 0.667809038017056 0.76799234876863 0.831460375654207 1 1 1 0.936903907972689 0.979012247283547 1 1 1 1 1 1 1 1 1
1 0.957732260035599 1 1 1 1 1 1 -9999 -9999 -9999 1 0.979012247283547 1 1 1 1 1 1 1 1 1 1 1 1 0.978852846630004 1 0.872452910390266 0.809011450280279 0.788023697563827 0.788023697563827 0.788023697563827 0.728035918280598 0.730453494859329 0.408729842459021 0.232831221274674 0.0964108286177307 0.0771499163146569 0.0381498897478813 0.0381498897478813 0.0188092771180362 0 0.0188092771180362 0.0574108020509551 0.0964108286177307 0.115618607369624 0.448048670332882 0.648229324406897 0.788023697563827 0.788023697563827 0.936160038256157 1 1 0.936850774421509 0.979012247283547 1 1 1 1 1 1 1 0.957891660689142 1
1 0.93634600568529 0.978746579527643 1 1 1 1 1 -9999 -9999 -9999 -9999 0.979012247283547 1 1 1 1 1 1 1 1 1 1 1 1 0.978852846630004 0.93634600568529 0.893653197311442 0.788023697563827 0.788023697563827 0.788023697563827 0.769214420445791 0.792221248107117 0.487420631757924 0.350150102282086 0.115618607369624 0.0964108286177307 0.0771499163146569 0.0576499030312691 0.0381498897478813 0.0188092771180362 0.0188092771180362 0.0574108020509551 0.0769108153343429 0.0964108286177307 0.115618607369624 0.527111394490051 0.648229324406897 0.809011450280279 0.788023697563827 0.893892298291756 1 1 0.894290799925613 1 1 1 1 1 1 1 1 1 1
1 0.957599426157647 1 1 1 1 1 1 1 -9999 -9999 -9999 1 1 1 1 1 1 1 1 1 1 1 1 1 0.914986318110571 0.830105470099094 0.85125262346909 0.830344571079408 0.854174968784039 0.811083658776334 0.748226667729338 0.607688424855875 0.428654924151856 0.331314258388459 0.115618607369624 0.0771499163146569 0.0771499163146569 0.0576499030312691 0.0381498897478813 0.0188092771180362 0.0188092771180362 0.0769108153343429 0.0964108286177307 0.174331181424511 0.195292367365373 0.547036476182886 0.687840386812253 0.809011450280279 0.788023697563827 0.809117717382641 0.894211099598842 1 0.872904545575304 1 1 1 1 1 1 1 1 0.978985680507957 1
1 0.978746579527643 1 1 1 1 0.979012247283547 0.979012247283547 0.979012247283547 -9999 -9999 -9999 0.978852846630004 1 1 1 1 1 1 1 1 1 1 1 1 0.978746579527643 0.788023697563827 0.830371137854999 0.809011450280279 0.768709651709572 0.749422172630908 0.688717090406737 0.311840811880662 0.154538933609628 0.115618607369624 0.115618607369624 0.0771499163146569 0.0771499163146569 0.0381498897478813 0.0188092771180362 0.0381498897478813 0.100103610424803 0.0769108153343429 0.0964108286177307 0.2908796259398 0.547727212348237 0.628516776918785 0.788023697563827 0.809011450280279 0.809277118036184 0.830503971732951 0.915358252968837 1 1 1 1 1 1 1 1 1 1 1 -9999
1 1 1 1 1 1 0.979012247283547 0.979012247283547 1 0.979012247283547 0.979012247283547 0.979012247283547 0.979012247283547 1 1 1 1 1 1 1 1 1 1 1 0.978852846630004 0.914986318110571 0.788023697563827 0.830371137854999 0.832390212799873 0.749422172630908 0.668685741611541 0.410430116096809 0.254695677585611 0.154538933609628 0.115618607369624 0.115618607369624 0.0771499163146569 0.0771499163146569 0.0790095906059882 0.0381498897478813 0.0787439228500837 0.0769108153343429 0.0964108286177307 0.193645227278765 0.510161791663346 0.547036476182886 0.668340373528865 0.788023697563827 0.788023697563827 0.872745144921761 1 1 0.830610238835313 1 1 1 1 1 1 1 1 -9999 -9999 -9999
1 1 1 1 1 1 1 0.979012247283547 1 0.979012247283547 1 1 1 1 1 1 1 1 1 1 1 0.957599426157647 0.936266305358519 0.851119789591137 0.830025769772323 0.978746579527643 0.809170850933822 0.873010812677665 0.789697404426025 0.728035918280598 0.68887649106028 0.410430116096809 0.2349831300975 0.154538933609628 0.135304588082144 0.115618607369624 0.115618607369624 0.0964108286177307 0.0964108286177307 0.0769108153343429 0.163731037963922 0.0964108286177307 0.0771499163146569 0.369862649770197 0.609043330410988 0.648627826040753 0.76799234876863 0.788023697563827 0.872745144921761 0.957519725830876 1 1 0.894290799925613 1 1 -9999 1 -9999 -9999 1 1 -9999 -9999 -9999
1 1 1 1 1 1 1 1 1 1 1 1 1 1 1 1 1 1 1 1 0.957599426157647 0.957599426157647 0.936266305358519 0.809011450280279 0.809011450280279 0.872904545575304 0.851491724449404 0.809011450280279 0.768709651709572 0.688424855875242 0.628649610796738 0.390558167955155 0.175021917589862 0.154538933609628 0.154538933609628 0.115618607369624 0.369862649770197 0.291304694349247 0.15464520071199 0.0964108286177307 0.116096809330252 0.194043728912622 0.369862649770197 0.547036476182886 0.687920087139024 0.76799234876863 0.788023697563827 0.788023697563827 1 0.978852846630004 1 1 1 0.979012247283547 0.957997927791504 -9999 -9999 -9999 -9999 1 1 -9999 -9999 -9999
1 1 1 1 1 1 1 1 1 1 1 1 1 1 1 1 1 1 1 1 0.93634600568529 1 0.893653197311442 0.9149066177838 0.936266305358519 0.872851412024123 0.788023697563827 0.809011450280279 0.728646954119179 0.728646954119179 0.668685741611541 0.629287213410908 0.609069897186578 0.609069897186578 0.753380622193884 0.668499774182407 0.609946600781063 0.509258521293271 0.389017294970909 0.369862649770197 0.370208017852873 0.469488058234372 0.507664514757844 0.587258574426822 0.76799234876863 0.788023697563827 0.788023697563827 0.830105470099094 1 1 1 1 1 1 0.957997927791504 -9999 -9999 -9999 -9999 1 -9999 -9999 0.979012247283547 1
1 1 1 1 1 1 1 1 1 1 1 1 1 1 1 1 1 1 0.93634600568529 0.93634600568529 1 1 0.957413458728514 0.936266305358519 0.87266544459499 0.809011450280279 0.788023697563827 0.748226667729338 0.708615605323982 0.68887649106028 0.68887649106028 0.68887649106028 0.749422172630908 0.667304269280837 0.667304269280837 0.647724555670678 0.627507239446348 0.627507239446348 0.607688424855875 0.547036476182886 0.527111394490051 0.547036476182886 0.648627826040753 0.76799234876863 0.788023697563827 0.788023697563827 0.788023697563827 0.851491724449404 1 1 1 1 1 1 0.979012247283547 -9999 -9999 -9999 -9999 1 -9999 -9999 0.979012247283547 0.979012247283547
1 1 1 1 1 1 1 1 1 1 1 1 1 1 1 1 1 0.978746579527643 1 1 1 0.957413458728514 0.809011450280279 0.809011450280279 0.788023697563827 0.788023697563827 0.767540713583592 0.708615605323982 0.708615605323982 0.587657076060679 0.587657076060679 0.748226667729338 0.748226667729338 0.729098589304216 0.748412635158471 0.748412635158471 0.76799234876863 0.788023697563827 0.749129938099413 0.708881273079886 0.688690523631147 0.788023697563827 0.788023697563827 0.788023697563827 0.788023697563827 0.788023697563827 0.872745144921761 0.978746579527643 0.830105470099094 1 1 1 1 1 1 0.979012247283547 -9999 -9999 -9999 -9999 -9999 0.979012247283547 0.979012247283547 0.915703621051513
1 1 1 0.979012247283547 0.979012247283547 1 1 1 1 1 1 1 1 1 1 1 1 1 1 1 1 0.893865731516166 0.830025769772323 0.809011450280279 0.788023697563827 0.788023697563827 0.767540713583592 0.749129938099413 0.749129938099413 0.832443346351053 0.811083658776334 0.788023697563827 0.788023697563827 0.788023697563827 0.788023697563827 0.788023697563827 0.788023697563827 0.788023697563827 0.788023697563827 0.788023697563827 0.788023697563827 0.788023697563827 0.788023697563827 0.788023697563827 0.893759464413804 0.830105470099094 0.851491724449404 1 0.851358890571451 0.978746579527643 1 1 1 1 1 1 0.979012247283547 -9999 -9999 -9999 -9999 0.979012247283547 0.979012247283547 0.979012247283547
1 0.978985680507957 1 0.979012247283547 1 1 1 1 1 1 1 -9999 1 1 1 1 1 1 1 1 1 0.957599426157647 0.809011450280279 0.809011450280279 0.788023697563827 0.788023697563827 0.788023697563827 0.749129938099413 0.832177678595149 0.830397704630589 0.830397704630589 0.788023697563827 0.788023697563827 0.788023697563827 0.788023697563827 0.830025769772323 0.851119789591137 0.851119789591137 0.830105470099094 0.809011450280279 0.788023697563827 0.788023697563827 0.788023697563827 0.872745144921761 0.851491724449404 0.830105470099094 1 0.830105470099094 0.978852846630004 1 -9999 -9999 1 1 1 1 1 1 1 0.979012247283547 0.915703621051513 0.979012247283547 0.979012247283547 0.979012247283547
0.978852846630004 1 1 0.979012247283547 0.979012247283547 0.978852846630004 1 1 1 1 -9999 -9999 -9999 1 1 1 1 1 0.957493159055285 1 0.915198852315295 0.893865731516166 0.830025769772323 0.809011450280279 0.788023697563827 0.788023697563827 0.788023697563827 0.788023697563827 0.788023697563827 0.788023697563827 0.788023697563827 0.788023697563827 0.809011450280279 0.809011450280279 0.830025769772323 0.957413458728514 0.978746579527643 0.978746579527643 0.851119789591137 0.830105470099094 0.788023697563827 0.809011450280279 0.957413458728514 0.851358890571451 0.830105470099094 0.788023697563827 0.978852846630004 1 1 0.978746579527643 -9999 -9999 -9999 1 1 1 1 0.979012247283547 0.957865093913552 0.979012247283547 0.979012247283547 0.979012247283547 0.979012247283547 0.979012247283547
0.978746579527643 1 0.978985680507957 1 1 0.979012247283547 1 1 1 1 -9999 -9999 -9999 1 1 1 1 1 1 0.93634600568529 0.915198852315295 0.915012884886161 0.809011450280279 0.809011450280279 0.788023697563827 0.788023697563827 0.851757392205308 0.788023697563827 0.788023697563827 0.788023697563827 0.809011450280279 0.830025769772323 0.830025769772323 0.830025769772323 0.957599426157647 0.936452272787652 0.936266305358519 0.915119151988523 0.936266305358519 0.936266305358519 0.872479477165856 0.957413458728514 0.957413458728514 0.915119151988523 0.851358890571451 0.978852846630004 0.978852846630004 1 1 1 1 -9999 -9999 1 1 1 1 0.979012247283547 0.979012247283547 0.979012247283547 0.979012247283547 0.979012247283547 0.979012247283547 0.979012247283547
0.93634600568529 1 0.978985680507957 1 1 0.979012247283547 1 1 1 1 1 1 1 1 1 1 1 1 0.93634600568529 1 1 0.915012884886161 0.830025769772323 0.830025769772323 0.936053771153795 0.87266544459499 0.893706330862623 0.851412024122632 0.788023697563827 0.809011450280279 0.830025769772323 0.830025769772323 1 0.915119151988523 0.93634600568529 1 1 0.936452272787652 0.915198852315295 0.915198852315295 0.936266305358519 0.936266305358519 0.957413458728514 0.957493159055285 0.978746579527643 0.851358890571451 0.872373210063495 1 1 1 1 1 1 1 1 0.979012247283547 0.979012247283547 0.979012247283547 1 0.979012247283547 0.979012247283547 0.979012247283547 0.979012247283547 1
0.830025769772323 0.93634600568529 0.936585106665604 1 1 1 1 0.957865093913552 1 1 1 1 1 1 1 1 1 1 1 0.893812597964985 0.915012884886161 0.957599426157647 0.957599426157647 0.957519725830876 0.936266305358519 0.936266305358519 0.9149066177838 0.809011450280279 0.809011450280279 0.809011450280279 0.851385457347042 0.851119789591137 1 0.957599426157647 0.978985680507957 0.936744507319147 1 1 1 1 0.915198852315295 0.915198852315295 0.893812597964985 0.915198852315295 1 0.915119151988523 0.872373210063495 1 1 1 0.957652559708828 1 1 0.979012247283547 0.979012247283547 0.979012247283547 0.979012247283547 0.979012247283547 0.979012247283547 0.936744507319147 1 1 0.915384819744428 0.979012247283547
0.809011450280279 0.830158603650275 0.915331686193247 0.957838527137961 1 1 1 1 1 1 1 1 1 1 1 1 1 1 1 0.93634600568529 0.915012884886161 1 1 0.809011450280279 0.809011450280279 0.978746579527643 0.957599426157647 0.830025769772323 0.830025769772323 0.830025769772323 0.915119151988523 0.957599426157647 1 1 0.957997927791504 1 1 1 1 1 1 0.915198852315295 0.893812597964985 1 0.915198852315295 0.957413458728514 0.872373210063495 1 1 1 0.978905980181185 1 0.979012247283547 0.957918227464733 0.979012247283547 0.979012247283547 0.957918227464733 0.936903907972689 0.873143646555618 1 1 1 1 0.872904545575304
0.788023697563827 0.809011450280279 0.830158603650275 0.915331686193247 0.936585106665604 1 1 1 1 1 0.873090513004437 0.957865093913552 1 1 1 1 1 1 1 1 1 1 1 1 1 0.957599426157647 0.957599426157647 0.936452272787652 1 0.957599426157647 1 1 0.978746579527643 1 1 1 1 1 1 1 1 1 1 1 0.893812597964985 0.957413458728514 0.915119151988523 1 1 1 1 1 1 0.979012247283547 0.957918227464733 0.936903907972689 0.979012247283547 1 0.978905980181185 1 1 1 1 1
0.790547541244919 0.809011450280279 0.809011450280279 0.809011450280279 0.915331686193247 0.915331686193247 0.915198852315295 0.978985680507957 1 1 0.979012247283547 0.957865093913552 0.979012247283547 0.979012247283547 0.979012247283547 1 1 1 1 1 1 1 1 0.93634600568529 0.93634600568529 1 1 1 1 1 1 0.978746579527643 1 0.957732260035599 1 1 1 1 1 1 1 1 0.978985680507957 0.87271857814617 0.893812597964985 0.936266305358519 1 1 1 1 1 1 1 1 0.979012247283547 1 1 1 1 1 1 1 1 1
0.709651709572009 0.769400387874924 0.788023697563827 0.851172923142318 0.872559177492628 0.893653197311442 0.915331686193247 0.957599426157647 0.957599426157647 0.978746579527643 1 1 0.979012247283547 0.979012247283547 1 1 1 1 1 1 1 1 1 1 1 1 1 1 1 0.979012247283547 1 1 1 1 1 1 1 1 1 1 1 0.978852846630004 0.957838527137961 0.87271857814617 0.87271857814617 0.851358890571451 0.851730825429718 0.978985680507957 1 1 1 1 1 1 1 1 1 1 1 1 1 1 1 0.957519725830876
0.709386041816105 0.748412635158471 0.769400387874924 0.830158603650275 0.809011450280279 0.872266942961133 1 0.978852846630004 1 1 0.978985680507957 0.936638240216785 0.915358252968837 0.979012247283547 0.979012247283547 1 0.979012247283547 1 1 1 1 1 0.936505406338833 0.894264233150023 0.915650487500332 0.915491086846789 0.894503334130337 0.872904545575304 0.894264233150023 1 1 0.978985680507957 1 0.978985680507957 0.978985680507957 0.957891660689142 0.978905980181185 1 1 1 1 0.957838527137961 1 0.87271857814617 0.851704258654127 0.830716505937674 0.893812597964985 -9999 1 1 0.957997927791504 0.978985680507957 0.979012247283547 1 0.957891660689142 0.978985680507957 1 0.936505406338833 1 0.893839164740576 0.915198852315295 0.851491724449404 0.788023697563827 0.788023697563827
0.649238861879334 0.67043914880051 0.748412635158471 0.809011450280279 0.830158603650275 0.830025769772323 0.872266942961133 0.978746579527643 0.957599426157647 0.93634600568529 0.915331686193247 0.957732260035599 0.978985680507957 1 1 0.979012247283547 1 1 1 1 0.979012247283547 0.957997927791504 0.957997927791504 1 1 0.978985680507957 1 1 0.978985680507957 0.978985680507957 0.957891660689142 0.978985680507957 1 1 1 0.978985680507957 0.957891660689142 0.957891660689142 1 1 1 1 1 0.957838527137961 1 0.978985680507957 -9999 -9999 1 1 0.979012247283547 0.979012247283547 1 0.957891660689142 0.957891660689142 0.957838527137961 1 1 0.830344571079408 0.851438590898223 0.851491724449404 0.788023697563827 0.788023697563827 0.788023697563827
0.291251560798066 0.708615605323982 0.748412635158471 0.748412635158471 0.830158603650275 0.851172923142318 0.830025769772323 0.957599426157647 1 1 1 1 1 1 0.915251985866475 1 0.979012247283547 1 1 1 1 1 1 1 1 1 1 1 0.915198852315295 0.894503334130337 0.957997927791504 0.978985680507957 1 1 1 0.957732260035599 0.978985680507957 0.936638240216785 1 0.978985680507957 0.978985680507957 0.957891660689142 0.936744507319147 0.915491086846789 0.936505406338833 0.957891660689142 -9999 -9999 1 1 0.957918227464733 0.936744507319147 1 0.957891660689142 1 1 1 0.915198852315295 0.957493159055285 0.89410483249648 0.830105470099094 0.788023697563827 0.788023697563827 0.788023697563827
0.371376955978853 0.729098589304216 0.709651709572009 0.790547541244919 0.851172923142318 0.872266942961133 0.872266942961133 0.978852846630004 0.93634600568529 0.93634600568529 0.957493159055285 0.93634600568529 1 1 1 1 0.979012247283547 1 1 1 0.957997927791504 1 1 0.978985680507957 0.978985680507957 1 1 0.978985680507957 0.978985680507957 0.957891660689142 0.978985680507957 1 1 1 1 0.978985680507957 1 1 1 1 1 1 1 1 1 0.978905980181185 -9999 -9999 1 0.979012247283547 0.957918227464733 0.979012247283547 1 1 1 0.936505406338833 0.915198852315295 0.915198852315295 0.915198852315295 0.830105470099094 0.788023697563827 0.788023697563827 0.788023697563827 0.768709651709572
0.47113519832098 0.729098589304216 0.76799234876863 0.811561860736962 0.831141574347122 0.851172923142318 0.893653197311442 0.93634600568529 0.978746579527643 0.93634600568529 0.915198852315295 0.915198852315295 0.915198852315295 0.915198852315295 1 1 1 1 1 0.978985680507957 1 1 1 1 1 1 1 0.978985680507957 0.957891660689142 0.957891660689142 0.978985680507957 0.957732260035599 1 1 0.978985680507957 1 1 1 0.915384819744428 0.979012247283547 1 0.936664806992375 1 1 0.957891660689142 0.957732260035599 -9999 -9999 1 1 -9999 1 1 1 1 0.957519725830876 0.915198852315295 0.915198852315295 0.89410483249648 0.788023697563827 0.809011450280279 0.788023697563827 0.788023697563827 0.768709651709572
0.334263170478999 0.55381100395845 0.788023697563827 0.811561860736962 0.831141574347122 0.851172923142318 0.809011450280279 0.830025769772323 0.93634600568529 0.93634600568529 0.936266305358519 0.957599426157647 0.893865731516166 0.893865731516166 0.93634600568529 1 0.978613745649691 1 1 1 1 1 1 1 0.978985680507957 1 1 1 0.978985680507957 0.978985680507957 0.957891660689142 0.978985680507957 0.936638240216785 0.978985680507957 0.894397067027975 0.851916792858851 0.872798278472942 0.894157966047661 0.894397067027975 0.915650487500332 0.873249913657979 0.95775882681119 0.936664806992375 1 1 0.873249913657979 -9999 -9999 1 1 -9999 -9999 1 1 1 1 0.978852846630004 0.915119151988523 0.788023697563827 0.788023697563827 0.809011450280279 0.788023697563827 0.788023697563827 0.729098589304216
