data-raw/DATASET_PNE_1/DATASET_PNE/a_DATA/PFGS/ENVSUIT_A1B/HS_f30_P1_ubacPion.asc
NCOLS 619 
NROWS 782 
XLLCORNER 876826 
YLLCORNER 1947424 
CELLSIZE 100 
NODATA_value -9999 
[rows 495 to 527 of 782, columns 222 to 295 of 619]
1 1 1 1 1 1 1 1 1 1 1 0.843515813539947 0.921249841229519 0.948219653668657 0.851433168212033 0.693213091155426 0.530716795799992 0.486557432575469 0.504932469621915 0.61937423260934 0.613658495279224 0.76527372030992 0.895423176256404 0.895126804691138 0.974003979846733 0.974003979846733 0.974003979846733 1 1 1 1 1 1 1 1 1 1 1 1 1 1 1 1 0.929844616622211 0.789491511071595 0.595918540158347 0.504932469621915 0.48613404462509 0.48613404462509 0.665735213175833 0.41216816969389 0.375502773191075 0.28718404674203 0.0179516490960667 0 0 0 0 0 0 0 0 0 0 0 0.0187137474067488 0 0.0533468817477455 0.142173673737245 0.357762818070198 0.430797239510564 0.48613404462509 0.48613404462509 0.48613404462509
1 1 1 1 1 1 1 1 1 1 1 1 0.817265760616453 0.974003979846733 0.974003979846733 0.895465515051442 0.79783225369406 0.625259325119607 0.520343791015708 0.506287311063127 0.450146068842881 0.719293788898768 0.843388797154833 0.869300139718024 0.895126804691138 0.739193022566578 0.895550192641517 0.974003979846733 1 1 1 1 1 1 1 1 1 1 1 1 1 1 1 0.869342478513062 0.973792285871544 0.739193022566578 0.6675981201575 0.631652483170329 0.721241373470511 0.485625979084635 0.41216816969389 0.28718404674203 0.393623777467293 0.0712985308438122 0 0 0 0 0 0 0 0 0 0 0.122951860790042 0.0187137474067488 0.0908590541513189 0.25119607095982 0.501503027223845 0.41216816969389 0.467886023963758 0.577797535882129 0.739193022566578 0.739193022566578
1 1 1 1 1 1 1 1 1 1 1 1 1 0.974003979846733 0.974003979846733 1 1 0.689275583216902 0.582624158516449 0.58541851898895 0.480206613319785 0.621279478386045 0.851433168212033 0.895465515051442 0.739193022566578 0.765400736695034 0.94775392692324 1 0.921249841229519 0.974003979846733 1 1 1 1 1 1 1 1 1 1 1 1 1 1 1 0.739193022566578 0.739193022566578 0.595706846183158 0.721241373470511 0.613658495279224 0.449172276557009 0.41216816969389 0.375502773191075 0.375502773191075 0 0 0 0 0 0 0 0 0 0.174986239891613 0 0.0355222490367924 0.25119607095982 0.541216816969389 0.467759007578644 0.41216816969389 0.467886023963758 0.739193022566578 0.739193022566578 0.739193022566578
1 1 1 1 1 1 1 1 1 1 1 1 1 1 0.974003979846733 0.921249841229519 0.921249841229519 0.921969600745163 0.791058046487997 0.567466869892883 0.575172530589779 0.401752826114569 0.739193022566578 0.894830433125873 0.895888903001821 0.739193022566578 0.982006012108895 1 1 1 1 1 1 1 1 1 1 1 1 1 1 1 1 1 1 0.843134764384606 0.739193022566578 0.710741352301113 0.430543206740336 0.577585841906939 0.48613404462509 0.41216816969389 0.375502773191075 0.340192218129472 0 0.177484228798848 0 0 0 0 0 0 0 0.227189974173335 0 0.196706041746052 0.214318980481815 0.541216816969389 0.577797535882129 0.467886023963758 0.523138151488209 0.791523773233414 0.739193022566578 0.739193022566578
1 1 1 1 1 1 1 1 1 1 1 1 1 1 1 0.947880943308353 0.791058046487997 0.947499894153013 1 0.981624962953554 0.592870146915619 0.559845886786062 0.438248867437233 0.746898683263474 0.54159786612473 0.430543206740336 0.791058046487997 0.739193022566578 0.981624962953554 1 1 1 1 1 1 0.974173335026885 1 0.97387696346162 0.97387696346162 1 1 1 1 1 1 1 0.791523773233414 0.739193022566578 0.430543206740336 0.611880265887633 0.449172276557009 0.430797239510564 0.340192218129472 0.158728142597062 0.177484228798848 0.177484228798848 0 0 0 0 0 0 0 0.0522037342817223 0.0967018078665481 0.196960074516279 0.269740463186418 0.541216816969389 0.613192768533808 0.559845886786062 0.739193022566578 0.791058046487997 0.739193022566578 0.739193022566578
1 1 1 1 1 1 1 1 1 1 1 1 1 1 1 1 0.974003979846733 0.791058046487997 0.921376857614632 1 0.717346204327025 0.621279478386045 0.438248867437233 0.621279478386045 0.456750920868792 0.158812820187137 0.739193022566578 0.523138151488209 0.824124645412592 0.981624962953554 1 1 1 1 1 1 0.973792285871544 1 1 1 1 1 1 1 1 1 0.765443075490072 0.791100385283035 0.721241373470511 0.430543206740336 0.41216816969389 0.430797239510564 0.251365426139972 0.375502773191075 0.195605233075067 0.159744273677971 0 0 0 0 0 0 0 0 0.0967018078665481 0.110080867098522 0.25119607095982 0.467759007578644 0.577797535882129 0.739193022566578 0.721283712265549 0.739193022566578 0.739193022566578 0.739193022566578
1 1 1 1 1 1 1 1 1 1 1 1 1 1 1 1 1 0.974003979846733 0.791058046487997 0.895592531436555 0.76527372030992 0.70358609593971 0.475379990685465 0.613658495279224 0.538888183242305 0.383758838223464 0.603793556035395 0.575130191794742 0.667217071002159 0.839535966806385 1 1 1 1 1 1 1 1 1 1 1 1 1 1 1 1 0.973495914306279 0.7913967568483 0.721241373470511 0.41216816969389 0.430797239510564 0.467759007578644 0.438375883822346 0.523265167873322 0.375502773191075 0.0175705999407257 0.0355222490367924 0.106482069520301 0.0355222490367924 0.0175705999407257 0 0 0 0 0 0.110758287819129 0.306702231254498 0.5410051229942 0.449510986917312 0.558914433295228 0.739193022566578 0.739193022566578 0.739193022566578 0.76527372030992
1 1 1 1 1 1 1 1 1 1 1 1 1 1 1 1 1 1 0.76527372030992 1 0.869638850078327 0.739193022566578 0.585630212964139 0.501376010838732 0.534781320123629 0.480206613319785 0.504932469621915 0.54159786612473 0.54159786612473 0.910114738134553 1 1 1 1 1 1 1 1 1 1 1 1 1 1 1 0.895380837461366 1 0.843431135949871 0.70337440196452 0.631652483170329 0.577120115161523 0.57716245395656 0.57716245395656 0.393623777467293 0.375502773191075 0.430797239510564 0.449510986917312 0.14187730217198 0.159744273677971 0.106482069520301 0 0 0 0 0 0.0550827723442991 0.110758287819129 0.558956772090266 0.467759007578644 0.430543206740336 0.449256954147085 0.739193022566578 0.739193022566578 0.739193022566578
0.973749947076506 0.947372877767899 1 1 1 1 1 1 0.973495914306279 0.973495914306279 1 1 1 1 1 1 1 1 0.895126804691138 0.843515813539947 0.739193022566578 0.739193022566578 0.739193022566578 0.558575722934925 0.347770862441255 0.454210593166518 0.430797239510564 0.467420297218341 0.559591854015835 0.685211058893264 0.869257800922986 1 1 1 1 1 1 1 1 1 1 1 1 0.947711588128202 0.981624962953554 0.955417248825098 0.869723527668402 0.720817985520132 0.667217071002159 0.558956772090266 0.541216816969389 0.541216816969389 0.41216816969389 0.70278165883399 0.449002921376858 0.41216816969389 0.449510986917312 0.177484228798848 0.0355222490367924 0 0.0187137474067488 0 0 0 0 0 0.0737118421609721 0.523265167873322 0.577585841906939 0.430543206740336 0.430543206740336 0.721241373470511 0.739193022566578 0.739193022566578
0.974173335026885 1 1 1 1 1 1 1 1 1 0.869596511283289 0.947711588128202 1 1 1 1 1 1 0.921249841229519 0.791058046487997 0.739193022566578 0.869638850078327 0.739193022566578 0.577797535882129 0.400990727803887 0.277615479063466 0.177484228798848 0.41216816969389 0.522968796308057 0.541216816969389 0.765443075490072 0.869638850078327 0.921588551589822 1 1 1 1 1 0.981624962953554 0.911596595960879 0.981624962953554 0.973749947076506 1 0.981624962953554 0.870104576823744 0.851475507007071 0.56772090266311 0.541216816969389 0.541216816969389 0.523265167873322 0.41216816969389 0.541216816969389 0.541216816969389 0.739193022566578 0.502857868665058 0.41216816969389 0.557559591854016 0.375502773191075 0.177484228798848 0 0.0187137474067488 0 0 0 0 0 0.0533468817477455 0.288454210593167 0.595071764257589 0.721326051060587 0.739193022566578 0.739193022566578 0.791058046487997 0.739193022566578
0.973792285871544 1 1 1 1 1 1 1 1 1 1 1 0.895804225411745 1 1 1 1 1 1 0.791058046487997 0.739193022566578 0.739193022566578 0.76527372030992 0.613658495279224 0.41216816969389 0.177484228798848 0.177484228798848 0.195605233075067 0.232567001143147 0.360684194927812 0.559422498835683 0.84364282992506 0.895761886616707 0.947372877767899 1 0.974215673821923 0.947499894153013 0.973749947076506 0.817350438206529 0.86997756043863 0.849993649180744 0.955417248825098 0.857783987467717 0.585460857783987 0.647614208899615 0.613362123713959 0.613362123713959 0.48613404462509 0.198018544392227 0.41216816969389 0.57716245395656 0.64930776070113 0.739193022566578 0.739193022566578 0.665735213175833 0.41216816969389 0.593632245226301 0.449510986917312 0.25119607095982 0.0925102671577967 0.177484228798848 0 0 0 0 0.017824632710953 0.159744273677971 0.196197976205597 0.306786908844574 0.559210804860494 0.522079681612261 0.739193022566578 0.765316059104958 0.739193022566578
0.947372877767899 1 1 1 1 1 1 1 0.974215673821923 0.765697108260299 1 0.947669249333164 0.791693128413565 0.974173335026885 1 1 1 1 1 0.974003979846733 0.739193022566578 0.765400736695034 0.739193022566578 0.613658495279224 0.475379990685465 0.177484228798848 0.0533468817477455 0.0181210042762183 0.177865277954189 0.127058723908718 0.504720775646725 0.655446885981625 0.945891019941573 0.869342478513062 0.791523773233414 0.739193022566578 0.739193022566578 0.791523773233414 0.791523773233414 0.685211058893264 0.595283458232779 0.595283458232779 0.541216816969389 0.541216816969389 0.559422498835683 0.41216816969389 0.467886023963758 0.595283458232779 0.577797535882129 0.577797535882129 0.739193022566578 0.739193022566578 0.739193022566578 0.739193022566578 0.739193022566578 0.504339726491384 0.647487192514501 0.702485287268724 0.66700537702697 0.218171810830264 0.287946145052712 0.177484228798848 0 0 0 0 0 0.0550827723442991 0.252635589991109 0.324653880350565 0.486557432575469 0.631652483170329 0.70337440196452 0.765316059104958
1 1 0.947372877767899 1 1 1 1 1 1 0.974003979846733 0.739193022566578 0.869596511283289 0.921588551589822 0.843261780769719 1 0.921292180024556 1 1 1 0.974003979846733 0.739193022566578 0.739193022566578 0.739193022566578 0.70358609593971 0.475634023455692 0.124814767771709 0.0179516490960667 0 0.0533468817477455 0.125788560057581 0.50501714721199 0.504932469621915 0.7214530674457 0.843473474744909 0.843134764384606 0.739193022566578 0.739193022566578 0.739193022566578 0.685211058893264 0.541216816969389 0.541216816969389 0.522672424742792 0.559422498835683 0.449172276557009 0.48613404462509 0.7214530674457 0.739193022566578 0.739193022566578 0.739193022566578 0.76527372030992 0.817350438206529 0.739193022566578 0.739193022566578 0.739193022566578 0.739193022566578 0.6137431728693 0.739193022566578 0.739193022566578 0.720817985520132 0.541216816969389 0.434142004318557 0.324653880350565 0.324653880350565 0.196197976205597 0.159532579702782 0.017824632710953 0 0 0.110080867098522 0.164740251492443 0.324653880350565 0.559210804860494 0.559126127270418 0.70337440196452
1 1 1 1 1 1 1 1 1 1 1 0.843558152334985 0.817773826156908 1 1 1 1 1 1 1 0.764977348744655 0.739193022566578 0.817181083026377 0.70358609593971 0.475634023455692 0.124941784156823 0 0 0 0.0723570007197595 0.214149625301664 0.467759007578644 0.523392184258436 0.649561793471358 0.699479232821034 0.763495490918329 0.817350438206529 0.739193022566578 0.595283458232779 0.541216816969389 0.541216816969389 0.430797239510564 0.449172276557009 0.7214530674457 0.739193022566578 0.791523773233414 0.739193022566578 0.739193022566578 0.739193022566578 0.739193022566578 0.739193022566578 0.739193022566578 0.739193022566578 0.739193022566578 0.739193022566578 0.739193022566578 0.739193022566578 0.739193022566578 0.739193022566578 0.720817985520132 0.720817985520132 0.684914687327999 0.541216816969389 0.269147720055887 0.177484228798848 0.0187137474067488 0.0187137474067488 0 0.0187137474067488 0.110080867098522 0.147169651551717 0.306702231254498 0.467759007578644 0.540751090223972
1 1 1 1 1 1 1 1 1 1 1 0.974215673821923 0.895592531436555 1 1 1 1 1 1 0.974003979846733 0.921969600745163 0.739193022566578 0.791058046487997 0.595283458232779 0.486472754985393 0.232567001143147 0.036072653372285 0.0714678860239638 0 0.142554722892586 0.232567001143147 0.467759007578644 0.522672424742792 0.541216816969389 0.541216816969389 0.541216816969389 0.595283458232779 0.595283458232779 0.541216816969389 0.541216816969389 0.541216816969389 0.48613404462509 0.595283458232779 0.739193022566578 0.817350438206529 0.76527372030992 0.739193022566578 0.739193022566578 0.739193022566578 0.739193022566578 0.921376857614632 0.921376857614632 0.869342478513062 0.947372877767899 0.947372877767899 0.739193022566578 0.739193022566578 0.739193022566578 0.739193022566578 0.739193022566578 0.739193022566578 0.739193022566578 0.504085693721157 0.177484228798848 0.177484228798848 0.0737118421609721 0.0175705999407257 0 0.0175705999407257 0.017824632710953 0.196960074516279 0.235022651255345 0.218171810830264 0.470426351666032
1 1 1 0.791481434438376 1 1 1 1 1 1 1 0.89550785384648 0.973792285871544 1 1 1 1 1 0.791058046487997 0.843515813539947 0.86976586646344 0.76527372030992 0.76527372030992 0.559422498835683 0.486472754985393 0.251026715779669 0.195605233075067 0.195605233075067 0.195605233075067 0.195605233075067 0.159744273677971 0 0.0357762818070198 0.198018544392227 0.138998264109403 0.41216816969389 0.523392184258436 0.538126084931623 0.41216816969389 0.577797535882129 0.48613404462509 0.613658495279224 0.739193022566578 0.791058046487997 0.739193022566578 0.739193022566578 0.76527372030992 0.843092425589568 0.947372877767899 0.895592531436555 0.947965620898429 0.974215673821923 1 0.948092637283543 0.947372877767899 0.947372877767899 0.739193022566578 0.739193022566578 0.739193022566578 0.739193022566578 0.739193022566578 0.541640204919768 0.666073923536136 0.269740463186418 0.196197976205597 0.0729074050552521 0.0187137474067488 0 0.0187137474067488 0.16118379270926 0.177484228798848 0.177484228798848 0.177484228798848 0.21482704602227
0.895846564206783 1 1 1 1 1 1 1 1 1 1 1 0.895888903001821 1 1 1 1 0.974003979846733 0.739193022566578 0.739193022566578 0.739193022566578 0.747237393623778 0.595283458232779 0.523392184258436 0.475379990685465 0.522968796308057 0.450781150768449 0.504720775646725 0.522672424742792 0.522672424742792 0.522672424742792 0.541216816969389 0.467759007578644 0.467886023963758 0.430797239510564 0.430543206740336 0.449172276557009 0.595706846183158 0.739193022566578 0.739193022566578 0.739193022566578 0.739193022566578 0.577458825521826 0.817308099411491 0.843515813539947 0.739193022566578 0.869342478513062 1 1 1 1 1 1 0.974215673821923 0.97387696346162 0.947372877767899 0.765443075490072 0.739193022566578 0.739193022566578 0.739193022566578 0.739193022566578 0.720733307930056 0.70278165883399 0.324653880350565 0.0925102671577967 0.0550827723442991 0.0369617680680808 0 0.107413523011135 0.159744273677971 0.14187730217198 0.159744273677971 0.177484228798848 0.233075066683602
0.497099792539904 0.791481434438376 1 1 1 1 1 1 0.896058258181972 0.791693128413565 0.765443075490072 0.739193022566578 0.739193022566578 0.974173335026885 1 1 1 1 0.895126804691138 0.739193022566578 0.765400736695034 0.739193022566578 0.657944874888861 0.764977348744655 0.791058046487997 0.76527372030992 0.701892544138194 0.645878318303061 0.56772090266311 0.707354248698082 0.667217071002159 0.739193022566578 0.703078030399255 0.703078030399255 0.739193022566578 0.739193022566578 0.817350438206529 0.791523773233414 0.817350438206529 0.817350438206529 0.817350438206529 0.791058046487997 0.739193022566578 0.739193022566578 0.869342478513062 1 1 0.947965620898429 1 1 1 1 -9999 0.92163089038486 0.922181294720352 0.843769846310174 0.739193022566578 0.739193022566578 0.739193022566578 0.739193022566578 0.739193022566578 0.720817985520132 0.70278165883399 0.147169651551717 0.21482704602227 0.124137347051103 0.124137347051103 0 0.178754392649985 0.177484228798848 0 0 0 0
0.86976586646344 0.973919302256658 1 1 1 1 1 1 1 0.791693128413565 0.739193022566578 0.739193022566578 0.739193022566578 0.922138955925314 1 1 1 0.974003979846733 0.739193022566578 0.79080401371777 0.739193022566578 0.973495914306279 0.921588551589822 0.921461535204708 0.947711588128202 0.895338498666328 0.817308099411491 0.843431135949871 0.817308099411491 0.817308099411491 0.817308099411491 0.817350438206529 0.817350438206529 0.791523773233414 0.817350438206529 0.948007959693467 0.817350438206529 0.76527372030992 0.739193022566578 0.76527372030992 0.739193022566578 0.739193022566578 0.817350438206529 0.685422752868453 0.817350438206529 1 0.948092637283543 1 1 1 1 -9999 1 1 1 0.817646809771794 1 0.765019687539693 0.739193022566578 0.739193022566578 0.739193022566578 0.739193022566578 0.559422498835683 0.541216816969389 0.306702231254498 0.145984165290656 0.232567001143147 0.159744273677971 0.196197976205597 0.177484228798848 0 0 0.178331004699606 0.119183708031669
1 0.974215673821923 1 1 1 1 1 1 1 1 0.922265972310428 0.948050298488505 0.922138955925314 0.922138955925314 1 1 1 1 1 0.739193022566578 0.739193022566578 0.869342478513062 0.94775392692324 0.94775392692324 0.869808205258478 0.869808205258478 0.921588551589822 0.895804225411745 1 1 1 1 0.974003979846733 0.895677209026631 0.895677209026631 0.843558152334985 0.791100385283035 0.895126804691138 0.974215673821923 0.895592531436555 0.895592531436555 0.739193022566578 0.739193022566578 0.76527372030992 0.739193022566578 0.973495914306279 1 1 1 1 0.973919302256658 0.974173335026885 1 1 1 0.947923282103391 0.765019687539693 0.869935221643592 0.739193022566578 0.739193022566578 0.739193022566578 0.739193022566578 0.739193022566578 0.541216816969389 0.541216816969389 0.324653880350565 0.289046953723697 0.324653880350565 0.196197976205597 0.177484228798848 0.14187730217198 0.178331004699606 0.158728142597062 0.158728142597062
1 1 1 1 1 1 1 1 1 1 1 1 1 1 1 1 1 1 1 1 1 1 1 1 0.974003979846733 0.974003979846733 1 1 1 1 1 1 1 0.974215673821923 0.947965620898429 0.896354629747237 0.974215673821923 1 1 1 0.948219653668657 0.895592531436555 0.765019687539693 0.973495914306279 0.817308099411491 0.973495914306279 1 1 1 1 0.947499894153013 1 1 1 1 0.817604470976756 0.896185274567086 0.739193022566578 0.739193022566578 0.739193022566578 0.817308099411491 0.76527372030992 0.739193022566578 0.739193022566578 0.541216816969389 0.541216816969389 0.541216816969389 0.541216816969389 0.541216816969389 0.522757102332868 0.375502773191075 0.28718404674203 0.158728142597062 0.234514585714891
0.817308099411491 0.791481434438376 1 1 1 1 1 1 1 1 1 1 1 1 1 1 1 1 1 1 1 1 1 1 1 1 1 1 1 1 1 1 1 0.921715567974935 0.973919302256658 0.947923282103391 1 0.895169143486176 1 1 1 0.973749947076506 0.895338498666328 0.947372877767899 0.869850544053516 0.921842584360049 1 1 1 1 0.974003979846733 1 1 1 0.895592531436555 0.791269740463186 0.739193022566578 0.739193022566578 0.739193022566578 0.739193022566578 0.739193022566578 0.739193022566578 0.739193022566578 0.739193022566578 0.739193022566578 0.559422498835683 0.559422498835683 0.541216816969389 0.541216816969389 0.56772090266311 0.541216816969389 0.467759007578644 0.449510986917312 0.559591854015835
0.973749947076506 0.817308099411491 1 1 1 1 1 1 1 1 1 1 0.92243532749058 0.948219653668657 0.974215673821923 1 1 1 1 1 1 1 1 1 1 1 1 1 1 1 1 1 0.895423176256404 0.895423176256404 0.791100385283035 0.755789830221432 0.843092425589568 1 1 1 1 1 1 1 1 0.947965620898429 1 1 1 1 1 1 1 1 0.97387696346162 0.895592531436555 0.739193022566578 0.869808205258478 0.739193022566578 0.765400736695034 0.81773148736187 0.765443075490072 0.739193022566578 0.739193022566578 0.739193022566578 0.631652483170329 0.739193022566578 0.739193022566578 0.739193022566578 0.685549769253567 0.585926584529404 0.667640458952538 0.739193022566578 0.817646809771794
0.947669249333164 1 1 1 1 1 1 1 1 1 1 1 1 1 1 1 1 1 1 0.97387696346162 1 1 0.97387696346162 1 0.97387696346162 1 0.86976586646344 0.974173335026885 1 1 1 1 1 0.895423176256404 0.895423176256404 0.387442313391761 0.869723527668402 1 1 1 1 1 1 1 1 1 1 1 1 1 1 1 1 1 0.97387696346162 0.869342478513062 0.817646809771794 1 0.974215673821923 0.921842584360049 0.947372877767899 0.843515813539947 0.765019687539693 0.739193022566578 0.739193022566578 0.739193022566578 0.739193022566578 0.739193022566578 0.739193022566578 0.739193022566578 0.791523773233414 0.739193022566578 0.739193022566578 0.739193022566578
1 1 1 1 1 1 1 1 1 1 1 1 1 1 1 1 1 1 1 1 1 0.97387696346162 1 0.948050298488505 1 1 1 1 1 1 1 1 1 0.973495914306279 1 1 0.790380625767391 1 1 1 1 1 1 1 1 1 1 1 0.948050298488505 1 1 1 1 1 1 0.921842584360049 1 0.97387696346162 1 1 0.921842584360049 0.947372877767899 0.739193022566578 0.739193022566578 0.739193022566578 0.739193022566578 0.739193022566578 0.739193022566578 0.765400736695034 0.791227401668149 0.765019687539693 0.791227401668149 0.791227401668149 0.817011727846226
1 0.947669249333164 0.92141919640967 0.921884923155087 1 1 1 -9999 -9999 0.441974681400567 1 1 1 1 1 1 1 1 1 1 1 1 1 0.974215673821923 1 1 1 1 1 1 1 1 1 1 1 1 1 1 1 1 1 1 1 1 1 1 1 1 1 1 1 1 1 1 1 1 1 1 1 1 1 0.973495914306279 0.739193022566578 0.739193022566578 0.739193022566578 0.791227401668149 0.843515813539947 0.739193022566578 0.765443075490072 0.81773148736187 0.739193022566578 0.739193022566578 0.81773148736187 1
1 0.92141919640967 0.973749947076506 1 1 1 1 1 -9999 0.348956348702316 0.896142935772048 1 1 0.896142935772048 1 1 1 1 1 1 1 1 1 1 1 1 1 0.974173335026885 1 1 0.843981540285364 0.812650831957322 1 1 1 1 1 1 1 1 1 1 1 1 1 1 1 1 1 1 1 1 1 1 1 1 1 1 1 1 1 0.97387696346162 0.869342478513062 0.739193022566578 1 0.947372877767899 0.921588551589822 1 0.97387696346162 0.97387696346162 0.739193022566578 0.81773148736187 1 1
0.89529615987129 1 0.948007959693467 1 1 1 1 1 1 0.817308099411491 -9999 -9999 -9999 1 1 1 1 1 1 1 1 1 1 1 1 1 1 1 1 1 1 1 1 1 1 1 1 1 1 1 1 0.922265972310428 1 0.974003979846733 0.817477454591642 1 1 1 1 1 1 1 1 1 1 1 1 1 1 1 1 1 0.895126804691138 0.739193022566578 0.843558152334985 1 1 1 1 1 0.97387696346162 1 1 1
1 1 1 0.947965620898429 1 0.973919302256658 1 1 1 -9999 0.973919302256658 1 -9999 1 1 1 1 1 1 1 1 1 1 0.973495914306279 1 1 1 1 1 1 1 1 1 1 1 1 1 1 1 1 1 1 1 0.817816164951945 0.173504382065286 0.817816164951945 0.974003979846733 1 1 1 1 1 1 1 1 1 1 1 1 1 1 1 1 0.869554172488251 1 1 1 1 1 1 1 1 1 1
0.974215673821923 0.974215673821923 1 1 1 1 1 0.791481434438376 0.921969600745163 0.843431135949871 -9999 0.973919302256658 1 1 1 0.922392988695542 1 1 1 1 1 1 1 1 1 1 1 1 1 1 1 1 1 1 1 1 1 1 1 1 1 1 1 1 1 0.974173335026885 1 1 1 1 0.973749947076506 1 1 1 1 1 1 1 1 1 1 1 1 1 1 1 1 1 1 1 1 1 1 1
0.974215673821923 1 1 1 1 1 1 0.4791058046488 -9999 0.765697108260299 0.973749947076506 1 1 1 1 1 1 1 1 1 1 1 0.869596511283289 0.974215673821923 1 1 1 0.896058258181972 1 1 1 1 1 1 1 1 1 1 0.739193022566578 1 1 1 1 1 1 1 1 1 1 1 1 1 1 1 1 1 1 1 1 1 1 1 1 1 1 1 1 1 1 1 1 1 1 1
1 1 1 0.974215673821923 0.973749947076506 1 0.841314196197976 0.817604470976756 0.921842584360049 0.791481434438376 1 1 1 1 1 1 1 1 1 1 1 0.921546212794784 0.948134976078581 1 1 1 1 1 1 1 1 1 1 1 1 1 1 1 1 1 1 1 1 1 1 1 1 1 1 1 1 1 1 1 1 1 1 1 1 1 1 1 1 1 1 1 1 1 1 1 1 1 1 1
0.974215673821923 1 1 1 1 0.973749947076506 0.947669249333164 0.921715567974935 0.817689148566832 0.859138828908929 1 1 0.869215462127948 0.973749947076506 1 1 1 1 1 1 0.947965620898429 0.765189042719844 1 1 1 1 1 1 1 1 1 1 1 1 1 1 1 1 1 1 1 0.843473474744909 1 0.896058258181972 1 1 0.974215673821923 0.973792285871544 1 1 1 0.973749947076506 0.817477454591642 1 1 1 1 1 1 1 1 1 1 1 1 1 1 1 1 1 1 1 1 1
