data-raw/DATASET_PNE_1/DATASET_PNE/a_DATA/PFGS/ENVSUIT_A1B/HS_f0_H8_notgraz.asc
NCOLS 619 
NROWS 782 
XLLCORNER 876826 
YLLCORNER 1947424 
CELLSIZE 100 
NODATA_value -9999 
[rows 174 to 202 of 782, columns 396 to 461 of 619]
1 1 1 0.978746579527643 0.893839164740576 0.851412024122632 0.809011450280279 0.978746579527643 -9999 -9999 1 1 1 1 0.978905980181185 0.978905980181185 1 1 1 0.915092585212933 0.957254058074971 0.788023697563827 0.957307191626152 1 0.872638877819399 0.935920937275843 0.914667516803486 0.914667516803486 0.935920937275843 0.957280624850562 1 1 1 0.978905980181185 0.957519725830876 0.9149066177838 0.809170850933822 0.893839164740576 0.809170850933822 0.978666879200871 0.936425706012061 0.95775882681119 1 1 1 0.915172285539704 0.978905980181185 1 0.95775882681119 1 1 0.95775882681119 0.978666879200871 0.957652559708828 0.957652559708828 0.91493318455939 0.915119151988523 0.957572859382057 0.9363194389097 0.893998565394118 0.872426343614676 0.894051698945299 0.978852846630004 0.95775882681119 0.95775882681119 0.788023697563827
1 1 1 1 0.872506043941447 0.872745144921761 0.872506043941447 -9999 -9999 -9999 1 1 1 1 1 0.978905980181185 0.978905980181185 1 1 0.957838527137961 0.978640312425281 0.788023697563827 0.935920937275843 1 0.935920937275843 0.893626630535852 0.935920937275843 0.914667516803486 0.935920937275843 0.957280624850562 0.957280624850562 1 1 0.893839164740576 0.957519725830876 0.9149066177838 0.851677691878537 0.872824845248532 0.893812597964985 0.936425706012061 1 1 0.978852846630004 1 0.95775882681119 1 1 1 0.936505406338833 0.978666879200871 0.978905980181185 1 0.957519725830876 0.957413458728514 0.872771711697351 0.830371137854999 0.91493318455939 0.872638877819399 0.915172285539704 0.872638877819399 0.872426343614676 0.872426343614676 0.872426343614676 0.851438590898223 0.872824845248532 0.788023697563827
0.978666879200871 1 1 0.957572859382057 0.914986318110571 0.851358890571451 0.893839164740576 -9999 -9999 -9999 1 1 1 1 0.978905980181185 0.978905980181185 0.957360325177333 1 1 0.978613745649691 1 0.809277118036184 0.935920937275843 1 0.935920937275843 0.851544858000584 0.935920937275843 0.935920937275843 0.914773783905847 0.957280624850562 0.957280624850562 1 1 0.893839164740576 0.872585744268218 0.957519725830876 0.788023697563827 0.809170850933822 0.978852846630004 0.978852846630004 1 1 1 0.978852846630004 1 1 1 1 1 0.872638877819399 0.894025132169709 0.915278552642066 1 0.915172285539704 0.957519725830876 0.978905980181185 0.851624558327356 0.894025132169709 0.894025132169709 0.851385457347042 0.893679764087033 0.893786031189395 0.893573496984671 0.872426343614676 0.893786031189395 0.851438590898223
0.893892298291756 0.978905980181185 0.957652559708828 0.957572859382057 0.851358890571451 0.914986318110571 0.872745144921761 0.851412024122632 0.893759464413804 -9999 -9999 -9999 1 1 1 0.978905980181185 0.936266305358519 1 1 0.957625992933238 1 0.809277118036184 0.914667516803486 1 0.957307191626152 0.914773783905847 0.935920937275843 0.914667516803486 0.935920937275843 0.957280624850562 0.915145718764114 1 0.978613745649691 0.936186605031747 0.893839164740576 0.9149066177838 0.830185170425865 0.830663372386493 0.978852846630004 0.936425706012061 0.978852846630004 1 1 0.894025132169709 1 1 0.978640312425281 1 1 0.893786031189395 0.894025132169709 0.87266544459499 1 0.978905980181185 0.851624558327356 0.830025769772323 1 0.978905980181185 0.978905980181185 0.936266305358519 0.893786031189395 0.851385457347042 0.893786031189395 0.85127919024468 0.85127919024468 0.915039451661752
-9999 -9999 0.893892298291756 0.893892298291756 0.851358890571451 1 0.851358890571451 0.851358890571451 0.872506043941447 0.872506043941447 -9999 -9999 1 1 1 1 0.893812597964985 0.9149066177838 0.957519725830876 1 1 0.788023697563827 0.893573496984671 1 0.957307191626152 0.935920937275843 0.935920937275843 0.914667516803486 0.957280624850562 0.936027204378205 0.957280624850562 0.957280624850562 0.978613745649691 0.957519725830876 0.893839164740576 0.851438590898223 0.809170850933822 0.809409951914136 0.915066018437342 0.893812597964985 0.85127919024468 1 1 0.893812597964985 1 1 1 1 0.915119151988523 0.85127919024468 0.872638877819399 0.936425706012061 0.915172285539704 0.830371137854999 0.872638877819399 0.809011450280279 0.872638877819399 0.809011450280279 0.809011450280279 0.851385457347042 0.851385457347042 1 0.957360325177333 0.85127919024468 0.85127919024468 0.85127919024468
-9999 -9999 0.851358890571451 -9999 0.851358890571451 0.80903801705587 0.788023697563827 0.851358890571451 0.872745144921761 0.893759464413804 0.957519725830876 -9999 1 1 1 1 0.978905980181185 0.91493318455939 1 1 1 0.830530538508541 0.935920937275843 1 0.957307191626152 0.872426343614676 0.872638877819399 0.91493318455939 0.957280624850562 0.957280624850562 0.957280624850562 0.957280624850562 0.957280624850562 0.957280624850562 1 0.893839164740576 0.809170850933822 0.830185170425865 0.830557105284132 0.936425706012061 0.85127919024468 1 1 0.893812597964985 1 1 1 1 1 0.85127919024468 0.830025769772323 0.915172285539704 0.893786031189395 0.85127919024468 0.893786031189395 0.915119151988523 0.809011450280279 0.893786031189395 0.85127919024468 0.85127919024468 0.85127919024468 0.851385457347042 0.957519725830876 0.936106904704976 0.830264870752637 0.893786031189395
1 -9999 -9999 -9999 0.893839164740576 0.830371137854999 0.788023697563827 0.830025769772323 0.851358890571451 0.893998565394118 0.936266305358519 1 1 1 1 1 1 0.936266305358519 1 1 1 0.788023697563827 0.914667516803486 1 0.957307191626152 0.851172923142318 0.872638877819399 0.851385457347042 0.936027204378205 0.957280624850562 0.957413458728514 0.957280624850562 0.957280624850562 0.936292872134109 0.957280624850562 0.957519725830876 0.893839164740576 0.851438590898223 0.788023697563827 0.830185170425865 0.893679764087033 0.872426343614676 1 1 1 1 1 0.978640312425281 1 0.872426343614676 0.85127919024468 0.957466592279695 0.872426343614676 0.915119151988523 1 1 0.936266305358519 0.978613745649691 1 0.978613745649691 0.978613745649691 0.893786031189395 0.830025769772323 0.978746579527643 0.893786031189395 0.893786031189395
-9999 1 -9999 0.872745144921761 0.893839164740576 0.851358890571451 0.851358890571451 0.851358890571451 0.872506043941447 0.893839164740576 0.978746579527643 1 1 1 1 1 1 0.936266305358519 1 1 0.957254058074971 0.893679764087033 0.914667516803486 1 0.978640312425281 0.851518291224994 0.935920937275843 0.851385457347042 0.936027204378205 0.957280624850562 0.957280624850562 0.957280624850562 0.957280624850562 0.978613745649691 0.957280624850562 0.978613745649691 0.893839164740576 0.851438590898223 0.830185170425865 0.830557105284132 0.893679764087033 1 1 1 1 1 1 1 1 0.91493318455939 0.85127919024468 0.872426343614676 0.872426343614676 1 1 1 1 1 1 1 1 0.978613745649691 0.809011450280279 0.809011450280279 1 0.957360325177333
1 1 -9999 -9999 0.872506043941447 0.851358890571451 0.851358890571451 0.851358890571451 0.872506043941447 1 0.978666879200871 0.978666879200871 1 1 1 1 0.957652559708828 1 1 1 0.851518291224994 0.788023697563827 0.957307191626152 1 0.978640312425281 0.830185170425865 0.893679764087033 0.872373210063495 0.872638877819399 0.957280624850562 0.957280624850562 0.957280624850562 0.957280624850562 0.957280624850562 0.957280624850562 0.978613745649691 0.894025132169709 0.893839164740576 0.809170850933822 0.788023697563827 0.893839164740576 1 1 1 1 1 1 1 1 0.85127919024468 1 0.85127919024468 1 1 1 1 1 1 1 1 1 1 0.893786031189395 0.830264870752637 0.936266305358519 0.957360325177333
-9999 -9999 -9999 1 0.914986318110571 0.872745144921761 0.872745144921761 0.893998565394118 0.978746579527643 1 1 1 1 1 1 0.936292872134109 0.936266305358519 1 1 1 0.830530538508541 0.851544858000584 0.935920937275843 1 1 0.914667516803486 0.935920937275843 0.872532610717037 0.957280624850562 0.957280624850562 0.957280624850562 0.957280624850562 0.957280624850562 1 0.957280624850562 0.957280624850562 0.978613745649691 0.957519725830876 0.830185170425865 0.851438590898223 0.936213171807338 0.87269201137058 0.851332323795861 0.957625992933238 1 1 1 1 1 0.872426343614676 1 0.893786031189395 1 1 1 1 1 0.915039451661752 1 1 1 1 0.893786031189395 0.893786031189395 0.85127919024468 0.893786031189395
1 1 1 1 0.978746579527643 0.893998565394118 1 1 1 1 1 1 1 1 0.9363194389097 0.915278552642066 0.978613745649691 1 1 0.978640312425281 0.893786031189395 0.914667516803486 1 1 1 0.957280624850562 0.915039451661752 0.830424271406179 1 1 1 0.978613745649691 0.978613745649691 0.957280624850562 0.978666879200871 0.957280624850562 0.978613745649691 0.978613745649691 0.978905980181185 0.872771711697351 0.851438590898223 0.936213171807338 0.851332323795861 0.936186605031747 0.851332323795861 0.957625992933238 1 1 1 0.978852846630004 1 1 1 1 1 1 0.978666879200871 0.936186605031747 1 1 1 0.936133471480566 0.893786031189395 0.85127919024468 0.893786031189395 0.872426343614676
0.978746579527643 1 1 1 1 1 0.915358252968837 1 1 1 1 1 1 0.957652559708828 0.915278552642066 0.87266544459499 1 1 0.978640312425281 0.893679764087033 0.935920937275843 0.957307191626152 1 0.978613745649691 0.978666879200871 0.957280624850562 0.830424271406179 0.851677691878537 0.978666879200871 0.957280624850562 1 0.978613745649691 0.978613745649691 0.978613745649691 0.978666879200871 0.957280624850562 0.936186605031747 0.936292872134109 0.936160038256157 0.830185170425865 0.830185170425865 0.851438590898223 0.914826917457028 0.936558539890014 0.957625992933238 0.915039451661752 0.957625992933238 1 1 0.978666879200871 0.830424271406179 1 1 1 0.957625992933238 0.957625992933238 0.872585744268218 0.872585744268218 0.936558539890014 0.872585744268218 0.957625992933238 0.915039451661752 0.893679764087033 0.936186605031747 1 1
0.957413458728514 1 1 1 1 1 1 1 1 1 1 1 0.978905980181185 0.893892298291756 0.957360325177333 0.872904545575304 0.91554422039797 0.978985680507957 0.851677691878537 0.914773783905847 0.935920937275843 1 1 0.957280624850562 0.957280624850562 0.87266544459499 0.957519725830876 0.893839164740576 0.957280624850562 1 0.978613745649691 0.978613745649691 0.957280624850562 1 0.914880051008209 1 0.978613745649691 0.978613745649691 0.936186605031747 0.936160038256157 0.893679764087033 0.936160038256157 0.830185170425865 0.978905980181185 1 0.957679126484419 0.979012247283547 1 1 0.893945431842937 0.936213171807338 1 1 1 1 0.978640312425281 0.978905980181185 0.957546292606466 0.957546292606466 0.978640312425281 0.936292872134109 0.957599426157647 0.915145718764114 0.978640312425281 1 1
1 1 1 1 1 1 1 1 1 1 1 0.957652559708828 0.872771711697351 0.936266305358519 0.978746579527643 0.915650487500332 1 0.978985680507957 0.893679764087033 0.957280624850562 0.978666879200871 1 0.957280624850562 1 0.978905980181185 0.957519725830876 0.893653197311442 0.9149066177838 0.957519725830876 0.978613745649691 0.914826917457028 0.957280624850562 0.957280624850562 0.978613745649691 0.978613745649691 0.936027204378205 1 0.957280624850562 0.978613745649691 0.978613745649691 0.936160038256157 0.936160038256157 0.915012884886161 0.830185170425865 0.872585744268218 1 0.979012247283547 1 1 0.9363194389097 0.936558539890014 1 1 1 0.978640312425281 0.915145718764114 1 0.978640312425281 1 1 1 0.978640312425281 0.957254058074971 0.957254058074971 0.957254058074971 0.957254058074971
1 1 1 1 1 1 1 1 1 1 1 0.936664806992375 0.9149066177838 1 0.91551765362238 1 0.894370500252384 0.915039451661752 0.957280624850562 0.978666879200871 1 0.957280624850562 0.978666879200871 0.957519725830876 0.936160038256157 0.894157966047661 0.893918865067347 0.87266544459499 0.978613745649691 0.978905980181185 0.851332323795861 0.978613745649691 1 0.978613745649691 0.957280624850562 0.978613745649691 0.978613745649691 1 0.957280624850562 0.978613745649691 0.978613745649691 0.957254058074971 0.957254058074971 0.893679764087033 0.80903801705587 0.914826917457028 0.915172285539704 0.979012247283547 1 0.979012247283547 1 1 1 0.978640312425281 0.978640312425281 1 1 1 1 0.872851412024123 1 1 1 1 0.957519725830876 0.915145718764114
1 1 1 1 1 1 1 1 1 0.978746579527643 0.872798278472942 0.936266305358519 1 0.91551765362238 0.91551765362238 0.894370500252384 0.957280624850562 0.957280624850562 0.957280624850562 0.957280624850562 1 1 0.978613745649691 0.957519725830876 1 0.894157966047661 0.936160038256157 0.830185170425865 0.957519725830876 0.957519725830876 0.957519725830876 0.957519725830876 0.957280624850562 1 0.978613745649691 0.978613745649691 0.957466592279695 0.89413139927207 0.957280624850562 0.957280624850562 0.978613745649691 0.978613745649691 0.957254058074971 0.957254058074971 0.936160038256157 0.788023697563827 0.830424271406179 0.872585744268218 1 1 1 1 1 0.978640312425281 0.978640312425281 1 1 0.872851412024123 0.957891660689142 0.936558539890014 0.936558539890014 1 1 1 0.957891660689142 0.915198852315295
1 1 1 1 1 1 1 1 0.936664806992375 0.936027204378205 0.936266305358519 1 1 0.936531973114423 0.894370500252384 0.936133471480566 1 0.978613745649691 0.978613745649691 0.978613745649691 0.978613745649691 0.978613745649691 0.893839164740576 0.872904545575304 0.893918865067347 0.87266544459499 0.851438590898223 0.914826917457028 0.936213171807338 0.957519725830876 0.957519725830876 0.957519725830876 0.936186605031747 0.957280624850562 0.978613745649691 1 0.957466592279695 0.936106904704976 0.915119151988523 0.936266305358519 0.957280624850562 0.978613745649691 1 0.957254058074971 0.957254058074971 0.957254058074971 0.936399139236471 0.936213171807338 1 1 1 0.978905980181185 0.957546292606466 0.957254058074971 1 1 0.978613745649691 0.957679126484419 0.830424271406179 0.851571424776175 0.830530538508541 0.936266305358519 0.915172285539704 0.915172285539704 0.873037379453256 0.936558539890014
0.978746579527643 0.915305119417656 0.979012247283547 0.915305119417656 0.936664806992375 0.936664806992375 0.978905980181185 0.978905980181185 0.936266305358519 0.936266305358519 0.894264233150023 0.91551765362238 0.91551765362238 0.915198852315295 1 1 0.978613745649691 0.978613745649691 0.978613745649691 0.978613745649691 1 0.872904545575304 0.851571424776175 0.851332323795861 0.830185170425865 0.851438590898223 0.936213171807338 0.957625992933238 1 0.936213171807338 0.957519725830876 0.936186605031747 0.978613745649691 0.957280624850562 1 0.978613745649691 0.936266305358519 0.978613745649691 0.978613745649691 0.978613745649691 0.957466592279695 1 0.978613745649691 0.957254058074971 0.957254058074971 0.957254058074971 0.957254058074971 0.936399139236471 0.957546292606466 1 1 1 0.957546292606466 0.978640312425281 0.978640312425281 1 0.978985680507957 0.978666879200871 0.936558539890014 0.978666879200871 0.894423633803565 0.915570787173561 0.915570787173561 0.894423633803565 0.830530538508541 0.851783958980898
0.915145718764114 1 1 1 0.91493318455939 0.915278552642066 0.915039451661752 0.915039451661752 0.872904545575304 0.872904545575304 0.91551765362238 0.936531973114423 1 0.957280624850562 1 0.978613745649691 0.978613745649691 0.978613745649691 0.936292872134109 0.872904545575304 1 1 1 0.893918865067347 0.872585744268218 0.894078265720889 0.978666879200871 1 1 0.936213171807338 0.914826917457028 0.936160038256157 0.936160038256157 0.936160038256157 0.957519725830876 0.957519725830876 1 0.978613745649691 0.978613745649691 0.978613745649691 0.936106904704976 0.936106904704976 0.957360325177333 0.957280624850562 0.978613745649691 0.957254058074971 0.957254058074971 1 0.872745144921761 0.788023697563827 1 0.957546292606466 0.978640312425281 0.957254058074971 0.893759464413804 0.978905980181185 0.894025132169709 0.85189022608326 0.830636805610903 0.830636805610903 0.788023697563827 0.830636805610903 0.87327648043357 0.915570787173561 0.978666879200871 1
1 1 1 0.978613745649691 0.978613745649691 1 0.809170850933822 0.851571424776175 0.872824845248532 0.91551765362238 0.915172285539704 1 1 1 0.978613745649691 0.978613745649691 1 0.978613745649691 0.872904545575304 1 1 0.957413458728514 0.893971998618528 0.915305119417656 0.957519725830876 0.957572859382057 1 1 1 1 0.936160038256157 0.957546292606466 0.914826917457028 0.914826917457028 0.936160038256157 0.893839164740576 0.957519725830876 1 0.957466592279695 0.914773783905847 0.936106904704976 0.936106904704976 0.915092585212933 0.978613745649691 0.978613745649691 0.978613745649691 0.957254058074971 1 0.957254058074971 0.978640312425281 0.851810525756489 0.957493159055285 0.872426343614676 0.851597991551765 0.978640312425281 0.978905980181185 0.915437953295609 0.830530538508541 0.788023697563827 0.809277118036184 0.830636805610903 0.85189022608326 0.894423633803565 0.87327648043357 0.852023059961213 0.788023697563827
1 1 1 0.978613745649691 0.978613745649691 0.978613745649691 1 1 1 1 1 1 1 1 1 1 0.978613745649691 0.893839164740576 0.978613745649691 0.936372572460881 0.936425706012061 0.957652559708828 0.978852846630004 0.915066018437342 0.915066018437342 0.915012884886161 0.936160038256157 1 1 0.957625992933238 1 0.936558539890014 0.914826917457028 0.936186605031747 0.936186605031747 0.957519725830876 0.914826917457028 0.915012884886161 0.936186605031747 0.978613745649691 0.893865731516166 0.851358890571451 0.936106904704976 0.851358890571451 0.872506043941447 0.957254058074971 0.978640312425281 0.978640312425281 1 0.978640312425281 0.978640312425281 0.978640312425281 1 1 0.936558539890014 0.936585106665604 0.788023697563827 0.788023697563827 0.788023697563827 0.936664806992375 1 0.936558539890014 0.915411386520018 0.915411386520018 0.851783958980898 0.978985680507957
1 1 1 1 1 1 1 1 1 1 1 1 1 1 1 0.957280624850562 1 0.851651125102946 0.936266305358519 0.915331686193247 1 0.957599426157647 0.957652559708828 0.957732260035599 0.915251985866475 0.830158603650275 0.872426343614676 1 1 1 1 0.978613745649691 1 0.936558539890014 0.957546292606466 0.957546292606466 0.914826917457028 0.936160038256157 0.936160038256157 0.957254058074971 1 0.893865731516166 0.851358890571451 0.830264870752637 0.87269201137058 0.93634600568529 0.914853484232619 0.957493159055285 0.978640312425281 0.978640312425281 0.978640312425281 0.978640312425281 0.915012884886161 0.978666879200871 0.957652559708828 0.809277118036184 0.788023697563827 0.788023697563827 0.830264870752637 1 1 1 1 1 1 0.957891660689142
1 0.978905980181185 0.978905980181185 0.957519725830876 0.978613745649691 1 1 1 1 1 0.978613745649691 1 1 1 1 0.957280624850562 0.872904545575304 0.872904545575304 0.893971998618528 1 1 0.89410483249648 0.915145718764114 0.936399139236471 0.893759464413804 0.872399776839085 0.87266544459499 1 1 1 1 1 1 1 1 1 0.957519725830876 0.80903801705587 0.809170850933822 1 0.957254058074971 1 0.830264870752637 0.830264870752637 0.788023697563827 0.830264870752637 0.978640312425281 0.936106904704976 0.978640312425281 0.978640312425281 0.978640312425281 0.978640312425281 0.830264870752637 0.830264870752637 0.830264870752637 0.830424271406179 0.809277118036184 0.788023697563827 0.809277118036184 1 1 1 0.915012884886161 0.893998565394118 0.936239738582928 1
1 1 1 0.978905980181185 0.978905980181185 0.978613745649691 1 1 1 1 1 1 1 1 1 0.978613745649691 0.872904545575304 0.830185170425865 0.978905980181185 0.957254058074971 0.893759464413804 0.851412024122632 0.915251985866475 0.957519725830876 0.872506043941447 0.851518291224994 0.936106904704976 0.978746579527643 0.957360325177333 1 0.95775882681119 0.978852846630004 1 1 1 1 1 0.957572859382057 0.851438590898223 0.809170850933822 0.957254058074971 0.957254058074971 1 0.830264870752637 0.830264870752637 0.830264870752637 0.978640312425281 0.914853484232619 0.957254058074971 0.936106904704976 0.936106904704976 0.936106904704976 0.788023697563827 0.788023697563827 0.788023697563827 0.830264870752637 0.809277118036184 0.809277118036184 0.851624558327356 1 1 0.978640312425281 1 1 0.978640312425281 1
1 1 1 1 1 0.978905980181185 0.915278552642066 0.851651125102946 0.872931112350894 0.936531973114423 0.978613745649691 1 1 1 0.978613745649691 0.830318004303818 0.872904545575304 0.957918227464733 1 1 0.809011450280279 0.809011450280279 0.915012884886161 0.936239738582928 0.915358252968837 0.85127919024468 -9999 0.978746579527643 0.957360325177333 0.936213171807338 0.936266305358519 0.872426343614676 1 1 1 1 1 1 0.936425706012061 0.830424271406179 0.978640312425281 0.978640312425281 0.957254058074971 0.851597991551765 0.87269201137058 0.830264870752637 0.851597991551765 0.936106904704976 0.936160038256157 0.978613745649691 0.936106904704976 0.936106904704976 0.873249913657979 0.788023697563827 0.809277118036184 0.809277118036184 0.788023697563827 0.809277118036184 0.830264870752637 0.978640312425281 0.978640312425281 1 1 1 1 1
1 1 1 1 1 0.978746579527643 1 0.957360325177333 0.936266305358519 0.978613745649691 0.809170850933822 0.978613745649691 1 1 0.936186605031747 0.830318004303818 0.915172285539704 0.979012247283547 1 0.872426343614676 0.809011450280279 0.830371137854999 0.936372572460881 0.957519725830876 1 0.893759464413804 0.85127919024468 0.85127919024468 0.978746579527643 0.893786031189395 0.872638877819399 0.936106904704976 0.851518291224994 0.936505406338833 0.978852846630004 0.851412024122632 0.872426343614676 0.95775882681119 0.978852846630004 0.936425706012061 1 1 0.893998565394118 0.893998565394118 0.915092585212933 0.936106904704976 0.893945431842937 0.936106904704976 0.957254058074971 0.957254058074971 0.978640312425281 0.936106904704976 0.936478839563242 0.873249913657979 0.89410483249648 0.957625992933238 0.936531973114423 0.830530538508541 0.936478839563242 0.957254058074971 1 1 1 1 1 1
0.978666879200871 0.978666879200871 1 1 1 1 0.978746579527643 0.957360325177333 0.957918227464733 1 0.830503971732951 0.978613745649691 1 1 0.936186605031747 0.830318004303818 0.893918865067347 0.978905980181185 0.978613745649691 1 0.809011450280279 0.830371137854999 0.936372572460881 0.978746579527643 0.936611673441195 1 0.9149066177838 -9999 -9999 -9999 0.894025132169709 0.894157966047661 0.830264870752637 0.830371137854999 0.851412024122632 0.91493318455939 0.893918865067347 0.893786031189395 0.95775882681119 0.936425706012061 1 0.893998565394118 0.978640312425281 0.978640312425281 0.957493159055285 0.978640312425281 1 0.978640312425281 0.978640312425281 0.978640312425281 0.978640312425281 0.978640312425281 0.957493159055285 0.830291437528227 0.978640312425281 0.978640312425281 0.978640312425281 0.936478839563242 0.893679764087033 1 1 1 1 1 1 1
0.936160038256157 0.957519725830876 0.978666879200871 0.978666879200871 1 1 0.978746579527643 1 0.978746579527643 0.894264233150023 0.830318004303818 0.978613745649691 0.978613745649691 0.978613745649691 0.957280624850562 0.851571424776175 0.851438590898223 1 0.957599426157647 0.809011450280279 0.809011450280279 0.893786031189395 0.957599426157647 1 0.936266305358519 1 0.936160038256157 -9999 -9999 -9999 0.936160038256157 0.936160038256157 0.85127919024468 0.830264870752637 0.893786031189395 0.893786031189395 1 0.915119151988523 0.95775882681119 0.893786031189395 1 0.978613745649691 1 1 1 0.957254058074971 0.978640312425281 1 0.978640312425281 0.978640312425281 0.978640312425281 0.978640312425281 0.978640312425281 0.978640312425281 0.957493159055285 0.978640312425281 0.936399139236471 0.957493159055285 1 1 1 1 1 1 1 1
0.893839164740576 0.872506043941447 0.936160038256157 0.957519725830876 0.978852846630004 1 1 0.978746579527643 0.957360325177333 0.872585744268218 0.893839164740576 0.978613745649691 0.978613745649691 1 0.957280624850562 0.957519725830876 0.936585106665604 0.957280624850562 0.914986318110571 0.915251985866475 0.851518291224994 0.851624558327356 0.936266305358519 0.957599426157647 0.978852846630004 1 1 0.915092585212933 -9999 0.957493159055285 0.978852846630004 0.978852846630004 0.957307191626152 0.85127919024468 0.936505406338833 1 0.91493318455939 0.872771711697351 0.893786031189395 0.893786031189395 1 0.873037379453256 0.978613745649691 0.914826917457028 0.957254058074971 0.978640312425281 0.978640312425281 1 0.978640312425281 0.978640312425281 0.978640312425281 1 1 1 1 0.978640312425281 0.978640312425281 0.978640312425281 1 1 1 1 1 1 1 1
