data-raw/DATASET_PNE_1/DATASET_PNE/a_DATA/PFGS/ENVSUIT_A1B/HS_f30_H2_dryGrass.asc
NCOLS 619 
NROWS 782 
XLLCORNER 876826 
YLLCORNER 1947424 
CELLSIZE 100 
NODATA_value -9999 
[rows 135 to 161 of 782, columns 305 to 365 of 619]
1 1 1 1 1 1 1 0.898842810475611 0.898842810475611 0.898842810475611 0.898842810475611 0.898842810475611 0.872155473118875 0.980344388461325 0.962072974918332 1 1 1 1 1 1 0.980344388461325 0.840651126737168 0.857925917723271 0.857925917723271 0.851226399424174 0.851226399424174 0.851226399424174 0.851226399424174 0.851226399424174 0.846243286639721 0.972703615525165 0.953933890703726 0.927246553346991 0.946293117767566 0.893139914733403 0.866507945296495 0.839377664581142 0.79347765904435 0.866563313216322 0.846907701677648 0.79347765904435 0.766458114168651 0.78622446154698 0.813188638502851 0.920436299208239 0.78622446154698 0.79347765904435 0.766458114168651 0.78622446154698 0.91960578041083 0.946569957366702 1 0.813133270583024 0.980344388461325 1 0.980344388461325 1 0.973534134322573 1 1
1 1 1 1 1 0.947621947843419 1 1 0.878522783899009 0.878522783899009 0.878522783899009 0.878522783899009 0.94197442002104 1 1 1 1 1 1 1 0.95304800398649 0.95304800398649 0.851226399424174 0.851226399424174 0.723824815901667 0.724323127180112 0.738497314655888 0.846741597918166 0.771385859033276 0.798128564309839 0.786445933226289 0.786058357787498 0.840540390897514 0.820441836000221 0.78622446154698 0.820441836000221 0.920380931288412 0.78622446154698 0.839543768340623 0.946348485687393 0.946348485687393 0.919052101212557 0.839433032500969 0.839433032500969 0.81241348762527 0.973312662643265 0.919882620009966 0.946846796965838 1 0.973534134322573 1 0.866840152815459 1 0.973534134322573 1 1 0.953878522783899 0.973534134322573 1 1 1
1 1 1 1 1 1 1 1 1 1 1 1 1 1 1 1 1 1 1 0.857925917723271 0.803886827971873 0.793422291124522 0.804219035490837 0.74491999335585 0.874037982393001 0.820441836000221 0.793422291124522 0.819722053042467 0.866397209456841 0.840097447538896 0.766458114168651 0.893693593931676 0.893693593931676 0.973534134322573 1 1 1 0.866397209456841 0.866397209456841 0.839377664581142 1 1 1 1 1 0.920104091689275 1 1 1 1 1 1 1 1 1 0.973534134322573 1 0.893195282653231 1 1 1
1 1 1 1 1 1 1 1 1 1 1 1 1 1 1 1 1 1 0.857925917723271 0.738275842976579 0.791982725209014 0.812801063064061 0.846409390399203 0.793422291124522 0.793422291124522 0.785670782348707 0.866120369857704 0.973534134322573 1 0.812358119705443 0.946569957366702 1 1 0.866397209456841 0.759537124190244 0.786002989867671 0.786002989867671 0.759537124190244 0.759537124190244 1 1 1 1 1 1 1 1 1 1 1 1 1 1 1 1 0.91960578041083 1 0.973534134322573 1 1 1
1 1 1 1 1 1 1 1 1 1 1 1 1 1 1 1 1 1 0.851226399424174 0.765240019932451 0.766458114168651 0.846741597918166 0.866674049055977 0.900780687669564 1 1 0.973534134322573 0.973534134322573 0.973534134322573 1 1 0.839377664581142 0.759537124190244 0.759537124190244 1 1 1 1 1 1 1 1 1 1 1 1 1 1 1 1 1 1 1 1 1 0.866729416975804 1 1 1 1 1
1 1 1 1 1 1 1 1 1 1 1 1 1 1 1 1 1 1 0.798073196390012 0.766458114168651 0.786113725707325 0.919882620009966 0.980344388461325 1 1 1 1 1 1 1 0.759537124190244 0.759537124190244 0.813133270583024 0.982725209013897 1 1 1 1 1 1 1 1 1 1 1 1 1 1 1 1 1 1 1 1 0.946846796965838 1 1 1 1 1 1
1 1 0.840651126737168 1 1 1 0.980344388461325 1 1 1 1 1 1 1 1 1 1 0.973589502242401 0.947123636564974 0.81241348762527 0.919052101212557 0.840097447538896 0.786113725707325 0.795858479596922 1 1 1 1 1 1 0.813133270583024 0.982725209013897 0.982725209013897 1 1 1 1 1 1 1 1 1 1 1 1 1 1 1 1 1 1 1 1 1 0.973534134322573 1 1 1 1 1 1
1 1 0.857925917723271 0.878522783899009 1 1 0.980344388461325 1 1 1 1 1 1 1 1 1 0.946293117767566 0.947123636564974 0.920104091689275 0.946569957366702 0.866065001937877 0.759537124190244 0.759537124190244 0.76928187807984 0.956314711256298 0.956314711256298 1 1 1 0.965173578428658 0.982725209013897 0.825092741265711 1 1 1 1 1 1 1 1 1 1 1 1 1 1 1 1 1 1 1 1 1 1 1 1 1 1 1 1 1
1 1 0.871546426000775 0.871546426000775 0.818393222966613 0.851226399424174 0.980344388461325 0.980344388461325 0.857925917723271 0.980344388461325 0.95304800398649 1 1 1 1 0.973589502242401 0.973589502242401 0.766458114168651 1 0.759537124190244 0.786556669065943 0.892863075134267 0.894911688167876 0.982725209013897 0.825092741265711 0.894911688167876 0.878356680139527 0.860805049554288 1 1 0.878356680139527 1 1 1 1 1 1 1 1 1 1 1 1 1 1 1 0.825092741265711 1 1 1 1 1 1 1 1 1 1 1 1 1 1
1 0.980344388461325 0.980344388461325 0.95304800398649 0.919439676651348 0.830629533248436 0.871546426000775 0.857925917723271 0.838713249543215 0.871823265599911 0.786335197386634 0.839377664581142 0.973589502242401 0.973589502242401 0.873207463595593 0.819777420962295 0.900448480150601 1 0.759537124190244 0.786556669065943 0.982725209013897 0.878356680139527 0.825092741265711 0.825092741265711 0.843142683129395 0.789380432977133 0.789380432977133 0.929018326781463 0.824539062067438 0.772382481590167 0.80798405403909 1 1 1 1 1 1 1 1 1 1 1 1 1 1 0.825092741265711 0.825092741265711 1 0.965450418027795 1 1 1 1 1 1 1 1 1 1 1 0.912463318753114
0.980344388461325 0.926360666629755 0.95365705110459 0.926360666629755 0.980344388461325 0.980344388461325 0.980344388461325 0.95304800398649 0.95304800398649 0.873207463595593 0.766458114168651 0.899950168872156 0.873207463595593 0.947123636564974 0.900227008471292 0.919273572891867 0.866397209456841 0.759537124190244 0.866065001937877 0.920325563368584 1 0.982725209013897 0.789380432977133 0.772050274071203 0.807430374840817 0.894579480648912 0.876917114224019 0.824539062067438 0.669287414871823 0.652067991805548 0.669453518631305 1 1 1 1 1 1 1 1 1 0.860196002436188 0.860196002436188 0.965893361386413 1 0.806489120203754 0.738829522174852 0.790986102652123 1 0.825092741265711 1 1 1 1 1 1 1 1 1 1 1 1
0.95365705110459 0.95365705110459 0.946016278168429 0.95365705110459 0.926360666629755 0.980344388461325 0.95365705110459 0.926360666629755 0.95365705110459 0.95365705110459 0.866397209456841 0.946016278168429 0.926360666629755 1 0.866397209456841 0.785836886108189 0.759537124190244 0.786556669065943 1 0.982725209013897 0.877027850063673 0.824539062067438 0.80233652621671 0.852776701179337 0.782736282597863 0.643430596312497 0.505619843862466 0.52366978572615 0.541941199269144 0.578317922595648 0.634239521621173 1 1 0.981396378938043 1 1 0.962626654116605 0.962626654116605 0.962626654116605 0.806323016444272 0.806323016444272 0.806323016444272 0.860196002436188 1 0.806489120203754 0.806489120203754 0.772382481590167 0.825092741265711 0.825092741265711 0.860306738275843 1 1 1 1 1 1 1 1 1 0.981230275178562 0.505619843862466
1 0.946016278168429 0.786113725707325 0.866397209456841 0.95365705110459 0.926360666629755 0.95365705110459 0.95365705110459 1 1 0.89280770721444 0.759537124190244 0.866065001937877 0.759537124190244 0.813133270583024 0.786556669065943 0.982725209013897 0.982725209013897 0.965173578428658 0.843142683129395 0.824539062067438 0.541941199269144 0.518908144621007 0.267205581086319 0.267205581086319 0.308011737999003 0.469353856375616 0.469353856375616 0.52366978572615 0.52366978572615 0.559658933613864 0.559658933613864 0.981230275178562 0.962626654116605 0.891977188417031 0.786999612424561 0.751398039975638 0.750899728697193 0.469353856375616 0.487569901998782 0.505619843862466 0.52366978572615 0.822822656552793 0.559658933613864 0.738829522174852 0.789491168816788 0.806489120203754 0.825092741265711 0.825092741265711 0.860306738275843 1 1 1 1 1 1 1 1 0.497868335086651 0.505619843862466 0.308011737999003
0.946016278168429 0.785836886108189 0.812856430983888 0.759537124190244 0.946569957366702 0.95365705110459 1 0.866397209456841 1 0.946237749847738 0.982725209013897 0.866065001937877 0.866065001937877 0.892641603454958 1 1 0.982725209013897 0.878356680139527 0.825092741265711 0.789380432977133 0.679973423398483 0.469353856375616 0.518908144621007 0.267205581086319 0.267205581086319 0.287414871823266 0.348707159072034 0.469353856375616 0.469353856375616 0.52366978572615 0.52366978572615 0.52366978572615 0.910248601960024 0.750899728697193 0.695919384308731 0.695919384308731 0.308011737999003 0.308011737999003 0.308011737999003 0.308011737999003 0.469353856375616 0.469353856375616 0.52366978572615 0.559658933613864 0.669453518631305 0.806489120203754 0.806489120203754 0.825092741265711 0.825092741265711 1 1 1 1 1 1 1 1 1 0.496982448369415 0.328608604174741 0.267205581086319
0.813133270583024 0.866120369857704 1 0.813133270583024 0.865843530258568 0.946016278168429 0.892863075134267 0.786556669065943 0.919550412491003 0.982725209013897 0.947898787442556 0.892641603454958 0.982725209013897 0.946293117767566 1 0.965173578428658 0.982725209013897 0.825092741265711 0.772382481590167 0.652067991805548 0.487569901998782 0.346437074359116 0.267205581086319 0.24018603621062 0.267205581086319 0.267205581086319 0.348707159072034 0.328608604174741 0.469353856375616 0.4874037982393 0.505619843862466 0.4874037982393 0.469353856375616 0.677537234926084 0.308011737999003 0.267205581086319 0.267205581086319 0.267205581086319 0.267205581086319 0.328608604174741 0.328608604174741 0.573943856929295 0.593433364708488 0.533248435856265 0.738829522174852 0.841703117213886 0.806489120203754 0.825092741265711 0.842755107690604 1 1 1 1 1 1 1 1 0.981230275178562 0.328608604174741 0.457505121532584 0.267205581086319
0.973700238082055 1 1 1 1 0.759537124190244 0.759537124190244 0.839433032500969 0.982725209013897 0.947898787442556 0.860306738275843 0.946293117767566 0.824539062067438 0.824040750788993 0.900725319749737 0.947621947843419 0.982725209013897 0.721499363268922 0.634239521621173 0.52366978572615 0.469353856375616 0.31936216156359 0.267205581086319 0.185925474779913 0.267205581086319 0.267205581086319 0.267205581086319 0.328608604174741 0.469353856375616 0.4874037982393 0.62643264492553 0.659653396821881 0.800066441503793 0.267205581086319 0.267205581086319 0.267205581086319 0.267205581086319 0.267205581086319 0.267205581086319 0.267205581086319 0.348707159072034 0.520956757654615 0.592879685510215 0.533248435856265 0.789491168816788 0.806489120203754 0.806489120203754 0.825092741265711 1 1 1 1 1 1 1 1 1 0.469353856375616 0.387630806710592 0.267205581086319 0.267205581086319
0.982725209013897 1 0.965450418027795 0.982725209013897 1 0.919827252090139 0.893029178893749 0.982725209013897 0.965450418027795 0.860306738275843 0.825092741265711 0.981396378938043 0.807430374840817 0.52366978572615 0.736504069542107 0.824539062067438 0.876141963346437 0.634239521621173 0.559658933613864 0.469353856375616 0.267205581086319 0.31936216156359 0.185925474779913 0.24018603621062 0.267205581086319 0.267205581086319 0.267205581086319 0.469353856375616 0.487569901998782 -9999 -9999 -9999 0.267205581086319 0.267205581086319 0.267205581086319 0.267205581086319 0.24018603621062 0.267205581086319 0.267205581086319 0.267205581086319 0.348707159072034 0.469353856375616 0.52366978572615 0.517191739106362 0.642433973755606 0.772382481590167 0.806489120203754 1 1 1 1 -9999 1 1 1 1 0.505619843862466 0.285034051270694 0.422346492442279 0.267205581086319 0.133436686783678
0.824539062067438 0.843142683129395 0.825092741265711 0.965450418027795 0.982725209013897 1 1 0.965450418027795 0.842755107690604 0.825092741265711 0.806489120203754 0.981396378938043 0.6097115331377 0.469353856375616 0.635014672498754 0.577819611317203 0.668069320635624 0.541941199269144 0.52366978572615 0.308011737999003 0.267205581086319 0.267205581086319 0.079729804551243 0.24018603621062 0.213720170533193 0.267205581086319 0.267205581086319 0.308011737999003 0.469353856375616 -9999 -9999 0.267205581086319 0.267205581086319 0.212889651735784 0.267205581086319 0.160677703338686 0.240739715408892 0.267205581086319 0.267205581086319 0.267205581086319 0.328608604174741 0.469353856375616 0.52366978572615 0.509495598250374 0.581363158186147 0.806489120203754 1 1 1 1 -9999 -9999 1 1 0.981230275178562 0.908255356846243 0.267205581086319 0.422346492442279 0.267205581086319 0.107136924865733 0.267205581086319
0.70400310060351 0.789380432977133 0.825092741265711 0.825092741265711 0.860306738275843 0.878356680139527 0.860306738275843 0.913792148828969 0.825092741265711 0.806489120203754 0.634239521621173 0.836664636509606 0.469353856375616 0.308011737999003 0.487182326559991 0.487569901998782 0.52366978572615 0.469353856375616 0.308011737999003 0.267205581086319 0.267205581086319 0.267205581086319 0.0264104977575992 0.08039421958917 0.267205581086319 0.267205581086319 0.267205581086319 0.267205581086319 0.267205581086319 0.267205581086319 0.267205581086319 0.267205581086319 0.267205581086319 0.18758651237473 0.18758651237473 0.267205581086319 0.267205581086319 0.24018603621062 0.267205581086319 0.308011737999003 0.308011737999003 0.469353856375616 0.52366978572615 0.634239521621173 1 0.806489120203754 1 1 1 -9999 -9999 -9999 1 0.453075687946404 0.469353856375616 0.267205581086319 0.457505121532584 0.267205581086319 0.267205581086319 0.240628979569238 0.240628979569238
0.559658933613864 0.652067991805548 0.70400310060351 0.825092741265711 0.860306738275843 0.825092741265711 0.825092741265711 0.825092741265711 0.806489120203754 0.738829522174852 0.533248435856265 0.523448314046841 0.346437074359116 0.267205581086319 0.267205581086319 0.267205581086319 0.328608604174741 0.267205581086319 0.267205581086319 0.267205581086319 0.212889651735784 0.106970821106251 0.133713526382814 0.0806710591883063 0.267205581086319 0.267205581086319 0.267205581086319 0.240739715408892 0.267205581086319 0.267205581086319 0.267205581086319 0.239909196611483 0.267205581086319 0.18758651237473 0.213941642212502 0.267205581086319 0.24018603621062 0.267205581086319 0.267205581086319 0.308011737999003 0.469353856375616 0.505619843862466 0.981230275178562 1 1 1 1 1 1 -9999 -9999 -9999 0.581086318587011 0.469353856375616 0.509883173689164 0.457505121532584 0.279386523448314 0.258457449753613 0.240628979569238 0.213941642212502 -9999
0.52366978572615 0.575826366203422 0.652067991805548 0.738829522174852 0.806489120203754 0.806489120203754 0.806489120203754 0.738829522174852 0.652067991805548 0.533248435856265 0.505619843862466 0.469353856375616 0.267205581086319 0.267205581086319 0.267205581086319 0.267205581086319 -9999 -9999 0.24018603621062 0.133934998062123 0.0537068822324345 0.213609434693539 0.0801173799900338 0.133713526382814 0.106970821106251 0.213443330934057 0.213443330934057 0.267205581086319 0.267205581086319 0.240739715408892 0.133879630142296 0.186866729416976 0.186866729416976 0.133436686783678 0.16017939206024 0.15979181662145 0.267205581086319 0.267205581086319 0.308011737999003 0.469353856375616 0.469353856375616 0.644648690548696 0.981230275178562 1 1 1 1 1 1 -9999 -9999 -9999 0.523891257405459 0.328608604174741 0.405016333536349 0.267205581086319 0.240628979569238 0.240628979569238 0.0264104977575992 0.0528763634350257 -9999
0.469353856375616 0.521510436852887 0.52366978572615 0.669287414871823 0.738829522174852 0.68667294169758 0.634239521621173 0.562704169204363 0.52366978572615 0.505619843862466 0.308011737999003 0.267205581086319 0.267205581086319 0.212889651735784 0.18697746525663 -9999 -9999 -9999 -9999 0.18697746525663 0.213609434693539 0.213609434693539 0 0.0267427052765628 0.213498698853884 0.213941642212502 0.213941642212502 0.213941642212502 0.213941642212502 0.0537068822324345 0.240628979569238 0.213609434693539 0.16017939206024 0.16017939206024 0.213609434693539 0.267205581086319 0.267205581086319 0.308011737999003 0.308011737999003 0.469353856375616 0.908255356846243 0.944355240573612 0.981230275178562 1 1 1 1 1 0.738829522174852 -9999 -9999 -9999 0.4874037982393 0.308011737999003 0.267205581086319 0.370300647804662 0.240628979569238 0 0.0264104977575992 0.0528763634350257 -9999
0.328608604174741 0.328608604174741 0.469353856375616 0.670394773268368 0.559658933613864 0.541941199269144 0.470793422291125 0.52366978572615 0.469353856375616 0.328608604174741 0.267205581086319 -9999 -9999 0.186423786058358 0.0537068822324345 -9999 -9999 -9999 -9999 0.160456231659377 0.213609434693539 0.053374674713471 0 0.187475776535076 0.0801173799900338 0.187475776535076 0.213941642212502 0.187475776535076 0.240628979569238 0.267205581086319 0.187143569016112 0.080172747909861 0.159902552461104 0.287304135983611 0.267205581086319 0.267205581086319 0.267205581086319 0.308011737999003 0.469353856375616 0.908255356846243 0.908255356846243 0.944355240573612 0.944355240573612 0.981230275178562 1 1 1 1 0.543934444382924 0.533248435856265 -9999 -9999 0.328608604174741 0.267205581086319 0.267205581086319 0.187143569016112 0.240628979569238 0 0 0 -9999
0.267205581086319 0.267205581086319 0.308011737999003 0.469353856375616 0.469353856375616 0.469353856375616 0.328608604174741 0.308011737999003 0.308011737999003 0.267205581086319 0.267205581086319 -9999 -9999 -9999 0.053153203034162 -9999 -9999 -9999 -9999 0.213609434693539 0.133104479264714 0 0 0.213941642212502 0.187475776535076 0.187475776535076 0.187475776535076 0.240628979569238 0.267205581086319 0.187475776535076 0.133824262222468 0.186866729416976 0.267205581086319 0.267205581086319 0.267205581086319 0.267205581086319 0.308011737999003 0.328608604174741 0.908255356846243 0.926305298709928 0.908255356846243 0.926305298709928 0.926305298709928 0.944355240573612 0.926305298709928 0.926305298709928 0.944355240573612 0.505619843862466 0.4874037982393 0.469353856375616 0.308011737999003 0.871878633519739 -9999 0.328165660816123 0.267205581086319 0.106860085266597 0.240628979569238 0 0 0 -9999
0.24018603621062 0.24018603621062 0.267205581086319 0.267205581086319 0.308011737999003 0.267205581086319 0.267205581086319 0.267205581086319 0.267205581086319 -9999 -9999 -9999 -9999 -9999 -9999 -9999 -9999 -9999 -9999 0.133104479264714 0.187143569016112 0 0 0.16017939206024 0.16017939206024 0.213941642212502 0.053374674713471 0 0.213941642212502 0.0264104977575992 0.106749349426942 0.267205581086319 0.267205581086319 0.267205581086319 0.267205581086319 0.267205581086319 0.267205581086319 0.348707159072034 0.908255356846243 0.908255356846243 0.908255356846243 0.908255356846243 0.908255356846243 0.908255356846243 0.908255356846243 0.908255356846243 0.308011737999003 0.308011737999003 0.267205581086319 0.267205581086319 0.267205581086319 -9999 -9999 -9999 -9999 -9999 0.240628979569238 0 0 0 0
0.160013288300759 0.212889651735784 0.240739715408892 0.267205581086319 0.267205581086319 -9999 0.267205581086319 0.267205581086319 0.240739715408892 0.240739715408892 -9999 -9999 -9999 -9999 -9999 -9999 -9999 -9999 -9999 -9999 -9999 0 0 0.159902552461104 0.106417141907979 0.159902552461104 0.053374674713471 0.053374674713471 0.0267427052765628 0.0806710591883063 0.267205581086319 0.267205581086319 0.267205581086319 0.267205581086319 0.267205581086319 0.267205581086319 0.287414871823266 0.889596367864459 0.908255356846243 0.908255356846243 0.908255356846243 0.908255356846243 0.908255356846243 0.678589225402802 0.267205581086319 0.267205581086319 0.267205581086319 0.267205581086319 0.267205581086319 0.267205581086319 0.357510658324567 -9999 -9999 -9999 -9999 -9999 0.0264104977575992 0 0 0 0
0.08039421958917 0.267205581086319 0.240739715408892 0.267205581086319 0.267205581086319 -9999 -9999 0.267205581086319 0.0804495875089973 0.133104479264714 0.0537068822324345 -9999 -9999 -9999 -9999 -9999 -9999 -9999 -9999 0 -9999 0 0.053153203034162 0.053153203034162 0.053153203034162 0.159902552461104 0.0801173799900338 0.240628979569238 0.0537068822324345 0.133879630142296 0.240518243729583 0.240628979569238 0.267205581086319 0.267205581086319 0.604008637395493 0.518520569182216 0.574663639887049 0.712197552737944 0.871878633519739 0.889596367864459 0.871878633519739 0.834726759315653 0.677371131166602 0.267205581086319 0.267205581086319 0.267205581086319 0.267205581086319 0.267205581086319 0.267205581086319 0.213720170533193 -9999 -9999 -9999 -9999 -9999 -9999 -9999 0.0528763634350257 0.0534300426332983 0 0
