data-raw/DATASET_PNE_1/DATASET_PNE/a_DATA/PFGS/ENVSUIT_A1B/HS_f90_C2_VaccUli.asc
NCOLS 619 
NROWS 782 
XLLCORNER 876826 
YLLCORNER 1947424 
CELLSIZE 100 
NODATA_value -9999 
[rows 25 to 49 of 782, columns 228 to 284 of 619]
-9999 -9999 -9999 -9999 -9999 -9999 -9999 -9999 -9999 -9999 -9999 -9999 -9999 -9999 -9999 1 1 1 1 1 1 1 1 1 0.797692424472446 0.797358433277668 0.959860330954911 0.978351298011234 1 1 1 1 1 0.785243661758008 0.785243661758008 1 1 1 0.978351298011234 1 1 0.799817822984667 0.467800212539851 0.42854106573554 0.213693638985881 0.213693638985881 0.213693638985881 0.408987399423106 0.467800212539851 0.700652800971611 0.575011386063458 0.370517686351905 0.509093669348717 0.738849248519812 0.860452406254744 1 1
-9999 -9999 -9999 -9999 -9999 -9999 -9999 -9999 -9999 -9999 -9999 -9999 -9999 1 1 1 1 1 1 1 1 1 0.956945498709579 0.798967663579778 0.8403825717322 0.779110368908456 0.761530286928799 0.939881584940033 0.978351298011234 1 1 1 1 1 0.871018673144072 0.785243661758008 1 1 1 1 0.958919083042356 0.546773948686807 0.408987399423106 0.408987399423106 0.35047821466525 0.0971610748443905 0.213693638985881 0.213693638985881 0.408987399423106 0.507484439046607 0.720206467284044 0.213693638985881 0.509093669348717 0.589403370274784 0.820525277060877 1 1
1 -9999 -9999 -9999 -9999 -9999 -9999 -9999 -9999 -9999 -9999 -9999 -9999 1 1 1 1 1 1 1 1 1 0.734780628510703 0.779110368908456 0.761530286928799 0.761530286928799 0.761530286928799 0.759799605283133 0.773128890238348 1 1 1 1 1 0.978412023683012 0.828146348868984 1 1 1 1 0.919568847730378 0.507484439046607 0.408987399423106 0.408987399423106 0.213693638985881 0 0 0.0393502353119781 0.213693638985881 0.213693638985881 0.567997570973129 0.390071352664339 0.467800212539851 0.697130712008502 0.798876575072112 0.978351298011234 1
-9999 -9999 -9999 -9999 -9999 -9999 -9999 -9999 -9999 -9999 -9999 -9999 1 1 1 1 1 1 1 1 1 1 0.754850463033247 0.739942310611811 0.761530286928799 0.696796720813724 0.761530286928799 0.590071352664339 0.820555639896766 0.939820859268256 1 1 1 1 0.978776377713678 0.849461059662972 1 1 1 1 0.8196447548201 0.467800212539851 0.408987399423106 0.213693638985881 0.213693638985881 0.0196447548201002 0.213693638985881 0.408987399423106 0.467800212539851 0.42854106573554 0.510733262486716 0.487687870047062 0.682556550781843 0.570001518141794 0.630393198724761 0.872172460907849 1
-9999 -9999 -9999 -9999 -9999 -9999 -9999 -9999 -9999 -9999 -9999 1 1 1 1 1 1 1 1 1 1 0.978351298011234 0.797388796113557 0.761530286928799 0.761530286928799 0.696796720813724 0.718293608623045 0.739942310611811 0.739942310611811 0.8403825717322 1 1 1 1 1 0.870866858964627 1 1 1 0.958919083042356 0.568088659480795 0.467800212539851 0.408987399423106 0.271899195384849 0.0196447548201002 0.0196447548201002 0.408987399423106 0.467800212539851 0.612630939729771 0.858084105055412 0.635919234856536 0.194473963868225 0.489114923333839 0.633156216790648 0.654470927584636 0.81587976316988 0.873781691209959
-9999 -9999 -9999 -9999 -9999 -9999 1 1 1 1 1 1 1 1 1 1 1 1 1 1 1 0.91413390010627 0.918779413997267 0.761530286928799 0.655594352512525 0.637710642173979 0.655594352512525 0.677000151814179 0.654167299225748 0.800698345225444 1 1 1 1 0.95718840139669 0.870866858964627 1 1 1 0.8995901017155 0.507484439046607 0.408987399423106 0.234917261272203 0.213693638985881 0.0193107636253226 0.0389555184454228 0.408987399423106 0.52703810535904 0.697312889023835 0.659450432670411 0.759799605283133 0.54859571884014 0.213693638985881 0.489206011841506 0.652983148626082 0.697100349172613 0.739942310611811
-9999 -9999 -9999 -9999 1 1 1 1 1 1 1 1 1 1 1 1 1 1 1 1 0.978685289206012 1 0.979960528313344 0.761530286928799 0.637710642173979 0.400728708061333 0.5402459389707 0.639471686655534 0.526977379687263 0.71844542280249 0.820555639896766 1 1 1 0.849369971155306 0.80646728404433 1 1 1 0.755396994079247 0.467800212539851 0.408987399423106 0.33083345984515 0.213693638985881 0 0.213693638985881 0.408987399423106 0.591498405951116 0.697100349172613 0.594899043570669 0.546773948686807 0.548534993168362 0.552239259146804 0.330803097009261 0.448125094883862 0.52703810535904 0.548717170183695
-9999 -9999 -9999 1 1 1 1 1 1 1 1 1 1 1 1 1 1 -9999 1 1 1 0.957097312889024 1 0.739942310611811 0.528738424168817 0.256231972066191 0.22340974647032 0.483011993320176 0.702444208289054 0.761530286928799 0.757704569606801 1 1 1 1 1 1 1 0.978412023683012 0.546773948686807 0.448216183391529 0.408987399423106 0.369971155305906 0.194382875360559 0 0.213693638985881 0.448216183391529 0.590010626992561 0.694064065583726 0.507241536359496 0.52703810535904 0.52703810535904 0.677577045696068 0.546773948686807 0.568453013511462 0.428571428571429 0.428571428571429
-9999 -9999 -9999 1 1 1 1 1 1 1 1 1 1 1 1 1 1 1 1 1 1 1 1 0.859602246849856 0.761530286928799 0.237012296948535 0.122362228632154 0.522392591468043 0.677000151814179 0.739942310611811 0.780841050554122 1 1 1 1 1 1 0.978412023683012 0.817883710338546 0.467800212539851 0.408987399423106 0.389160467587673 0.252588431759526 0 0.213693638985881 0.389160467587673 0.467800212539851 0.756975861545468 0.796326096857446 0.52703810535904 0.632245331713982 0.779353271595567 0.918566874146045 0.647426749658418 0.713708820403826 0.613086382268104 0.594716866555336
-9999 -9999 -9999 -9999 1 1 1 1 1 1 1 1 1 1 1 1 1 1 1 0.978594200698345 1 0.957097312889024 1 0.86136329133141 0.739942310611811 0.235008349779869 0.24117200546531 0.4597540610293 0.659359344162745 0.761530286928799 0.800698345225444 1 1 1 1 1 1 0.978412023683012 0.546773948686807 0.448216183391529 0.408987399423106 0.35047821466525 0.213693638985881 0 0.33083345984515 0.408987399423106 0.546773948686807 0.756975861545468 0.609321390617884 0.739851222104145 0.716198572946713 1 0.913830271747381 1 0.896978897829057 0.71871868832549 0.740306664642478
-9999 -9999 -9999 -9999 1 1 1 1 1 1 1 1 -9999 1 1 1 1 1 1 1 1 0.957279489904357 1 0.739942310611811 0.739942310611811 0.430302110217094 0.273903142553515 0.476605434947624 0.661059662972522 0.739942310611811 0.800698345225444 1 1 1 1 1 1 0.978412023683012 0.546773948686807 0.408987399423106 0.33083345984515 0.213693638985881 0 0.194048884165781 0.408987399423106 0.467800212539851 0.738575982996812 0.756975861545468 0.653894033702748 0.779019280400789 0.900045544253833 1 1 1 0.895339304691058 0.761530286928799 0.741794443601032
-9999 -9999 -9999 1 1 1 1 1 1 1 1 1 1 1 1 1 1 1 1 1 1 0.936997115530591 0.979960528313344 0.739942310611811 0.739942310611811 0.549962046455139 0.213693638985881 0.430302110217094 0.600151814179444 0.761530286928799 0.900227721269167 1 1 1 1 1 1 0.853742219523304 0.467800212539851 0.408987399423106 0.213693638985881 0.213693638985881 0 0.369971155305906 0.408987399423106 0.507484439046607 0.799605283133445 0.632822225595871 0.675056930317292 0.716198572946713 0.900045544253833 1 0.958494003339912 1 0.978685289206012 0.757492029755579 0.616365568544102
-9999 -9999 -9999 1 1 1 1 1 1 1 1 1 1 1 1 1 1 1 1 1 1 1 0.979960528313344 0.761530286928799 0.739942310611811 0.528738424168817 0.155427356915136 0.448216183391529 0.573402155761348 0.761530286928799 1 1 1 1 1 1 0.978412023683012 0.546773948686807 0.42854106573554 0.408987399423106 0.234917261272203 0 0.194048884165781 0.389160467587673 0.408987399423106 0.697312889023835 0.718536511310156 0.52703810535904 0.718202520115379 0.816729922574769 1 1 0.960103233642022 0.978351298011234 0.978685289206012 0.818794595415212 0.660877485957188
-9999 -9999 -9999 1 1 1 1 1 1 1 1 1 1 1 1 1 1 1 1 1 1 1 0.940579930165477 0.761530286928799 0.653772582359192 0.490754516471838 0.0196447548201002 0.489114923333839 0.720145741612267 0.800698345225444 1 1 1 0.980142705328678 1 1 0.978412023683012 0.527220282374374 0.408987399423106 0.33083345984515 0.215211780780325 0 0.213693638985881 0.408987399423106 0.448125094883862 0.779778351298011 0.741794443601032 0.507241536359496 0.69664490663428 0.860057689388189 1 1 0.960103233642022 1 1 0.798906937908001 0.660877485957188
-9999 -9999 1 1 1 1 1 1 1 1 1 1 1 1 1 1 1 1 1 1 0.959921056626689 0.979960528313344 0.759799605283133 0.632275694549871 0.610869895248216 0.369667526947017 0.0196447548201002 0.594504326704114 0.71871868832549 0.960467587672689 1 1 0.980142705328678 0.980142705328678 1 0.978412023683012 0.586458175193563 0.448216183391529 0.408987399423106 0.311036890845605 0.0390162441172005 0 0.213693638985881 0.408987399423106 0.448125094883862 0.799605283133445 0.677303780173068 0.507241536359496 0.716198572946713 0.979899802641567 1 1 1 1 1 0.959921056626689 0.614361621375436
1 1 1 1 1 1 1 1 1 1 1 1 1 1 1 1 1 1 1 1 0.900227721269167 0.940579930165477 0.739942310611811 0.610869895248216 0.571519659936238 0.0196447548201002 0.193988158494003 0.700561712463944 0.761530286928799 1 1 1 0.980142705328678 1 1 0.978412023683012 0.546773948686807 0.408987399423106 0.408987399423106 0.175375740094125 0 0 0.408987399423106 0.408987399423106 0.550265674814028 0.799605283133445 0.52703810535904 0.548443904660695 0.757006224381357 1 1 1 0.95667223318658 1 1 0.959921056626689 0.657233945650524
1 -9999 -9999 1 1 1 1 1 1 1 1 1 1 1 1 1 1 1 1 1 0.960467587672689 0.841323819644755 0.546773948686807 0.568331562167906 0.42854106573554 0.0196447548201002 0.408987399423106 0.761530286928799 0.761530286928799 1 1 1 0.840230757552755 0.9203279186276 1 0.935448610900258 0.467800212539851 0.408987399423106 0.233156216790648 0.280006072567178 0 0 0.408987399423106 0.408987399423106 0.654045847882192 0.739942310611811 0.507241536359496 0.632245331713982 0.838378624563534 1 1 0.935296796720814 0.958494003339912 1 0.978685289206012 0.940063761955367 0.657233945650524
1 1 1 1 1 1 1 1 1 1 1 1 1 1 1 1 1 1 1 0.960467587672689 0.901168969181722 0.718323971458934 0.550296037649916 0.448216183391529 0.408987399423106 0.0196447548201002 0.530408380142705 0.761530286928799 0.761530286928799 1 1 0.980142705328678 0.737877637771368 0.979960528313344 0.978412023683012 0.566600880522241 0.408987399423106 0.430211021709428 0.332260513131927 0.234917261272203 0 0.369971155305906 0.408987399423106 0.448125094883862 0.778381660847123 0.761530286928799 0.511067253681494 0.713921360255048 0.960103233642022 1 1 0.978776377713678 1 1 1 0.920024290268711 0.634006376195537
1 1 1 1 1 1 1 1 1 1 1 1 1 1 1 0.935357522392591 1 1 0.979960528313344 0.940579930165477 0.71871868832549 0.489114923333839 0.411021709427661 0.448216183391529 0.0389555184454228 0.408987399423106 0.550144223470472 0.761530286928799 0.761530286928799 1 1 0.761530286928799 0.780841050554122 1 0.792075299833004 0.527220282374374 0.430211021709428 0.391194777592227 0.234917261272203 0.0645513890997419 0.234917261272203 0.408987399423106 0.408987399423106 0.487687870047062 0.839744952178533 0.697312889023835 0.549870957947472 0.776863519052679 1 1 1 0.914224988613936 1 1 1 0.712403218460604 0.692545923789282
1 1 1 1 1 1 1 1 1 1 1 1 1 0.935630787915591 1 1 1 1 0.979960528313344 0.757249127068468 0.761530286928799 0.313101563686048 0.448216183391529 0.408987399423106 0.0196447548201002 0.430393198724761 0.568088659480795 0.761530286928799 0.800698345225444 1 0.920267192955822 0.780841050554122 1 0.978412023683012 0.546773948686807 0.448216183391529 0.451859723698193 0.352057082131471 0.0212236222863215 0.219250037953545 0.408987399423106 0.408987399423106 0.408987399423106 0.758129649309245 0.899013207833612 0.654228024897525 0.632245331713982 0.838408987399423 1 1 1 0.95718840139669 1 1 1 0.836921208440868 0.712403218460604
1 1 1 1 1 1 1 1 1 1 1 1 0.978412023683012 1 1 1 1 1 0.979960528313344 0.761530286928799 0.741733717929254 0.449855776529528 0.430302110217094 0.213693638985881 0.0409594656140884 0.252952785790193 0.568088659480795 0.841323819644755 0.840534385911644 1 0.761530286928799 0.820555639896766 1 0.77200546531046 0.507332624867163 0.430211021709428 0.451859723698193 0.256565963260969 0 0.271899195384849 0.408987399423106 0.408987399423106 0.467800212539851 0.879702444208289 0.800819796568999 0.654015485046303 0.713921360255048 0.960103233642022 1 1 1 0.935873690602702 1 1 1 0.898709579474723 0.733960831941703
1 1 1 1 1 1 1 1 1 1 0.956854410201913 1 0.935357522392591 1 1 1 1 1 0.900500986792166 0.739942310611811 0.509002580841051 0.273903142553515 0.252588431759526 0.213693638985881 0.0581751935630788 0.213693638985881 0.546773948686807 0.940579930165477 0.940367390314255 0.979899802641567 0.700318809776833 0.900500986792166 0.978412023683012 0.546773948686807 0.449764688021861 0.451859723698193 0.256565963260969 0.0645513890997419 0.299559738879611 0.408987399423106 0.408987399423106 0.408987399423106 0.695642933049947 0.900500986792166 0.759708516775467 0.777045696068013 0.900045544253833 1 1 0.956702596022468 0.956702596022468 0.892667375132837 1 1 1 1 0.840230757552755
1 1 1 1 1 1 1 1 1 1 1 1 1 1 1 1 1 0.800698345225444 0.819735843327767 0.589312281767117 0.549962046455139 0.408987399423106 0.408987399423106 0.213693638985881 0.0409594656140884 0.213693638985881 0.695157127675725 1 0.979960528313344 0.800698345225444 0.721997874601488 0.978412023683012 0.851373918323971 0.507332624867163 0.430211021709428 0.451859723698193 0.141733717929255 0.240898739942311 0.369971155305906 0.408987399423106 0.408987399423106 0.487687870047062 0.799605283133445 0.900500986792166 0.729649309245483 0.900045544253833 1 1 0.956702596022468 0.978381660847123 1 0.914224988613936 1 1 1 0.980142705328678 0.840291483224533
1 1 1 1 1 1 1 1 1 1 0.89233338393806 1 1 1 1 0.979960528313344 0.940579930165477 0.695521481706391 0.761530286928799 0.571367845756794 0.546773948686807 0.42854106573554 0.33083345984515 0.38949445878245 0.116714741156824 0.213693638985881 0.610718081068772 1 1 0.739851222104145 0.761530286928799 0.978412023683012 0.546773948686807 0.46943980567785 0.494853499316836 0.451859723698193 0 0.213693638985881 0.369971155305906 0.408987399423106 0.408987399423106 0.654045847882192 0.900500986792166 0.880431152269622 0.757006224381357 0.980142705328678 1 1 0.956702596022468 0.956702596022468 0.870988310308183 1 1 1 1 0.95855472901169 0.860330954911189
1 1 1 1 1 1 1 0.95718840139669 1 0.978351298011234 1 1 1 0.880248975254289 0.761530286928799 0.761530286928799 0.761530286928799 0.720145741612267 0.531956884773038 0.467800212539851 0.546773948686807 0.42854106573554 0.272385000759071 0.213693638985881 0.0393502353119781 0.408987399423106 0.632214968878093 0.918991953848489 1 0.65356004250797 0.878913010475178 0.872870806133293 0.528556247153484 0.430211021709428 0.473538788522848 0.279914984059511 0.258266282070745 0.234917261272203 0.408987399423106 0.408987399423106 0.467800212539851 0.718536511310156 0.858873538788523 0.568179747988462 0.796872627903446 1 1 1 1 0.935357522392591 0.914255351449825 1 1 1 1 0.960103233642022 0.980142705328678
