data-raw/DATASET_PNE_1/DATASET_PNE/a_DATA/PFGS/ENVSUIT_A1B/HS_f45_H1_alpines.asc
NCOLS 619 
NROWS 782 
XLLCORNER 876826 
YLLCORNER 1947424 
CELLSIZE 100 
NODATA_value -9999 
[rows 540 to 566 of 782, columns 480 to 539 of 619]
1 1 1 1 0.989037543535233 1 1 1 0.990188449621201 0.990188449621201 0.862782329320908 0.862782329320908 0.961027204990387 0.950151056051254 0.939188599586487 0.950151056051254 0.762508988380432 0.950151056051254 0.822687387466431 0.970867514610291 0.990188449621201 0.913825362920761 0.892029911279678 0.989037543535233 1 1 1 1 1 -9999 -9999 -9999 -9999 0.907524108886719 0.872593879699707 0.873903036117554 0.824183583259583 0.667357221245766 0.715638041496277 0.764292895793915 0.647575885057449 0.961199820041656 0.961199820041656 0.598906628787518 0.627852112054825 0.529751114547253 0.728298082947731 0.739188611507416 0.531434327363968 0.5 0.5 0.5 0.694475620985031 0.557934109121561 0.5 0.5 0.674794986844063 0.519148323684931 0.5 0.412631273269653
1 1 1 1 1 1 1 1 0.970867514610291 0.961027204990387 0.939188599586487 0.843446999788284 0.94897136092186 0.743001013994217 0.723550572991371 0.694245427846909 0.694245427846909 0.752870082855225 0.577168755233288 0.961027204990387 0.990188449621201 0.924730241298676 0.893209606409073 1 1 1 1 1 1 1 -9999 -9999 -9999 -9999 0.863904476165771 0.872593879699707 0.872593879699707 0.822687387466431 0.832470148801804 0.970838725566864 1 1 1 0.961199820041656 0.637936994433403 0.706502661108971 0.747777298092842 0.72713278234005 0.521867357194424 0.510919292457402 0.567644946277142 0.557934109121561 0.5 0.5 0.5 0.5 0.5 0.478161424398422 0.401769518852234 0.43445548415184
1 1 1 1 1 1 1 1 0.990188449621201 0.961027204990387 0.990188449621201 0.970838725566864 0.782347857952118 0.743044167757034 0.684390738606453 0.567515462636948 0.5 0.5 0.548151344060898 0.713882893323898 0.970867514610291 0.872637033462524 0.853042721748352 1 1 1 1 1 1 1 1 1 0.98912388086319 -9999 0.873730391263962 0.959905058145523 1 1 1 1 1 0.98057833313942 1 0.980679035186768 0.694346129894257 0.567630559206009 0.750050365924835 0.72713278234005 0.748885050415993 0.58088044822216 0.510919292457402 0.412674427032471 0.467242121696472 0.5 0.5 0.5 0.478161424398422 0.401769518852234 0.401769518852234 0.5
1 1 1 0.978103876113892 1 1 1 1 1 0.990188449621201 0.854308724403381 0.813005328178406 0.897266566753387 0.784520208835602 0.548151344060898 0.5 0.5 0.5 0.5 0.5 0.970838725566864 0.863832533359528 0.874751836061478 1 1 1 1 1 1 1 1 1 0.978161424398422 0.98912388086319 0.913810968399048 0.967299669981003 1 1 1 1 1 1 0.980679035186768 0.970838725566864 0.807337075471878 0.519220255315304 0.696806222200394 0.5 0.510919292457402 0.5 0.5 0.510919292457402 0.5 0.401769518852234 0.5 0.5 0.489037543535233 0.510861746966839 0.510861746966839 0.616256654262543
1 1 1 0.989037543535233 1 1 1 1 1 1 0.990188449621201 0.803366422653198 0.58683642745018 0.713710263371468 0.5 0.5 0.5 0.5 0.5 0.5 0.5 0.783800899982452 0.854308724403381 0.990188449621201 0.990188449621201 1 1 1 1 1 1 1 1 0.98912388086319 0.957473754882812 0.945461094379425 1 1 1 1 1 1 1 1 0.970838725566864 0.832585245370865 0.715479791164398 0.637491002678871 0.569500789046288 0.569500789046288 0.5 0.759818732738495 0.56885340064764 0.510919292457402 0.5 0.521781038492918 0.510919292457402 0.558034814894199 0.655732989311218 0.834786355495453
1 1 1 1 1 0.990188449621201 0.990188449621201 1 1 1 0.990188449621201 0.842094659805298 0.758754134178162 0.5 0.5 0.5 0.5 0.5 0.5 0.5 0.5 0.567587397992611 0.803366422653198 0.842094659805298 0.990188449621201 0.990188449621201 0.934541791677475 1 1 1 1 1 1 1 0.98912388086319 0.978161424398422 0.935520082712173 0.97925478219986 1 1 1 1 1 1 0.949129611253738 0.894418060779572 0.861732125282288 0.895799160003662 0.961199820041656 0.961199820041656 0.961199820041656 0.929693579673767 0.738066464662552 0.577585957944393 0.519536757841706 0.538584377616644 0.558034814894199 0.78417494893074 0.928571432828903 0.917695283889771
1 1 1 1 0.990188449621201 0.990188449621201 0.990188449621201 0.990188449621201 1 1 0.913882881402969 0.990188449621201 0.803366422653198 0.557934109121561 0.5 0.5 0.5 0.5 0.5 0.5 0.5 0.5 0.635750249028206 0.588318228721619 0.929506540298462 1 0.957488119602203 0.957473754882812 1 1 1 1 1 1 1 0.98912388086319 0.96728527545929 0.913854122161865 0.902891665697098 0.902819752693176 0.902819752693176 0.978103876113892 1 1 0.912631273269653 0.989066332578659 1 0.990418642759323 0.970838725566864 0.970838725566864 0.888433307409286 0.928571432828903 0.886045187711716 0.792979419231415 0.774636745452881 0.795209318399429 0.906732857227325 0.939447551965714 0.990418642759323 0.969774127006531
1 1 1 1 0.990188449621201 0.895655304193497 0.990188449621201 0.990188449621201 0.990188449621201 1 0.939231753349304 0.990188449621201 0.83245575428009 0.587109766900539 0.5 0.5 0.5 0.5 0.665055394172668 0.5 0.5 0.478031933307648 0.5 0.5 0.548180118203163 0.959962606430054 0.990188449621201 0.91376781463623 0.934498637914658 1 1 1 1 1 1 1 0.956351608037949 1 1 0.934541791677475 1 0.94659760594368 0.934426695108414 0.945446699857712 0.96728527545929 0.945302844047546 1 0.989066332578659 0.91631418466568 0.970838725566864 0.825348883867264 0.961199820041656 0.961199820041656 0.98057833313942 0.98057833313942 0.98057833313942 1 1 1 1
1 1 0.979384273290634 0.990188449621201 0.851920574903488 0.863976418972015 0.990188449621201 0.990188449621201 0.990188449621201 0.990188449621201 0.959933817386627 0.990188449621201 0.83245575428009 0.56752984970808 0.5 0.5 0.456207752227783 0.5 0.68470723927021 0.694475620985031 0.5 0.5 0.467198967933655 0.478190183639526 0.5 0.568680763244629 0.887066602706909 0.961027204990387 0.902819752693176 0.946712702512741 1 1 1 1 1 0.988979995250702 1 1 1 1 1 1 1 1 0.978161424398422 0.967213332653046 0.945302844047546 0.923579335212708 0.901769518852234 0.883469998836517 0.894446849822998 0.970838725566864 0.970838725566864 0.970838725566864 0.98057833313942 1 1 1 1 1
1 1 0.979269176721573 0.916342973709106 0.842094659805298 0.939174205064774 1 0.990188449621201 0.990188449621201 0.990188449621201 0.924830973148346 0.917450726032257 0.842094659805298 0.557747088372707 0.5 0.5 0.478075087070465 0.5 0.567644946277142 0.596791826188564 0.5 0.5 0.390893399715424 0.467357218265533 0.518126901239157 0.538584377616644 0.528830384835601 0.859185725450516 0.842094659805298 0.891943603754044 0.98912388086319 1 1 -9999 -9999 -9999 1 1 1 1 1 1 1 1 1 1 1 0.989037543535233 0.912717580795288 0.903049916028976 0.938195943832397 0.990418642759323 1 1 1 1 1 1 1 0.967357218265533
1 0.98912388086319 0.980448842048645 0.851920574903488 0.961027204990387 0.916256666183472 1 0.980679035186768 0.928384393453598 0.970867514610291 0.852956414222717 0.928269326686859 0.813005328178406 0.538598760962486 0.5 0.5 0.467357218265533 0.5 0.5 0.5 0.5 0.5 0.489037543535233 0.390893399715424 0.423680037260056 0.537275224924088 0.5 0.5 0.763890087604523 0.842094659805298 0.891957998275757 0.968378663063049 0.98912388086319 -9999 -9999 -9999 -9999 -9999 1 1 1 1 1 0.989037543535233 1 1 1 1 1 0.901769518852234 0.905337363481522 1 1 1 1 1 1 1 0.945288449525833 0.912717580795288
1 1 0.970867514610291 0.842094659805298 0.961027204990387 0.934570550918579 0.989138245582581 0.978276520967484 0.813163578510284 0.961027204990387 0.83245575428009 0.919680625200272 0.645230904221535 0.538598760962486 0.5 0.5 0.5 0.478175789117813 0.5 0.5 0.5 0.5 0.470838725566864 0.469716578722 0.390893399715424 0.390893399715424 0.463530417531729 0.5 0.548151344060898 0.822687387466431 0.851920574903488 0.87365847826004 0.902819752693176 -9999 -9999 -9999 -9999 -9999 -9999 1 1 1 1 1 1 1 1 1 0.98912388086319 0.967227727174759 0.901769518852234 1 1 0.890893399715424 0.912444263696671 0.912717580795288 0.956423550844193 0.98912388086319 0.989066332578659 0.901769518852234
1 1 0.961027204990387 0.854164868593216 0.804373472929001 0.916227877140045 0.905481219291687 0.9054956138134 0.895554602146149 0.822989493608475 0.665026620030403 0.625794842839241 0.6944180727005 0.538598760962486 0.5 0.5 0.5 0.5 0.5 0.5 0.490418642759323 0.470838725566864 0.470838725566864 0.461027204990387 0.274823755025864 0.351920574903488 0.412731975317001 0.467328429222107 0.5 0.548151344060898 0.822687387466431 0.83245575428009 0.842094659805298 -9999 -9999 -9999 -9999 -9999 -9999 1 1 1 1 1 1 1 1 1 1 0.978190183639526 0.923435479402542 1 0.956207752227783 0.923579335212708 1 1 1 1 1 1
1 0.907567262649536 0.852898865938187 0.823061436414719 0.539764061570168 0.509581355378032 0.785656750202179 0.805423676967621 0.856783211231232 0.827247887849808 0.753071486949921 0.588318228721619 0.753071486949921 0.625852391123772 0.5 0.5 0.5 0.5 0.5 0.5 0.470838725566864 0.470838725566864 0.451028615236282 0.461027204990387 0.441432893276215 0.205495610833168 0.351920574903488 0.390893399715424 0.456423550844193 0.5 0.5 0.548151344060898 0.647446408867836 -9999 -9999 -9999 -9999 -9999 -9999 -9999 1 1 1 0.967184573411942 0.98908069729805 1 1 1 1 1 0.967227727174759 0.967227727174759 1 0.978118270635605 1 1 1 1 0.978118270635605 1
0.843360662460327 0.83245575428009 0.686865195631981 0.655143141746521 0.510904905386269 0.5 0.5 0.521852970123291 0.5 0.548151344060898 0.5 0.538584377616644 0.5 0.674679905176163 0.5 0.5 0.5 0.5 0.5 0.489037543535233 0.470838725566864 0.470838725566864 0.441101998090744 0.441101998090744 0.461027204990387 0.21074666082859 0.13798014819622 0.33245575428009 0.381081849336624 0.434484243392944 0.5 0.5 0.5 -9999 -9999 -9999 -9999 -9999 -9999 0.923737585544586 1 0.912717580795288 0.967227727174759 1 0.945288449525833 1 1 1 1 1 0.912717580795288 1 0.956279665231705 1 1 1 1 1 1 1
0.747993096709251 0.557747088372707 0.548151344060898 0.591957993805408 0.5 0.5 0.5 0.5 0.478218972682953 0.5 0.489138245582581 0.5 0.538584377616644 0.674622356891632 0.5 0.5 0.5 0.5 0.5 0.5 0.439303696155548 0.461027204990387 0.441101998090744 0.362422674894333 0.440512150526047 0.324241101741791 0.0605236664414406 0.205768957734108 0.314242541790009 0.351920574903488 0.412717580795288 0.48912388086319 0.5 -9999 -9999 -9999 -9999 -9999 0.97820457816124 0.97931233048439 1 0.945446699857712 0.912717580795288 0.91376781463623 0.901769518852234 0.934584945440292 0.98912388086319 0.912717580795288 1 1 0.923737585544586 1 1 1 1 1 1 1 1 1
0.553316067904234 0.5 0.510933678597212 0.5 0.5 0.5 0.5 0.467227727174759 0.423665672540665 0.401855856180191 0.456294059753418 0.5 0.518126901239157 0.510933678597212 0.55908502265811 0.5 0.5 0.5 0.5 0.489037543535233 0.479456186294556 0.410962462425232 0.37305423617363 0.220860302448273 0.392317652702332 0.419709384441376 0.470838725566864 0.0932096093893051 0.00959574151784182 0.25438067317009 0.324039697647095 0.37365847826004 0.46728527545929 0.489095091819763 0.586980290710926 0.854351878166199 0.874780595302582 0.913724631071091 0.895511448383331 0.928298085927963 0.924571990966797 0.924787789583206 0.87365847826004 0.863832533359528 0.906531423330307 0.946511298418045 0.934484243392944 0.924571990966797 0.935591995716095 0.935591995716095 0.946511298418045 0.945302844047546 1 1 1 1 1 1 1 1
0.5 0.5 0.5 0.5 0.5 0.5 0.5 0.5 0.272622644901276 0.263947635889053 0.342152208089828 0.351920574903488 0.401855856180191 0.434484243392944 0.478233337402344 0.456265270709991 0.5 0.5 0.5 0.5 0.489037543535233 0.459876269102097 0.390461802482605 0.160955265164375 0.284131765365601 0.341303408145905 0.260912090539932 0.205322980880737 0.0218241978436708 0 0.0967918261885643 0.303366422653198 0.343331903219223 0.412573724985123 0.548151344060898 0.664997845888138 0.83245575428009 0.83245575428009 0.855445265769958 0.876118540763855 0.854351878166199 0.876118540763855 0.822687387466431 0.834843903779984 0.83245575428009 0.907524108886719 0.912631273269653 0.918443381786346 0.898029059171677 0.898029059171677 0.89671990275383 0.892188161611557 0.923737585544586 0.967227727174759 0.945518642663956 0.912717580795288 0.923435479402542 0.890893399715424 0.901769518852234 0.912717580795288
0.5 0.48908069729805 0.5 0.5 0.5 0.489037543535233 0.470910668373108 0.278233349323273 0.101640053093433 0.171817004680634 0.0712990909814835 0.0520644523203373 0.219551146030426 0.313134789466858 0.313134789466858 0.313134789466858 0.351920574903488 0.401755154132843 0.390893399715424 0.342152208089828 0.459876269102097 0.42061573266983 0.341404110193253 0.102632716298103 0.0860307887196541 0.206430733203888 0.129621639847755 0.0942022725939751 0.129477769136429 0.0216659475117922 0 0.0869802907109261 0.15508559346199 0.313134789466858 0.451373908668756 0.548151344060898 0.657229170203209 0.548151344060898 0.538584377616644 0.548151344060898 0.657229170203209 0.647446408867836 0.627679467201233 0.666292622685432 0.666752979159355 0.823996543884277 0.872608244419098 0.855488419532776 0.75443822145462 0.695540204644203 0.764292895793915 0.812918990850449 0.865271180868149 0.917421966791153 0.923651278018951 0.872608244419098 0.872608244419098 0.872608244419098 0.89457631111145 0.934656888246536
0.434441089630127 0.46734282374382 0.434469848871231 0.434469848871231 0.361804068088531 0.381427139043808 0.342094659805298 0.122097536921501 0.00959574151784182 0.00959574151784182 0.00959574151784182 0 0.0313336215913296 0.1282117664814 0.147676587104797 0.225895553827286 0.20407135784626 0.20407135784626 0.194475620985031 0.194475620985031 0.184620916843414 0.0967918261885643 0 0 0.021709106862545 0.119838871061802 0.0435908511281013 0.0422673001885414 0.0967918261885643 0 0 0 0.0967918261885643 -9999 -9999 -9999 0.5 0.5 0.5 0.5 0.478190183639526 0.5 0.5 0.5 0.538584377616644 0.646799027919769 0.618616029620171 0.617652133107185 0.538584377616644 0.5 0.548151344060898 0.557934109121561 0.763976395130157 0.8531434237957 0.862969368696213 0.862969368696213 0.803323268890381 0.813091635704041 0.84226730465889 0.8531434237957
0.203510284423828 0.312142133712769 0.269630283117294 0.192590996623039 0.162206873297691 0.134239673614502 0.0859588533639908 0.0108042005449533 0 0 0 0 0 0 0 0 0 0 0 0.0109049053862691 0.0109624518081546 0 0.00962451472878456 0.00962451472878456 0 0 0 0 0 0 0 0 0 -9999 -9999 -9999 0.401769518852234 0.401769518852234 0.401769518852234 0.401769518852234 0.402920454740524 0.391957998275757 0.391957998275757 0.401769518852234 0.401769518852234 0.482750684022903 0.5 0.5 0.401769518852234 0.445461094379425 0.423636883497238 0.401769518852234 0.527852118015289 0.578535459935665 0.558912385255098 0.645950227975845 0.548151344060898 0.528959861025214 0.587685227394104 0.734570562839508
0.0642209723591805 0.129535317420959 0.118529707193375 0.0675154626369476 0 0 0 0 0 0 0 0 0 0 0.0435764640569687 0.0108617469668388 0.0218241978436708 0 0 0 0 0 0 0 0 0 0 0 0 0 0 0 -9999 -9999 -9999 -9999 0.303366422653198 0.304387867450714 0.303366422653198 0.29343980550766 0.29343980550766 0.303366422653198 0.303366422653198 0.365213632583618 0.363832533359528 0.33245575428009 0.402920454740524 0.33245575428009 0.33245575428009 0.35419362783432 0.35419362783432 0.313134789466858 0.33245575428009 0.371299088001251 0.547216221690178 0.479110933840275 0.445417910814285 0.423435479402542 0.456308454275131 0.519378507509828
0 0 0 0 0 0 0 0 0 0 0 0 0 0 0 0 0 0 0 0 0 0 0 0 0 0 0 0 0 0 0 0 -9999 -9999 -9999 -9999 0.0675154626369476 0.057862177491188 0 0 0 0.0385843776166439 0.0869802907109261 0.155287012457848 0.303366422653198 0.303366422653198 0.293770670890808 0.293770670890808 0.303366422653198 0.225118681788445 0.17631995677948 0.0967918261885643 0.214990645647049 0.303366422653198 0.313134789466858 0.365156084299088 0.424759030342102 0.412789523601532 0.478132635354996 0.5
0 0 0 0 0 0 0 0 0 0 0 0 0 0 0 0 0 0 0 0 0 0 0 0 0 0 0 0 0 0 0 0 -9999 -9999 -9999 -9999 0 0 0 0 0 0 0.0219105165451765 0 0.194475620985031 0.0967918261885643 0.0675154626369476 0.028859157115221 0.00958135537803173 0.0385843776166439 0 0 0.0385843776166439 0.0967918261885643 0.215407848358154 0.33245575428009 0.342094659805298 0.391957998275757 0.391957998275757 0.424759030342102
0 0 0 0 0 0 0 0 0 0 0 0 0 0 0 0 0 0 0 0 0 0 0 0 0 0 0 0 0 0 0 0 -9999 -9999 -9999 -9999 0 0 0 0 0 0 0 0 0 0.0219105165451765 0.0765501335263252 0.0438498072326183 0.0110199972987175 0 0 0.0547547116875648 0.0547547116875648 0 0.00958135537803173 0.136685371398926 0.283714562654495 0.33245575428009 0.33245575428009 0.342281699180603
0 0 0 0 0 0 0 0 0 0 0 0 0 0 0 0 0 0 0 0 0 0 0 0 0 0 0 0 0 0 0 0 0 0 -9999 0 0 0 0 0 0 0 0 0 0 0 0 0 0 0 0.0328298099339008 0 0 0.0328298099339008 0.0655732974410057 0.0437203273177147 0.0481513440608978 0.107653573155403 0.157042145729065 0.234858289361
0.0482376627624035 0 0 0 0 0 0 0 0 0 0 0 0 0 0 0 0 0 0 0 0 0 0 0 0 0 0 0 0 0 0 0 0 0 0 0 0 0 0 0 0 0 0 0 0 0 0 0 0 0 0 0 0 0 0.065558910369873 0.0547547116875648 0.028859157115221 0.0546683929860592 0.0328010357916355 0.0989929512143135
