data-raw/DATASET_PNE_1/DATASET_PNE/a_DATA/PFGS/ENVSUIT_A1B/HS_f0_H5_poorGrass.asc
NCOLS 619 
NROWS 782 
XLLCORNER 876826 
YLLCORNER 1947424 
CELLSIZE 100 
NODATA_value -9999 
[rows 644 to 671 of 782, columns 455 to 519 of 619]
0.835726083089823 0.835726083089823 0.775441494092237 0.825562190318892 0.765277601321306 0.672913225765468 0.581565239486723 0.581565239486723 0.581565239486723 0.888133655189938 0.918561809172913 0.876953373141913 0.602655316986406 0.969127175708296 0.724939651886673 0.907254478465252 1 1 1 1 1 1 1 1 1 1 1 1 1 1 1 1 1 1 1 1 1 1 1 1 0.969571846017025 1 1 1 1 1 1 1 1 1 1 1 1 1 1 1 1 1 1 1 1 1 1 1 1
0.805488502096303 0.775441494092237 0.835726083089823 0.835726083089823 0.765277601321306 0.765277601321306 0.703722525727354 0.642230974463219 0.581565239486723 0.826959725574895 0.918561809172913 0.75492313556092 1 1 1 0.694702070893152 1 1 1 1 1 1 1 1 1 1 1 1 1 1 1 1 1 1 1 1 1 1 1 1 1 1 1 1 1 1 1 1 1 1 1 1 0.938699021725321 1 1 1 1 1 1 1 1 1 1 1 1
0.6830771185364 0.62215728624063 0.805424977766485 0.835726083089823 0.805679075085758 0.855863295642231 0.795324609325372 0.703976623046627 0.714394613136832 0.77645788336933 0.918561809172913 0.908652013721255 0.938699021725321 0.969127175708296 1 1 0.9084614407318 1 1 1 1 1 1 1 1 1 1 1 1 1 1 1 1 1 1 1 1 1 1 1 1 1 1 1 1 1 1 1 1 1 1 1 1 1 1 1 1 1 1 0.847859230085123 0.96976241900648 1 1 1 0.816859357133782
0.683585313174946 0.774425104815144 0.805424977766485 0.835726083089823 0.835726083089823 0.835726083089823 0.805679075085758 0.765277601321306 0.611993393469699 0.807330707661034 0.8373777156651 1 1 0.938699021725321 0.938699021725321 1 0.694702070893152 0.969698894676661 1 1 1 1 1 1 1 1 1 1 1 1 1 1 1 1 1 1 1 1 1 1 1 1 1 1 1 1 1 1 1 1 0.908652013721255 0.938699021725321 0.908652013721255 0.908652013721255 1 1 1 1 1 0.939270740693686 0.939270740693686 1 1 1 1
0.68231482657858 0.744123999491805 0.774361580485326 0.713822894168467 0.835726083089823 0.835726083089823 0.835726083089823 0.765277601321306 0.795070512006098 0.786240630161352 0.724749078897218 1 1 1 0.908652013721255 0.969127175708296 0.969127175708296 0.694702070893152 0.907889721763435 1 1 1 1 1 1 1 1 1 1 1 1 1 1 1 1 1 1 1 1 1 1 1 1 0.938444924406048 1 1 0.938699021725321 1 1 0.908652013721255 1 0.908652013721255 0.878350908397916 0.969127175708296 1 1 1 1 1 1 1 1 1 1 1
0.713124126540465 0.713124126540465 0.713822894168467 0.805424977766485 0.805424977766485 0.835726083089823 0.96976241900648 0.909414305679075 0.817431076102147 0.694702070893152 0.847668657095668 0.786050057171897 0.939080167704231 1 1 0.938699021725321 0.938699021725321 1 0.694702070893152 0.694702070893152 0.969698894676661 1 1 1 1 1 1 1 1 1 1 1 1 1 1 1 1 1 1 1 1 1 0.847287511116758 1 0.907635624444162 1 1 1 1 0.969127175708296 0.908652013721255 0.878350908397916 0.878414432727735 0.938889594714776 1 1 1 1 1 1 1 1 1 1 1
0.591729132257655 0.71331469952992 0.744123999491805 0.805424977766485 0.805424977766485 0.816605259814509 0.96976241900648 0.96976241900648 0.847859230085123 0.847287511116758 0.725511370855037 0.786050057171897 0.939080167704231 1 0.908652013721255 0.938699021725321 0.908652013721255 0.908652013721255 0.969127175708296 1 0.694702070893152 0.694702070893152 1 1 1 1 1 1 1 1 1 1 1 1 1 1 1 1 1 1 1 0.968936602718841 0.755431330199466 0.969127175708296 0.969127175708296 0.969127175708296 1 1 1 0.847287511116758 0.847287511116758 0.847287511116758 0.96976241900648 0.969127175708296 1 1 1 1 1 1 1 1 1 1 1
0.591729132257655 0.653030110532334 0.774933299453691 0.774933299453691 0.835726083089823 0.939270740693686 0.96976241900648 0.939270740693686 0.725701943844492 0.939461313683141 0.938826070384957 0.786558251810443 0.847668657095668 1 1 1 0.938699021725321 0.908652013721255 0.908652013721255 0.938699021725321 1 0.969127175708296 0.724939651886673 0.694702070893152 0.724939651886673 0.724939651886673 0.694702070893152 0.724939651886673 1 1 1 1 1 1 1 1 1 1 1 1 1 0.908270867742345 0.969127175708296 0.969127175708296 0.969127175708296 0.908652013721255 1 1 1 1 0.877969762419006 0.847287511116758 1 1 0.96976241900648 0.939270740693686 0.969508321687206 1 1 1 1 1 1 1 0.938953119044594
0.600431965442765 0.653030110532334 0.805424977766485 0.805424977766485 0.96976241900648 1 0.846906365137848 0.939270740693686 0.96976241900648 0.878160335408462 0.725511370855037 0.756511243806378 0.817176978782874 0.908016770423072 1 1 1 1 1 0.938699021725321 0.908652013721255 0.969127175708296 0.969127175708296 0.969127175708296 1 0.847605132765849 0.939651886672596 0.785668911192987 0.725003176216491 0.694702070893152 1 1 1 1 1 0.754986659890738 0.694702070893152 1 1 1 1 0.969127175708296 1 1 1 1 1 0.969127175708296 1 1 1 1 1 1 1 1 1 1 1 1 1 1 1 1 0.969952991995935
0.600431965442765 0.622220810570449 0.653538305170881 0.713822894168467 0.96976241900648 0.939270740693686 0.963028840045738 0.969508321687206 0.96976241900648 0.756130097827468 0.694702070893152 0.725511370855037 0.725701943844492 0.724749078897218 0.877969762419006 0.938889594714776 1 1 1 1 0.908652013721255 0.938699021725321 0.938699021725321 0.969127175708296 0.908652013721255 0.908652013721255 0.908652013721255 1 0.908652013721255 1 0.724939651886673 0.694702070893152 0.694702070893152 0.724939651886673 0.878096811078643 0.877270994791005 0.847795705755304 0.755431330199466 1 1 1 1 0.908652013721255 0.908652013721255 1 1 1 0.847223986786939 1 1 1 1 1 1 1 1 1 1 1 1 1 1 1 1 1
0.549421928598653 0.530428153982975 0.713124126540465 1 0.96976241900648 0.939270740693686 0.630606022106467 0.939270740693686 0.939270740693686 0.817240503112692 0.816224113835599 0.694702070893152 0.817176978782874 0.694702070893152 0.694702070893152 0.694702070893152 0.725130224876128 0.877969762419006 1 1 0.938699021725321 0.938699021725321 1 1 1 1 0.938699021725321 0.938699021725321 0.908652013721255 0.938699021725321 1 1 1 1 1 0.969127175708296 0.938699021725321 1 0.938699021725321 0.938699021725321 1 0.969127175708296 0.969127175708296 0.847605132765849 0.939080167704231 1 1 0.96976241900648 0.847478084106213 0.96976241900648 0.939270740693686 0.96976241900648 0.96976241900648 0.969508321687206 1 1 1 1 1 1 1 1 1 1 1
0.550057171896836 0.694702070893152 1 0.969508321687206 0.908207343412527 0.939270740693686 0.921483928344556 0.939270740693686 0.939270740693686 0.939270740693686 0.908397916401982 0.725701943844492 0.694702070893152 0.756511243806378 0.847478084106213 0.724939651886673 0.756130097827468 0.847478084106213 0.939080167704231 1 0.968936602718841 1 1 1 1 1 1 0.938699021725321 0.938699021725321 1 1 1 1 0.969127175708296 0.908652013721255 0.938699021725321 0.969127175708296 0.969127175708296 0.938699021725321 0.908652013721255 0.908652013721255 1 0.816668784144327 0.755748951848558 0.816668784144327 0.909414305679075 0.969698894676661 0.847287511116758 0.96976241900648 0.939270740693686 0.96976241900648 1 1 1 0.969508321687206 1 1 1 1 1 1 1 1 1 1
0.518993774615678 0.694702070893152 1 1 0.908207343412527 0.939270740693686 0.816605259814509 0.939270740693686 0.939270740693686 0.939270740693686 0.939270740693686 0.939270740693686 0.90922373268962 0.786621776140262 0.756511243806378 0.694702070893152 0.694702070893152 0.756511243806378 0.756511243806378 1 0.969952991995935 0.847478084106213 0.908588489391437 0.877588616440097 0.908652013721255 0.847351035446576 0.908652013721255 0.816287638165417 0.908652013721255 0.938699021725321 0.938699021725321 0.938699021725321 1 1 1 1 1 1 1 0.939524838012959 0.969127175708296 0.817049930123237 1 0.908588489391437 0.939270740693686 1 1 0.847859230085123 0.817431076102147 1 1 1 1 1 1 1 1 1 1 1 0.908143819082709 0.877270994791005 0.969952991995935 0.908652013721255 0.908207343412527
0.579913606911447 0.519374920594588 0.846969889467666 1 0.938444924406048 0.969508321687206 1 1 0.969508321687206 0.877334519120823 0.939270740693686 0.939270740693686 0.939270740693686 0.848049803074578 0.909414305679075 0.878922627366281 0.878922627366281 0.756511243806378 0.907762673103799 0.908652013721255 0.847478084106213 0.847478084106213 0.847478084106213 0.756003049167831 0.725511370855037 0.817049930123237 0.817431076102147 0.786050057171897 0.725193749205946 0.816287638165417 0.847351035446576 0.908652013721255 0.938699021725321 0.908652013721255 1 1 0.939080167704231 0.817176978782874 0.817176978782874 0.938889594714776 0.908779062380892 0.817049930123237 0.847922754414941 0.96976241900648 1 0.96976241900648 0.969508321687206 1 0.756384195146741 0.756384195146741 1 1 1 1 1 1 1 1 1 1 0.939207216363867 0.847223986786939 0.908652013721255 0.939715411002414 0.878160335408462
0.640642866217761 0.488502096302884 0.694702070893152 1 0.969508321687206 0.969508321687206 0.938444924406048 0.969508321687206 1 0.939270740693686 0.939270740693686 0.939270740693686 0.939270740693686 0.939270740693686 0.939270740693686 0.939270740693686 0.939270740693686 0.96976241900648 0.96976241900648 0.969698894676661 0.908207343412527 0.847287511116758 0.756511243806378 0.725511370855037 0.756511243806378 0.725511370855037 0.725511370855037 0.725511370855037 0.725511370855037 0.786240630161352 0.786240630161352 0.816287638165417 0.786240630161352 0.817049930123237 0.908016770423072 0.817240503112692 0.908016770423072 0.908652013721255 0.847732181425486 0.817049930123237 0.786558251810443 0.817431076102147 0.878160335408462 1 1 1 1 1 0.939651886672596 0.725574895184856 1 1 1 1 1 1 1 1 1 1 1 0.755939524838013 0.878160335408462 0.908207343412527 0.939270740693686
0.888705374158303 0.518993774615678 0.50984627112184 1 0.969508321687206 0.908397916401982 0.786558251810443 0.847033413797484 0.96976241900648 0.908207343412527 1 0.877334519120823 0.877334519120823 0.96976241900648 0.939270740693686 0.96976241900648 0.96976241900648 0.96976241900648 0.96976241900648 0.96976241900648 0.969698894676661 0.969698894676661 0.847859230085123 0.725701943844492 0.786939397789353 0.908207343412527 0.847859230085123 0.786558251810443 0.817431076102147 0.786558251810443 0.847287511116758 0.786558251810443 0.877715665099733 0.816287638165417 0.786240630161352 0.786558251810443 0.756511243806378 0.694702070893152 0.847287511116758 0.786939397789353 1 0.908969635370347 0.939270740693686 1 1 1 1 1 0.908588489391437 1 0.725574895184856 1 1 1 1 1 1 1 1 0.968936602718841 0.968936602718841 0.725130224876128 0.878160335408462 0.90884258671071 0.969952991995935
0.888705374158303 1 0.540337949434634 0.530428153982975 0.939651886672596 0.816986405793419 0.786558251810443 0.908397916401982 0.938444924406048 0.847033413797484 0.908207343412527 0.939270740693686 0.969508321687206 0.908207343412527 0.785795959852624 0.877334519120823 0.939270740693686 0.939270740693686 1 0.96976241900648 0.939270740693686 0.939270740693686 0.878160335408462 0.756130097827468 0.848049803074578 0.939270740693686 0.847859230085123 0.939270740693686 0.847859230085123 0.847859230085123 0.96976241900648 0.939270740693686 0.96976241900648 0.969698894676661 0.847859230085123 0.817431076102147 0.908652013721255 0.847859230085123 0.939270740693686 0.939270740693686 0.939270740693686 0.877906238089188 0.939270740693686 0.96976241900648 1 1 1 1 0.725574895184856 0.939715411002414 0.968936602718841 0.877588616440097 1 1 1 1 1 0.968936602718841 0.968936602718841 0.968936602718841 0.785478338203532 0.725130224876128 0.846969889467666 0.87784271375937 0.87784271375937
0.766166941938763 1 0.50984627112184 0.694702070893152 0.969952991995935 0.786558251810443 0.786558251810443 0.786558251810443 0.786558251810443 0.908207343412527 1 0.713822894168467 0.969508321687206 0.877398043450642 0.847033413797484 0.938444924406048 0.938444924406048 0.938444924406048 1 1 1 0.96976241900648 1 0.908397916401982 0.908397916401982 0.939270740693686 0.939270740693686 0.939270740693686 0.939270740693686 0.939270740693686 0.939270740693686 1 0.96976241900648 0.939270740693686 0.939270740693686 0.939270740693686 0.96976241900648 0.939270740693686 0.939270740693686 0.939270740693686 0.939270740693686 0.939270740693686 0.939270740693686 0.969508321687206 1 1 1 0.725574895184856 0.725574895184856 0.969190700038115 1 1 1 1 1 1 0.846525219158938 0.968936602718841 0.90808029475289 0.96976241900648 0.878033286748825 0.908906111040529 0.87784271375937 0.88654554694448 0.795134036335917
0.684474653792403 0.641405158175581 0.50984627112184 0.816668784144327 0.786939397789353 0.786558251810443 0.816986405793419 0.938444924406048 0.816986405793419 0.938444924406048 0.969508321687206 0.938444924406048 0.847033413797484 0.847033413797484 0.877334519120823 0.938444924406048 0.979862787447592 0.881082454580104 1 1 1 1 0.844746537924025 1 1 0.969508321687206 0.969508321687206 0.969508321687206 0.939270740693686 1 0.969508321687206 0.939270740693686 0.96976241900648 0.96976241900648 0.939270740693686 0.939270740693686 0.96976241900648 0.939270740693686 0.939270740693686 0.939270740693686 0.939270740693686 0.939270740693686 1 1 1 1 0.907635624444162 0.847541608436031 0.969190700038115 0.725130224876128 1 1 1 0.907127429805616 1 0.969190700038115 0.878033286748825 0.846969889467666 0.939715411002414 0.938699021725321 1 0.917799517215093 0.947592427899886 0.82562571464871 0.82562571464871
0.670689874221827 0.488502096302884 0.725130224876128 0.694702070893152 0.817240503112692 1 0.877270994791005 0.877270994791005 1 1 0.805424977766485 0.814381908270868 0.816605259814509 0.938444924406048 0.786558251810443 1 0.881082454580104 0.881082454580104 0.939270740693686 0.939270740693686 1 0.882162368187016 0.897916401981959 1 1 1 0.939270740693686 0.939270740693686 0.939270740693686 1 1 0.939270740693686 1 1 0.969508321687206 0.969508321687206 0.96976241900648 1 0.96976241900648 0.939270740693686 0.939270740693686 1 1 1 0.969508321687206 1 0.756003049167831 0.938127302756956 1 0.878795578706645 0.938063778427138 0.847478084106213 1 1 1 1 1 0.908906111040529 0.938699021725321 0.724749078897218 0.8873078389023 0.856498538940414 0.764134163384576 0.79462584169737 0.673357896074196
0.549421928598653 0.725130224876128 0.725130224876128 0.755939524838013 0.694702070893152 1 1 1 1 0.968936602718841 1 0.824101130733071 0.908397916401982 0.908397916401982 0.908397916401982 0.816605259814509 0.938444924406048 0.877334519120823 0.939270740693686 0.939270740693686 0.979862787447592 0.630606022106467 0.704294244695718 1 0.939270740693686 0.939270740693686 0.877334519120823 0.816605259814509 0.816605259814509 0.847033413797484 0.969508321687206 0.847033413797484 0.969508321687206 1 1 1 1 1 0.96976241900648 1 1 1 0.969508321687206 1 1 1 0.756003049167831 0.969190700038115 1 0.87784271375937 0.878160335408462 0.908652013721255 0.938699021725321 1 1 1 0.939143692034049 0.969952991995935 0.87784271375937 0.90808029475289 0.764134163384576 0.764134163384576 0.917608944225638 0.764134163384576 0.764134163384576
0.938699021725321 0.816986405793419 0.715093380764833 0.939461313683141 0.694702070893152 0.725130224876128 1 0.753080929996189 0.60062253843222 1 0.908143819082709 0.786558251810443 0.786558251810443 0.786558251810443 0.908397916401982 0.938444924406048 0.969508321687206 0.939270740693686 0.939270740693686 0.908397916401982 0.939588362342777 0.667767755050184 0.802884004573752 1 1 0.846525219158938 0.816605259814509 0.908207343412527 0.938444924406048 1 0.969508321687206 0.816605259814509 0.816224113835599 0.938444924406048 0.877270994791005 0.969508321687206 0.938444924406048 0.908143819082709 1 0.969508321687206 1 1 0.969508321687206 1 1 1 1 0.786494727480625 1 0.938699021725321 0.725130224876128 0.87784271375937 1 1 1 1 1 0.84684284080803 0.703786050057172 0.703786050057172 0.764134163384576 0.764134163384576 0.764134163384576 0.764134163384576 0.856689111929869
0.959344428916275 0.78706644644899 0.787002922119172 0.78668530047008 0.87784271375937 0.549803074577563 0.560856307965951 1 1 1 0.816986405793419 0.786558251810443 0.786558251810443 0.786558251810443 0.908397916401982 0.908207343412527 1 0.96976241900648 0.939270740693686 0.908397916401982 1 0.939270740693686 1 0.969508321687206 1 0.969508321687206 0.816224113835599 0.877398043450642 0.938444924406048 0.877398043450642 0.841062126794562 0.816605259814509 0.877906238089188 1 1 0.969508321687206 1 1 0.908207343412527 1 1 1 1 1 1 1 0.968936602718841 0.907889721763435 1 0.878033286748825 0.816922881463601 0.87784271375937 0.816351162495236 0.978655825181044 0.978655825181044 0.79462584169737 0.725130224876128 0.725130224876128 0.703786050057172 0.703786050057172 0.764134163384576 0.734087155380511 0.82562571464871 0.855672722652776 0.866980053360437
0.959344428916275 0.817367551772329 0.817875746410875 0.878795578706645 0.939080167704231 0.786431203150807 0.908016770423072 0.939080167704231 1 0.969952991995935 0.816986405793419 0.786558251810443 0.786558251810443 0.816605259814509 0.908207343412527 0.939270740693686 1 0.969508321687206 0.908397916401982 0.960043196544277 0.881082454580104 1 0.96976241900648 0.939270740693686 0.969508321687206 0.969508321687206 1 0.786177105831533 1 0.724749078897218 1 0.968936602718841 1 1 1 1 1 1 1 0.756003049167831 0.756003049167831 1 1 1 1 1 1 0.530428153982975 0.530428153982975 0.978655825181044 0.947655952229704 0.845381781222208 0.774043958836234 0.764832931012578 0.744251048151442 0.652394867234151 0.74431457248126 0.713251175200102 0.66338457629272 0.764134163384576 0.79462584169737 0.68269597255749 0.774107483166053 0.79500698767628 0.938254351416593
0.959344428916275 0.899059839918689 1 0.672214458137467 0.610341760894423 0.51893025028586 0.530428153982975 0.652267818574514 1 0.878350908397916 0.816986405793419 0.786558251810443 0.847033413797484 1 1 0.969508321687206 1 1 1 1 1 1 1 0.969508321687206 0.877334519120823 0.877906238089188 0.969508321687206 0.969508321687206 1 1 1 1 1 1 1 0.968936602718841 0.591347986278745 0.530428153982975 1 0.530428153982975 0.530428153982975 0.530428153982975 0.725574895184856 1 1 0.938889594714776 0.816986405793419 0.560919832295769 0.50908397916402 0.579913606911447 0.978655825181044 0.764642358023123 0.683204167196036 0.713251175200102 0.713251175200102 0.743552280523441 0.804662685808665 0.938254351416593 0.938254351416593 0.907762673103799 0.938254351416593 0.938254351416593 0.897217634353958 0.876127556854275 0.876127556854275
0.731736755177233 0.959344428916275 0.640261720238851 1 0.549421928598653 0.549803074577563 0.591347986278745 0.539512133146995 0.805424977766485 0.805424977766485 0.744886291449625 0.814381908270868 1 0.714648710456105 0.835726083089823 1 0.938444924406048 0.969508321687206 0.938444924406048 0.969508321687206 0.881082454580104 1 0.939270740693686 0.877334519120823 0.816605259814509 0.877334519120823 0.969508321687206 0.847033413797484 1 1 0.968936602718841 0.877969762419006 0.847668657095668 0.938127302756956 0.530428153982975 0.938127302756956 0.591347986278745 0.560919832295769 0.530428153982975 0.530428153982975 0.530428153982975 0.530428153982975 0.50908397916402 0.816287638165417 0.756003049167831 0.755431330199466 1 1 0.51854910430695 0.488502096302884 0.622411383559903 0.622411383559903 0.612501588108246 0.683204167196036 0.713251175200102 0.897154110024139 0.876064032524457 0.876064032524457 0.876064032524457 0.876064032524457 0.876064032524457 0.803963918180663 0.834455596493457 -9999 -9999
0.731736755177233 0.671071020200737 0.610214712234786 1 0.755621903188921 0.969952991995935 0.560856307965951 0.569559141151061 0.652776013213061 0.774933299453691 0.758544022360564 0.758544022360564 0.847033413797484 0.713822894168467 0.835726083089823 0.814381908270868 0.814381908270868 0.805424977766485 0.847033413797484 0.881082454580104 0.862660398932791 0.969508321687206 0.908207343412527 0.847033413797484 0.938444924406048 0.939270740693686 0.939270740693686 0.938444924406048 0.816986405793419 0.968936602718841 1 0.938889594714776 0.878033286748825 0.591347986278745 0.530428153982975 0.530428153982975 0.530428153982975 0.560919832295769 0.560919832295769 0.560475161987041 0.549040782619743 0.549040782619743 0.549040782619743 0.488502096302884 0.51854910430695 1 1 0.958073942319909 0.488502096302884 0.488502096302884 0.488502096302884 0.622411383559903 0.622347859230085 0.683204167196036 0.744759242789989 0.775060348113327 0.876064032524457 0.876064032524457 0.876064032524457 0.876064032524457 0.834455596493457 0.834455596493457 -9999 -9999 -9999
0.702007368822259 0.51854910430695 0.959344428916275 0.70499301232372 0.755621903188921 0.725130224876128 0.90884258671071 0.725130224876128 1 0.847033413797484 0.847033413797484 0.847033413797484 0.786558251810443 1 0.938444924406048 0.805424977766485 0.744886291449625 0.835726083089823 0.805679075085758 0.939270740693686 0.939270740693686 1 0.969508321687206 0.938444924406048 0.922754414940922 0.805424977766485 0.835726083089823 0.816605259814509 1 1 0.90960487866853 1 0.939143692034049 0.530428153982975 0.591347986278745 0.622220810570449 0.652267818574514 0.591347986278745 0.530428153982975 0.549040782619743 0.670689874221827 0.670689874221827 0.488502096302884 0.640642866217761 0.549421928598653 0.609897090585694 0.609897090585694 0.938254351416593 0.488502096302884 0.488502096302884 0.488502096302884 0.713251175200102 0.753525600304917 0.814572481260323 0.876064032524457 0.876064032524457 0.876064032524457 0.834455596493457 0.488502096302884 0.834455596493457 0.834455596493457 -9999 -9999 -9999 -9999
