data-raw/DATASET_PNE_1/DATASET_PNE/a_DATA/PFGS/ENVSUIT_A1B/HS_f60_H9_NardStri.asc
NCOLS 619 
NROWS 782 
XLLCORNER 876826 
YLLCORNER 1947424 
CELLSIZE 100 
NODATA_value -9999 
[rows 377 to 405 of 782, columns 462 to 527 of 619]
1 1 1 1 1 1 1 1 1 0.888327064191897 0.8722328420793 0.776160818893754 0.776160818893754 0.776160818893754 0.737775174199914 0.737775174199914 0.576432139113276 0.498427576000493 0.442652771782697 0.441758648331997 0.440278719861873 0.325029290250971 0.24764136400074 0.190139976567799 0 0 0 0 0.0188382561509527 0.190139976567799 0 0 0 0 0 0.056668927668496 0.190139976567799 0.0188690879940803 0.478787691928224 0.383147314546464 0.190139976567799 0 0 0 0 0 0 0 0 0 0 0 0 0 0 0 0 0 0 0 0 0 0 0 0 0
1 1 1 1 1 1 1 1 0.910587654930012 0.782758833323056 0.798668064376889 0.776160818893754 0.776160818893754 0.798421409631868 0.776160818893754 0.718381944872665 0.535980760929888 0.498427576000493 0.640562372818647 0.497379293334156 0.497379293334156 0.325029290250971 0.037707344145033 0 0 0 0 0.209039896405007 0.209039896405007 0.0188382561509527 0 0 0 0 0.152093482148363 -9999 -9999 0.363723253376087 0.267003761484862 0.402386384658075 0.228217302830363 0.0188382561509527 0 0 0 0 0 0 0 0 0 0 0 0 0 0 0 0 0 0 0 0 0 0 0 0
1 1 1 1 1 0.977400258987482 1 0.910125177283098 0.865634827649997 0.910772645988777 0.887895418388111 0.843312573225627 0.865603995806869 0.776160818893754 0.776160818893754 0.718381944872665 0.677838071159894 0.698310414996609 0.718381944872665 0.63772584325091 0.497379293334156 0 0 0 0 0.0188382561509527 0.209039896405007 0.209039896405007 0.209039896405007 0 0 0 0 0.0378306715175433 -9999 -9999 -9999 -9999 -9999 0.266849602269224 0.325029290250971 0.363723253376087 0.0188382561509527 0 0 0 0 0 0 0 0 0 0 0 0 0 0 0 0 0 0 0 0 0 0 0
1 1 1 1 0.977492754516865 1 1 0.865419004748104 0.842911759264969 0.955078004563113 0.932879077511254 0.977801072948141 0.776160818893754 0.798421409631868 0.776160818893754 0.718381944872665 0.657643213911328 0.596996978479373 0.718381944872665 0.617253499414195 0.344360855891965 0 0 0 0.209039896405007 0.343682555343158 0.209039896405007 0.209039896405007 0.190139976567799 0 0 0 0.113954492199544 -9999 0.286119504223962 0.480668434359006 0.600172658321515 0.779028180304619 0.677098106924832 0.515847567367577 0.478787691928224 0.45970278103225 0.344391687735093 0.0188382561509527 0 0 0 0 0.0188382561509527 0 0 0 0 0 0 0 0 0 0 0 0 0 0 0 0 0
1 1 1 1 1 1 0.910186840969353 0.865419004748104 0.954769686131837 0.932570759079978 0.82071283221311 0.910186840969353 0.820928655115003 0.820620336683727 0.776160818893754 0.718381944872665 0.55623728186471 0.535980760929888 0.598785225380773 0.537953998890054 0.24764136400074 0 0 0.190139976567799 0.30566689276685 0.343682555343158 0.209039896405007 0.113677005611395 0 0 0 0.0948387494604428 0.32543010421163 0.502589874822717 0.540667201085281 0.718381944872665 0.756767589566504 0.756767589566504 0.716470370598754 0.515847567367577 0.497379293334156 0.478787691928224 0.45970278103225 0.0382006536350743 0.0948695813035703 0.132792748350496 0.0188382561509527 0 0 0 0 0 0 0 0 0 0 0 0 0 0 0 0 0 0 0
1 1 1 1 1 1 0.977400258987482 0.865419004748104 0.977369427144355 0.910649318616267 0.776160818893754 0.888049577603749 0.820620336683727 0.955232163778751 0.718381944872665 0.697940432879078 0.478294382438182 0.363723253376087 0.344391687735093 0.478787691928224 0.478787691928224 0.190139976567799 0 0.209039896405007 0.401677252266141 0.325029290250971 0.132792748350496 0 0 0 0.0948387494604428 0.403557994696923 0.444132700252821 0.502589874822717 0.756767589566504 0.779028180304619 0.756767589566504 0.759850773879263 0.656625763088117 0.515847567367577 0.497379293334156 0.478787691928224 0.362644138866622 0.266664611210458 -9999 0.325214281309737 0.325214281309737 0.267312079916137 0 0 0.0188382561509527 0 0 0 0 0 0 0 0 0 0 0 0 0 0 0
1 1 1 1 1 1 1 1 1 1 0.932262440648702 0.955078004563113 0.887494604427453 0.843250909539372 0.699297033976691 0.479835974594561 0.458870321267805 0.382376518468274 0.578528704445952 0.617253499414195 0.515847567367577 0.325029290250971 0.0188382561509527 0.228217302830363 0.325029290250971 0.325029290250971 0.113677005611395 0.190139976567799 0.190139976567799 0.171116729358081 0.403557994696923 0.505025590429796 0.544089535672442 0.718381944872665 0.82071283221311 0.756767589566504 0.779028180304619 0.762933958192021 0.656625763088117 0.515847567367577 0.497379293334156 0.515847567367577 0.497379293334156 0.497379293334156 -9999 0.478787691928224 0.440802861195042 0.325214281309737 0.0188382561509527 0 0.0188382561509527 0 0 0 0 0 0 0 0.0188382561509527 0 0 0 0 0 0 0
1 1 1 1 0.977400258987482 1 1 0.977369427144355 1 1 0.776160818893754 0.865542332120614 0.843250909539372 0.718381944872665 0.699297033976691 0.516895850033915 0.535980760929888 0.515847567367577 0.718381944872665 0.700406980329284 0.617253499414195 0.440278719861873 0.209039896405007 0.209039896405007 0.209039896405007 0.0757538385644694 0.190139976567799 0.344360855891965 0.30566689276685 0.382838996115188 0.464389221187643 0.584725904914596 0.760035764938028 0.776160818893754 0.756767589566504 0.776160818893754 0.756767589566504 0.779028180304619 0.716470370598754 0.515847567367577 0.515847567367577 0.535055805636061 0.515847567367577 0.497379293334156 0.478787691928224 0.460134426836036 0.267312079916137 0.209502374051921 0.0188382561509527 0 0.0188382561509527 0.0188382561509527 0.0188382561509527 0.0188382561509527 0 0.0188382561509527 0.0188382561509527 0.0188382561509527 0.0188382561509527 0.0188382561509527 0 0 0 0 0 0.0188382561509527
1 1 1 0.977400258987482 1 1 0.977369427144355 0.955324659308133 0.932262440648702 0.776160818893754 0.776160818893754 0.776160818893754 0.718381944872665 0.699297033976691 0.577511253622742 0.535980760929888 0.515847567367577 0.556422272923475 0.718381944872665 0.718381944872665 0.617253499414195 0.515847567367577 0.420916322377752 0.344360855891965 0.325029290250971 0.113677005611395 0.344360855891965 0.440278719861873 0.458870321267805 0.442652771782697 0.604797434790652 0.699297033976691 0.776160818893754 0.737775174199914 0.798421409631868 0.776160818893754 0.756767589566504 0.756767589566504 0.756767589566504 0.656625763088117 0.477276931614972 0.515847567367577 0.515847567367577 0.515847567367577 0.497379293334156 0.460134426836036 0.228864771536042 0.1331318986249 0.0188382561509527 0 0.0188382561509527 0.0188382561509527 0.0188382561509527 0.0188382561509527 0.0188382561509527 0.0188382561509527 0.0188382561509527 0.0188382561509527 0.0188382561509527 0.0188382561509527 0 0 0 0 0.0188382561509527 0.0188382561509527
0.977739409261886 1 1 1 1 1 0.798668064376889 0.776160818893754 0.887895418388111 0.776160818893754 0.776160818893754 0.718381944872665 0.718381944872665 0.718381944872665 0.718381944872665 0.718381944872665 0.656533267558735 0.656625763088117 0.756767589566504 0.716347043226244 0.657889868656348 0.717364494049454 0.617253499414195 0.600758463340939 0.497379293334156 0.497379293334156 0.497379293334156 0.497379293334156 0.538940617870136 0.604797434790652 0.623450699882839 0.737775174199914 0.776160818893754 0.776160818893754 0.776160818893754 0.798421409631868 0.718381944872665 0.756767589566504 0.756767589566504 0.756767589566504 0.656625763088117 0.515847567367577 0.515847567367577 0.515847567367577 0.497379293334156 0.497379293334156 0.497379293334156 0.478787691928224 0.228864771536042 0.0188382561509527 0.0188382561509527 0.0188382561509527 0.0188382561509527 0.0188382561509527 0.0188382561509527 0.0188382561509527 0.0188382561509527 0.0188382561509527 0.0188382561509527 0.0188382561509527 0 0 0.0188382561509527 0 0 0.0188382561509527
0.954769686131837 1 1 1 1 0.977369427144355 0.8432817413825 0.82071283221311 0.865573163963742 0.910525991243757 0.776160818893754 0.718381944872665 0.776160818893754 0.776160818893754 0.776160818893754 0.776160818893754 0.756767589566504 0.756767589566504 0.756767589566504 0.716347043226244 0.636461737682679 0.756767589566504 0.737590183141148 0.718381944872665 0.458870321267805 0.598785225380773 0.657643213911328 0.518684096935315 0.679225504100635 0.604797434790652 0.67993463649257 0.798421409631868 0.798421409631868 0.820620336683727 0.718381944872665 0.756767589566504 0.718381944872665 0.718381944872665 0.718381944872665 0.759850773879263 0.756767589566504 0.716470370598754 0.637417524819634 0.515847567367577 0.515847567367577 0.515847567367577 0.515847567367577 0.497379293334156 0.228248134673491 0.344391687735093 0.267003761484862 0.0382006536350743 0.0188382561509527 0.0188382561509527 0.0188382561509527 0 0.0188382561509527 0.0188382561509527 0.0377998396744157 0.133070234938645 0.0188382561509527 0 0 0 0 0
1 1 1 1 1 1 0.932724918295616 0.91009434543997 0.888388727878153 0.776160818893754 0.718381944872665 0.776160818893754 0.776160818893754 0.776160818893754 0.776160818893754 0.776160818893754 0.776160818893754 0.776160818893754 0.756767589566504 0.756767589566504 0.776160818893754 0.756767589566504 0.756767589566504 0.515847567367577 0.402263057285565 0.678115557748042 0.698310414996609 0.641333168896837 0.604797434790652 0.67993463649257 0.71869026330394 0.798421409631868 0.798421409631868 0.776160818893754 0.776160818893754 0.776160818893754 0.776160818893754 0.756767589566504 0.756767589566504 0.756767589566504 0.756767589566504 0.718381944872665 0.497379293334156 0.459055312326571 0.558210519824875 0.497379293334156 0.208793241659986 0.478140223222544 0.497379293334156 0.459363630757847 0.344391687735093 0.0382006536350743 0.0382006536350743 0.0382006536350743 0.0188382561509527 0.0188382561509527 0.0188382561509527 0.209039896405007 0.209039896405007 0.0377998396744157 0 0 0 0 0 0
1 1 1 1 1 0.842911759264969 0.776160818893754 0.82071283221311 0.820928655115003 0.798421409631868 0.776160818893754 0.776160818893754 0.776160818893754 0.776160818893754 0.776160818893754 0.776160818893754 0.776160818893754 0.776160818893754 0.776160818893754 0.776160818893754 0.737590183141148 0.756767589566504 0.718381944872665 0.51951655669976 0.618363445766788 0.718381944872665 0.718381944872665 0.699297033976691 0.660510575322193 0.737775174199914 0.737775174199914 0.843312573225627 0.820805327742492 0.776160818893754 0.776160818893754 0.776160818893754 0.776160818893754 0.776160818893754 0.776160818893754 0.485786520318185 0.330949004131467 0.216501202441882 0.255750138743294 0.369303816982179 0.40513041869643 0.596842819263736 0.614848615650244 0.554233212061417 0.554233212061417 0.515847567367577 0.478787691928224 0.0953628907936117 0.0767096257014244 0.248011346118271 0.113677005611395 0.0188382561509527 0.0188382561509527 0.0188382561509527 0 0 0 0 0 0 0 0
1 1 1 1 1 0.776160818893754 0.82071283221311 1 0.865419004748104 0.776160818893754 0.776160818893754 0.776160818893754 0.776160818893754 0.776160818893754 0.776160818893754 0.756767589566504 0.776160818893754 0.776160818893754 0.756767589566504 0.718381944872665 0.718381944872665 0.718381944872665 0.718381944872665 0.718381944872665 0.718381944872665 0.718381944872665 0.737559351298021 0.699297033976691 0.67993463649257 0.737775174199914 0.776160818893754 0.865912314238145 0.820805327742492 0.798421409631868 0.798421409631868 0.776160818893754 0.75695258062527 0.801412098415243 0.75695258062527 0.75695258062527 0.776160818893754 0.776160818893754 0.776160818893754 0.779028180304619 0.598785225380773 0.344391687735093 0.209502374051921 0.190139976567799 0.113677005611395 0.190139976567799 0.344391687735093 0.344391687735093 0.209039896405007 0.0188382561509527 0 0 0 0 0 0 0 0 0 0 0 0
1 1 1 1 0.887802922858729 0.82071283221311 0.932817413824998 0.888234568662515 0.865912314238145 0.776160818893754 0.776160818893754 0.776160818893754 0.776160818893754 0.776160818893754 0.776160818893754 0.776160818893754 0.776160818893754 0.756767589566504 0.698310414996609 0.718381944872665 0.698310414996609 0.718381944872665 0.718381944872665 0.718381944872665 0.776160818893754 0.776160818893754 0.776160818893754 0.71869026330394 0.71869026330394 0.776160818893754 0.887772091015601 1 0.820805327742492 0.798421409631868 0.776160818893754 0.718381944872665 0.801412098415243 0.776160818893754 0.776160818893754 0.718381944872665 0.678115557748042 0.718381944872665 0.678115557748042 0.363723253376087 0.267003761484862 0 0 0 0 0 0.0188382561509527 0 0 0 0 0 0 0 0 0 0 0 0 0 0 0
1 1 1 1 0.798421409631868 0.955170500092496 0.955509650366899 0.888080409446877 0.820928655115003 0.776160818893754 0.776160818893754 0.776160818893754 0.776160818893754 0.776160818893754 0.776160818893754 0.776160818893754 0.776160818893754 0.718381944872665 0.718381944872665 0.776160818893754 0.776160818893754 0.776160818893754 0.776160818893754 0.776160818893754 0.776160818893754 0.776160818893754 0.776160818893754 0.760282419683049 0.760282419683049 0.84340506875501 0.888111241290004 0.820620336683727 0.843250909539372 0.737775174199914 0.699297033976691 0.62089165690325 0.559258802491213 0.403989640500709 0.307485971511377 0.286119504223962 0.24764136400074 0.0948387494604428 0.0378306715175433 0 0.0188382561509527 0 0 -9999 -9999 -9999 0 0 0 0 0 0 0 0 0 0 0 0 0 0 0 0
1 1 1 0.977801072948141 0.932786581981871 0.910680150459395 0.865603995806869 0.843343405068755 0.820928655115003 0.776160818893754 0.776160818893754 0.776160818893754 0.776160818893754 0.776160818893754 0.776160818893754 0.776160818893754 0.776160818893754 0.737775174199914 0.776160818893754 0.776160818893754 0.776160818893754 0.798421409631868 0.798421409631868 0.776160818893754 0.798421409631868 0.798421409631868 0.776160818893754 0.737775174199914 0.888388727878153 0.776160818893754 0.776160818893754 0.843250909539372 0.718381944872665 0.718381944872665 0.679225504100635 0.462015169266819 0.423352037984831 0.113677005611395 0.0948387494604428 0.0188690879940803 0.0756921748782142 0 0 0 0 -9999 -9999 -9999 -9999 -9999 -9999 0 0 0 0 -9999 0 0 0 0 0 0 0 0 0 0
1 1 0.977708577418758 0.955293827465006 0.888080409446877 0.910680150459395 0.933002404883764 0.820743664056237 0.776160818893754 0.776160818893754 0.776160818893754 0.776160818893754 0.776160818893754 0.776160818893754 0.776160818893754 0.776160818893754 0.776160818893754 0.798421409631868 0.798421409631868 0.798421409631868 0.798421409631868 0.798421409631868 0.798421409631868 0.820805327742492 0.842911759264969 0.776160818893754 0.843312573225627 0.888080409446877 0.776160818893754 0.776160818893754 0.776160818893754 0.718381944872665 0.699297033976691 0.542424616143553 0.42322871061232 0.24764136400074 0.0756921748782142 0 0 0.152093482148363 0.056668927668496 0 0 0 0 -9999 -9999 -9999 -9999 -9999 -9999 -9999 -9999 -9999 -9999 -9999 -9999 -9999 -9999 -9999 -9999 -9999 -9999 0 0 0
1 1 1 0.977492754516865 0.887895418388111 0.932879077511254 0.88817290497626 0.798359745945613 0.82095948695813 0.776160818893754 0.776160818893754 0.776160818893754 0.820928655115003 0.776160818893754 0.737775174199914 0.776160818893754 0.865542332120614 0.82071283221311 0.842911759264969 0.932724918295616 0.798421409631868 0.798421409631868 0.820620336683727 0.843250909539372 0.798421409631868 0.843343405068755 0.843312573225627 0.776160818893754 0.737775174199914 0.737775174199914 0.718381944872665 0.699297033976691 0.523833014737621 0.364000739964235 0.0948387494604428 0 0 0 0 0 0 0 0 0 0 0 -9999 -9999 -9999 -9999 -9999 -9999 -9999 -9999 -9999 -9999 -9999 0 0 0 0 0 0 0 0 0
1 1 1 1 0.865912314238145 0.932879077511254 0.933002404883764 0.820743664056237 0.82095948695813 0.955509650366899 0.865912314238145 0.798421409631868 0.776160818893754 0.798668064376889 0.888049577603749 0.82071283221311 0.91009434543997 0.865603995806869 0.910680150459395 0.910680150459395 0.820928655115003 0.776160818893754 0.776160818893754 0.776160818893754 0.776160818893754 0.718381944872665 0.718381944872665 0.718381944872665 0.718381944872665 0.718381944872665 0.699297033976691 0.560307085157551 0.344761669852624 0.0948387494604428 0 0 0 0 0 0 0 0 0 0 0 0 0 0 0 0 -9999 -9999 -9999 -9999 -9999 -9999 0 0 0 0 0 0 0 0 0 0
1 1 1 1 0.932786581981871 0.955078004563113 0.977369427144355 0.888111241290004 0.865295677375594 0.82071283221311 0.865603995806869 0.776160818893754 0.821267805389406 0.776160818893754 0.866035641610655 0.798760559906271 0.820897823271875 0.888111241290004 0.977801072948141 0.865388172904976 0.776160818893754 0.75695258062527 0.718381944872665 0.718381944872665 0.718381944872665 0.699297033976691 0.699297033976691 0.699297033976691 0.597952765616328 0.518684096935315 0.499260035764938 0.363723253376087 0.0568539187272615 0 0 0 0 0 0 0 0 0 0 0 0 0 0 0 0 0 0 0 0 0 0 0 0 0 0 0 0 0 0 0 0 0
0.954769686131837 0.977400258987482 0.977400258987482 1 1 0.977708577418758 0.95510883640624 0.932724918295616 0.798668064376889 0.798668064376889 0.798668064376889 0.820866991428748 0.866374791885059 0.798668064376889 0.776160818893754 0.843096750323734 1 0.865603995806869 0.887926250231239 0.776160818893754 0.776160818893754 0.776160818893754 0.776160818893754 0.699297033976691 0.642042301288771 0.640963186779306 0.560152925941913 0.42322871061232 0.248196337177036 0.209718196953814 0.477955232163779 0.30566689276685 0.056668927668496 0 0 0 0 0 0 0 0 0 0 0 0 0 0 0 0 0 0 0 0 0 0 0 0 0 0 0 0 0 0 0 0 0
1 0.977400258987482 0.910125177283098 0.910125177283098 0.910125177283098 0.932755750138743 0.955139668249368 0.910125177283098 0.910433495714374 0.955447986680644 0.910957637047543 0.910772645988777 0.887833754701856 0.932786581981871 1 0.865912314238145 0.776160818893754 0.776160818893754 0.737775174199914 0.718381944872665 0.798421409631868 0.776160818893754 0.776160818893754 0.756767589566504 0.718381944872665 0.515847567367577 0.30566689276685 0.0945920947154221 0 0 0.056668927668496 0.037707344145033 0 0 0 0 0 0 0 0 0 0 0 0 0 0 0 0 0 0 0 0 0 0 0 0 0 0 0 0 0 0 0 0 0 0
1 1 0.932755750138743 0.910125177283098 0.910125177283098 0.910125177283098 0.910125177283098 0.910125177283098 0.910125177283098 0.977400258987482 1 1 1 0.977708577418758 0.776160818893754 0.776160818893754 0.776160818893754 0.737775174199914 0.718381944872665 0.718381944872665 0.756767589566504 0.776160818893754 0.776160818893754 0.776160818893754 0.718381944872665 0.637479188505889 0.477955232163779 0.209317382993155 0.0188382561509527 0 0 0 0 0 0 0 0 0 0 0 0 0 0 0 0 0 0 0 0 0 0 0 0 0 0 0 0 0 0 0 0 0 0 0 0 0
1 1 1 1 1 1 1 1 1 1 1 0.821298637232534 0.798668064376889 0.776160818893754 0.776160818893754 0.776160818893754 0.737775174199914 0.699297033976691 0.718381944872665 0.756767589566504 0.756767589566504 0.718381944872665 0.637201701917741 0.535980760929888 0.617253499414195 0.678115557748042 0.497379293334156 0.113677005611395 0.0188382561509527 0 0 0 0 0 0 0 0 0 0 0 0 0 0 0 0 0 0 0 0 0 0 0 0 0 0 0 0 0 0 0 0 0 0 0 0 0
1 1 1 0.954769686131837 0.910125177283098 0.910125177283098 0.887833754701856 0.932385768021212 0.955447986680644 0.955540482210027 0.955540482210027 0.955540482210027 0.776160818893754 0.776160818893754 0.776160818893754 0.718381944872665 0.718381944872665 0.699297033976691 0.718381944872665 0.756767589566504 0.756767589566504 0.718381944872665 0.535980760929888 0.497379293334156 0.458870321267805 0.0756921748782142 0 0 0 0 0 0 0 0 0 0 0 0 0 0 0 0 0 0 0 0 0 0 0 0 0 0 0 0 0 0 0 0 0 0 0 0 0 0 0 0
1 1 0.954769686131837 0.910125177283098 0.910125177283098 0.910125177283098 0.910125177283098 0.910464327557502 0.933249059628785 0.933249059628785 0.843250909539372 0.776160818893754 0.776160818893754 0.776160818893754 0.776160818893754 0.718381944872665 0.638681630387865 0.718381944872665 0.756767589566504 0.756767589566504 0.718381944872665 0.678115557748042 0.637479188505889 0.579361164210397 0.113677005611395 0 0 0 0 0 0 0 0 0 0 0 0 0 0 0 0 0 0 0 0 0 0 0 0 0 0 0 0 0 0 0 0 0 0 0 0 0 0 0 0 0
0.910125177283098 0.910125177283098 0.910125177283098 0.933064068570019 0.843775050872541 0.866282296355676 0.798668064376889 0.933156564099402 0.798452241474995 0.776160818893754 0.776160818893754 0.718381944872665 0.718381944872665 0.718381944872665 0.718381944872665 0.718381944872665 0.718381944872665 0.718381944872665 0.756767589566504 0.756767589566504 0.698310414996609 0.477955232163779 0.439507923783684 0.266849602269224 0 0 0 0 0 0 0 0 0 0 0 0 0 0 0 0 0 0 0 0 0 0 0 0 0 0 0 0 0 0 0 0 0 0 0 0 0 0 0 0 0 0
0.910125177283098 0.910125177283098 0.910464327557502 0.798668064376889 0.776160818893754 0.955324659308133 0.776160818893754 0.776160818893754 0.776160818893754 0.776160818893754 0.718381944872665 0.718381944872665 0.699297033976691 0.699297033976691 0.699297033976691 0.536042424616144 0.55623728186471 0.718381944872665 0.756767589566504 0.737590183141148 0.477955232163779 0.228741444163532 0 0 0 0 0 0 0 0 0 0 0 0 0 0 0 0 0 0 0 0 0 0 0 0 0 0 0 0 0 0 0 0 0 0 0 0 0 0 0 0 0 0 0 0
