data-raw/DATASET_PNE_1/DATASET_PNE/a_DATA/PFGS/ENVSUIT_A1B/HS_f90_C2_VaccUli.asc
NCOLS 619 
NROWS 782 
XLLCORNER 876826 
YLLCORNER 1947424 
CELLSIZE 100 
NODATA_value -9999 
[rows 500 to 524 of 782, columns 399 to 455 of 619]
0.155488082586914 0.43257932290876 0.239380598147867 0.43257932290876 0.237255199635646 0.237255199635646 0.0971914376802793 0 0.129042052527706 0.10739335053894 0.0643692120844087 0.0428723242750873 0.0215576134810991 0 0 0.0643692120844087 0 0 0 0 0.171944739638682 0.150660391680583 0.169090633065128 0.171550022772127 0.149870957947472 0 0.272476089266737 0.600242902687111 0.560831941703355 0 0.239410960983756 0.309640200394717 0.0860179140731744 0 0.150022772126917 0.128799149840595 0.561165932898133 0.682769090633065 0.682769090633065 0.762107180810688 0.860422043418855 0.980507059359344 1 1 1 0.978776377713678 0.978776377713678 0.978776377713678 0.978776377713678 0.978776377713678 0.935600425079702 0.80646728404433 0.849369971155306 0.93538788522848 0.870502504933961 0.80646728404433 1
0.17145893426446 0.164050402307576 0.198512221041445 0.237285562471535 0.237285562471535 0.215697586154547 0.219796568999545 0.395567025960225 0 0.10739335053894 0.0857750113860634 0.0215576134810991 0.10739335053894 0 0 0 0.171944739638682 0 0 0 0.150326400485805 0.150326400485805 0.150326400485805 0.169090633065128 0.150630028844694 0.142462425990588 0.43257932290876 0.602095035676332 0.604098982844998 0 0 0 0.0216790648246546 0.0644299377561864 0.128799149840595 0.0855321086989525 0.582480643692121 0.702322756945499 0.643297403977532 0.781660847123121 0.801214513435555 0.980507059359344 0.980507059359344 0.978776377713678 0.957158038560802 0.849552148170639 0.913951723090937 0.913951723090937 0.957158038560802 0.914012448762714 0.849461059662972 0.828146348868984 0.870775770456961 0.892181569758615 0.80646728404433 0.892515560953393 1
0.0216487019887657 0.0624563534234097 0.121178078032488 0.0624563534234097 0.0432366783057537 0.0408683771064217 0.157765295278579 0.25222407772886 0.350113860634583 0 0.0643692120844087 0.150235311978139 0.496675269470168 0 0 0 0.0861393654167299 0 0 0 0 0 0 0 0.105146500683164 0.105267952026719 0.561165932898133 0.623652649157431 0.342340974647032 0 0 0 0 0 0.021587976316988 0.0855321086989525 0.604098982844998 0.682769090633065 0.643297403977532 0.762107180810688 0.801214513435555 0.900743889479277 1 1 0.935600425079702 0.806558372551996 0.849278882647639 0.849278882647639 0.827781994838318 0.849278882647639 0.89233338393806 0.849369971155306 0.849369971155306 0.827690906330651 0.849430696827084 0.871018673144072 0.957036587217246
0.021587976316988 0.0995293760437225 0.0624563534234097 0.0645513890997419 0.0641870350690754 0 0 0.215636860482769 0.389342644603006 0.389342644603006 0 0.43257932290876 0.408987399423106 0.408987399423106 0.495187490511614 0 0 0 0 0 0 0 0.0428723242750873 0.477212691665402 0.389342644603006 0.410748443904661 0.604098982844998 0.604098982844998 0.107605890390162 0 0 0 0 0 0.0432063154698649 0.0855321086989525 0.663124335812965 0.643297403977532 0.623743737665098 0.682769090633065 0.762076817974799 0.881433125853955 0.980507059359344 1 0.892363746773949 0.870957947472294 0.892181569758615 0.956945498709579 0.913799908911492 0.870502504933961 0.892181569758615 0.870957947472294 0.89233338393806 0.870502504933961 0.827690906330651 0.849612873842417 1
0 0.279763169880067 0.45383330803097 0.336268407469258 0.0432366783057537 0.0860482769090633 0.107271899195385 0 0 0.272051009564293 0.432397145893426 0.473690602702292 0.310885076666161 0.391407317443449 0.516684378320935 0.408987399423106 0.473629877030515 0 0 0 0 0 0 0.11656292697738 0.452132989221193 0.518354334294823 0.604098982844998 0.264946105966297 0.10766661606194 0.0212236222863215 0 0 0 0 0.0428419614391984 0.0855321086989525 0.682769090633065 0.662972521633521 0.623743737665098 0.620434188553211 0.742249886139365 0.960649764688022 1 1 0.914103537270381 0.892272658266282 0.935357522392591 0.870502504933961 0.935357522392591 0.935357522392591 0.913799908911492 0.870957947472294 0.827781994838318 0.978594200698345 1 1 1
0 0.021587976316988 0.0857142857142857 0 0 0 0 0.107271899195385 0 0 0.410900258084105 0.408987399423106 0.408987399423106 0.408987399423106 0.408987399423106 0.516320024290269 0.408987399423106 0.473629877030515 0.495187490511614 0.495187490511614 0.0779413997267345 0 0 0.155518445422802 0.45222407772886 0.475148018824958 0.604098982844998 0.169454987095795 0.0430848641263094 0 0 0 0 0.0641263093972977 0.0428115986033095 0.0855321086989525 0.604098982844998 0.682769090633065 0.60242902687111 0.580810687718233 0.762107180810688 0.899954455746167 1 1 1 0.892363746773949 0.978594200698345 0.828055260361318 0.849278882647639 0.913799908911492 0.978594200698345 1 1 1 1 1 1
0 -9999 0 0.106998633672385 0 0.0385304387429786 0 0 0 0.0971914376802793 0 0.432397145893426 0.473690602702292 0.452193714892971 0.473781691209959 0.49527857901928 0.430545012904205 0.430545012904205 0.516684378320935 0.430545012904205 0.452193714892971 0.0393502353119781 0.0428723242750873 0.0197054804918779 0.641323819644755 0.582480643692121 0.496614543798391 0.348413541824806 0.0644906634279642 0 0 0 0 0.0212236222863215 0 0.150387126157583 0.51817215727949 0.643297403977532 0.623743737665098 0.581205404584788 0.682769090633065 0.801244876271444 0.919933201761044 1 1 1 0.978442386518901 1 0.827781994838318 0.827781994838318 0.871109761651738 0.978594200698345 0.978381660847123 1 1 1 1
0 0 0 0 0 0 0 0 0 0 0 0.0216487019887657 0.358129649309245 0.408987399423106 0.430636101411872 0.516684378320935 0.536420221648702 0.45222407772886 0.260179140731744 0.412904205252771 0.494914224988614 0 0.0213147107939882 0.0197054804918779 0.639532412327311 0.582450280856232 0.561196295734022 0.348413541824806 0.0644906634279642 0 0 0 0.021587976316988 0.0428419614391984 0 0.0639441323819645 0.128829512676484 0.604098982844998 0.604098982844998 0.559587065431911 0.516775466828602 0.559587065431911 0.623743737665098 0.682860179140732 0.980507059359344 1 1 1 0.849461059662972 0.849461059662972 0.89233338393806 0.827781994838318 0.956945498709579 0.978594200698345 1 1 1
0 0 0 0 0 0 0.0643084864126309 0.106846819492941 0.0645513890997419 0.0644906634279642 0.194048884165781 0 0 0.272051009564293 0.389342644603006 0.408987399423106 0.430636101411872 0.408987399423106 0.432548960072871 0.473629877030515 0.452193714892971 0.408987399423106 0.408987399423106 0.639532412327311 0.604098982844998 0.582480643692121 0.105176863519053 0.335023531197814 0.0213147107939882 0 0 0 0 0 0 0 0.240929102778199 0.582480643692121 0.582480643692121 0.623743737665098 0.559981782298467 0.473781691209959 0.430636101411872 0.682860179140732 0.821405799301655 1 1 1 0.849461059662972 0.913921360255048 0.892363746773949 0.80646728404433 0.870957947472294 0.913799908911492 1 1 1
0 0 0 0 0 0 0.15020494914225 0.107271899195385 0.107271899195385 0.0429937756186428 0.202186124183999 0.0837103385456201 0.174343403673903 0 0.194048884165781 0.234947624108092 0.408987399423106 0.389342644603006 0.217792621830879 0.408987399423106 0.516350387126158 0.602520115378776 0.623743737665098 0.582450280856232 0.604098982844998 0.561196295734022 0.106998633672385 0.182905723394565 0.0429937756186428 0 0 0 0 0 0 0.0214968878093214 0.303962350083498 0.560892667375133 0.604098982844998 0.623743737665098 0.581205404584788 0.538302717473812 0.559587065431911 0.662972521633521 0.742249886139365 1 1 1 0.978381660847123 0.849369971155306 0.913678457567937 0.978503112190679 0.80646728404433 0.827781994838318 0.93538788522848 1 1
0 0 0 0 0 0.0641566722331866 0.15020494914225 0.128890238348262 0.0428419614391984 0.021587976316988 0.0644906634279642 0.0859571884013967 0.107362987703051 0.217944436010323 0.0432366783057537 0.196174282678002 0.473447700015181 0.408987399423106 0.454136936389859 0.537999089114923 0.432488234401093 0.233672385000759 0.560831941703355 0.561196295734022 0.58251100652801 0.0832548960072871 0.0857142857142857 0.0643995749202975 0 0 0 0 0 0 0 0.0216790648246546 0.150812205860027 0.342523151662365 0.582480643692121 0.604098982844998 0.623743737665098 0.623743737665098 0.53836344314559 0.643297403977532 0.529345680886595 0.961196295734022 1 1 0.978776377713678 0.897191437680279 0.89880066798239 0.956945498709579 0.828146348868984 0.89260664946106 0.978594200698345 1 1
0 0 0 0 0 0.0428419614391984 0.107150447851829 0.0855321086989525 0.0427205100956429 0.0427205100956429 0.0430848641263094 0.128495521481706 0.0646424776074085 0.107362987703051 0.0624563534234097 0.200728708061333 0.430636101411872 0.408987399423106 0.408987399423106 0.495187490511614 0.496705632306057 0.11628966145438 0.350690754516472 0.368119022316684 0.0640352208896311 0.0430848641263094 0.021587976316988 0 0 0 0 0 0 0 0 0.0216790648246546 0.0216790648246546 0.150538940337027 0.387186883254896 0.604098982844998 0.604098982844998 0.604098982844998 0.233854562016092 0.516866555336268 0.512767572491271 0.801244876271444 1 1 0.978776377713678 0.83740701381509 0.937088204038257 0.978776377713678 0.849461059662972 0.892181569758615 0.978594200698345 0.93538788522848 1
0 0 0 0 0 0 0.021587976316988 0.171792925459238 0.0857142857142857 0.126673751328374 0.0430848641263094 0.0643084864126309 0.0644906634279642 0.040807651434644 0.0432366783057537 0.215636860482769 0.354182480643692 0.410930620919994 0.43257932290876 0.475208744496736 0.518354334294823 0.0197054804918779 0.128829512676484 0.10766661606194 0 0.0860786397449522 0 0 0 0 0 0 0 0 0 0 0 0.064521026263853 0.172035828146349 0.266707150447852 0.350538940337027 0 0.0197054804918779 0.5596174282678 0.602520115378776 0.678396842265067 1 1 1 0.880582966449066 0.978776377713678 0.978776377713678 0.935570062243813 0.849461059662972 0.849278882647639 0.956945498709579 1
0 0 0 0 0 0 0 0 0.021587976316988 0.107302262031274 0.0643084864126309 0.0643084864126309 0.0644906634279642 0.167542128434796 0.0837103385456201 0.0646424776074085 0.0646424776074085 0.194048884165781 0.0646424776074085 0.146288143312585 0.325185972369819 0.283922878396842 0.311917413086382 0.0857142857142857 0.0429937756186428 0 0 0 0 0 0 0 0 0 0 0 0 0 0 0 0 0.129011689691817 0 0.477212691665402 0.623743737665098 0.742371337482921 0.879914984059511 1 0.73754364657659 0.674449673599514 0.859571884013967 1 1 0.914012448762714 0.785243661758008 0.870957947472294 0.892576286625171
0 0 0 0 0 0 0 0 0 0.0860786397449522 0 0.0427205100956429 0.0427205100956429 0.0857142857142857 0.129042052527706 0 0 0 0 0 0.0429026871109762 0.368119022316684 0.0857142857142857 0.0429937756186428 0 0 0 0 0 0 0 0 0 0 0 0 0 0 0 0 0 0.107514801882496 0 0.440291483224533 0.623743737665098 0.448216183391529 0.879914984059511 1 0.697373614695613 0.759040534385912 0.759040534385912 0.739092151206923 0.775132837407014 1 1 0.978412023683012 0.806558372551996
0 0 0 0 0 0 0 0 0 0 0.0645817519356308 0.15047821466525 0 0 0 0 0.243267041141643 0.58251100652801 0.539790496432367 0.539517230909367 0.453651131015637 0.389342644603006 0 0 0 0 0 0 0 0 0 0 0 0 0 0 0 0 0 0 0.0212236222863215 0 0.325185972369819 0.604098982844998 0.581205404584788 0.408987399423106 0.781387581600121 0.701290420525277 0.682860179140732 0.761044481554577 0.774343403673903 0.631334446637316 0.775922271140124 0.916228935782602 1 0.978594200698345 0.87132230150296
0 0 0 0 0 0 0 0 0 0 0.0213147107939882 0.0212236222863215 0 0 0 0 0.171550022772127 0.412752391073326 0.391528768787005 0.389342644603006 0.389342644603006 0.389342644603006 0.389342644603006 0.13620768179748 0 0 0 0 0 0 0 0 0 0 0 0 0 0 0 0 0 0 0.368088659480795 0.604098982844998 0.516836192500379 0.450189767724305 0.509458023379384 0.452072263549415 0.62207378169121 0.643297403977532 0.620130560194322 0.722696219826932 0.780446333687566 0.715894944587824 0.796629725216335 0.808258691361773 0.725459237892819
0 0 0 0 0 0 0 0 0 0 0 0 0 0 0.0857142857142857 0.0640352208896311 0.0213147107939882 0 0.155488082586914 0.369940792470017 0.389342644603006 0.272901168969182 0 0 0 0 0 0 0 0 0 0 0 0 0 0 0 0 0 0 0 0.128799149840595 0.483254896007287 0.604098982844998 0.623743737665098 0.597358433277668 0.452315166236526 0.495005313496281 0.495005313496281 0.495126764839836 0.495005313496281 0.5809017762259 0.682860179140732 0.696037649916502 0.775132837407014 0.672293912251404 0.806862000910885
0 0 0 0 0 0 0 0 0 0 0 0 0.0646121147715197 0.021587976316988 0 0 0 0 0 0 0 0 0 0 0 0 0 0 0 0 0 0 0 0 0 0 0 0 0 0 0 0.0432974039775315 0.271383027174738 0.604098982844998 0.623743737665098 0.602520115378776 0.0586609989373007 0 0.149962046455139 0.0432063154698649 0.126643388492485 0.116471838469713 0.492910277819948 0.702717473812054 0.735721876423258 0.758888720206467 0.710459996963716
0 0 0 0 0 0 0 0 0 0 0 0 0 0 0 0.214149081524214 0.369940792470017 0.292211932594504 0 0 0 0 0 0 0 0 0 0 0 0 0.311795961742827 0.389342644603006 0 0 0 0 0 0 0 0 0 0 0.107302262031274 0.604098982844998 0.604098982844998 0.623743737665098 0.0197054804918779 0 0 0 0 0.194473963868225 0.559253074237134 0.662972521633521 0.675755275542736 0.716927281008046 0.796265371185669
0 0 0 0 0 0 0 0 0 0 0 0 0 0.0976772430545013 0.0976772430545013 0 0 0 0 0 0 0 0 0 0 0 0 0 0.0197054804918779 0.453377865492637 0.453711856687415 0.16122665856991 0.0430848641263094 0.0428115986033095 0 0 0 0 0 0 0 0 0 0.326764839836041 0.604098982844998 0.408987399423106 0.313496280552604 0 0 0 0.0196447548201002 0.330954911188705 0.47347806285107 0.623743737665098 0.722301502960377 0.697191437680279 0.876878700470624
0 0 0 0 0 0 0 0 0 0 0 0 0 0 0 0 0 0 0 0 0 0 0 0.389342644603006 0.389342644603006 0 0.0216790648246546 0 0.432063154698649 0.58251100652801 0.563200242902687 0.043175952633976 0.0643084864126309 0.0428115986033095 0 0 0 0 0 0 0 0 0 0.14993168361925 0.539486868073478 0.274449673599514 0.408987399423106 0.311856687414605 0 0.0393502353119781 0.430636101411872 0.330954911188705 0.408987399423106 0.448216183391529 0.662972521633521 0.697191437680279 0.95855472901169
0 0 0 0 0 0 0 0 0 0 0 0 0 0 0 0 0 0 0 0 0 0 0.389342644603006 0.410839532412327 0.238985881281312 0.10712008501594 0.389706998633672 0.604098982844998 0.682769090633065 0.58251100652801 0.172218005161682 0.193441627448004 0.193441627448004 0.0643084864126309 0 0 0 0 0 0 0 0 0 0 0.303780173068165 0.604098982844998 0.623743737665098 0.408987399423106 0.174981023227569 0.0393502353119781 0.473417337179293 0.0393502353119781 0.408987399423106 0.489570365872172 0.448216183391529 0.634856535600425 0.837528465158646
0 0 0 0 0 0 0 0 0 0 0 0 0 0 0 0 0 0 0 0 0 0.389342644603006 0.432063154698649 0.561196295734022 0.604098982844998 0.604098982844998 0.582784272051009 0.682769090633065 0.623743737665098 0.561257021405799 0.584788219219675 0.150630028844694 0.172035828146349 0.0643084864126309 0.021587976316988 0 0 0 0 0 0 0 0 0 0.150113860634583 0.604098982844998 0.291665401548505 0.602520115378776 0.408987399423106 0.0393502353119781 0.0412023683011993 0.352148170639138 0.291817215727949 0.469834522544406 0.448216183391529 0.548656444511917 0.979960528313344
0 0 0 0 0 0 0 0 0 0 0 0 0 0 0 0 0 0.0395324123273114 0.0976772430545013 0.155488082586914 0 0.21776225899499 0.368119022316684 0.604098982844998 0.506725368149385 0.604098982844998 0.682769090633065 0.643297403977532 0.5809017762259 0.561560649764688 0.604098982844998 0.604098982844998 0.210809169576438 0.172035828146349 0.0643084864126309 0.021587976316988 0 0 0 0 0 0 0 0 0.171762562623349 0.604098982844998 0.352785790192804 0.494853499316836 0.448216183391529 0.408987399423106 0.0196447548201002 0.0393502353119781 0.36984970396235 0.623743737665098 0.448216183391529 0.677394868680735 0.978594200698345
