data-raw/DATASET_PNE_1/DATASET_PNE/a_DATA/PFGS/ENVSUIT_A1B/HS_f0_H8_notgraz.asc
NCOLS 619 
NROWS 782 
XLLCORNER 876826 
YLLCORNER 1947424 
CELLSIZE 100 
NODATA_value -9999 
[rows 580 to 608 of 782, columns 330 to 395 of 619]
0.427060917616429 0.525198586647539 0.707021598788555 0.788023697563827 0.788023697563827 0.788023697563827 0.586222470178794 0.427060917616429 0.154459233282856 0.115618607369624 0.0964108286177307 0.0576499030312691 0.0188092771180362 0.0381498897478813 0.0188092771180362 0.0188092771180362 0.0188092771180362 0.0188092771180362 0.0381498897478813 0.0188092771180362 0.0188092771180362 0.0381498897478813 0.0381498897478813 0.0381498897478813 0.0188092771180362 0.0381498897478813 0.0381498897478813 0.0188092771180362 0.038309290401424 0.0188092771180362 0.0188092771180362 0.0188092771180362 0.0188092771180362 0.038309290401424 0.0771499163146569 0.115618607369624 0.134959219999469 0.42711405116761 0.667596503812332 0.788023697563827 0.788023697563827 0.788023697563827 0.788023697563827 0.830105470099094 0.788023697563827 0.788023697563827 0.788023697563827 0.708004569485402 0.389601764033899 0.115618607369624 0.115618607369624 0.0576499030312691 0.0188092771180362 0.0769108153343429 0.0576499030312691 0.115618607369624 0.212295103743259 0.667304269280837 0.788023697563827 0.788023697563827 0.788023697563827 0.830105470099094 0.872452910390266 0.957519725830876 0.936531973114423 0.788023697563827
0.115618607369624 0.270343508408385 0.486198560080763 0.707021598788555 0.788023697563827 0.747721898993119 0.486065726202811 0.134906086448288 0.115618607369624 0.0771499163146569 0.0381498897478813 0.0381498897478813 0 0.0193406126298451 0.0193406126298451 0 0 0 0.0193406126298451 0.0188092771180362 0.0188092771180362 0.0188092771180362 0.0188092771180362 0 0.0188092771180362 0.0193406126298451 0.0381498897478813 0.0188092771180362 0.0188092771180362 0.0188092771180362 0.0188092771180362 0.0188092771180362 0.0188092771180362 0.0188092771180362 0.038309290401424 0.0771499163146569 0.115618607369624 0.115618607369624 0.289790388140591 0.526872293509737 0.788023697563827 0.809011450280279 0.788023697563827 0.830105470099094 0.830025769772323 0.830105470099094 0.788023697563827 0.728035918280598 0.547567811694695 0.17369357881034 0.115618607369624 0.0771499163146569 0.0769108153343429 0.0964108286177307 0.0964108286177307 0.115618607369624 0.467894051698945 0.76799234876863 0.788023697563827 0.809011450280279 0.809011450280279 0.851465157673813 0.830185170425865 0.915119151988523 0.936771074094737 0.830503971732951
0.0964108286177307 0.193459259849632 0.212295103743259 0.486517361387848 0.747721898993119 0.6877075529343 0.36821550968359 0.115618607369624 0.0964108286177307 0.0381498897478813 0.0381498897478813 0.0193406126298451 0 0 0 0 0 0 0.0188092771180362 0.0381498897478813 0.0188092771180362 0 0 0 0 0 0 0.0188092771180362 0 0 0 0.0188092771180362 0.0188092771180362 0.0188092771180362 0.0188092771180362 0.038309290401424 0.0964108286177307 0.115618607369624 0.115618607369624 0.328604447278234 0.728487553465636 0.788023697563827 0.788023697563827 0.809011450280279 0.809011450280279 0.809011450280279 0.788023697563827 0.788023697563827 0.6882654552217 0.231582582821923 0.115618607369624 0.115618607369624 0.0964108286177307 0.115618607369624 0.193459259849632 0.231582582821923 0.5467176748758 0.788023697563827 0.788023697563827 0.809011450280279 0.872745144921761 0.851412024122632 0.851544858000584 0.95775882681119 0.978852846630004 0.872984245902075
0.0574108020509551 0.0771499163146569 0.115618607369624 0.154459233282856 0.232538986743179 0.309609202731065 0.115618607369624 0.115618607369624 0.0771499163146569 0.0188092771180362 0.0193406126298451 0 0 0 0 0 0 0 0 0 0 0 0 0 0 0 0 0.0188092771180362 0 0 0 0 0 0.0188092771180362 0.0188092771180362 0.038309290401424 0.0771499163146569 0.0964108286177307 0.115618607369624 0.154459233282856 0.446640631226588 0.76799234876863 0.788023697563827 0.788023697563827 0.830105470099094 0.830105470099094 0.788023697563827 0.788023697563827 0.728035918280598 0.369676682341064 0.134852952897107 0.251693631943891 0.134959219999469 0.389442363380357 0.329773385404214 0.5467176748758 0.788023697563827 0.788023697563827 0.788023697563827 0.830105470099094 0.893812597964985 0.915119151988523 0.978905980181185 0.936771074094737 0.85189022608326 0.788023697563827
0.0193406126298451 0.0188092771180362 0.0771499163146569 0.115618607369624 0.115618607369624 0.115618607369624 0.115618607369624 0.115618607369624 0.0771499163146569 0.0188092771180362 0 0 0 0 0 0 0 0 0 0 0 0 0 0 0 0 0 0.0188092771180362 0 0 0 0 0 0 0.0188092771180362 0.0188092771180362 0.188783507345713 0.140936744507319 0.115618607369624 0.115618607369624 0.387688956191387 0.76799234876863 0.830105470099094 0.788023697563827 0.788023697563827 0.830105470099094 0.788023697563827 0.788023697563827 0.728035918280598 0.61037166919051 0.612470444462156 0.548736749820674 0.587630509285088 0.586647538588242 0.627374405568396 0.830397704630589 0.851491724449404 0.788023697563827 0.851119789591137 0.830105470099094 0.851358890571451 0.978905980181185 0.830503971732951 0.95775882681119 0.978905980181185 1
0 0.0193406126298451 0.0193406126298451 0.0769108153343429 0.0964108286177307 0.0964108286177307 0.0964108286177307 0.0769108153343429 0.0188092771180362 0 0 0 0 0 0 0 0 0 0 0 0 0 0 0 0 0 0 0 0 0 0 0 0 0 0.0188092771180362 0.0188092771180362 0.0578093036848118 0.117664249090088 0.115618607369624 0.135304588082144 0.408225073722802 0.76799234876863 0.788023697563827 0.809011450280279 0.788023697563827 0.788023697563827 0.788023697563827 0.747349964134853 0.789697404426025 0.772349299965463 0.773226003559948 0.770409925347361 0.770409925347361 0.893706330862623 0.872506043941447 0.978666879200871 0.957413458728514 0.788023697563827 0.80903801705587 0.915012884886161 0.893865731516166 0.978905980181185 0.788023697563827 0.936771074094737 0.978905980181185 0.788023697563827
0 0 0.0193406126298451 0.0193406126298451 0.0193406126298451 0.0381498897478813 0.0381498897478813 0.0193406126298451 0.0193406126298451 0 0 0 0 0 0 0 0 0 0 0 0 0 0 0 0 0 0 0 0 0 0 0 0 0 0.0188092771180362 0.0188092771180362 0.0578093036848118 0.115618607369624 0.115618607369624 0.17369357881034 0.487580032411466 0.76799234876863 0.788023697563827 0.809011450280279 0.809011450280279 0.809011450280279 0.788023697563827 0.915119151988523 0.809011450280279 0.788023697563827 0.809011450280279 0.915039451661752 0.957413458728514 0.893759464413804 0.788023697563827 0.830158603650275 0.9149066177838 0.788023697563827 0.788023697563827 0.872771711697351 0.936771074094737 0.872904545575304 0.788023697563827 0.894264233150023 0.788023697563827 0.788023697563827
0 0 0 0 0.0193406126298451 0.0193406126298451 0 0 0 0 0 0 0 0 0 0 0 0 0 0 0 0 0 0 0 0 0 0 0 0 0 0 0 0 0.0188092771180362 0.0188092771180362 0.0578093036848118 0.115618607369624 0.115618607369624 0.467894051698945 0.627374405568396 0.788023697563827 0.788023697563827 0.809011450280279 0.830105470099094 0.851119789591137 0.851119789591137 0.957413458728514 0.936452272787652 0.915119151988523 0.893892298291756 0.915119151988523 0.851358890571451 0.809011450280279 0.788023697563827 0.80903801705587 0.936292872134109 0.788023697563827 0.788023697563827 1 1 0.978905980181185 0.95775882681119 0.788023697563827 0.809170850933822 0.788023697563827
0 0 0 0 0 0 0 0 0 0 0 0 0 0 0 0 0 0 0 0 0 0 0 0 0 0 0 0 0 0 0 0 0 0.0188092771180362 0.0188092771180362 0.0188092771180362 0.0578093036848118 0.115618607369624 0.212667038601525 0.708004569485402 0.788023697563827 0.788023697563827 0.809011450280279 0.830344571079408 0.788023697563827 0.830105470099094 0.809011450280279 0.978666879200871 0.957413458728514 0.809011450280279 0.851358890571451 0.893759464413804 0.893759464413804 0.80903801705587 0.788023697563827 0.788023697563827 0.788023697563827 0.809170850933822 0.978905980181185 0.936186605031747 0.957519725830876 0.830185170425865 0.788023697563827 0.809170850933822 0.809170850933822 0.788023697563827
0 0 0 0 0 0 0 0 0 0 0 0 0 0 0 0 0 0 0 0 0 0 0 0 0 0 0 0 0 0 0 0 0 0.0188092771180362 0.0188092771180362 0.0188092771180362 0.0578093036848118 0.115618607369624 0.212295103743259 0.68765441938312 0.788023697563827 0.830105470099094 0.809011450280279 0.809011450280279 0.830105470099094 0.830132036874685 0.788023697563827 0.9149066177838 0.9149066177838 0.936239738582928 0.936239738582928 0.957652559708828 0.872638877819399 0.788023697563827 0.788023697563827 0.788023697563827 0.788023697563827 0.95775882681119 0.978905980181185 0.788023697563827 0.809170850933822 0.788023697563827 0.788023697563827 0.788023697563827 0.788023697563827 0.788023697563827
0 0 0 0 0 0 0 0 0 0 0 0 0 0 0 0 0 0 0 0 0 0 0 0 0 0 0 0 0 0 0 0 0 0 0.0188092771180362 0.0188092771180362 0.0791955580351213 0.115618607369624 0.115618607369624 0.526898860285327 0.76799234876863 0.788023697563827 0.809011450280279 0.830105470099094 0.788023697563827 0.957572859382057 0.830185170425865 0.830185170425865 0.830185170425865 1 1 0.893653197311442 0.788023697563827 0.830503971732951 0.809356818362955 0.91551765362238 0.95775882681119 0.894025132169709 0.788023697563827 0.788023697563827 0.788023697563827 0.788023697563827 0.788023697563827 0.788023697563827 0.727424882442018 0.587311707978003
0 0 0 0 0 0 0 0 0 0 0 0 0 0 0 0 0 0 0 0 0 0 0 0 0 0 0 0 0 0 0 0 0 0 0.0188092771180362 0.0188092771180362 0.0791955580351213 0.115618607369624 0.115618607369624 0.427911054435323 0.748279801280519 0.788023697563827 0.788023697563827 0.851119789591137 0.80903801705587 0.80903801705587 0.872638877819399 1 0.978905980181185 1 0.830344571079408 0.788023697563827 0.915384819744428 0.936372572460881 0.978905980181185 0.788023697563827 0.788023697563827 0.788023697563827 0.788023697563827 0.788023697563827 0.788023697563827 0.788023697563827 0.747456231237215 0.5467176748758 0.310326505672007 0.115618607369624
0 0 0 0 0 0 0 0 0 0 0 0 0 0 0 0 0 0 0 0 0 0 0 0 0 0 0 0 0 0 0 0 0 0.0188092771180362 0.0188092771180362 0.0188092771180362 0.0188092771180362 0.0578093036848118 0.115618607369624 0.115618607369624 0.447597035147844 0.76799234876863 0.788023697563827 0.788023697563827 0.809117717382641 0.851518291224994 0.830185170425865 0.978905980181185 0.978905980181185 1 0.957519725830876 0.978905980181185 0.788023697563827 0.788023697563827 0.809170850933822 0.809170850933822 0.788023697563827 0.788023697563827 0.788023697563827 0.788023697563827 0.788023697563827 0.647591721792726 0.467894051698945 0.134852952897107 0.115618607369624 0.0771499163146569
0 0 0 0 0 0 0 0 0 0 0 0 0 0 0 0 0 0 0 0 0 0 0 0 0 0 0 0 0 0 0 0 0 0.0188092771180362 0.0188092771180362 0.0188092771180362 0.0188092771180362 0.0188092771180362 0.0578093036848118 0.115618607369624 0.154459233282856 0.5467176748758 0.788023697563827 0.788023697563827 0.788023697563827 0.830105470099094 0.851544858000584 0.788023697563827 0.936771074094737 0.95775882681119 0.788023697563827 0.809170850933822 0.788023697563827 0.788023697563827 0.788023697563827 0.788023697563827 0.788023697563827 0.788023697563827 0.788023697563827 0.76799234876863 0.548205414308865 0.192981057889004 0.115618607369624 0.0964108286177307 0.0381498897478813 0.0381498897478813
0 0 0 0 0 0 0 0 0 0 0 0 0 0 0 0 0 0 0 0 0 0 0 0 0 0 0 0 0 0 0 0 0 0.0188092771180362 0.0188092771180362 0.0188092771180362 0.0188092771180362 0.0188092771180362 0.0188092771180362 0.0771499163146569 0.115618607369624 0.507133179246035 0.788023697563827 0.788023697563827 0.809117717382641 0.830025769772323 0.95775882681119 0.851438590898223 0.978905980181185 0.809170850933822 0.788023697563827 0.788023697563827 0.788023697563827 0.788023697563827 0.788023697563827 0.788023697563827 0.788023697563827 0.788023697563827 0.687255917749263 0.427911054435323 0.115618607369624 0.136765760739619 0.0771499163146569 0.0188092771180362 0.0381498897478813 0.0381498897478813
0 0 0 0 0 0 0 0 0 0 0 0 0 0 0 0 0 0 0 0 0 0 0 0 0 0 0 0 0 0 0 0 0 0 0 0.0188092771180362 0.0188092771180362 0.0188092771180362 0.0188092771180362 0.0771499163146569 0.115618607369624 0.568263329879653 0.788023697563827 0.788023697563827 0.80903801705587 0.957572859382057 0.978905980181185 0.894025132169709 0.893865731516166 0.788023697563827 0.809117717382641 0.809011450280279 0.809011450280279 0.788023697563827 0.788023697563827 0.788023697563827 0.747642198666348 0.647591721792726 0.427911054435323 0.115618607369624 0.115618607369624 0.0188092771180362 0.0188092771180362 0 0 0
0 0 0 0 0 0 0 0 0 0 0 0 0 0 0 0 0 0 0 0 0 0 0 0 0 0 0 0 0 0 0 0 0 0 0 0 0.0188092771180362 0.0188092771180362 0.0188092771180362 0.0578093036848118 0.115618607369624 0.587949310592173 0.788023697563827 0.788023697563827 0.830185170425865 0.978905980181185 0.978905980181185 0.830371137854999 0.80903801705587 0.809117717382641 0.788023697563827 0.809011450280279 0.788023697563827 0.788023697563827 0.667304269280837 0.527031694163279 0.388645360112643 0.232831221274674 0.115618607369624 0.115618607369624 0.0188092771180362 0.0188092771180362 0 0 0 0
0 0 0 0 0 0 0 0 0 0 0 0 0 0 0 0 0 0 0 0 0 0 0 0 0 0 0 0 0 0 0 0 0 0 0 0.0188092771180362 0.0188092771180362 0.0188092771180362 0.0188092771180362 0.0578093036848118 0.115618607369624 0.648149624080125 0.788023697563827 0.788023697563827 0.788023697563827 0.830185170425865 0.851385457347042 0.80903801705587 0.788023697563827 0.788023697563827 0.788023697563827 0.727318615339656 0.708004569485402 0.487580032411466 0.231582582821923 0.115618607369624 0.115618607369624 0.115618607369624 0.0771499163146569 0.038309290401424 0.0188092771180362 0 0 0 0 0
0 0 0 0 0 0 0 0 0 0 0 0 0 0 0 0 0 0 0 0 0 0 0 0 0 0 0 0 0 0 0 0 0 0 0 0.0188092771180362 0.0188092771180362 0.0188092771180362 0.0188092771180362 0.0771499163146569 0.115618607369624 0.68829202199729 0.788023697563827 0.788023697563827 0.788023697563827 0.957519725830876 0.830185170425865 0.788023697563827 0.809011450280279 0.809011450280279 0.788023697563827 0.668366940304455 0.370128317526102 0.115618607369624 0.115618607369624 0.115618607369624 0.0771499163146569 0.0188092771180362 0.0188092771180362 0.0188092771180362 0 0 0 0 0 0
0 0 0 0 0 0 0 0 0 0 0 0 0 0 0 0 0 0 0 0 0 0 0 0 0 0 0 0 0 0 0 0 0 0 0 0 0.0188092771180362 0.0188092771180362 0.0188092771180362 0.0771499163146569 0.115618607369624 0.648149624080125 0.788023697563827 0.788023697563827 0.788023697563827 0.851491724449404 0.788023697563827 0.788023697563827 0.809011450280279 0.788023697563827 0.708004569485402 0.370128317526102 0.115618607369624 0.115618607369624 0.0771499163146569 0.038309290401424 0.0188092771180362 0.0188092771180362 0 0 0 0 0 0 0 0
0 0 0 0 0 0 0 0 0 0 0 0 0 0 0 0 0 0 0 0 0 0 0 0 0 0 0 0 0 0 0 0 0 0 0 0 0.0188092771180362 0.0188092771180362 0.038309290401424 0.115618607369624 0.232831221274674 0.68829202199729 0.788023697563827 0.788023697563827 0.788023697563827 0.788023697563827 0.788023697563827 0.788023697563827 0.788023697563827 0.708004569485402 0.431178767832948 0.115618607369624 0.115618607369624 0.0771499163146569 0.0188092771180362 0.0188092771180362 0.0188092771180362 0 0 0 0 0 0 0 0 0
0 0 0 0 0 0 0 0 0 0 0 0 0 0 0 0 0 0 0 0 0 0 0 0 0 0 0 0 0 0 0 0 0 0 0 0.0188092771180362 0.0188092771180362 0.0188092771180362 0.0964108286177307 0.115618607369624 0.328816981482957 0.708004569485402 0.809011450280279 0.809011450280279 0.788023697563827 0.788023697563827 0.788023697563827 0.708004569485402 0.427911054435323 0.115618607369624 0.115618607369624 0.162083897877315 0.038309290401424 0.0188092771180362 0.0188092771180362 0 0 0 0 0 0 0 0 0 0 0
0 0 0 0 0 0 0 0 0 0 0 0 0 0 0 0 0 0 0 0 0 0 0 0.0188092771180362 0.0188092771180362 0 0 0 0 0 0 0 0 0 0 0.0188092771180362 0.0188092771180362 0.0771499163146569 0.115618607369624 0.231582582821923 0.487314364655562 0.809011450280279 0.809011450280279 0.830344571079408 0.788023697563827 0.708004569485402 0.448314338088786 0.154193565526952 0.115618607369624 0.0982970696846524 0.0188092771180362 0 0 0 0 0 0 0 0 0 0 0 0 0 0 0
0 0 0 0 0 0 0 0 0 0 0 0 0 0 0 0 0 0 0 0.0381498897478813 0.0193406126298451 0.0188092771180362 0.0381498897478813 0.0188092771180362 0.0188092771180362 0 0 0 0 0 0 0 0 0 0.0188092771180362 0.0188092771180362 0.0771499163146569 0.115618607369624 0.194229696341755 0.447597035147844 0.668366940304455 0.788023697563827 0.788023697563827 0.811030525225153 0.569432268005632 0.17369357881034 0.115618607369624 0.0963576950665498 0.0578093036848118 0.0188092771180362 0.0188092771180362 0 0 0 0 0 0 0 0 0 0 0 0 0 0 0
0 0 0 0 0 0 0 0 0 0 0 0 0 0 0 0 0 0 0 0.0381498897478813 0.0381498897478813 0.0188092771180362 0.0188092771180362 0.0188092771180362 0.0188092771180362 0 0 0 0 0 0 0 0 0.0188092771180362 0.0188092771180362 0.0771499163146569 0.115618607369624 0.252118700353338 0.527297361919184 0.76799234876863 0.788023697563827 0.788023697563827 0.76799234876863 0.728992322201854 0.231582582821923 0.115618607369624 0.159905422278898 0.038309290401424 0.0188092771180362 0.0188092771180362 0.0188092771180362 0.0188092771180362 0.0188092771180362 0 0 0 0 0 0 0 0 0 0 0 0 0
0 0 0 0 0 0 0 0 0 0 0 0 0 0 0 0 0 0 0 0.0381498897478813 0.0188092771180362 0.0188092771180362 0.0188092771180362 0.0188092771180362 0.0188092771180362 0 0 0 0 0 0 0 0.0188092771180362 0.0188092771180362 0.0578093036848118 0.115618607369624 0.252118700353338 0.708004569485402 0.788023697563827 0.788023697563827 0.788023697563827 0.788023697563827 0.788023697563827 0.588905714513429 0.115618607369624 0.200552588932281 0.0578093036848118 0.0188092771180362 0.0188092771180362 0.0188092771180362 0.0188092771180362 0 0 0 0 0 0 0 0 0 0 0 0 0 0 0
0 0 0 0 0 0 0 0 0 0 0 0 0 0 0 0 0 0 0 0.0381498897478813 0.0188092771180362 0.038309290401424 0.0188092771180362 0.038309290401424 0.0188092771180362 0.0188092771180362 0.0381498897478813 0.0188092771180362 0.0188092771180362 0.0188092771180362 0.0188092771180362 0.0381498897478813 0.0188092771180362 0.038309290401424 0.119789591137324 0.115618607369624 0.467176748758003 0.788023697563827 0.788023697563827 0.788023697563827 0.788023697563827 0.788023697563827 0.788023697563827 0.448208070986424 0.115618607369624 0.162083897877315 0.0188092771180362 0.0188092771180362 0.0188092771180362 0.0188092771180362 0 0 0 0 0 0 0 0 0 0 0 0 0 0 0 0
0 0 0 0 0 0 0 0 0 0 0 0 0 0 0 0 0 0 0 0.0381498897478813 0.038309290401424 0.038309290401424 0.0578093036848118 0.038309290401424 0.0188092771180362 0.0188092771180362 0.0381498897478813 0.0381498897478813 0.0381498897478813 0.0381498897478813 0.0193406126298451 0 0 0.038309290401424 0.138997369889217 0.115618607369624 0.58776334316304 0.788023697563827 0.788023697563827 0.788023697563827 0.788023697563827 0.788023697563827 0.727318615339656 0.350761138120666 0.115618607369624 0.100448978507479 0.0188092771180362 0.0188092771180362 0.0188092771180362 0.0188092771180362 0 0 0 0 0 0 0 0 0 0 0 0 0 0 0 0
0 0 0 0 0 0 0 0.0193406126298451 0.0381498897478813 0.0381498897478813 0 0 0 0 0 0 0 0 0.0188092771180362 0.0188092771180362 0.0188092771180362 0.0578093036848118 0.0770702159878855 0.0578093036848118 0.0769108153343429 0.0574108020509551 0.0381498897478813 0.0381498897478813 0.0381498897478813 0.0193406126298451 0 0 0 0.038309290401424 0.0771499163146569 0.115618607369624 0.58776334316304 0.788023697563827 0.788023697563827 0.788023697563827 0.788023697563827 0.788023697563827 0.609601232698387 0.174676549507186 0.115618607369624 0.038309290401424 0.0188092771180362 0.0188092771180362 0.0188092771180362 0.0188092771180362 0 0 0 0 0 0 0 0 0 0 0 0 0 0 0 0
