data-raw/DATASET_PNE_1/DATASET_PNE/a_DATA/PFGS/ENVSUIT_A1B/HS_f30_C2_VaccUli.asc
NCOLS 619 
NROWS 782 
XLLCORNER 876826 
YLLCORNER 1947424 
CELLSIZE 100 
NODATA_value -9999 
[rows 450 to 479 of 782, columns 476 to 543 of 619]
1 1 1 1 1 1 1 1 1 1 1 1 1 1 1 1 1 1 1 1 1 1 1 1 1 1 1 1 1 0.978381660847123 0.978381660847123 1 1 1 1 1 0.849643236678306 0.765750721117352 0.765750721117352 0.941096098375588 0.900956429330499 0.662972521633521 0.473720965538181 0.371914376802793 0.194595415211781 0.0196447548201002 0 0 0 0 0 0 0 0 0 0 0.043175952633976 0 0 0 0 0.0644603005920753 0.0215576134810991 0.0215576134810991 0.0215576134810991 0.150174586306361 0.171489297100349 0.524153635949598
1 1 1 1 1 1 1 1 1 1 1 1 1 1 1 1 1 1 1 1 1 1 1 1 1 1 0.956732958858357 0.913648094732048 0.956975861545468 1 1 0.978442386518901 0.978351298011234 1 0.828055260361318 0.849643236678306 0.980507059359344 0.941096098375588 0.900956429330499 0.801457416122666 0.62207378169121 0.516957643843935 0.60242902687111 0.602125398512221 0.342462425990588 0 0.0432366783057537 0 0 0 0 0 0 0 0 0 0 0 0 0 0.0431455897980871 0.0427812357674207 0.345771975102475 0.602125398512221 0.602125398512221 0.623743737665098 0.623743737665098 0.623743737665098
1 1 1 1 1 1 1 1 1 1 1 1 1 1 1 1 1 1 1 0.978381660847123 0.978381660847123 0.978381660847123 0.892181569758615 0.935296796720814 0.935296796720814 0.913739183239715 0.956975861545468 1 0.978320935175345 1 1 1 0.978320935175345 1 0.939092151206923 0.960953393046911 0.682799453468954 0.941217549719144 0.880947320479733 0.662972521633521 0.623743737665098 0.623743737665098 0.54346439957492 0.305601943221497 0.269075451647184 0.149901320783361 0.0647335661150751 0 0 0 0 0 0 0 0 0 0 0.0215576134810991 0.46594807955063 0.580537422195233 0.602125398512221 0.602125398512221 0.662972521633521 0.682769090633065 0.662972521633521 0.662972521633521 0.641748899347199 0.700500986792166
1 1 1 1 1 1 1 1 1 1 1 1 1 1 1 1 1 0.956975861545468 0.913648094732048 0.956975861545468 0.956975861545468 0.935327159556703 0.978381660847123 0.956945498709579 1 0.978320935175345 1 1 1 1 1 1 1 0.980446333687566 0.469834522544406 0.450159404888417 0.643297403977532 0.662972521633521 0.623743737665098 0.623743737665098 0.623743737665098 0.406831638074996 0.269075451647184 0.150174586306361 0.107545164718385 0.171823288295127 0.107727341733718 0.0862304539243965 0 0 0 0 0 0 0 0 0.602125398512221 0.662972521633521 0.662972521633521 0.662972521633521 0.623743737665098 0.623743737665098 0.78114467891301 0.740185213298922 0.801244876271444 0.837892819189312 0.899195384848945 0.917838166084712
1 1 1 1 1 1 1 1 1 1 1 1 1 1 1 0.956975861545468 0.978381660847123 0.892090481250949 0.828055260361318 0.828055260361318 0.93538788522848 0.957036587217246 0.957036587217246 1 1 0.978351298011234 0.978351298011234 1 1 1 1 1 0.980446333687566 0.74291786852892 0.430666464247761 0.430666464247761 0.352603613177471 0.428449977227873 0.387733414300896 0.307605890390162 0.0215576134810991 0.0863215424320632 0 0 0 0 0 0 0 0 0 0 0 0 0.0644603005920753 0.682769090633065 0.702079854258388 0.741521178078032 0.662972521633521 0.661332928495521 0.740185213298922 0.636010323364202 0.821011082435099 0.917838166084712 0.751358736906027 0.68559283437073 0.645726430848641 0.526855928343707
1 1 1 1 1 1 1 1 1 1 1 1 1 0.956975861545468 0.956975861545468 0.914103537270381 0.870957947472294 0.870957947472294 0.93538788522848 0.913830271747381 0.957036587217246 0.913830271747381 0.849461059662972 0.849461059662972 1 1 1 1 1 0.960953393046911 0.783057537574009 0.641475633824199 0.408987399423106 0.451768635190527 0.430545012904205 0.294367693942614 0.0215576134810991 0.0215576134810991 0 0.0647335661150751 0.0215576134810991 0.150174586306361 0.128950964020039 0 0 0 0 0 0 0 0 0 0 0.128768787004706 0.662972521633521 0.800698345225444 0.78114467891301 0.9206011841506 0.939061788371034 0.939243965386367 0.937877637771368 0.937877637771368 0.851373918323971 0.894580233793836 0.725732503415819 0.765750721117352 0.665705176863519 0.665705176863519
0.978594200698345 0.978594200698345 1 1 1 1 1 1 1 1 0.956975861545468 0.935296796720814 0.956702596022468 0.892181569758615 0.870957947472294 0.849734325185972 0.93538788522848 0.957036587217246 0.913830271747381 0.956945498709579 0.892576286625171 0.849461059662972 1 1 1 1 0.980446333687566 0.980446333687566 0.960953393046911 0.5792621830879 0.45222407772886 0.623743737665098 0.413268559283437 0.157340215576135 0.0408683771064217 0.0215576134810991 0 0 0 0 0 0 0 0 0 0 0 0 0 0 0 0 0.107545164718385 0.623743737665098 0.800698345225444 0.900500986792166 0.978594200698345 0.870866858964627 0.765750721117352 0.765750721117352 0.849278882647639 0.806558372551996 0.765750721117352 0.765750721117352 0.765750721117352 0.765750721117352 0.765750721117352 0.765750721117352
1 0.978594200698345 0.978594200698345 0.93538788522848 0.870654319113405 0.978320935175345 0.892151206922727 1 1 1 0.892242295430393 0.827690906330651 0.870866858964627 0.870957947472294 0.913769546075603 0.935721876423258 0.935448610900258 0.870957947472294 0.870957947472294 1 1 0.915409139213603 0.797813875816001 0.859450432670411 0.801730681645666 0.881888568392288 0.842781235767421 0.722939122514043 0.623743737665098 0.430545012904205 0.294033702747837 0.342705328677698 0.0215576134810991 0 0 0 0 0 0 0 0 0 0 0 0 0 0 0 0 0 0 0.171823288295127 0.387733414300896 0.662972521633521 0.940488841657811 0.978594200698345 0.935357522392591 0.785243661758008 0.785243661758008 0.785243661758008 0.785243661758008 0.785243661758008 0.785243661758008 0.785243661758008 0.785243661758008 0.849187794139973 0.785243661758008 0.785243661758008
1 0.892545923789282 0.93538788522848 0.956763321694246 0.913830271747381 0.978442386518901 0.935509336572036 0.80646728404433 0.870775770456961 0.827690906330651 0.80646728404433 0.870957947472294 0.870957947472294 0.913830271747381 0.870957947472294 0.892576286625171 1 1 1 1 0.917504174889935 0.861029300136633 0.921056626688933 0.980446333687566 0.960862304539244 0.80270229239411 0.623743737665098 0.408987399423106 0.239410960983756 0 0 0 0 0 0 0 0 0 0 0 0 0 0 0 0 0 0 0 0 0 0.193137999089115 0.623743737665098 0.741521178078032 0.960467587672689 0.978594200698345 0.957036587217246 0.935144982541369 0.892272658266282 0.913921360255048 0.849187794139973 0.827964171853651 0.849187794139973 0.892272658266282 0.935478973736147 0.913890997419159 1 0.935266433884925 0.891999392743282
1 0.957127675724913 0.892272658266282 0.870775770456961 0.828146348868984 0.828146348868984 0.849552148170639 0.871049035979961 0.91386063458327 0.870866858964627 0.892454835281615 0.828146348868984 0.913769546075603 1 1 0.93538788522848 1 1 0.938788522848034 0.940913921360255 0.900956429330499 0.980446333687566 0.920540458478822 0.761864278123577 0.662972521633521 0.408987399423106 0.200182177015333 0 0 0 0 0 0 0 0 0 0 0 0 0 0 0.021587976316988 0 0 0 0 0 0 0 0.043175952633976 0.662972521633521 0.800698345225444 0.980507059359344 0.935691513587369 0.978594200698345 1 1 1 1 0.978351298011234 0.957036587217246 0.956945498709579 1 1 1 1 1 0.935539699407925
0.65787156520419 0.921269166540155 1 0.978412023683012 0.785243661758008 0.785243661758008 0.785243661758008 0.785243661758008 0.785243661758008 0.80646728404433 0.828146348868984 0.828146348868984 0.785243661758008 0.765143464399575 0.80646728404433 0.687384241688174 0.546652497343252 0.448428723242751 0.42854106573554 0.408987399423106 0.47347806285107 0.641627448003644 0.662972521633521 0.452132989221193 0.200182177015333 0 0 0 0 0 0 0 0 0 0 0 0 0 0.021587976316988 0 0 0 0 0 0 0.150174586306361 0.171823288295127 0.565598906937908 0.621679064824655 0.602095035676332 0.800698345225444 0.980507059359344 0.935691513587369 1 1 1 1 1 1 1 0.957158038560802 0.935509336572036 0.957158038560802 1 1 1 0.956702596022468 1
1 1 0.940579930165477 0.585638378624563 0.585638378624563 0.585638378624563 0.785243661758008 0.785243661758008 0.80646728404433 0.851313192652194 0.745377258235919 0.785243661758008 1 1 0.742280248975254 0.76231972066191 0.662972521633521 0.743342948231365 0.663670866858965 0.783270077425231 0.842295430393199 0.722696219826932 0.440838014270533 0 0 0 0 0 0 0 0 0 0 0 0 0 0 0 0.021587976316988 0 0 0.150599666008805 0.171823288295127 0.043175952633976 0.230059207529983 0.284803400637619 0.623743737665098 0.662972521633521 0.623743737665098 0.623743737665098 0.662972521633521 0.980507059359344 0.956915135873691 0.935144982541369 1 1 0.956732958858357 1 1 0.978381660847123 0.978381660847123 1 0.935478973736147 0.935478973736147 1 1 1 1
0.849369971155306 1 0.780507059359344 0.585638378624563 0.487657507211174 0.653924396538637 0.708547138302718 0.725519963564597 0.645392439653864 0.645392439653864 0.665431911340519 0.706937908000607 0.645787156520419 0.586367086685896 0.682951267648398 0.882070745407621 0.623743737665098 0.60242902687111 0.663670866858965 0.78357370578412 0.451859723698193 0 0 0 0 0 0 0 0.0432670411416426 0.0432670411416426 0.0432670411416426 0 0 0.0972521633520571 0.407135266433885 0.487050250493396 0.407135266433885 0.155427356915136 0.194595415211781 0.32166388340671 0.385911644147563 0.565082738727797 0.60242902687111 0.623743737665098 0.781994838317899 0.9206011841506 0.9206011841506 0.841111279793533 0.623743737665098 0.473812054045848 0.430575375740094 0.980507059359344 0.892485198117504 1 1 1 1 0.957097312889024 1 1 1 1 0.978776377713678 0.978776377713678 1 1 1 1
1 0.871018673144072 1 0.605434947624108 0.448216183391529 0.52703810535904 0.91413390010627 0.722301502960377 0.918991953848489 0.840230757552755 0.722301502960377 0.42854106573554 0.821162896614544 0.941096098375588 0.802945195081221 0.723242750872931 0.60242902687111 0.280188249582511 0 0 0.021587976316988 0.107636253226051 0.128950964020039 0.107636253226051 0.0838925155609534 0 0.282404736602399 0.27833611659329 0.280552603613177 0.241748899347199 0.300015181417944 0.506361014118719 0.623743737665098 0.623743737665098 0.623743737665098 0.643297403977532 0.643297403977532 0.80270229239411 0.662972521633521 0.643297403977532 0.623743737665098 0.643297403977532 0.960953393046911 1 1 0.978594200698345 0.978594200698345 1 1 0.980507059359344 0.702170942766054 0.980507059359344 0.785243661758008 1 1 1 1 0.935509336572036 0.978381660847123 1 1 1 1 1 1 1 -9999 1
1 1 1 0.765416729922575 0.797085167754668 0.711826324578716 0.918991953848489 0.529042052527706 0.643297403977532 0.468286017914073 0.42854106573554 0.408987399423106 0.960953393046911 0.921238803704266 0.623743737665098 0.452132989221193 0 0 0.0649157431304084 0.235342340974647 0.293851525732503 0.412570214057993 0.452041900713527 0.473538788522848 0.623743737665098 0.90174586306361 0.74291786852892 0.495126764839836 0.495126764839836 0.60242902687111 0.623743737665098 0.643297403977532 0.841870350690754 0.980446333687566 1 1 1 1 1 1 0.941096098375588 0.765750721117352 0.913739183239715 1 0.978442386518901 1 0.892272658266282 0.935357522392591 0.978594200698345 1 0.980507059359344 0.980507059359344 0.93511461970548 1 1 1 1 0.828389251556095 0.892576286625171 1 1 1 1 -9999 -9999 1 -9999 -9999
1 0.978594200698345 1 0.91386063458327 0.785243661758008 0.625474419310764 0.585942006983452 0.621739790496432 0.450037953544861 0.468286017914073 0.841293456808866 0.702717473812054 1 0.822802489752543 0.293851525732503 0 0 0.27833611659329 0.538424168817368 0.623743737665098 0.623743737665098 0.643297403977532 0.643297403977532 0.662972521633521 0.980446333687566 1 1 0.980446333687566 0.960953393046911 0.901168969181722 1 1 1 1 1 1 1 1 1 1 1 1 1 1 1 1 1 1 0.785243661758008 0.765750721117352 0.746197054804919 0.746197054804919 1 1 1 1 0.978320935175345 1 0.84952178533475 1 0.978776377713678 1 1 -9999 -9999 -9999 -9999 -9999
1 0.978594200698345 0.978594200698345 0.93538788522848 0.870866858964627 0.914073174434492 0.806801275239107 0.677425231516624 0.42854106573554 0.448428723242751 0.643297403977532 0.702899650827387 0.842295430393199 0.389798087141339 0 0 0 0.408987399423106 0.643297403977532 0.721512069227266 0.960406862000911 1 1 1 1 1 1 1 1 1 1 1 1 1 1 1 1 1 1 1 1 1 0.956915135873691 0.956915135873691 1 1 1 1 1 0.785243661758008 0.765750721117352 0.746197054804919 0.785243661758008 0.871049035979961 1 1 1 1 0.935509336572036 1 0.978776377713678 1 1 1 1 1 -9999 -9999
1 1 1 0.978594200698345 0.913769546075603 0.957158038560802 0.828480340063762 0.828115986033095 0.820677091240322 0.700986792166388 0.643297403977532 0.623743737665098 0.559981782298467 0 0 0.252983148626082 0.48990435706695 0.957036587217246 1 1 0.935448610900258 0.978594200698345 0.978594200698345 0.978594200698345 0.978594200698345 1 1 0.978442386518901 1 1 1 1 1 1 1 1 1 1 1 1 1 1 1 1 1 1 1 1 1 0.978442386518901 0.785243661758008 0.726400485805374 0.765750721117352 0.785243661758008 1 1 1 1 1 0.84952178533475 1 1 1 1 1 1 1 1
1 1 1 1 1 0.849461059662972 0.871352664338849 0.935873690602702 0.956945498709579 0.585942006983452 0.42854106573554 0.623743737665098 0.438348261727645 0.194231061181114 0.42854106573554 1 1 1 1 0.978594200698345 1 1 0.978594200698345 0.978594200698345 0.956975861545468 1 1 1 1 1 0.978594200698345 1 1 1 1 1 1 1 1 1 1 1 1 0.935873690602702 1 1 0.978381660847123 1 1 1 0.785243661758008 0.706209199939274 0.487262790344618 0.785243661758008 0.892272658266282 0.978442386518901 1 1 1 0.978381660847123 1 1 1 1 1 1 1 1
1 0.978594200698345 1 1 1 1 0.849643236678306 0.828024897525429 1 0.900743889479277 0.42854106573554 0.408987399423106 0.408987399423106 0.643297403977532 1 1 1 0.978594200698345 1 1 1 1 1 1 1 1 1 1 0.956975861545468 1 1 1 1 1 1 1 1 1 1 1 1 1 1 1 1 0.84979505085775 1 1 1 1 0.870866858964627 0.765750721117352 0.273295885835737 0.765750721117352 0.785243661758008 0.827690906330651 0.892181569758615 1 1 1 1 1 1 1 1 1 1 1
1 1 1 1 1 0.956732958858357 0.978442386518901 0.870866858964627 1 0.956945498709579 0.566388340671019 0.507545164718385 0.507545164718385 1 1 0.892940640655837 0.849734325185972 0.80674054956733 1 1 1 1 1 1 1 1 1 1 1 1 1 1 1 1 1 1 1 1 1 1 1 1 1 1 1 0.935327159556703 0.956732958858357 1 1 1 0.956763321694246 0.765750721117352 0.448762714437528 0.765750721117352 0.785243661758008 0.785243661758008 0.827690906330651 1 1 1 0.84952178533475 1 1 1 1 1 1 1
1 1 0.978594200698345 1 1 1 1 0.871231212995294 0.870866858964627 1 1 1 1 1 0.935812964930925 0.849734325185972 0.935327159556703 0.978594200698345 1 1 1 1 1 1 1 1 1 1 1 1 1 1 1 1 1 1 1 1 1 1 1 1 0.978412023683012 1 1 0.849612873842417 0.956732958858357 1 1 1 0.913921360255048 0.765750721117352 0.587004706239563 0.667071504478518 0.765750721117352 0.785243661758008 0.785243661758008 0.978442386518901 1 1 1 1 1 1 1 1 1 1
1 1 1 1 1 1 1 1 0.785243661758008 0.892454835281615 1 0.761833915287688 0.979899802641567 0.914012448762714 0.850007590708972 0.913799908911492 1 1 1 1 1 1 1 1 1 1 1 1 1 1 1 1 1 1 1 1 1 1 1 1 0.978412023683012 1 1 0.978412023683012 0.978381660847123 0.957066950053135 0.913678457567937 1 1 1 0.913921360255048 0.765750721117352 0.667071504478518 0.765750721117352 0.765750721117352 0.765750721117352 0.765750721117352 0.978442386518901 1 1 0.978320935175345 0.84952178533475 1 1 1 1 1 1
1 1 1 1 1 1 0.978381660847123 1 0.914164262942159 0.870866858964627 0.978776377713678 0.979899802641567 1 0.870988310308183 0.828510702899651 0.956793684530135 1 1 1 1 1 1 1 1 1 1 1 1 1 1 1 1 1 1 1 1 1 1 1 1 1 1 1 1 0.978381660847123 0.93538788522848 1 1 1 1 0.870502504933961 0.765750721117352 0.785243661758008 0.870593593441627 0.978442386518901 0.978442386518901 1 1 1 1 1 0.978320935175345 1 1 1 1 1 1
1 1 1 1 1 1 1 1 1 0.849461059662972 0.914012448762714 0.958676180355245 0.93566115075148 0.785243661758008 0.956824047366024 0.978381660847123 1 1 1 1 1 1 1 1 1 1 1 1 1 1 1 1 1 1 0.91386063458327 1 1 1 1 1 0.978412023683012 1 0.978412023683012 0.978381660847123 0.956702596022468 0.892454835281615 1 1 1 1 0.892303021102171 0.913678457567937 0.978442386518901 0.978442386518901 1 1 1 1 1 1 1 1 0.892515560953393 1 1 1 1 1
1 1 1 1 1 1 1 1 1 0.849461059662972 0.870866858964627 0.914073174434492 0.806558372551996 0.892181569758615 1 1 1 1 1 1 1 1 1 1 1 1 1 1 1 1 1 1 1 1 1 1 1 1 1 1 1 0.978412023683012 1 0.978381660847123 0.849339608319417 1 1 1 1 1 0.935296796720814 1 1 1 1 1 1 1 1 1 1 1 1 1 1 1 1 1
1 1 1 1 1 1 1 1 0.956975861545468 0.849461059662972 0.80646728404433 0.828146348868984 0.785243661758008 1 1 1 1 1 1 1 1 1 1 1 1 1 1 1 1 1 1 1 0.935691513587369 0.936146956125702 1 1 1 1 1 1 0.978412023683012 1 1 1 0.956945498709579 1 1 1 1 0.978442386518901 1 1 1 1 0.913465917716715 0.95667223318658 0.956702596022468 1 1 0.935509336572036 1 1 0.978776377713678 1 1 1 1 1
1 1 1 1 1 1 1 1 0.956975861545468 0.849461059662972 0.849461059662972 0.849461059662972 0.978594200698345 0.883072718991954 1 1 1 1 1 1 1 1 1 1 1 1 1 1 1 1 1 1 1 1 1 1 1 1 1 1 1 1 0.80674054956733 0.80646728404433 0.978351298011234 1 1 1 1 1 1 1 1 0.913465917716715 1 0.913465917716715 0.870957947472294 0.93538788522848 0.89260664946106 0.89260664946106 0.89260664946106 0.828389251556095 0.978381660847123 1 1 1 1 1
1 1 1 1 1 1 1 1 1 0.849461059662972 0.849461059662972 0.849461059662972 0.978351298011234 0.980112342492789 1 0.913830271747381 1 1 1 1 1 1 1 1 1 1 1 1 1 0.978776377713678 1 1 1 1 0.978776377713678 1 1 1 1 1 1 1 1 0.978381660847123 1 1 1 1 1 1 1 1 1 1 1 1 1 1 0.871474115682405 1 0.957066950053135 1 1 1 1 1 1 1
1 1 1 1 1 1 1 1 1 0.849461059662972 0.871109761651738 0.871109761651738 1 1 1 0.956975861545468 1 1 1 1 1 1 1 1 1 1 1 1 1 0.978776377713678 0.806558372551996 0.914467891301048 1 1 1 1 1 1 1 0.978412023683012 0.956763321694246 0.80674054956733 0.978381660847123 0.956702596022468 1 1 1 1 1 1 1 1 1 1 1 1 1 1 1 1 0.95718840139669 1 1 1 0.978412023683012 1 1 1
