data-raw/DATASET_PNE_1/DATASET_PNE/a_DATA/PFGS/ENVSUIT_A1B/HS_f30_C2_VaccUli.asc
NCOLS 619 
NROWS 782 
XLLCORNER 876826 
YLLCORNER 1947424 
CELLSIZE 100 
NODATA_value -9999 
[rows 570 to 599 of 782, columns 476 to 543 of 619]
0.621921967511766 0.0641870350690754 0.296250189767724 0.838469713071201 0.978442386518901 1 1 0.880370426597844 0.861059662972522 0.700622438135722 0.663033247305298 0.643479580992865 0.643479580992865 0.643479580992865 0.643479580992865 0.408805222407773 0 0.0197054804918779 0.0197358433277668 0.234431455897981 0.467952026719296 0.800091088507667 0.760194322149689 0.841779262183088 0.821679064824655 0.782753909215121 0.428723242750873 0.195233034765447 0.604463336875664 0.42854106573554 0.0197358433277668 0 0 0.171975102474571 0.107818430241385 0.0864126309397298 0.107818430241385 0 0 0.0864126309397298 0.128981326855928 0.0649157431304084 0 0.021587976316988 0.150599666008805 0.150599666008805 0.150599666008805 0.0215576134810991 0 0 0 0 0 0 0 0 0 0 0.0432366783057537 0.214756338241992 0.526400485805374 0.623743737665098 0.409625018976772 0.448550174586306 0.585334750265675 0.66109002580841 0.682708364961287 0.682708364961287
0.6199180203431 0.534446637315925 0.899165022013056 1 1 0.978442386518901 1 0.979899802641567 0.979899802641567 0.781539395779566 0.700622438135722 0.621921967511766 0.621921967511766 0.557977835129801 0.622255958706543 0.272718991953848 0 0.350599666008805 0.239987854865644 0.448276909063307 0.567056323060574 0.818703506907545 0.695582207378169 0.758402914832245 0.700561712463944 0.547199028389252 0.507514801882496 0.487930772734173 0.683011993320176 0.643479580992865 0.136389858812813 0.0197358433277668 0.0197358433277668 0.234492181569759 0.107727341733718 0.192044936997116 0.17039623500835 0 0.107818430241385 0.12919386670715 0.0864126309397298 0.0864126309397298 0.107818430241385 0.171823288295127 0.214756338241992 0.214756338241992 0.214756338241992 0.214756338241992 0.19353271595567 0.0432366783057537 0 0 0 0 0 0 0 0 0 0 0 0.214756338241992 0.214756338241992 0.214756338241992 0.214756338241992 0.350538940337027 0.643479580992865 0.604645513890997
0.638135721876423 0.654136936389859 0.898709579474723 1 0.956915135873691 0.956975861545468 1 1 1 0.979899802641567 0.722180051616821 0.661059662972522 0.598846212236223 0.601032336420222 0.428723242750873 0.579201457416123 0.428723242750873 0.428723242750873 0.428723242750873 0.547199028389252 0.646060422043419 1 1 1 1 0.936997115530591 0.546773948686807 0.761955366631243 0.659328981326856 0.702687110976165 0.489479277364506 0.136389858812813 0.0197358433277668 0.214756338241992 0.214756338241992 0.214756338241992 0.214756338241992 0 0.129133141035373 0.0864126309397298 0.0433277668134204 0.193441627448004 0.193137999089115 0.193137999089115 0.193137999089115 0.193137999089115 0.193137999089115 0.193137999089115 0.171823288295127 0.214756338241992 0 0 0 0 0 0 0 0 0 0 0 0 0 0 0.0432366783057537 0.0646424776074085 0.0646424776074085 0.214756338241992
0.675542735691513 0.898709579474723 0.978442386518901 0.978685289206012 1 0.978594200698345 0.978594200698345 1 0.978320935175345 0.979899802641567 0.880370426597844 0.652345529072415 0.571914376802793 0.493213906178837 0.428723242750873 0.643479580992865 0.428723242750873 0.448276909063307 0.507423713374829 0.586609989373007 1 0.978381660847123 0.935296796720814 0.935296796720814 0.849946865037195 0.935752239259147 1 0.978442386518901 0.957218764232579 0.71279793532716 0.487536055867618 0.253651131015637 0.103871261575831 0.292697737968726 0.292697737968726 0.42854106573554 0.272992257476848 0.370274783664794 0.42854106573554 0.350964020039472 0.350964020039472 0.329345680886595 0.350964020039472 0.234492181569759 0.170426597844239 0.129011689691817 0.129042052527706 0.129042052527706 0.171823288295127 0.214756338241992 0 0.19353271595567 0.128799149840595 0 0 0 0 0 0 0 0 0 0 0 0 0.0215576134810991 0.0428723242750873 0.214756338241992
0.858812813116745 0.978442386518901 1 1 1 1 0.978594200698345 0.978594200698345 1 1 0.979899802641567 0.821314710793988 0.718354334294823 0.573675421284348 0.643479580992865 0.53620768179748 0.536268407469258 0.529102778199484 0.8793988158494 1 0.892485198117504 0.935691513587369 0.978594200698345 1 1 1 1 1 1 0.978351298011234 0.753544861090026 0.42854106573554 0.643479580992865 0.643479580992865 0.683011993320176 0.643479580992865 0.643479580992865 0.643479580992865 0.643479580992865 0.643479580992865 0.643479580992865 0.604463336875664 0.44818582055564 0.350964020039472 0.312433581296493 0.192044936997116 0.254228024897525 0.191953848489449 0.150599666008805 0 0.214756338241992 0.150599666008805 0.214756338241992 0 0 0 0 0 0 0 0 0 0 0 0 0 0 0.0215576134810991
0.978442386518901 0.860330954911189 0.978685289206012 1 1 1 1 0.978594200698345 0.978594200698345 1 1 0.979899802641567 0.920267192955822 0.657780476696524 0.663033247305298 0.428723242750873 0.450037953544861 0.861059662972522 1 0.956975861545468 1 0.978594200698345 1 1 1 1 1 1 1 1 1 1 0.715652041900714 0.754061029300137 0.794139972673448 0.696037649916502 0.656383786245635 0.722271140124488 0.682708364961287 0.663033247305298 0.643479580992865 0.643479580992865 0.643479580992865 0.643479580992865 0.643479580992865 0.643479580992865 0.643479580992865 0.525793229087597 0.409442841961439 0.362441172005465 0 0.129042052527706 0.214756338241992 0 0 0 0 0 0 0 0 0 0 0 0 0 0 0
1 0.939517230909367 1 1 1 1 1 1 1 0.978594200698345 0.978594200698345 1 1 0.861059662972522 0.598360406862001 0.722180051616821 0.593046910581448 1 0.849946865037195 0.978685289206012 1 1 1 1 1 1 1 1 1 0.956945498709579 1 1 1 1 1 1 0.90119933201761 0.918141794443601 0.7803552451799 0.682708364961287 0.643479580992865 0.663033247305298 0.682708364961287 0.682708364961287 0.682708364961287 0.663033247305298 0.643479580992865 0.0821921967511765 0.42854106573554 0.039380598147867 0.0197358433277668 0 0 0 0 0 0 0 0 0 0 0 0 0 0 0 0 0
0.960103233642022 1 1 1 1 1 1 1 1 0.978594200698345 0.978594200698345 0.956975861545468 1 1 0.467860938211629 0.70229239410961 1 0.978594200698345 1 1 1 1 1 1 1 1 1 1 1 0.978381660847123 0.956945498709579 1 1 1 1 1 1 1 0.979899802641567 0.901138606345833 0.781387581600121 0.821345073629877 0.881372400182177 0.939638682252922 0.840230757552755 0.70229239410961 0.453772582359192 0.604463336875664 0.44818582055564 0.211325337786549 0.0197358433277668 0.0197358433277668 0 0 0 0 0 0 0 0 0 0 0 0 0 0 0 0
1 1 1 1 1 1 1 1 1 1 0.978594200698345 0.956975861545468 1 1 0.590921512069227 1 0.870836496128738 1 1 1 1 1 1 1 1 1 1 1 1 1 0.978594200698345 1 0.956915135873691 0.957370578412024 1 1 1 1 1 1 1 1 1 1 0.901138606345833 0.722180051616821 0.659237892819189 0.663033247305298 0.643479580992865 0.407863974495218 0.059086078639745 0.0197358433277668 0 0 0 0 0 0 0 0 0 0 0 0 0 0 0 0
1 1 1 1 1 1 1 1 1 1 1 1 0.935296796720814 0.935296796720814 1 0.914073174434492 0.978594200698345 1 1 1 1 1 1 1 1 1 1 1 1 1 1 1 0.978594200698345 1 0.956975861545468 0.935296796720814 1 1 1 0.978776377713678 1 1 1 1 1 1 0.800030362835889 0.881584940033399 0.70229239410961 0.682708364961287 0.420373462881433 0.0197358433277668 0 0 0 0 0 0 0 0 0 0 0 0 0 0 0 0
1 1 1 1 1 1 1 1 1 1 1 0.978594200698345 0.935296796720814 0.978594200698345 1 0.978594200698345 1 1 1 1 1 1 1 1 1 1 1 1 1 1 1 1 1 1 0.978351298011234 0.956732958858357 1 0.978351298011234 0.956945498709579 0.978351298011234 0.956945498709579 0.957127675724913 0.935448610900258 1 1 1 1 0.937665097920146 0.958949445878245 0.722271140124488 0.532412327311371 0.214331258539548 0.0197358433277668 0 0 0 0 0 0 0 0 0 0 0 0 0 0 0
1 1 1 1 1 1 1 1 1 1 1 0.956945498709579 1 1 1 0.956975861545468 1 1 1 1 1 1 1 1 1 1 1 1 1 1 1 1 1 1 1 1 0.956975861545468 1 1 1 1 1 1 0.91440716562927 1 1 1 0.871291938667071 0.980507059359344 0.700713526643388 0.561742826780021 0.214331258539548 0.0197358433277668 0.0214968878093214 0 0 0 0 0 0 0 0 0 0 0 0 0 0
1 1 1 1 1 1 1 1 1 1 1 0.978594200698345 1 1 1 1 1 1 1 1 1 1 1 1 1 1 1 1 1 1 1 1 1 1 1 1 1 1 1 1 1 0.978381660847123 1 0.978351298011234 0.978594200698345 1 1 0.9407924700167 0.939638682252922 0.672506452102626 0.40537422195233 0.0976468802186124 0.0197358433277668 0 0 0 0 0 0 0 0 0 0 0 0 0 0 0
1 1 1 1 1 1 1 1 1 1 1 1 1 1 0.978594200698345 1 1 1 1 1 1 1 1 1 1 1 1 1 1 1 1 1 1 1 1 1 1 1 1 1 1 1 1 0.913648094732048 1 1 1 0.940549567329588 0.918232882951268 0.836951571276757 0.400971610748444 0.0197358433277668 0 0 0 0 0 0 0 0 0 0 0 0 0 0 0 0
1 1 1 1 1 1 1 1 1 1 1 1 1 1 1 1 1 1 1 1 1 1 1 1 1 1 1 1 1 1 1 1 1 1 1 1 1 1 1 1 1 1 0.956732958858357 0.956975861545468 1 1 1 0.881372400182177 0.90174586306361 0.742189160467588 0.116927281008046 0.0197358433277668 0 0 0 0 0 0 0 0 0 0 0 0 0 0 0 0
1 1 1 1 1 1 1 1 1 1 1 1 1 1 1 1 1 1 1 1 1 1 1 1 1 1 1 1 1 1 1 1 1 1 1 1 1 1 1 1 1 1 0.978351298011234 0.935721876423258 1 1 0.915773493244269 0.921299529376044 0.922058600273265 0.682708364961287 0 0 0 0 0 0 0 0 0 0 0 0 0 0 0 0 0 0
1 1 1 1 1 1 1 1 1 1 1 1 1 1 1 1 1 1 1 1 1 1 1 1 1 1 1 1 1 1 1 1 1 1 1 1 1 1 1 1 1 1 0.978351298011234 1 1 1 0.957036587217246 0.980689236374677 0.682708364961287 0.0783057537574009 0 0.0214968878093214 0 0 0 0 0 0 0 0 0 0 0 0 0 0 0 0
1 1 1 1 1 1 1 1 1 1 1 1 1 1 1 1 1 1 1 1 1 1 1 1 1 1 1 1 1 1 1 1 1 1 1 1 1 1 1 1 1 0.956945498709579 0.978351298011234 1 1 0.920449369971155 0.939790496432367 0.448276909063307 0.059086078639745 0 0 0 0 0 0 0 0 0 0 0 0 0 0 0 0 0 0 0
1 1 1 1 1 1 1 1 1 1 1 1 1 1 1 1 1 1 1 1 1 1 1 1 1 1 1 1 1 1 1 1 1 1 1 1 1 1 1 1 1 0.935721876423258 1 1 0.979899802641567 0.796690450888113 0.881767117048732 0.471443752846516 0.149051161378473 0.0432670411416426 0 0.0430848641263094 0 0 0 0 0 0 0 0 0 0 0 0 0 0 0 0
1 1 1 1 1 1 1 1 1 1 1 1 1 1 1 1 1 1 1 1 1 1 1 1 1 1 1 1 1 1 1 1 1 1 1 1 1 1 1 0.935327159556703 0.978351298011234 0.957127675724913 1 1 0.935812964930925 0.980689236374677 0.663033247305298 0.267496584180963 0.0432670411416426 0 0.0214968878093214 0 0 0 0 0 0 0 0 0 0 0 0 0 0 0 0 0
1 1 1 1 1 1 1 1 1 1 1 1 1 1 1 1 1 1 1 1 1 1 1 1 1 1 1 1 1 1 1 1 1 1 1 1 1 1 0.978594200698345 1 0.913648094732048 1 1 0.851707909518749 0.898375588279945 0.802641566722332 0.624290268711098 0.42854106573554 0.127554273569151 0 0.0643084864126309 0 0 0 0 0 0 0 0 0 0 0 0 0 0 0 0 0
1 1 1 1 1 1 1 1 1 1 1 1 1 1 1 1 1 1 1 1 1 1 1 1 1 1 1 1 1 1 1 1 1 1 1 1 1 1 0.956732958858357 0.935296796720814 1 1 1 0.854835281615303 0.702687110976165 0.643479580992865 0.42854106573554 0.214756338241992 0.129042052527706 0 0 0 0 0 0 0 0 0 0 0 0 0 0 0 0 0 0 0
1 1 1 1 1 1 1 1 1 1 1 1 1 1 1 1 1 1 1 1 1 1 1 1 1 1 1 1 1 1 1 1 1 1 1 1 1 1 1 1 1 1 0.935509336572036 0.651222104144527 0.448276909063307 0.195233034765447 0.059086078639745 0.0197358433277668 0 0 0 0 0 0 0 0 0 0 0 0 0 0 0 0 0 0 0 0
1 1 1 1 1 1 1 1 1 1 1 1 1 1 1 1 1 1 1 1 1 1 1 1 1 1 1 1 1 1 1 1 1 1 1 1 1 1 1 1 1 1 0.713799908911492 0.637498102322757 0.401730681645666 0.039380598147867 0.084226506755731 0.0197358433277668 0 0 0 0 0 0 0 0 0 0 0 0 0 0 0 0 0 0 0 0
1 1 1 1 1 1 1 0.978320935175345 1 1 1 1 1 1 1 1 1 1 1 1 1 1 1 1 1 1 1 1 1 1 1 1 1 1 1 1 1 0.978594200698345 1 1 1 0.956824047366024 0.695734021557613 0.533991194777592 0.204736602398664 0.0822832852588432 0.105632306057386 0.0197358433277668 0 0 0 0 0 0 0 0 0 0 0 0 0 0 0 0 0 0 0 0
1 1 1 1 1 1 0.956915135873691 0.978594200698345 1 1 1 1 1 1 1 1 1 1 1 1 1 1 1 1 1 1 1 1 1 1 1 1 1 1 1 1 1 1 1 1 0.979899802641567 0.659055715803856 0.70229239410961 0.643479580992865 0.125277060877486 0.105632306057386 0 0 0 0 0 0 0 0 0 0 0 0 0 0 0 0 0 0 0 0 0 0
1 1 1 1 1 0.956915135873691 0.956915135873691 1 1 1 1 0.978594200698345 1 1 1 1 1 1 1 1 1 1 1 1 1 1 1 1 0.892849552148171 1 1 1 1 1 1 1 1 1 1 1 0.720722635494155 0.393623804463337 0.663033247305298 0.643479580992865 0.42854106573554 0.0216790648246546 0 0 0 0 0 0 0 0 0 0 0 0 0 0 0 0 0 0 0 0 0 0
1 1 1 1 1 1 0.978594200698345 1 1 1 1 1 0.978594200698345 1 1 1 1 1 1 1 1 1 1 1 1 1 1 1 0.914073174434492 1 1 1 1 1 1 1 1 1 1 1 0.881524214361621 0.41317747077577 0.448276909063307 0.565325641414908 0.467496584180962 0.214756338241992 0 0 0 0 0 0 0 0 0 0 0 0 0 0 0 0 0 0 0 0 0 0
1 1 1 1 1 1 1 1 1 1 0.978594200698345 1 1 1 1 1 1 1 1 1 1 1 1 1 1 1 1 1 1 1 1 1 1 1 1 1 1 1 1 1 1 0.722180051616821 0.412995293760437 0.18141794443601 0.059086078639745 0.0216790648246546 0.193168361925004 0 0 0 0 0 0 0 0 0 0 0 0 0 0 0 0 0 0 0 0 0
1 1 1 1 1 1 1 1 1 0.978594200698345 1 1 1 0.935296796720814 0.978594200698345 1 1 1 1 1 1 1 1 1 1 1 1 1 1 1 1 1 1 1 1 1 1 1 1 1 1 0.90119933201761 0.682708364961287 0.446090784879308 0.0197358433277668 0.0216790648246546 0 0 0 0 0 0 0 0 0 0 0 0 0 0 0 0 0 0 0 0 0 0
