data-raw/DATASET_PNE_1/DATASET_PNE/a_DATA/PFGS/ENVSUIT_A1B/HS_f30_P1_ubacPion.asc
NCOLS 619 
NROWS 782 
XLLCORNER 876826 
YLLCORNER 1947424 
CELLSIZE 100 
NODATA_value -9999 
[rows 660 to 692 of 782, columns 370 to 443 of 619]
-9999 -9999 -9999 -9999 -9999 -9999 -9999 -9999 -9999 -9999 -9999 -9999 -9999 -9999 -9999 -9999 -9999 -9999 -9999 -9999 -9999 -9999 -9999 -9999 1 1 1 1 1 1 1 1 1 1 0.921122824844405 0.947669249333164 1 1 0.922011939540201 0.896227613362124 1 1 1 1 1 1 1 1 1 1 1 1 1 1 1 1 1 1 1 1 1 1 1 1 1 1 1 1 1 1 1 1 1 1
-9999 -9999 -9999 -9999 -9999 -9999 -9999 -9999 -9999 -9999 -9999 -9999 -9999 -9999 -9999 -9999 -9999 -9999 -9999 -9999 -9999 -9999 -9999 -9999 -9999 1 1 1 1 1 1 1 1 0.921165163639443 0.973919302256658 0.973919302256658 1 1 1 1 1 1 1 1 1 1 1 1 1 1 1 1 1 1 1 1 1 1 1 1 1 1 1 1 1 1 1 1 1 1 1 1 1 1
-9999 -9999 -9999 -9999 -9999 -9999 -9999 -9999 -9999 -9999 -9999 -9999 -9999 -9999 -9999 -9999 -9999 -9999 -9999 -9999 -9999 -9999 -9999 -9999 -9999 1 1 1 1 1 1 1 1 0.947669249333164 1 1 1 1 1 1 1 1 1 1 1 1 1 1 1 1 1 1 1 1 1 1 1 1 1 1 1 1 1 1 1 1 1 1 0.97387696346162 1 1 1 1 0.97387696346162
-9999 -9999 -9999 -9999 -9999 -9999 -9999 -9999 -9999 -9999 -9999 -9999 -9999 -9999 -9999 -9999 -9999 -9999 -9999 -9999 -9999 -9999 -9999 -9999 -9999 1 0.896185274567086 1 1 1 1 1 1 0.947669249333164 0.973749947076506 0.973749947076506 1 1 1 1 1 1 1 1 1 1 1 1 1 1 0.948092637283543 1 1 1 1 1 1 1 1 0.973749947076506 0.973792285871544 1 1 1 1 1 1 1 1 1 1 1 1 1
-9999 -9999 -9999 -9999 -9999 -9999 -9999 -9999 -9999 -9999 -9999 -9999 -9999 -9999 -9999 -9999 -9999 -9999 -9999 -9999 -9999 -9999 -9999 -9999 -9999 1 1 1 1 1 0.870231593208857 0.922265972310428 1 0.973749947076506 0.973749947076506 0.973749947076506 1 1 1 1 1 1 1 0.86997756043863 1 0.948092637283543 1 1 1 1 0.948092637283543 1 1 1 1 1 0.973792285871544 1 1 1 1 1 1 1 1 1 1 1 1 1 1 1 1 0.97387696346162
-9999 -9999 -9999 -9999 -9999 -9999 -9999 -9999 -9999 -9999 -9999 -9999 -9999 -9999 -9999 -9999 -9999 -9999 -9999 -9999 -9999 -9999 -9999 -9999 -9999 1 0.948092637283543 1 1 1 1 1 0.973792285871544 1 1 1 0.974173335026885 1 1 1 1 1 0.973749947076506 1 0.973749947076506 1 1 0.973792285871544 1 1 0.948092637283543 1 1 1 1 1 1 1 1 1 1 1 1 1 1 1 1 1 1 1 0.973749947076506 1 0.869215462127948 0.765400736695034
-9999 -9999 -9999 -9999 -9999 -9999 -9999 -9999 -9999 -9999 -9999 -9999 -9999 -9999 -9999 -9999 -9999 -9999 -9999 -9999 -9999 -9999 -9999 -9999 -9999 0.974173335026885 1 1 1 1 1 0.974173335026885 0.921842584360049 1 1 1 0.974173335026885 1 1 1 1 1 1 1 1 1 1 1 1 1 1 1 1 1 0.922308311105466 1 1 1 0.948134976078581 0.947796265718278 1 1 1 1 1 1 1 1 1 0.7913967568483 0.947626910538126 1 1 1
-9999 -9999 -9999 -9999 -9999 -9999 -9999 -9999 -9999 -9999 -9999 -9999 -9999 -9999 -9999 -9999 -9999 -9999 -9999 -9999 -9999 -9999 -9999 -9999 -9999 0.870189254413819 1 1 0.948092637283543 1 1 1 0.870400948389009 0.869935221643592 1 0.974173335026885 0.948050298488505 1 1 1 1 1 1 1 1 1 1 1 1 1 1 1 1 1 1 1 1 1 0.973919302256658 1 1 0.973749947076506 1 1 1 1 1 1 1 0.921122824844405 0.947626910538126 1 1 0.896015919386934
-9999 -9999 -9999 -9999 -9999 -9999 -9999 -9999 -9999 -9999 -9999 -9999 -9999 -9999 -9999 -9999 -9999 -9999 -9999 -9999 -9999 -9999 -9999 -9999 -9999 1 1 0.921546212794784 0.921546212794784 0.843939201490326 1 1 0.817435115796604 0.895719547821669 0.974173335026885 0.921969600745163 0.974173335026885 1 1 1 1 1 1 1 1 1 1 1 0.922308311105466 1 1 1 1 0.974215673821923 0.895804225411745 1 1 1 1 0.896227613362124 0.947669249333164 1 1 1 1 1 1 1 0.973749947076506 1 1 1 1 1
-9999 -9999 -9999 -9999 -9999 -9999 -9999 -9999 -9999 -9999 -9999 -9999 -9999 -9999 -9999 -9999 -9999 -9999 -9999 -9999 -9999 -9999 -9999 -9999 -9999 0.843515813539947 0.921546212794784 0.869300139718024 0.817435115796604 0.765443075490072 1 1 1 0.921800245565011 0.765443075490072 1 1 1 1 1 1 1 1 1 0.896015919386934 1 1 1 1 1 1 1 0.896015919386934 1 1 1 1 1 1 1 1 1 1 1 1 1 1 1 1 0.947499894153013 1 0.895592531436555 1 1
-9999 -9999 -9999 -9999 -9999 -9999 -9999 -9999 -9999 -9999 -9999 -9999 -9999 -9999 -9999 -9999 -9999 -9999 -9999 -9999 -9999 -9999 -9999 -9999 -9999 0.869215462127948 0.791227401668149 0.731741394639909 0.770947118844998 0.791227401668149 1 1 1 0.97387696346162 0.869215462127948 1 1 1 0.843219441974681 0.89529615987129 1 1 1 1 1 1 1 1 1 1 1 0.947626910538126 1 1 1 1 1 0.921546212794784 1 1 1 1 1 1 1 1 1 0.947626910538126 0.947626910538126 0.921292180024556 0.9461450527118 0.948092637283543 1 1
-9999 -9999 -9999 -9999 -9999 -9999 -9999 -9999 -9999 -9999 -9999 -9999 -9999 -9999 -9999 -9999 -9999 -9999 -9999 -9999 -9999 -9999 -9999 -9999 -9999 0.869215462127948 0.7833523857911 -9999 0.379440281129599 0.587704813920996 0.817265760616453 0.947372877767899 0.947372877767899 1 1 1 1 1 0.869215462127948 0.869511833693213 1 1 1 1 1 1 1 1 1 1 1 0.869215462127948 1 1 1 1 1 1 1 1 1 1 1 1 1 0.921122824844405 0.947372877767899 0.895042127101063 0.97387696346162 0.89529615987129 0.947626910538126 0.947796265718278 0.89529615987129 1
-9999 -9999 -9999 -9999 -9999 -9999 -9999 -9999 -9999 -9999 -9999 -9999 -9999 -9999 -9999 -9999 -9999 -9999 -9999 -9999 -9999 -9999 -9999 -9999 -9999 0.973495914306279 0.895380837461366 0.88102798594352 0.733688979211652 0.67644692832042 0.551674499343749 0.84305008679453 0.868834412972607 0.868834412972607 1 1 0.947796265718278 0.895761886616707 1 1 1 0.791439095643338 0.921122824844405 1 1 0.921122824844405 0.921546212794784 1 1 0.869215462127948 1 1 1 1 1 1 0.921546212794784 1 1 0.947372877767899 1 0.869215462127948 1 1 1 0.947669249333164 0.895550192641517 0.869300139718024 1 0.97387696346162 0.765400736695034 0.880646936788179 0.843219441974681 1
-9999 -9999 -9999 -9999 -9999 -9999 -9999 -9999 -9999 -9999 -9999 -9999 -9999 -9999 -9999 -9999 -9999 -9999 -9999 -9999 -9999 -9999 -9999 -9999 1 0.921461535204708 0.921461535204708 0.947245861382785 0.887759854354545 0.715949024090774 0.862822304077226 0.697912697404632 0.522757102332868 0.262754562005165 0.861763834201279 0.869046106947796 0.809560099919556 0.843431135949871 0.765443075490072 1 1 1 1 1 0.973495914306279 0.921122824844405 1 1 1 1 1 1 1 1 1 0.947626910538126 0.947626910538126 0.947626910538126 0.947626910538126 0.947372877767899 0.843007747999492 0.97387696346162 1 1 1 1 0.97387696346162 0.97387696346162 1 1 1 1 1 1
-9999 -9999 -9999 -9999 -9999 -9999 -9999 -9999 -9999 -9999 -9999 -9999 -9999 -9999 -9999 -9999 -9999 -9999 -9999 -9999 -9999 -9999 -9999 -9999 1 0.947245861382785 0.921038147254329 0.921122824844405 0.895338498666328 0.809560099919556 0.861763834201279 0.82717303865532 0.442906134891401 0.226427875862653 0.252254540835768 0.27189974173335 0.362462424319404 0.496930437359753 0.809560099919556 0.921122824844405 0.921122824844405 1 1 1 1 1 1 0.921122824844405 1 0.921122824844405 0.973749947076506 0.947626910538126 1 1 1 0.921461535204708 0.896015919386934 1 1 0.973495914306279 0.97387696346162 0.97387696346162 1 1 0.948092637283543 0.948092637283543 0.922011939540201 1 1 1 1 1 1 1
-9999 -9999 -9999 -9999 -9999 -9999 -9999 -9999 -9999 -9999 -9999 -9999 -9999 -9999 -9999 -9999 -9999 -9999 -9999 -9999 -9999 -9999 -9999 1 1 1 1 0.973495914306279 0.921122824844405 0.947245861382785 0.947245861382785 0.973495914306279 0.947245861382785 0.624116177653584 0.614462932384944 0.704432871840467 0.130276472331597 0.104026419408104 0.156272492484864 0.895042127101063 1 1 0.974003979846733 1 1 1 1 1 1 1 0.97387696346162 0.97387696346162 1 1 1 0.921165163639443 1 0.97387696346162 1 1 0.97387696346162 1 0.921800245565011 0.862314238536771 0.921800245565011 0.844108556670477 0.862314238536771 0.97387696346162 0.948092637283543 0.948092637283543 1 1 1 1
-9999 -9999 -9999 -9999 -9999 -9999 -9999 -9999 -9999 -9999 -9999 -9999 -9999 -9999 -9999 -9999 -9999 -9999 -9999 -9999 -9999 -9999 1 1 1 1 1 1 1 1 1 1 1 1 0.947245861382785 0.902282061052542 0.252254540835768 0.208222193996359 0.182437867818282 0.234302891739701 0.845082348956349 0.921122824844405 0.621914560311614 0.947626910538126 1 1 1 1 1 0.973495914306279 0.973495914306279 1 1 1 1 1 1 0.97387696346162 0.97387696346162 0.973495914306279 0.97387696346162 0.97387696346162 0.921800245565011 0.947796265718278 0.921800245565011 0.668698928828486 0.778271730386553 0.974215673821923 1 0.922265972310428 0.974003979846733 0.922265972310428 0.870062238028706 1
-9999 -9999 -9999 -9999 -9999 -9999 -9999 -9999 -9999 -9999 -9999 -9999 -9999 -9999 -9999 -9999 -9999 -9999 -9999 -9999 -9999 -9999 0.973495914306279 1 1 1 1 1 1 1 1 1 1 1 1 0.921122824844405 0.352978534230916 0.200177822939159 0.226004487912274 0.200177822939159 0.914517972818494 0.921122824844405 0.921122824844405 0.895126804691138 1 1 1 1 1 1 1 1 1 1 1 0.947372877767899 0.97387696346162 1 1 0.948092637283543 0.948092637283543 1 1 0.948092637283543 1 1 1 0.974215673821923 0.948092637283543 0.974215673821923 0.974215673821923 1 0.807993564503154 0.352809179050764
-9999 -9999 -9999 -9999 -9999 -9999 -9999 -9999 -9999 -9999 -9999 -9999 -9999 -9999 -9999 -9999 -9999 -9999 -9999 -9999 -9999 -9999 0.921503873999746 0.973495914306279 1 1 1 1 1 1 1 1 1 0.921122824844405 1 1 0.973495914306279 0.973749947076506 1 0.973495914306279 0.947245861382785 0.947245861382785 0.836064185613277 0.604005250010585 0.888394936280113 1 1 1 1 1 1 1 1 1 1 0.948092637283543 0.922265972310428 0.86976586646344 0.948092637283543 1 0.922392988695542 0.922265972310428 0.97387696346162 0.97387696346162 1 1 0.948389008848808 0.193276599347983 0.981624962953554 1 1 0.807993564503154 1 0.0961937423260934
-9999 -9999 -9999 -9999 -9999 -9999 -9999 -9999 -9999 -9999 -9999 -9999 -9999 -9999 -9999 -9999 -9999 -9999 -9999 -9999 -9999 -9999 0.791269740463186 0.791269740463186 0.780473347728524 0.921800245565011 1 0.974215673821923 0.974215673821923 1 1 1 1 1 1 1 1 1 1 1 0.973495914306279 0.921122824844405 0.567805580253186 0.104026419408104 0.604005250010585 0.947245861382785 1 1 1 1 1 1 1 1 1 0.974215673821923 0.955671281595326 1 0.974215673821923 0.974215673821923 0.92141919640967 0.896142935772048 0.948389008848808 1 1 1 0.974215673821923 0.974215673821923 0.974215673821923 0.974215673821923 0.830729497438503 0.0704094161480164 1 1
-9999 -9999 -9999 -9999 -9999 -9999 -9999 -9999 -9999 -9999 -9999 -9999 -9999 -9999 -9999 -9999 -9999 -9999 -9999 -9999 -9999 -9999 0.754689021550447 0.728438968626953 0.463779160845082 0.16258097294551 0.589398365722511 0.839705321986536 0.922096617130276 0.948092637283543 1 0.974215673821923 1 1 1 1 1 0.973495914306279 1 0.973495914306279 0.973495914306279 0.97387696346162 0.208052838816207 0.104026419408104 0.181972141072865 1 1 1 1 1 1 1 1 1 1 1 1 0.974215673821923 0.974215673821923 0.843431135949871 1 1 1 1 1 1 1 1 0.869427156103137 0.869427156103137 0.945679325966383 0.226427875862653 0.948092637283543 1
-9999 -9999 -9999 -9999 -9999 -9999 -9999 -9999 -9999 -9999 -9999 -9999 -9999 -9999 -9999 -9999 -9999 -9999 -9999 -9999 -9999 -9999 0.129937761971294 0.817350438206529 0.739193022566578 0.619501248994454 0.554722892586477 0.266903763918879 0.5478216689953 0.80668106185698 0.612303653838012 0.922096617130276 1 1 1 1 1 1 1 1 1 1 0.852449299292942 0.757314026842796 0.860663025530293 0.974215673821923 1 1 1 1 1 1 1 1 1 1 1 0.947923282103391 0.948389008848808 0.973749947076506 1 1 1 1 1 1 1 1 1 1 0.843431135949871 0.981624962953554 0.974215673821923 1
-9999 -9999 -9999 -9999 -9999 -9999 -9999 -9999 -9999 -9999 -9999 -9999 -9999 -9999 -9999 -9999 -9999 -9999 -9999 -9999 -9999 -9999 -9999 -9999 0.973749947076506 0.843431135949871 0.817773826156908 0.728438968626953 0.817773826156908 0.813624624243194 0.859435200474195 0.893644946864812 0.857656971082603 0.937804310089335 0.86976586646344 0.974215673821923 1 1 1 1 1 1 1 1 1 1 1 0.895888903001821 1 1 1 0.974215673821923 1 0.869215462127948 0.948389008848808 1 1 1 0.922138955925314 1 1 0.948389008848808 0.973749947076506 1 1 1 1 0.844150895465515 0.86997756043863 1 1 1 1 1
-9999 -9999 -9999 -9999 -9999 -9999 -9999 -9999 -9999 -9999 -9999 -9999 -9999 -9999 -9999 -9999 -9999 -9999 -9999 -9999 -9999 -9999 -9999 -9999 -9999 0.843431135949871 1 1 1 1 0.974215673821923 0.694906642956941 0.609636309750624 0.563360006774207 0.84948558364029 0.948007959693467 0.973749947076506 1 1 1 1 0.974173335026885 1 1 1 1 1 1 0.974003979846733 0.885515898217537 0.843261780769719 0.974215673821923 0.974215673821923 1 1 1 1 1 1 0.955840636775477 0.866040052500106 0.919894999788306 0.981624962953554 0.981624962953554 0.620813751640628 0.961725729285745 0.82857021889157 0.330877683221136 0.866505779245523 0.870231593208857 0.896227613362124 0.973749947076506 1 1
-9999 -9999 -9999 -9999 -9999 -9999 -9999 -9999 -9999 -9999 -9999 -9999 -9999 -9999 -9999 -9999 -9999 -9999 -9999 -9999 -9999 -9999 -9999 -9999 -9999 -9999 0.973749947076506 1 1 1 0.948092637283543 0.421736737372454 0.441466615860113 0.895761886616707 0.948092637283543 0.948092637283543 0.948092637283543 1 0.973749947076506 0.817308099411491 1 1 1 1 1 1 1 0.922265972310428 1 1 0.948092637283543 0.922265972310428 1 1 1 1 1 1 1 1 0.901604640331936 0.871755789830221 0.791227401668149 0.961725729285745 0.953850713408696 1 0.923917185316906 0.588805622591981 0.301325204284686 0.275540878106609 0.182818916973623 0.275540878106609 0.681569922520005 1
-9999 -9999 -9999 -9999 -9999 -9999 -9999 -9999 -9999 -9999 -9999 -9999 -9999 -9999 -9999 -9999 -9999 -9999 -9999 -9999 -9999 -9999 -9999 -9999 -9999 -9999 -9999 -9999 1 1 0.948092637283543 0.877852576315678 0.948092637283543 0.921842584360049 0.948092637283543 0.823701257462213 0.948092637283543 0.948092637283543 0.741818027858927 0.877640882340489 0.843431135949871 0.973749947076506 0.92141919640967 0.948389008848808 0.948092637283543 0.948092637283543 0.948092637283543 0.948092637283543 0.929717600237097 0.974215673821923 1 1 1 1 1 1 1 1 1 1 0.973749947076506 1 1 0.824590372158008 0.953850713408696 0.943477708624412 0.249756551928532 0.479571531394217 0.534865997713705 0.275540878106609 0.220161734197045 0.234683940895042 0.194081036453703 0.301325204284686
-9999 -9999 -9999 -9999 -9999 -9999 -9999 -9999 -9999 -9999 -9999 -9999 -9999 -9999 -9999 -9999 -9999 -9999 -9999 -9999 -9999 -9999 -9999 -9999 -9999 -9999 -9999 -9999 1 0.97387696346162 1 0.922308311105466 0.948092637283543 0.921884923155087 0.948092637283543 0.974215673821923 0.948092637283543 0.315212329057115 0 0.156399508869978 0.332825267792879 0.929717600237097 0.948389008848808 0.841779922943393 0.332825267792879 0.0967018078665481 0.0898005842753715 0.38604513315551 0.843431135949871 0.843431135949871 1 1 1 1 1 1 1 0.974173335026885 1 0.954274101359075 1 0.973749947076506 0.961725729285745 0.933866802150811 0.887548160379356 0.933866802150811 0.234556924509928 0.16740759557983 0.77873745713197 0.97387696346162 1 0.785469325542995 0.586773360430162 0.515136119226047
-9999 -9999 -9999 -9999 -9999 -9999 -9999 -9999 -9999 -9999 -9999 -9999 -9999 -9999 -9999 -9999 -9999 -9999 -9999 -9999 -9999 -9999 -9999 -9999 -9999 -9999 -9999 -9999 1 1 1 0.896015919386934 0.974215673821923 0.922265972310428 0.921842584360049 0.948092637283543 0.751936999872984 0.0446674287649773 0.227444006943562 0.137177695922774 0.163681781616495 0.40374274948135 0.70278165883399 0.815529870019899 0.787670942884965 0.141834963376942 0.078115076844913 -9999 0.305051018248021 0.948389008848808 0.973749947076506 0.974215673821923 0.869427156103137 0.869427156103137 0.974215673821923 1 0.332698251407765 0.729031711757483 0.973749947076506 0.947923282103391 1 1 1 1 0.229984334645836 1 0.741098268343283 0.327405902028028 0.719336127693806 0.960116855074305 0.91417926245819 0.869554172488251 0.875185232228291 0.703755451119861
-9999 -9999 -9999 -9999 -9999 -9999 -9999 -9999 -9999 -9999 -9999 -9999 -9999 -9999 -9999 -9999 -9999 -9999 -9999 -9999 -9999 -9999 -9999 -9999 -9999 -9999 -9999 -9999 1 0.895423176256404 0.97387696346162 1 1 0.948389008848808 0.542529319615564 0.948389008848808 0.921842584360049 0.97387696346162 1 1 0.947965620898429 0.65896100596977 0.137177695922774 0.181633430712562 0.278800965324527 0.0522884118717981 -9999 -9999 0.145433760955163 0.495914306278843 0.919894999788306 0.494559464837631 0.802023794402811 0.467631991193531 0.145433760955163 0.145433760955163 0.0632964985816504 0.171260425928278 0.921842584360049 0.973749947076506 0.947923282103391 0.901096574791482 0.6527372030992 1 0.768406791142724 0.358651932765993 0.901689317922012 0.863288030822643 0.837037977899149 0.97387696346162 0.97387696346162 0.532664380371735 0.705491341716415 0.88805622591981
-9999 -9999 -9999 -9999 -9999 -9999 -9999 -9999 -9999 -9999 -9999 -9999 -9999 -9999 -9999 -9999 -9999 -9999 -9999 -9999 -9999 -9999 -9999 -9999 -9999 -9999 -9999 -9999 -9999 1 1 1 0.92141919640967 0.698124391379821 0.100131250264617 0.823362547101909 1 1 1 0.818197214107287 0.675727168804776 0.368305178034633 0.870019899233668 0.891824378678183 0.723824039967823 0 0.574664465049325 0.948431347643846 0.89610059697701 0.922181294720352 1 1 0.973749947076506 0.948389008848808 0.820017782293916 0.145433760955163 0.0632964985816504 0.130615182691901 0.156399508869978 0 0.182818916973623 0.182818916973623 0.619289555019264 0.928066387230619 0.933993818535924 0.641178712053855 0.566958804352428 0.973792285871544 0.750878529997036 0.275540878106609 0.922350649900504 0.823447224691985 0.731275667894492 -9999
-9999 -9999 -9999 -9999 -9999 -9999 -9999 -9999 -9999 -9999 -9999 -9999 -9999 -9999 -9999 -9999 -9999 -9999 -9999 -9999 -9999 -9999 -9999 -9999 -9999 -9999 -9999 -9999 -9999 0.973495914306279 0.937550277319107 1 0.823362547101909 0.759134595029425 0.797112494178416 1 1 0.97387696346162 0.973749947076506 1 0.974215673821923 0.895634870231593 0.315212329057115 0.0260806977433422 0.358397899995766 0.805791947161184 0.974215673821923 0.620136330920022 0.0704094161480164 0.594352004741945 0.911300224395614 0.798975401160083 0.865828358524916 0.802023794402811 0.820017782293916 0.0632964985816504 0.104068758203142 0.130318811126635 0.130149455946484 0.156272492484864 0.130149455946484 0.0782420932300267 0.156822896820356 0.293492527202676 0.916042169439858 0.81692705025615 0.328633727084127 0.875862652948897 1 0.197256446081545 0.391295143740209 0.640797662898514 0.902493755027732 -9999
-9999 -9999 -9999 -9999 -9999 -9999 -9999 -9999 -9999 -9999 -9999 -9999 -9999 -9999 -9999 -9999 -9999 -9999 -9999 -9999 -9999 -9999 -9999 -9999 -9999 -9999 -9999 -9999 -9999 -9999 0.937550277319107 1 0.54460392057242 0.612091959862822 0.574325754689022 0.930098649392438 1 1 0.929717600237097 0.818197214107287 0.948092637283543 0.921842584360049 0.948092637283543 0.35048054532368 0.38604513315551 0.235403700410686 0.948389008848808 0.973749947076506 0.885219526652272 0.0260806977433422 0 0.84766501545366 0.948092637283543 0.929717600237097 0.792582243109361 0.929717600237097 0.646894449383971 0.126635335958339 0.0632964985816504 0.208772598331851 0.18226851263813 0.0898005842753715 0.115796604428638 0.208433887971548 0.525043397264914 0.902070367077353 0.522545408357678 0.849358567255176 0.741098268343283 0.197256446081545 0.340107540539396 0.380117701850205 0.275075151361192 0.676404589525382
-9999 -9999 -9999 -9999 -9999 -9999 -9999 -9999 -9999 -9999 -9999 -9999 -9999 -9999 -9999 -9999 -9999 -9999 -9999 -9999 -9999 -9999 -9999 -9999 -9999 -9999 -9999 -9999 -9999 -9999 0.888225581099962 0.982048350903933 0.294635674668699 0.369998729836149 0.608831872644904 0.910199415724628 1 1 0.973749947076506 0.973749947076506 1 0.859435200474195 0.359032981921335 0.921842584360049 0.948092637283543 0.208772598331851 0.163681781616495 0.955840636775477 1 0.824886743723274 0.14107286506626 0.282399762902748 0.749904737711165 0.740590202802828 0.38604513315551 0.666497311486515 0.974215673821923 0.948092637283543 0.610948812396799 0.145433760955163 0 0.53516236927897 0.197256446081545 0.31330708328041 0.896227613362124 0.849358567255176 -9999 0.857614632287565 0.579533426478682 0.197256446081545 0.249036792412888 0.397984673356196 0.353528938566408 0.130318811126635
