data-raw/DATASET_PNE_1/DATASET_PNE/a_DATA/PFGS/ENVSUIT_A1B/HS_f15_P1_ubacPion.asc
NCOLS 619 
NROWS 782 
XLLCORNER 876826 
YLLCORNER 1947424 
CELLSIZE 100 
NODATA_value -9999 
[rows 728 to 755 of 782, columns 441 to 503 of 619]
-9999 -9999 -9999 -9999 -9999 -9999 -9999 -9999 -9999 -9999 -9999 1 1 1 1 1 1 1 1 1 1 1 1 1 1 1 1 1 1 1 1 1 1 1 0.987001985311508 1 1 1 1 1 1 1 1 1 1 1 1 1 0.856534987688065 1 0.948050290346146 1 1 1 1 1 1 1 1 1 1 1 1
-9999 -9999 -9999 -9999 -9999 -9999 -9999 -9999 -9999 -9999 -9999 -9999 1 1 1 1 1 1 1 1 1 1 0.973771125078201 0.973771125078201 0.947584569454193 0.973771125078201 1 1 1 1 1 1 1 1 1 0.947775095701218 1 1 1 1 1 1 1 1 1 1 1 1 1 0.96109065413475 0.765210211277008 1 1 1 1 1 1 1 1 1 1 1 1
-9999 -9999 -9999 -9999 -9999 -9999 -9999 -9999 -9999 -9999 -9999 1 1 1 1 1 1 1 1 1 0.973771125078201 0.960709601640701 0.964498937129974 0.9869384765625 0.9869384765625 0.947817444801331 0.947796255350113 1 1 1 1 1 1 1 1 1 1 1 1 1 1 1 1 1 1 1 0.986874967813492 1 1 1 1 1 1 0.986874967813492 1 1 1 1 1 1 1 1 1
-9999 -9999 -9999 -9999 -9999 -9999 -9999 -9999 -9999 -9999 -9999 -9999 -9999 1 1 1 1 1 1 1 0.964498937129974 0.990727812051773 0.96847876906395 0.96847876906395 0.98154029250145 0.977666288614273 0.973771125078201 0.986874967813492 1 1 1 1 1 1 1 1 1 1 1 1 1 1 1 1 1 1 1 1 1 1 1 1 1 1 0.973813444375992 1 1 1 1 1 1 1 1
-9999 -9999 -9999 -9999 -9999 -9999 -9999 -9999 -9999 -9999 -9999 -9999 -9999 -9999 -9999 1 1 1 1 0.96847876906395 0.922964543104172 0.954210579395294 0.695732250809669 0.749121472239494 0.919048219919205 0.98154029250145 0.977666288614273 0.973771125078201 0.960709601640701 0.973771125078201 1 1 1 1 1 1 1 1 1 1 1 1 1 0.986896157264709 1 1 1 1 1 1 1 1 1 1 1 1 1 1 1 1 1 1 1
-9999 -9999 -9999 -9999 -9999 -9999 -9999 -9999 -9999 -9999 -9999 -9999 -9999 -9999 -9999 -9999 -9999 1 0.968415260314941 0.922964543104172 0.67790761590004 0.630403488874435 0.537660352885723 0.630403488874435 0.648185789585114 0.885748773813248 0.98154029250145 0.977666288614273 1 0.947796255350113 0.973771125078201 0.973771125078201 0.947796255350113 0.973771125078201 1 1 1 1 1 1 1 1 1 1 0.986896157264709 1 1 1 1 1 1 1 1 0.986874967813492 1 1 1 1 1 1 1 0.986874967813492 1
-9999 -9999 -9999 -9999 -9999 -9999 -9999 -9999 -9999 -9999 -9999 -9999 -9999 -9999 -9999 -9999 -9999 -9999 -9999 0.639273464679718 0.578220926225185 0.47256445325911 0.36057835817337 0.490812480449677 0.525953682139516 0.630403488874435 0.876434236764908 0.972416281700134 0.990727812051773 0.990727812051773 0.990727812051773 1 0.960857778787613 0.973771125078201 0.986896157264709 0.974003970623016 1 1 1 1 1 1 1 1 1 1 1 1 1 1 1 1 1 0.986874967813492 1 1 1 1 1 1 1 1 1
-9999 -9999 -9999 -9999 -9999 -9999 -9999 -9999 -9999 -9999 -9999 -9999 -9999 -9999 -9999 -9999 -9999 -9999 -9999 -9999 -9999 -9999 0.228206098079681 0.472416281700134 0.490875989198685 0.5 0.710317969322205 0.874020904302597 0.913078457117081 0.990727812051773 0.990727812051773 0.990727812051773 0.990727812051773 0.973771125078201 0.973771125078201 0.973771125078201 0.947796255350113 0.973771125078201 0.973771125078201 0.973771125078201 0.947796255350113 1 1 1 1 1 1 1 1 1 1 1 1 1 1 1 1 1 1 1 1 1 1
-9999 -9999 -9999 -9999 -9999 -9999 -9999 -9999 -9999 -9999 -9999 -9999 -9999 -9999 -9999 -9999 -9999 -9999 -9999 -9999 -9999 -9999 0 0.255747497081757 0.481688469648361 0.490875989198685 0.490875989198685 0.526228884235024 0.665904566645622 0.737393617630005 0.922265976667404 0.990727812051773 1 1 0.986874967813492 0.960857778787613 1 1 1 1 1 1 1 1 1 1 1 1 1 1 1 1 1 1 1 1 1 1 1 1 1 1 1
-9999 -9999 -9999 -9999 -9999 -9999 -9999 -9999 -9999 -9999 -9999 -9999 -9999 -9999 -9999 -9999 -9999 -9999 -9999 -9999 -9999 -9999 0.0912189334630966 0.228206098079681 0.453787207603455 0.42652103304863 0.241500481963158 0.254752516746521 0.394428223371506 0.719145596027374 0.764172911643982 0.63931579887867 0.890660047531128 1 1 1 1 1 1 1 1 1 1 1 0.990727812051773 1 1 1 1 1 1 1 1 1 1 1 1 1 1 1 1 1 1
-9999 -9999 -9999 -9999 -9999 -9999 -9999 -9999 -9999 -9999 -9999 -9999 -9999 -9999 -9999 -9999 -9999 -9999 -9999 -9999 -9999 -9999 0.13931579887867 0.228206098079681 0.237266600131989 0.345675081014633 0.107921585440636 0.121406495571136 0.25439265370369 0.710317969322205 0.689783647656441 0.646936789155006 0.854756772518158 0.909119784832001 1 1 1 1 1 0.990875989198685 1 1 1 0.977666288614273 0.990727812051773 0.981603801250458 0.901160091161728 0.990875989198685 1 1 1 1 1 1 1 1 1 1 1 1 1 1 1
-9999 -9999 -9999 -9999 -9999 -9999 -9999 -9999 -9999 -9999 -9999 -9999 -9999 -9999 -9999 -9999 -9999 -9999 -9999 -9999 -9999 -9999 -9999 0.100067742168903 0.237330108880997 0.453787207603455 0.345675081014633 0.395190322771668 0.472670316696167 0.529679488390684 0.609593972563744 0.618696808815002 0.41254922747612 0.360705375671387 0.634912565350533 0.67913544178009 0.990875989198685 0.963398098945618 0.662094071507454 0.688111260533333 0.533807545900345 0.936258941888809 0.805961310863495 0.912464529275894 0.893327414989471 0.903763920068741 0.594584882259369 0.990875989198685 1 1 1 1 1 1 1 1 1 1 1 1 1 1 1
-9999 -9999 -9999 -9999 -9999 -9999 -9999 -9999 -9999 -9999 -9999 -9999 -9999 -9999 -9999 -9999 -9999 -9999 -9999 -9999 -9999 -9999 -9999 -9999 0.179897546768188 0.273677974939346 0.373047113418579 0.463271081447601 0.306871592998505 0.446377923712134 0.442694455385208 0.407764941453934 0.429759949445724 0.243596255779266 0.289364501833916 0.351877719163895 0.423874855041504 0.441678315401077 0.441678315401077 0.369681179523468 0.162051737308502 0.582624159753323 0.710317969322205 0.62127947807312 0.665904566645622 0.710317969322205 0.667936831712723 0.981603801250458 1 1 1 1 1 1 1 1 1 1 1 1 1 1 1
-9999 -9999 -9999 -9999 -9999 -9999 -9999 -9999 -9999 -9999 -9999 -9999 -9999 -9999 -9999 -9999 -9999 -9999 -9999 -9999 -9999 -9999 -9999 -9999 -9999 0.228206098079681 0.228206098079681 0.336402893066406 0.35473558306694 0.530018206685781 0.569096922874451 0.234027683734894 0.26027774810791 0.639527499675751 0.837313175201416 0.252466231584549 0.15644184872508 0.117299631237984 0.111160509288311 0.243617430329323 0.425674259662628 0.300668954849243 0.665904566645622 0.56909691542387 0.630403488874435 0.62127947807312 0.728333115577698 0.981603801250458 1 1 1 1 1 1 1 1 1 1 1 1 1 1 1
-9999 -9999 -9999 -9999 -9999 -9999 -9999 -9999 -9999 -9999 -9999 -9999 -9999 -9999 -9999 -9999 -9999 -9999 -9999 -9999 -9999 -9999 -9999 -9999 -9999 -9999 0.228206098079681 0.336402893066406 0.253164827823639 0.516893178224564 0.62127947807312 0.542677503079176 0.126529484987259 0.323764771223068 0.737647652626038 0.922265976667404 0.652694866061211 0.178563863039017 0.0673398543149233 0.165460005402565 0.464752942323685 0.234027683734894 0.62127947807312 0.529954697936773 0.306871592998505 0.62127947807312 0.775392681360245 0.931389987468719 1 1 1 1 1 1 1 1 1 1 1 1 1 1 1
-9999 -9999 -9999 -9999 -9999 -9999 -9999 -9999 -9999 -9999 -9999 -9999 -9999 -9999 -9999 -9999 -9999 -9999 -9999 -9999 -9999 -9999 -9999 -9999 -9999 -9999 0.171069905161858 0.246686995029449 0.111901432275772 0.36405012011528 0.503979845903814 0.498412292450666 0.197468146681786 0.126529484987259 0.126529484987259 0.555654339492321 0.820547014474869 0.758012622594833 0.15440958738327 0.130149453878403 0.340890794992447 0.234027683734894 0.498581659048796 0.56909691542387 0.293746560811996 0.630403488874435 0.737647652626038 0.981603801250458 1 1 1 1 1 1 1 1 1 1 1 1 1 1 1
-9999 -9999 -9999 -9999 -9999 -9999 -9999 -9999 -9999 -9999 -9999 -9999 -9999 -9999 -9999 -9999 -9999 -9999 -9999 -9999 -9999 -9999 -9999 -9999 -9999 -9999 -9999 0.228206098079681 0.228206098079681 0.36405012011528 0.472670316696167 0.490875989198685 0.280685037374496 0.126529484987259 0.121321819722652 0.139654517173767 0.340890794992447 0.764426946640015 0.473876953125 0.158410608768463 0.228820011019707 0.201659679412842 0.26374951004982 0.578220926225185 0.485774173401296 0.675092086195946 0.728333115577698 1 1 1 1 0.987001985311508 0.987107843160629 1 1 1 1 1 1 1 1 1 1
-9999 -9999 -9999 -9999 -9999 -9999 -9999 -9999 -9999 -9999 -9999 -9999 -9999 -9999 -9999 -9999 -9999 -9999 -9999 -9999 -9999 -9999 -9999 -9999 -9999 -9999 -9999 -9999 0.228206098079681 0.228206098079681 0.336402893066406 0.345675081014633 0.280685037374496 0.153160586953163 0.0990092754364014 0.126529484987259 0.263770699501038 0.438862770795822 0.5 0.145285576581955 0.145285576581955 0.126529484987259 0.215271607041359 0.530018206685781 0.539142217487097 0.595262296497822 0.728820011019707 0.990727812051773 1 1 1 1 1 1 1 1 1 1 1 1 1 1 0.974003970623016
-9999 -9999 -9999 -9999 -9999 -9999 -9999 -9999 -9999 -9999 -9999 -9999 -9999 -9999 -9999 -9999 -9999 -9999 -9999 -9999 -9999 -9999 -9999 -9999 -9999 -9999 -9999 -9999 -9999 0.228206098079681 0.237393617630005 0.0990092754364014 0.0990092754364014 0.22816376388073 0.20172318816185 0.126529484987259 0.327024847269058 0.304860502481461 0.359160006046295 0.0182480197399855 0.126529484987259 0.00986493937671185 0.139654517173767 0.503979845903814 0.539142217487097 0.353825300931931 0.630403488874435 0.942186385393143 0.990727812051773 1 1 1 1 1 1 1 0.990727812051773 1 1 1 1 1 0.974003970623016
-9999 -9999 -9999 -9999 -9999 -9999 -9999 -9999 -9999 -9999 -9999 -9999 -9999 -9999 -9999 -9999 -9999 -9999 -9999 -9999 -9999 -9999 -9999 -9999 -9999 -9999 -9999 -9999 -9999 0 0.228206098079681 0.153795674443245 0.0990092754364014 0.0990092754364014 0.31976374424994 0.228396624326706 0.197468146681786 0.31389981508255 0.429040193557739 0.13588635623455 0.13588635623455 0.126529484987259 0.121110126376152 0.490875989198685 0.539142217487097 0.26374951004982 0.539142217487097 0.676573947072029 0.942186385393143 0.990727812051773 0.990727812051773 1 0.990727812051773 0.990727812051773 0.942186385393143 0.951310396194458 0.931389987468719 0.950527131557465 0.990727812051773 1 1 1 1
-9999 -9999 -9999 -9999 -9999 -9999 -9999 -9999 -9999 -9999 -9999 -9999 -9999 -9999 -9999 -9999 -9999 -9999 -9999 -9999 -9999 -9999 -9999 -9999 -9999 -9999 -9999 -9999 -9999 -9999 0.183602184057236 0.228206098079681 0 0.0990092754364014 0.32348957657814 0.39182436466217 0.121321819722652 0.139654517173767 0.247152715921402 0.13588635623455 0.13588635623455 0.126529484987259 0.135441809892654 0.385473549365997 0.539142217487097 0.25439265370369 0.296181045472622 0.591472968459129 0.658220082521439 0.858419060707092 0.932998865842819 0.942186385393143 0.751026719808578 0.658220082521439 0.658220082521439 0.721304878592491 0.728820011019707 0.977666288614273 1 1 1 1 1
-9999 -9999 -9999 -9999 -9999 -9999 -9999 -9999 -9999 -9999 -9999 -9999 -9999 -9999 -9999 -9999 -9999 -9999 -9999 -9999 -9999 -9999 -9999 -9999 -9999 -9999 -9999 -9999 -9999 -9999 -9999 0.157161608338356 0.206020573154092 0 0.28447437286377 0.494559452868998 0.126529484987259 0.228396624326706 0.139654517173767 0.126529484987259 0.363118678331375 0.126529484987259 0.215271607041359 0.25439265370369 0.539142217487097 0.25439265370369 0.0990092754364014 0.468711636960506 0.578220926225185 0.565328761935234 0.630403488874435 0.630403488874435 0.55540032684803 0.542762190103531 0.55582370609045 0.578220926225185 0.648905545473099 0.942186385393143 1 1 1 1 1
-9999 -9999 -9999 -9999 -9999 -9999 -9999 -9999 -9999 -9999 -9999 -9999 -9999 -9999 -9999 -9999 -9999 -9999 -9999 -9999 -9999 -9999 -9999 -9999 -9999 -9999 -9999 -9999 -9999 -9999 -9999 0.139463990926743 0.228206098079681 0 0.0990092754364014 0.358588413335383 0.345675081014633 0.25439265370369 0.126529484987259 0.197468146681786 0.126529484987259 0.126529484987259 0.126529484987259 0.152546674013138 0.400821357965469 0.310512732714415 0.0990092754364014 0.134743213653564 0.349316225387156 0.431432313285768 0.507409296929836 0.507409296929836 0.456962607800961 0.440175271593034 0.40060967206955 0.542910367250443 0.578220926225185 0.802553027868271 0.990727812051773 1 1 1 1
-9999 -9999 -9999 -9999 -9999 -9999 -9999 -9999 -9999 -9999 -9999 -9999 -9999 -9999 -9999 -9999 -9999 -9999 -9999 -9999 -9999 -9999 -9999 -9999 -9999 -9999 -9999 -9999 -9999 -9999 -9999 0.139463990926743 0.052034379914403 0 0 0.222426861524582 0.371713440865278 0.386659041978419 0.280685037374496 0.215271607041359 0.108196787536144 0.108196787536144 0.108196787536144 0.117257289588451 0.108196787536144 0.27141284942627 0 0 0.210317969322205 0.139463990926743 0.139463990926743 0.165946900844574 0.228206098079681 0.228206098079681 0 0.409881860017776 0.578220926225185 0.747576102614403 0.990727812051773 1 1 1 1
-9999 -9999 -9999 -9999 -9999 -9999 -9999 -9999 -9999 -9999 -9999 -9999 -9999 -9999 -9999 -9999 -9999 -9999 -9999 -9999 -9999 -9999 -9999 -9999 -9999 -9999 -9999 -9999 -9999 -9999 0 0 0 0 0 0 0.0990092754364014 0.258160799741745 0.377259836532176 0.241267621517181 0 0.0892078429460526 0.29736652970314 0.336402893066406 0.345717430114746 0.198145553469658 0 0 0.143528515473008 0.0261865444481373 0.0352470465004444 0.139463990926743 0.139463990926743 0.139463990926743 0.184067904949188 0.409881860017776 0.565328761935234 0.840679109096527 0.990727812051773 1 1 1 1
-9999 -9999 -9999 -9999 -9999 -9999 -9999 -9999 -9999 -9999 -9999 -9999 -9999 -9999 -9999 -9999 -9999 -9999 -9999 -9999 -9999 -9999 -9999 -9999 -9999 -9999 -9999 -9999 -9999 -9999 0 0.0130615178495646 0 0 0 0 0 0 0.0990092754364014 0.336402893066406 0.0891655012965202 0.0990092754364014 0 0 0.0266311019659042 0.184067904949188 0.104280451312661 0 0.0130615178495646 0.06524408608675 0.0389940291643143 0.0781362429261208 0.0130615178495646 0.0911554247140884 0.228206098079681 0.481603801250458 0.565328761935234 0.813921004533768 0.990727812051773 1 1 1 1
-9999 -9999 -9999 -9999 -9999 -9999 -9999 -9999 -9999 -9999 -9999 -9999 -9999 -9999 -9999 -9999 -9999 -9999 -9999 -9999 -9999 -9999 -9999 -9999 -9999 -9999 -9999 -9999 -9999 -9999 0.0391210466623306 0.0261865444481373 0.0131250265985727 0 0 0 0 0.104957873001695 0 0 0 0 0 0 0 0 0 0 0 0 0 0 0 0.0130615178495646 0.183750376105309 0.481603801250458 0.565328761935234 0.769422918558121 0.942186385393143 1 1 1 1
-9999 -9999 -9999 -9999 -9999 -9999 -9999 -9999 -9999 -9999 -9999 -9999 -9999 -9999 -9999 -9999 -9999 -9999 -9999 -9999 -9999 -9999 -9999 -9999 -9999 -9999 -9999 -9999 -9999 -9999 -9999 0.0260383598506451 0 0.0131250265985727 0 0 0 0 0 0 0 0 0.0260171899572015 0.064926540479064 0 0 0 0 0 0 0 0 0 0.0130615178495646 0.139463990926743 0.364071309566498 0.51291333232075 0.639591008424759 0.769444078207016 0.951310396194458 0.990727812051773 1 1
