data-raw/DATASET_PNE_1/DATASET_PNE/a_DATA/PFGS/ENVSUIT_A1B/HS_f0_C5_CallVulg.asc
NCOLS 619 
NROWS 782 
XLLCORNER 876826 
YLLCORNER 1947424 
CELLSIZE 100 
NODATA_value -9999 
[rows 192 to 223 of 782, columns 213 to 283 of 619]
0.714208984375 0.430224609375 0.66201171875 0.94384765625 0.742919921875 0.714208984375 0.7072265625 0.59970703125 0.719921875 0.243310546875 0 0.1564453125 0.321044921875 0.2849609375 0.55361328125 0.339306640625 0.213671875 0.213671875 0 0 0 0 0 0 0 0 0 0 0 0 0 0 0 0 0 0 0 0 0 0 0 0 0 0 0 0 0 0 0 0 0 0 0 0 0 0 0 0 0 0 0 0 0 0 0 0 0 0 0 0 0
0.69638671875 0.679248046875 0.714208984375 0.94384765625 0.742919921875 0.714208984375 0.714208984375 0.7072265625 0.735498046875 0.719921875 0.78134765625 0.019384765625 0.449267578125 0.449267578125 0.799560546875 0.571484375 0.321728515625 0.096826171875 0 0 0 0 0 0 0 0 0 0 0 0 0 0 0 0 0 0 0 0 0 0 0 0 0 0 0 0 0 0 0 0 0 0 0 0 0 0 0 0 0 0 0 0 0 0 0 0 0 0 0 0 0
0.397265625 0.55419921875 0.714208984375 0.886279296875 0.856982421875 0.714208984375 0.714208984375 0.714208984375 0.69599609375 0.69599609375 0.714208984375 0.79248046875 0.724609375 0.764111328125 0.771923828125 0.55361328125 0.726806640625 0.274853515625 0 0 0 0 0 0 0 0 0.01787109375 0.057421875 0 0 0 0 0 0 0 0 0 0 0 0 0 0 0 0 0 0 0 0 0 0 0 0 0 0 0 0 0 0 0 0 0 0 0 0 0 0 0 0 0 0 0
0.416748046875 0.48486328125 0.714208984375 0.886279296875 0.943017578125 0.742919921875 0.714208984375 0.742919921875 0.714208984375 0.714208984375 0.714208984375 0.714208984375 0.714208984375 0.764111328125 0.691552734375 0.743310546875 0.51875 0.39853515625 0.137060546875 0 0 0 0.57548828125 0.1177734375 0 0.072314453125 0.0544921875 0.028271484375 0.113671875 0.084765625 0 0 0 0 0 0 0 0 0 0 0 0 0 0 0 0 0 0 0 0 0 0 0 0 0 0 0 0 0 0 0 0 0 0 0 0 0 0 0 0 0
0.191845703125 0.571435546875 0.69638671875 0.80048828125 1 0.97138671875 0.742919921875 0.742919921875 0.714208984375 0.714208984375 0.714208984375 0.714208984375 0.714208984375 0.69599609375 0.69599609375 0.94287109375 0.5642578125 0.642236328125 0.69599609375 0.519287109375 0.513330078125 0.58232421875 0.57568359375 0.639599609375 0.41943359375 0.224072265625 0 0 0.0560546875 0.282861328125 0.094580078125 0.084765625 0 0 0 0 0 0 0 0 0 0 0 0 0 0 0 0 0 0 -9999 0 0 0 0 0 0 0 0 0 0 0 0 0 0 0 0 0 0 0 0
0.141748046875 0.304833984375 0.64326171875 0.771630859375 1 1 0.943017578125 1 0.97138671875 0.97138671875 0.943017578125 0.714208984375 0.714208984375 0.714208984375 0.714208984375 0.971142578125 0.885595703125 0.971728515625 0.724609375 0.714208984375 0.69599609375 0.69599609375 0.658154296875 0.445263671875 0.282763671875 0.486962890625 0.453759765625 0 0 0.10673828125 0.257421875 0.1134765625 0.084765625 0 0 0 0 0 0 0 0 0 0 0 0 0 0 0 0 0 -9999 0 0 0 0 0 0 0 0 0 0 0 0 0 0 0 0 0 0 0 0
0 0 0 0.536962890625 1 1 1 1 1 0.971630859375 1 1 0.857177734375 0.742919921875 0.714208984375 0.714208984375 0.9140625 0.885498046875 1 1 0.799560546875 0.69599609375 0.69599609375 0.729931640625 0.58232421875 0.134619140625 0.603955078125 0.517578125 0 0 0.3115234375 0.084765625 0.072314453125 0.171484375 0.113671875 0 0 0 0 0 0 0 0 0 0 0 0 0 0 0 0 0 0 0 0 0 0 0 0 0 0 0 0 0 0 0 0 0 0 0 0
0.2279296875 0 0 0 0.468017578125 1 1 0.8865234375 0.971630859375 0.80048828125 0.971630859375 0.69638671875 0.943017578125 1 0.857177734375 0.742919921875 0.971142578125 0.8578125 0.771923828125 0.743310546875 0.714208984375 0.764111328125 0.69599609375 0.69599609375 0.55361328125 0.537109375 0.69365234375 0.633056640625 0.603955078125 0.050048828125 0.506982421875 0.540771484375 0.5861328125 0.373876953125 0.113671875 0.199951171875 0.170947265625 0.084765625 0.1134765625 0 0 0 0 0 0 0 0 0 0 0 0 0 0 0 0 0 0 0 0 0 0 0 0 0 0 0 0 0 0 0 0
0 0 0 0 0 0 0.679248046875 0.69638671875 0.69638671875 0.69638671875 0.3630859375 0.345361328125 0.345361328125 0.679248046875 1 1 1 1 0.743310546875 0.714208984375 0.714208984375 0.714208984375 0.714208984375 0.753076171875 0.69599609375 0.55361328125 0.571484375 0.571484375 0.497802734375 0.1177734375 0.151953125 0.558984375 0.80029296875 0.524267578125 0.3572265625 0.407275390625 0.32861328125 0.112060546875 0.15947265625 0.113671875 0.170751953125 0 0 0 0 0 0 0 0 0 0 0 0 0 0 0 0 0 0 0 0 0 0 0 0 0 0 0 0 0 0
0 0 0 0 0 0.085791015625 0.17001953125 0.679248046875 0.4484375 0.466162109375 0.714208984375 0.679248046875 0.345361328125 0.45146484375 0.679248046875 0.8962890625 0.943017578125 1 0.972216796875 0.742919921875 0.714208984375 0.714208984375 0.714208984375 0.714208984375 0.69599609375 0.678759765625 0.69599609375 0.643505859375 0.55361328125 0.537109375 0.234912109375 0.234912109375 0.2025390625 0.2029296875 0.36728515625 0.066796875 0.095654296875 0 0.0560546875 0.228466796875 0.084765625 0 0 0 0 0 0 0 0 0 0 0 0 0 0 0 0 0 0 0 0 0 0 0 0 0 0 0 0 0 0
0 0 0 0 0.523876953125 0.82978515625 0.971630859375 1 1 1 1 0.743115234375 0.714208984375 0.69638671875 0.679248046875 0.6244140625 0.2150390625 0.679248046875 0.94384765625 1 1 0.714208984375 0.714208984375 0.714208984375 0.714208984375 0.764111328125 0.764111328125 0.642236328125 0.5890625 0.5890625 0.571484375 0.55361328125 0.55361328125 0.514306640625 0.44013671875 0 0 0 0 0 0.084765625 0.113134765625 0 0 0 0 0 0 0 0 0 0 0 0 0 0 0 0.200634765625 0.113134765625 0.086181640625 0.228466796875 0.1134765625 0.028271484375 0.056982421875 0.084765625 0 0 0 0.028271484375 0.084765625 0.0560546875
0.2279296875 0 0 0.2279296875 0.74306640625 0.971630859375 0.971630859375 0.971630859375 0.971630859375 0.971630859375 0.943017578125 0.91513671875 0.828955078125 0.77177734375 0.69638671875 0.679248046875 0.679248046875 0.73642578125 0.36484375 0.079248046875 0.971630859375 0.714208984375 0.714208984375 0.714208984375 0.714208984375 0.714208984375 0.752734375 0.69599609375 0.69599609375 0.69599609375 0.678759765625 0.678759765625 0.55361328125 0.55361328125 0.714208984375 0.280517578125 0 0 0 0 0.084765625 0.056982421875 0 0 0 0 0 0 0 0 0 0 0 0 0 0 0.084765625 0.057568359375 0.0560546875 0.084765625 0.084765625 0.1228515625 0.028271484375 0 0 0.028271484375 0.084765625 0.084765625 0.113671875 0.0560546875 0.028271484375
0.714208984375 0.714208984375 0.39736328125 0.5197265625 0.829345703125 0.7080078125 0.35751953125 0.412109375 0.471826171875 0.70693359375 0.70693359375 0.88564453125 0.971630859375 0.94384765625 0.971630859375 0.914990234375 0.971630859375 0.77177734375 0.857568359375 0.772021484375 0.195849609375 0.382568359375 0.857568359375 0.714208984375 0.714208984375 0.714208984375 0.714208984375 0.714208984375 0.78134765625 0.764111328125 0.65654296875 0.606787109375 0.535791015625 0.363671875 0.339306640625 0.29775390625 0.202294921875 0 0 0 0.0853515625 0 0 0 0 0 0 0 0 0 0 0 0 0 0 0.1423828125 0.14208984375 0.057568359375 0 0 0.061669921875 0.1072265625 0 0 0 0 0.31748046875 0 0 0 0
0.8291015625 0.972216796875 0.858251953125 0.501953125 0.80048828125 0.69638671875 0.393701171875 0.679150390625 0.643798828125 0.810546875 0.736474609375 0.8861328125 0.91513671875 0.971630859375 0.94384765625 1 0.94384765625 0.679248046875 0.73681640625 0.914990234375 0.896337890625 0.0986328125 0.1763671875 0.94384765625 0.714208984375 0.857275390625 0.72470703125 0.69599609375 0.724462890625 0.724462890625 0.764111328125 0.621142578125 0.501123046875 0.535791015625 0.743310546875 0.45439453125 0.226513671875 0 0 0 0 0 0 0 0 0 0 0 0 0 0 0 0 0.141845703125 0.084765625 0.14208984375 0.084765625 0 0 0 0.312353515625 0.312353515625 0 0.31142578125 0.3859375 0.283642578125 0.402587890625 0.2666015625 0.55859375 0.57548828125 0.283642578125
0.772216796875 0.772216796875 0.91455078125 0.679248046875 0.77138671875 0.828955078125 0.735791015625 0.735791015625 0.6609375 0.742919921875 0.714208984375 0.714208984375 0.742919921875 0.742919921875 0.714208984375 0.742919921875 0.800927734375 0.971630859375 0.36484375 0.474560546875 0.679248046875 0.66083984375 0 0.3939453125 0.80048828125 0.714208984375 0.915380859375 0.9140625 0.6896484375 0.7072265625 0.535791015625 0.535791015625 0.5642578125 0.535791015625 0.55361328125 0.680419921875 0.29775390625 0.091259765625 0 0 0 0 0 0 0 0 0 0 0 0 0 0 0.084765625 0.1138671875 0.1138671875 0.084765625 0.028271484375 0 0 0.437255859375 0.518505859375 0.34677734375 0.050048828125 0.20390625 0.5576171875 0.471923828125 0 0 0 0 0
0.828955078125 0.714208984375 0.714208984375 0.69638671875 0.743115234375 1 0.94384765625 0.679150390625 0.742919921875 0.69599609375 0.714208984375 0.714208984375 0.714208984375 0.714208984375 0.714208984375 0.678759765625 0.714208984375 0.94384765625 0.8853515625 0.72548828125 0.753271484375 0.73681640625 0 0 0.079248046875 0.707861328125 0.742919921875 0.91513671875 0.553369140625 0.643798828125 0.76455078125 0.692724609375 0.65654296875 0.5890625 0.743310546875 0.743310546875 0.40771484375 0.1689453125 0 0 0 0 0 0 0.0853515625 0 0 0 0 0 0 0.0560546875 0.1134765625 0.257421875 0 0.204541015625 0.21552734375 0.209423828125 0.20390625 0.433154296875 0.512158203125 0.117138671875 0 0 0 0 0 0 0 0 0
0.94384765625 0.857666015625 0.80048828125 0.857666015625 0.971630859375 1 0.94384765625 0.800439453125 0.678759765625 0.714208984375 0.714208984375 0.678759765625 0.714208984375 0.714208984375 0.714208984375 0.69599609375 0.69599609375 0.800634765625 0.94384765625 0.857666015625 0.971630859375 0.9427734375 0 0 0.039697265625 0.195849609375 0.708349609375 0.94384765625 0.971630859375 0.914990234375 0.887109375 0.887109375 0.743310546875 0.743310546875 0.64638671875 0.628515625 0.321728515625 0.280517578125 0 0 0 0 0 0 0 0.084765625 0.057080078125 0 0 0 0.0560546875 0.142578125 0.084765625 0 0.028271484375 0.3859375 0.535400390625 0.468798828125 0.512158203125 0.534228515625 0.17646484375 0 0 0 0 0 0 0 0 0 0
0.915234375 0.8865234375 0.743115234375 0.69638671875 0.8865234375 0.94384765625 0.8865234375 0.714208984375 0.714208984375 0.714208984375 0.69599609375 0.616845703125 0.724462890625 0.670703125 0.724462890625 0.69599609375 0.69599609375 0.800634765625 0.942919921875 0.94384765625 0.94384765625 0.971630859375 0.01748046875 0 0.019384765625 0.079248046875 0.246826171875 0.72548828125 0.7744140625 0.94384765625 0.80048828125 0.829541015625 0.88671875 0.720947265625 0.5439453125 0.43271484375 0.321728515625 0.339306640625 0.29775390625 0 0 0 0 0 0 0.057568359375 0.057568359375 0.057080078125 0.141845703125 0.027783203125 0.20009765625 0.162109375 0.05712890625 0 0.134326171875 0.1177734375 0.41552734375 0.512158203125 0.35712890625 0 0 0 0 0 0 0 0 0 0.086376953125 0 0.15283203125
0.915234375 0.942919921875 0.857666015625 0.36484375 0.94384765625 0.886376953125 0.91513671875 0.714208984375 0.714208984375 0.714208984375 0.638720703125 0.61044921875 0.724609375 0.724609375 0.774072265625 0.627978515625 0.5818359375 0.800634765625 0.800634765625 0.800830078125 0.971630859375 0.971630859375 0.186572265625 0 0 0.133447265625 0.079248046875 0.44677734375 0.94384765625 0.742919921875 0.69599609375 0.8578125 0.732568359375 0.8068359375 0.535791015625 0.484619140625 0.339453125 0.459423828125 0.321728515625 0 0 0 0 0 0 0 0 0.056982421875 0.084765625 0.199609375 0.084912109375 0.453759765625 0.592724609375 0.582861328125 0.468798828125 0.512158203125 0.534228515625 0.17646484375 0 0 0 0 0 0 0.119140625 0.511083984375 0.47861328125 0.489111328125 0.1318359375 0.028271484375 0.028271484375
0.80068359375 0.94384765625 0.91513671875 0.661669921875 0.94384765625 0.9427734375 0.91513671875 0.857666015625 0.714208984375 0.678759765625 0.752734375 0.69931640625 0.501123046875 0.5890625 0.724609375 0.724609375 0.764111328125 0.7998046875 0.885595703125 0.714208984375 0.714208984375 0.714208984375 0.94384765625 0 0 0 0 0.079248046875 0.91513671875 0.811669921875 0.714208984375 0.714208984375 0.72607421875 0.519287109375 0.535791015625 0.477734375 0.3033203125 0.35703125 0.40771484375 0.050048828125 0 0 0 0 0 0 0 0 0 0 0.453759765625 0.639599609375 0.554150390625 0.547802734375 0.418798828125 0.260009765625 0.0974609375 0 0 0 0 0 0.028857421875 0.506396484375 0.3859375 0.222509765625 0.0560546875 0.028271484375 0.028271484375 0.0287109375 0.085791015625
0.828955078125 0.94384765625 0.94384765625 0.36484375 0.88544921875 0.69638671875 0.8865234375 0.942919921875 0.625732421875 0.606689453125 0.735498046875 0.69599609375 0.61103515625 0.18515625 0.75341796875 0.8396484375 0.69599609375 0.971728515625 0.69599609375 0.714208984375 0.714208984375 0.714208984375 0.714208984375 0.9427734375 0 0 0 0 0.36484375 0.688720703125 0.764990234375 0.714208984375 0.800830078125 0.519287109375 0.535791015625 0.535791015625 0.339453125 0.267236328125 0.339453125 0.117138671875 0.033349609375 0 0 0 0 0 0 0 0 0.402587890625 0.685693359375 0.714794921875 0.47998046875 0.213623046875 0.15615234375 0 0 0 0 0 0 0 0.3859375 0.084912109375 0.25693359375 0.028271484375 0 0.0287109375 0.170947265625 0 0
0.8865234375 0.971630859375 0.679248046875 0.246826171875 0.590673828125 0.35751953125 0.679150390625 0.679150390625 0.625732421875 0.553369140625 0.5642578125 0.69599609375 0.75341796875 0.1365234375 0.55966796875 0.8677734375 1 0.69599609375 0.724462890625 0.724462890625 0.714208984375 0.714208984375 0.714208984375 0.829345703125 0.17001953125 0 0 0 0.019384765625 0.753271484375 0.831787109375 0.714208984375 0.714208984375 0.800830078125 0.432177734375 0.510595703125 0.538720703125 0.339453125 0.743310546875 0.17646484375 0.096826171875 0 0 0 0 0 0 0 0 0.639599609375 0.611328125 0.384521484375 0.17646484375 0.0974609375 0 0 0 0.117138671875 0 0 0 0 0.028271484375 0.113623046875 0.199560546875 0 0 0 0 0 0
0.914306640625 0.914990234375 0.1763671875 0.60849609375 0.9140625 0.57041015625 0.679150390625 0.679150390625 0.64287109375 0.5716796875 0.555126953125 0.707373046875 0.75341796875 0.77890625 0.096826171875 0.68037109375 0.761669921875 0.810888671875 0.69599609375 0.69599609375 0.714208984375 0.714208984375 0.714208984375 0.714208984375 0.9439453125 0.1357421875 0 0 0 0.1375 0.91513671875 0.800634765625 0.678759765625 0.553369140625 0.356884765625 0.24189453125 0.608154296875 0.658447265625 0.88525390625 0.535791015625 0.137060546875 0.096826171875 0 0 0 0 0 0 0 0.714794921875 0.514306640625 0.247021484375 0.195849609375 0 0 0 0.341259765625 0.35234375 0.50693359375 0 0.028271484375 0 0.0560546875 0.084765625 0.141845703125 0 0 0 0 0 0
0.82939453125 0.53349609375 0.195849609375 0.828076171875 0.856982421875 0.971630859375 0.714208984375 0.64287109375 0.5716796875 0.5716796875 0.5716796875 0.5716796875 0.657763671875 0.81376953125 0.6625 0 0.175390625 0.7111328125 0.69599609375 0.724609375 0.714208984375 0.714208984375 0.714208984375 0.714208984375 0.77177734375 0.8865234375 0.15244140625 0 0 0.019384765625 0.971630859375 0.800634765625 0.8291015625 0.535791015625 0.195849609375 0.195849609375 0.4033203125 0.55615234375 0.91396484375 0.856640625 0.212548828125 0.137060546875 0.096826171875 0 0 0 0 0 0.3234375 0.569970703125 0.571484375 0.3677734375 0 0 0.227099609375 0.57568359375 0.41943359375 0.237744140625 0.05712890625 0 0.142529296875 0.084521484375 0.170947265625 0.141845703125 0 0 0 0 0 0 0
0.82919921875 0.039697265625 0.382568359375 0.856787109375 0.91416015625 0.942919921875 0.678759765625 0.5716796875 0.553369140625 0.5716796875 0.555126953125 0.520947265625 0.5828125 0.68037109375 0.68037109375 0 0.142236328125 0.52265625 0.747900390625 0.69599609375 0.69599609375 0.752734375 0.714208984375 0.714208984375 0.77177734375 0.8865234375 0.8865234375 0 0 0 0.91513671875 0.886279296875 0.714208984375 0.678759765625 0.195849609375 0.195849609375 0.195849609375 0.41376953125 0.385302734375 0.484619140625 0.077880859375 0 0.116748046875 0.096826171875 0 0 0 0.514306640625 0.55361328125 0.571484375 0.55361328125 0.195849609375 0 0.213623046875 0.603955078125 0.151953125 0 0 0 0 0.22802734375 0.084765625 0.113134765625 0 0 0 0 0 0 0 0
0.2703125 0.229345703125 0.661669921875 0.971630859375 0.88544921875 0.914306640625 0.678759765625 0.5716796875 0.5716796875 0.384521484375 0.401025390625 0.504248046875 0.566259765625 0.716015625 0.716015625 0 0 0.6625 0.593212890625 0.635498046875 0.61767578125 0.724609375 0.714208984375 0.714208984375 0.714208984375 0.714208984375 0.829345703125 0.662646484375 0 0 0.258447265625 0.714208984375 0.714208984375 0.714208984375 0.714208984375 0.743310546875 0.29970703125 0.195849609375 0.378857421875 0.535791015625 0.213671875 0.096826171875 0 0 0.133837890625 0.096826171875 0 0.571484375 0.55361328125 0.55361328125 0.1177734375 0 0 0.535791015625 0.3701171875 0 0 0 0.084521484375 0.084765625 0.170947265625 0.0287109375 0 0 0 0 0 0 0 0 0
0.373828125 0.195849609375 0.60908203125 0.88544921875 0.8865234375 0.69638671875 0.69599609375 0.5716796875 0.5716796875 0.41767578125 0.41767578125 0.470654296875 0.487353515625 0.76181640625 0.733740234375 0 0.21953125 0.68037109375 0.651171875 0.566259765625 0.571484375 0.724609375 0.7712890625 0.714208984375 0.714208984375 0.714208984375 0.714208984375 0.915576171875 0.64609375 0.028857421875 0.11416015625 0.72939453125 0.742919921875 0.742919921875 0.743115234375 0.800634765625 0.829541015625 0.732275390625 0.72626953125 0.535791015625 0.2626953125 0.213671875 0.096826171875 0 0.117138671875 0.1365234375 0.1365234375 0.55361328125 0.484619140625 0.247021484375 0 0 0.195849609375 0.3701171875 0.050048828125 0 0 0 0.057568359375 0.113134765625 0.0287109375 0 0 0 0 0 0 0 0 0 -9999
0.78974609375 0.8044921875 0.40087890625 0.942919921875 0.829345703125 0.6609375 0.660107421875 0.555126953125 0.4705078125 0.401025390625 0.41767578125 0.46904296875 0.39853515625 0.493017578125 0.714794921875 0 0.050048828125 0.599462890625 0.418017578125 0.668994140625 0.593212890625 0.7255859375 0.69599609375 0.724462890625 0.69599609375 0.69599609375 0.714208984375 0.714208984375 0.828857421875 0.085791015625 0 0.11455078125 0.77109375 0.8865234375 0.914990234375 0.714208984375 0.800634765625 0.8564453125 0.971142578125 0.5642578125 0.21005859375 0.136865234375 0.195849609375 0.137158203125 0 0 0.204931640625 0.487353515625 0.247021484375 0 0 0 0.195849609375 0 0 0 0.113623046875 0 0 0.200634765625 0 0 0 0 0 0 0 0 0 0 -9999
0.647607421875 0.67587890625 0.703662109375 0.6732421875 0.64287109375 0.678759765625 0.6080078125 0.401025390625 0.247021484375 0.298779296875 0.3677734375 0.4857421875 0.63564453125 0.60615234375 0.615234375 0 0.01669921875 0.107666015625 0.34169921875 0 0.633251953125 0.5890625 0.656640625 0.79248046875 0.735498046875 0.678759765625 0.714208984375 0.714208984375 0.742919921875 0.33994140625 0.11455078125 0.11416015625 0.17236328125 0.4298828125 0.94384765625 0.743310546875 0.714208984375 0.800732421875 0.88515625 0.752734375 0.432177734375 0.313525390625 0.24609375 0.28544921875 0.078125 0 0.056982421875 0.401025390625 0 0.1564453125 0 0.0974609375 0.0775390625 0 0 0 0.113623046875 0.084521484375 0 0 0 0 0 0 0 -9999 -9999 -9999 0 0 0
0.589892578125 0.6857421875 0.64013671875 0.66201171875 0.6609375 0.606689453125 0.555126953125 0.401025390625 0.23017578125 0.213623046875 0.213623046875 0.284765625 0.191357421875 0.091748046875 0.23779296875 0 0.0177734375 0.439013671875 0.29970703125 0.79375 0.724609375 0.707373046875 0.78134765625 0.7072265625 0.5716796875 0.64287109375 0.64287109375 0.771923828125 0.742919921875 0.742919921875 0.2259765625 0.186572265625 0.01748046875 0 0 0.91416015625 0.743310546875 0.82890625 0.886083984375 0.724462890625 0.535791015625 0.432177734375 0.484619140625 0.364697265625 0.213671875 0.019287109375 0.116748046875 0.435986328125 0.213671875 0.137060546875 0 0.1361328125 0.117138671875 0 0.01669921875 0 0 0 0.0287109375 0 0 0 0 -9999 -9999 -9999 -9999 -9999 0 0 0
0.6205078125 0.42568359375 0.4951171875 0.69697265625 0.6609375 0.5642578125 0.156005859375 0.401025390625 0.315673828125 0.213623046875 0.23046875 0.037353515625 0 0 0.0287109375 0 0.55615234375 1 0.722509765625 0.672119140625 0.6076171875 0.5716796875 0.625732421875 0.5716796875 0.5716796875 0.6609375 0.886279296875 0.4189453125 0.625732421875 0.714208984375 0.914306640625 0.742919921875 0.8865234375 0.9427734375 0.068896484375 0 0.810888671875 0.971630859375 0.8578125 0.714208984375 0.7072265625 0.535791015625 0.27939453125 0.5642578125 0.195849609375 0.15654296875 0.535791015625 0.555126953125 0.195849609375 0 0.195849609375 0.116748046875 0.1564453125 0 0 0 0 0 0 0 0 0 -9999 -9999 -9999 -9999 -9999 -9999 0 0 0
0.5716796875 0.589892578125 0.589892578125 0.589892578125 0.652880859375 0.553369140625 0.3677734375 0.38427734375 0.247021484375 0.298779296875 0.090283203125 0.034619140625 0 0 0 0 0.575537109375 1 0.686376953125 0.635400390625 0.66064453125 0.5716796875 0.5716796875 0.5716796875 0.589892578125 0.5716796875 0.195849609375 0.2046875 0.69638671875 0.714208984375 0.714208984375 0.714208984375 0.714208984375 0.971630859375 0.914306640625 0.085791015625 0 0.2802734375 0.942919921875 0.8576171875 0.714208984375 0.610107421875 0.484619140625 0.59287109375 0.274560546875 0 0.667333984375 0.59287109375 0.195849609375 0 0 0.195849609375 0.195849609375 0 0 0 0 0 0 0 0 0 0 0 0 0 0 0 0 0 0
