data-raw/DATASET_PNE_1/DATASET_PNE/a_DATA/PFGS/ENVSUIT_A1B/HS_f15_C2_VaccUli.asc
NCOLS 619 
NROWS 782 
XLLCORNER 876826 
YLLCORNER 1947424 
CELLSIZE 100 
NODATA_value -9999 
[rows 145 to 173 of 782, columns 256 to 319 of 619]
0.834370732307434 0.877410054206848 0.815591305494308 0.555594369769096 0.486412614583969 0.701700329780579 0.744800359010696 0.755457729101181 0.734795808792114 0.744633376598358 0.714391976594925 0.80475178360939 0.753711879253387 0.805025070905685 0.804114162921906 0.854410201311111 0.915712773799896 0.916593313217163 0.832837402820587 0.916593283414841 0.937285542488098 0.894170314073563 0.925732523202896 0.894170314073563 0.864308476448059 0.846090763807297 0.798314869403839 0.765204191207886 0.795096397399902 0.846090763807297 0.847791105508804 0.433399118483067 0.324320618063211 0.397434338927269 0.010611810721457 0.0108395321294665 0.0108395321294665 0.0321390628814697 0.454197660088539 0.499073922634125 0.593760430812836 0.64590859413147 0.720419019460678 0.835251241922379 0.842265039682388 0.852892071008682 0.727478384971619 0.80746927857399 0.818460583686829 0.829239398241043 0.946348875761032 0.978518307209015 0.924791276454926 0.796978890895844 0.818460583686829 0.799195379018784 0.946394413709641 0.957097321748734 0.881888568401337 0.946485489606857 0.925003796815872 0.978518307209015 0.828009724617004 0.892545908689499
0.914027631282806 0.924867153167725 0.862911820411682 0.812934577465057 0.732989221811295 0.793502360582352 0.862911820411682 0.812934577465057 0.805025070905685 0.793502360582352 0.793502360582352 0.843585848808289 0.852922439575195 0.883467435836792 0.893487185239792 0.935478985309601 0.924669802188873 0.946227431297302 0.956930309534073 0.903157740831375 0.946227431297302 0.903157740831375 0.903157740831375 0.881645679473877 0.818976789712906 0.927296191453934 0.824457257986069 0.677501142024994 0.799924105405807 0.841065734624863 0.856641858816147 0.712494313716888 0.766251713037491 0.778518289327621 0.417124643921852 0.285592831671238 0.0635190531611443 0.383922889828682 0.670350700616837 0.713359653949738 0.777941405773163 0.743661761283875 0.843692123889923 0.851389110088348 0.829239398241043 0.818460583686829 0.819219648838043 0.829239398241043 0.893836349248886 0.903430998325348 0.957082122564316 0.946257799863815 0.946272939443588 0.978518307209015 0.978518307209015 0.893502354621887 0.925003796815872 0.892424464225769 0.838834077119827 0.806725382804871 0.903597980737686 0.925049334764481 0.796052843332291 0.903324753046036
0.849628061056137 0.94634884595871 0.946181863546371 0.903233647346497 0.871140152215958 0.892621845006943 0.903233647346497 0.883467435836792 0.742933064699173 0.751920461654663 0.811522722244263 0.924730539321899 0.892621845006943 0.871109783649445 0.817473828792572 0.946318507194519 0.967709124088287 0.860194325447083 0.935433447360992 0.925003796815872 0.967709124088287 0.989175647497177 0.924563527107239 0.97836646437645 0.967709124088287 0.957036584615707 0.89413994550705 0.861849099397659 0.903233617544174 0.786883264780045 0.913997292518616 0.894974946975708 0.856565952301025 0.836040675640106 0.602292388677597 0.724229544401169 0.683588892221451 0.68469712138176 0.753666341304779 0.781645655632019 0.742143630981445 0.826157569885254 0.947290122509003 0.860619395971298 0.861545473337173 0.872263550758362 0.903339892625809 0.957021415233612 0.892409294843674 0.871124923229218 0.946136325597763 0.957097321748734 0.892500370740891 0.860148787498474 0.978518307209015 0.860437214374542 0.946318507194519 0.785243690013885 0.849567353725433 0.903430998325348 0.957082122564316 0.903400629758835 0.903279185295105 0.935539692640305
0.87100350856781 0.924472451210022 0.925003796815872 0.92500376701355 0.914194613695145 0.97836646437645 0.817215740680695 0.841354191303253 0.841445297002792 0.772673457860947 0.819295585155487 0.914194613695145 0.92500376701355 0.785243690013885 0.871064215898514 0.9677394926548 0.967587679624557 0.91393655538559 0.946181863546371 0.97853347659111 0.956748127937317 0.989175647497177 0.989175647497177 0.978396832942963 0.9677394926548 0.92500376701355 0.914300888776779 0.957036584615707 0.946197062730789 0.807894349098206 0.935418248176575 0.914300888776779 0.924806445837021 0.895961731672287 0.743768036365509 0.694625794887543 0.70361316204071 0.713450729846954 0.667876124382019 0.771504491567612 0.746940970420837 0.787126153707504 0.796978890895844 0.892667382955551 0.924882352352142 0.892545908689499 0.914057999849319 0.838667094707489 0.892500370740891 0.914270520210266 0.946364045143127 0.935752242803574 0.914103537797928 0.892333388328552 0.978396832942963 0.860315769910812 0.881888568401337 0.88179749250412 0.88179749250412 0.892621845006943 0.89259147644043 0.903430998325348 0.89259147644043 0.88179749250412
0.91393655538559 0.91393655538559 0.946181863546371 1 0.978396832942963 0.914194613695145 0.806831657886505 0.817321985960007 0.83065128326416 0.831364810466766 0.786154568195343 0.967709124088287 0.978518307209015 0.892454832792282 0.935342341661453 0.956960678100586 0.956960678100586 0.914103537797928 0.967709124088287 0.967709124088287 0.914103537797928 0.967709124088287 0.925003796815872 0.925003796815872 0.914103537797928 0.978396832942963 0.967709124088287 0.924760907888412 0.956960678100586 0.892652183771133 0.9677394926548 0.935812950134277 0.946318507194519 0.935509353876114 0.824335813522339 0.639183223247528 0.648109912872314 0.772385001182556 0.842082887887955 0.946227431297302 0.967815399169922 0.881903737783432 0.946212232112885 0.892409294843674 0.903112202882767 0.892500370740891 0.924973428249359 0.957082122564316 0.914027631282806 0.903279185295105 0.913936525583267 0.88179749250412 0.903279185295105 0.935752242803574 0.924745708703995 0.935524523258209 0.957082122564316 0.925049334764481 0.892621845006943 0.88179749250412 0.892621845006943 0.903415828943253 0.914164274930954 0.903415828943253
0.892621845006943 0.892621845006943 0.892621845006943 0.892621845006943 0.91393655538559 1 0.967709124088287 0.806695014238358 0.796903014183044 0.807727366685867 0.83898589015007 0.903339892625809 0.913860619068146 0.91393655538559 0.956960678100586 0.957097321748734 0.978518307209015 0.957127690315247 0.94651585817337 0.946348875761032 0.92476087808609 0.925003796815872 0.925003796815872 0.967906475067139 0.957097321748734 0.946181863546371 0.935357540845871 0.871094584465027 0.96757248044014 0.91393655538559 0.946257799863815 0.989175647497177 0.9677394926548 0.914300888776779 0.927220284938812 0.657704576849937 0.689114928245544 0.717473804950714 0.79744952917099 0.795946568250656 0.924700140953064 0.957158029079437 0.946379214525223 0.935357511043549 0.935691505670547 0.924927890300751 0.913936525583267 0.924958258867264 0.903430998325348 0.89259147644043 0.88179749250412 0.88179749250412 0.903430998325348 0.88179749250412 0.914103537797928 0.914103537797928 0.914118707180023 0.88179749250412 0.88179749250412 0.892621845006943 0.914164274930954 0.989175647497177 0.967648386955261 0.9677394926548
0.892621845006943 0.892621845006943 0.892621845006943 0.892621845006943 0.892621845006943 0.892621845006943 0.946257770061493 0.914194643497467 0.775497198104858 0.775497198104858 0.978518307209015 0.935296803712845 0.967709124088287 0.914103537797928 0.957127690315247 0.914255350828171 0.914164274930954 0.925003796815872 0.914164274930954 0.914255350828171 0.892621845006943 0.903415828943253 0.903415828943253 0.903430998325348 0.946485489606857 0.914103537797928 0.924882352352142 0.91393655538559 0.935570061206818 0.914103537797928 0.957097321748734 0.91393655538559 0.925003796815872 0.925003796815872 0.924684971570969 0.788325488567352 0.767010778188705 0.766297280788422 0.775497198104858 0.840033382177353 0.946212232112885 0.817367553710938 0.892621845006943 0.914103537797928 0.914103537797928 0.914088368415833 0.892621845006943 0.903415828943253 0.935706704854965 0.924730539321899 0.913982093334198 0.892621845006943 0.892621845006943 0.88179749250412 0.892454832792282 0.914133906364441 0.838773369789124 0.817428290843964 0.860163986682892 0.935524523258209 0.978396832942963 0.978336125612259 0.956930309534073 0.967724293470383
0.903430998325348 0.903430998325348 0.892621845006943 0.892621845006943 0.892621845006943 0.892621845006943 0.881706386804581 0.838788509368896 0.828115969896317 0.80680125951767 0.903157740831375 0.925003796815872 0.957097321748734 0.925003796815872 0.935570061206818 0.9677394926548 0.9677394926548 0.978396832942963 0.9677394926548 0.9677394926548 0.9677394926548 0.924791246652603 0.957127690315247 0.903415828943253 0.978563845157623 0.967906475067139 0.914209812879562 0.989175647497177 0.978563845157623 0.92476087808609 0.957097321748734 0.903324723243713 0.946379214525223 0.978518307209015 0.850948840379715 0.78624564409256 0.775497198104858 0.775497198104858 0.796948552131653 0.829087615013123 0.9032943546772 0.870836496353149 0.892621845006943 0.903430998325348 0.88179749250412 0.892621845006943 0.924882352352142 0.989175647497177 0.989175647497177 0.989175647497177 0.989175647497177 0.956945508718491 0.892621845006943 0.892621845006943 0.88179749250412 0.88179749250412 0.870988339185715 0.860163986682892 0.924684971570969 0.989175647497177 0.989175647497177 0.978336125612259 1 0.967724293470383
0.914270520210266 0.903430998325348 0.892621845006943 0.892621845006943 0.892621845006943 0.892621845006943 0.91384544968605 0.978427201509476 0.881812661886215 0.870821326971054 0.935403048992157 0.967906475067139 0.967648386955261 0.925003796815872 0.989175647497177 0.989175647497177 0.989175647497177 0.989175647497177 0.989175647497177 0.989175647497177 0.989175647497177 0.989175647497177 0.989175647497177 0.957127690315247 0.924912720918655 0.914255350828171 0.903430998325348 0.903279185295105 0.914255350828171 0.903415828943253 0.903279185295105 0.967709124088287 0.914224982261658 0.925003796815872 0.839198410511017 0.849688768386841 0.806755721569061 0.806755721569061 0.871049046516418 0.827979356050491 0.956763327121735 0.914103537797928 0.914103537797928 0.903430998325348 0.88179749250412 0.913982093334198 0.989175647497177 0.989175647497177 0.989175647497177 0.989175647497177 0.989175647497177 0.989175647497177 0.956945508718491 0.881706386804581 0.870957970619202 0.860163986682892 0.903324723243713 0.946318507194519 0.989175647497177 0.989175647497177 0.978336125612259 0.989175647497177 1 0.989175647497177
0.914027631282806 0.892621845006943 0.892621845006943 0.892621845006943 0.892621845006943 0.892621845006943 0.903233647346497 0.903233647346497 0.892621845006943 0.892363756895065 0.914270520210266 0.914270520210266 0.935539692640305 0.956991046667099 0.989175647497177 0.989175647497177 0.989175647497177 1 1 0.978336125612259 0.989175647497177 0.989175647497177 0.989175647497177 0.989175647497177 0.914255350828171 0.892621845006943 0.892621845006943 0.892621845006943 0.924958258867264 0.935539692640305 0.892621845006943 0.914255350828171 0.925003796815872 0.956930309534073 0.860270231962204 0.871109753847122 0.914042800664902 0.827979356050491 0.806558400392532 0.903430998325348 0.935706704854965 0.935706704854965 0.903430998325348 0.892621845006943 0.892621845006943 0.956945508718491 0.989175647497177 0.989175647497177 0.956930309534073 0.967724293470383 0.989175647497177 0.989175647497177 0.989175647497177 0.989175647497177 0.967709124088287 0.956930309534073 0.978366494178772 0.989175647497177 0.989175647497177 0.967724293470383 0.989175647497177 1 1 1
0.967769861221313 0.903461366891861 0.892621845006943 0.903430998325348 0.892621845006943 0.892621845006943 0.892621845006943 0.903233647346497 0.892621845006943 0.892621845006943 0.892621845006943 0.892621845006943 0.924927890300751 0.9677394926548 0.989175647497177 0.989175647497177 0.989175647497177 1 1 1 1 0.989175647497177 0.989175647497177 0.989175647497177 0.9677394926548 0.9677394926548 0.9677394926548 0.989175647497177 0.978396832942963 0.989175647497177 0.956945508718491 0.914255350828171 0.925003796815872 0.935706704854965 0.903430998325348 0.838682264089584 0.903233647346497 0.903233647346497 0.892621845006943 0.946364045143127 0.92476087808609 0.903430998325348 0.892621845006943 0.903324723243713 0.946318507194519 0.978396832942963 0.989175647497177 0.989175647497177 0.989175647497177 0.989175647497177 0.989175647497177 0.978336125612259 0.989175647497177 1 1 0.989175647497177 0.967724293470383 0.989175647497177 0.967724293470383 0.989175647497177 0.978472739458084 1 1 1
0.989175647497177 0.935524523258209 0.903430998325348 0.903430998325348 0.892621845006943 0.892621845006943 0.892621845006943 0.892621845006943 0.892621845006943 0.892621845006943 0.892621845006943 0.892621845006943 0.903430998325348 0.978396832942963 0.989175647497177 0.989175647497177 0.978336125612259 1 1 1 1 1 0.989175647497177 0.989175647497177 0.989175647497177 0.978396832942963 0.989175647497177 0.989175647497177 0.989175647497177 0.989175647497177 0.989175647497177 0.9677394926548 0.914255350828171 0.924958258867264 0.935585230588913 0.892621845006943 0.892621845006943 0.892621845006943 0.892621845006943 0.935706704854965 0.892621845006943 0.892621845006943 0.935721874237061 0.9677394926548 0.989175647497177 0.989175647497177 0.989175647497177 0.989175647497177 1 1 0.989175647497177 0.978336125612259 0.967724293470383 0.967587679624557 0.967542141675949 0.978336125612259 0.989175647497177 0.956930309534073 0.989175647497177 0.978472739458084 1 1 1 1
0.978381663560867 0.946333676576614 0.903430998325348 0.903430998325348 0.892621845006943 0.892621845006943 0.892621845006943 0.892621845006943 0.892621845006943 0.925049334764481 0.914270520210266 0.924927890300751 0.924821615219116 0.989175647497177 0.989175647497177 0.989175647497177 1 1 1 1 1 1 1 1 0.989175647497177 0.989175647497177 0.989175647497177 0.989175647497177 0.989175647497177 0.989175647497177 0.989175647497177 0.967602849006653 0.903279185295105 0.946424782276154 0.903430998325348 0.892621845006943 0.892621845006943 0.892621845006943 0.892621845006943 0.914270520210266 0.892621845006943 0.924776077270508 0.978396832942963 0.989175647497177 0.989175647497177 0.989175647497177 0.989175647497177 1 1 1 1 0.989175647497177 0.978336125612259 0.967724293470383 0.967724293470383 0.989175647497177 0.989175647497177 0.989175647497177 1 1 -9999 -9999 1 1
0.989175647497177 0.9677394926548 0.892621845006943 0.903430998325348 0.892621845006943 0.892621845006943 0.892621845006943 0.892621845006943 0.914270520210266 0.924927890300751 0.903430998325348 0.924882352352142 1 0.989175647497177 0.989175647497177 0.989175647497177 1 1 1 1 1 1 1 1 0.989175647497177 0.989175647497177 0.989175647497177 0.989175647497177 1 0.989175647497177 0.989175647497177 0.978396832942963 0.903279185295105 0.903430998325348 0.892621845006943 0.903430998325348 0.892621845006943 0.892621845006943 0.892621845006943 0.892621845006943 0.903324723243713 0.978396832942963 0.989175647497177 0.978336125612259 0.989175647497177 0.989175647497177 1 1 1 1 1 1 0.989175647497177 0.989175647497177 0.989175647497177 1 1 1 1 1 -9999 -9999 -9999 1
1 0.989175647497177 0.956991046667099 0.892621845006943 0.892621845006943 0.892621845006943 0.892621845006943 0.892621845006943 0.903430998325348 0.914270520210266 0.914042800664902 0.989175647497177 1 1 0.989175647497177 0.989175647497177 1 1 1 1 1 1 1 1 1 0.989175647497177 1 1 1 0.989175647497177 0.989175647497177 0.978396832942963 0.903430998325348 0.892621845006943 0.892621845006943 0.892621845006943 0.892621845006943 0.88179749250412 0.892621845006943 0.903461366891861 0.978396832942963 0.978396832942963 0.967724293470383 0.978336125612259 0.989175647497177 0.989175647497177 1 1 1 1 1 1 1 1 1 1 1 1 -9999 -9999 -9999 -9999 -9999 -9999
1 1 0.989175647497177 0.978396832942963 0.903430998325348 0.892621845006943 0.892621845006943 0.903430998325348 0.903430998325348 0.903430998325348 0.989175647497177 0.989221185445786 1 0.989175647497177 0.989175647497177 0.989175647497177 1 1 1 1 1 0.967709124088287 1 1 1 1 1 1 1 0.989175647497177 0.989175647497177 0.989175647497177 0.989175647497177 0.956975847482681 0.892621845006943 0.892621845006943 0.892621845006943 0.892621845006943 0.892621845006943 0.978396832942963 0.989175647497177 0.967724293470383 0.989175647497177 0.989175647497177 1 1 1 1 1 1 1 1 1 1 -9999 1 1 1 1 -9999 -9999 -9999 -9999 -9999
1 1 1 1 0.989175647497177 0.903430998325348 0.892621845006943 0.892621845006943 0.903430998325348 0.978396832942963 1 1 1 0.989175647497177 0.978336125612259 1 1 1 0.989251554012299 1 1 1 1 1 0.967709124088287 1 1 1 1 0.989175647497177 0.989175647497177 1 1 1 0.989175647497177 0.946090787649155 0.956975847482681 0.957097321748734 0.957097321748734 0.989175647497177 0.967724293470383 0.967724293470383 0.989175647497177 1 1 1 1 1 1 1 1 1 1 1 -9999 -9999 1 1 1 1 -9999 -9999 -9999 -9999
1 1 1 1 1 0.978396832942963 0.924700170755386 0.892621845006943 0.903430998325348 0.989175647497177 1 1 0.989175647497177 0.989175647497177 1 1 1 1 1 1 1 1 1 1 1 1 1 1 1 0.989175647497177 0.989175647497177 0.989175647497177 0.989175647497177 1 1 0.956930309534073 0.978366494178772 1 0.989175647497177 0.978336125612259 0.967724293470383 0.989175647497177 1 1 1 1 1 1 1 1 1 1 -9999 -9999 -9999 -9999 -9999 1 1 -9999 -9999 -9999 -9999 -9999
0.978396832942963 0.989175647497177 1 0.989342629909515 1 1 0.989175647497177 0.989175647497177 0.967602849006653 1 1 1 0.989175647497177 0.978336125612259 1 1 1 1 1 1 1 1 1 1 1 1 1 1 1 1 0.989175647497177 0.978336125612259 0.967648386955261 0.989175647497177 1 1 0.978366494178772 0.989175647497177 0.989175647497177 0.989175647497177 0.989175647497177 1 1 1 1 1 1 1 1 1 1 -9999 -9999 -9999 -9999 -9999 -9999 -9999 -9999 -9999 -9999 -9999 -9999 -9999
0.892621845006943 0.956854403018951 0.989175647497177 1 1 1 1 1 1 1 1 1 1 1 1 1 1 1 1 1 1 1 1 1 1 1 1 1 1 1 1 0.989175647497177 0.989175647497177 0.967724293470383 0.978336125612259 0.989175647497177 0.989175647497177 0.989175647497177 0.989175647497177 0.989175647497177 1 1 1 1 1 1 1 1 1 1 1 -9999 -9999 -9999 -9999 -9999 -9999 -9999 -9999 -9999 -9999 -9999 -9999 -9999
0.892621845006943 0.892621845006943 0.989175647497177 0.989175647497177 1 0.989342629909515 1 1 1 1 1 1 0.989175647497177 0.989175647497177 1 1 1 1 1 1 1 1 1 1 1 1 1 1 1 1 1 0.989175647497177 0.989175647497177 0.967542141675949 1 0.967542141675949 0.989175647497177 0.989175647497177 0.989175647497177 1 1 1 1 1 -9999 1 1 1 1 1 -9999 -9999 -9999 -9999 -9999 -9999 -9999 -9999 -9999 -9999 -9999 -9999 -9999 -9999
0.903415828943253 0.892621845006943 0.946151524782181 0.989175647497177 1 1 1 0.989175647497177 1 0.989175647497177 0.989175647497177 0.989175647497177 0.989175647497177 1 1 1 1 1 1 1 1 1 1 1 1 1 1 1 1 1 1 1 0.989175647497177 1 1 1 1 1 -9999 1 1 -9999 1 1 1 -9999 1 1 1 1 -9999 -9999 -9999 -9999 -9999 -9999 -9999 -9999 -9999 -9999 -9999 -9999 -9999 -9999
0.903415828943253 0.892621845006943 0.892621845006943 0.989175647497177 0.989175647497177 1 1 1 0.989175647497177 0.989175647497177 0.989175647497177 0.989175647497177 1 1 1 1 1 1 1 1 1 1 1 1 1 1 1 1 1 1 1 1 1 1 1 1 1 1 -9999 1 -9999 -9999 1 1 1 -9999 1 1 1 -9999 -9999 -9999 -9999 -9999 -9999 -9999 -9999 -9999 -9999 -9999 -9999 -9999 -9999 -9999
0.914118707180023 0.935387879610062 0.892621845006943 0.892621845006943 0.989175647497177 1 1 0.989175647497177 0.989175647497177 0.989175647497177 1 1 1 1 1 1 1 1 1 1 1 1 1 1 1 1 1 1 1 1 1 1 1 1 1 1 1 1 -9999 1 -9999 -9999 -9999 1 1 -9999 1 1 1 1 -9999 -9999 -9999 -9999 -9999 -9999 -9999 -9999 -9999 -9999 -9999 -9999 -9999 -9999
0.892621845006943 0.892621845006943 0.924730539321899 0.903415828943253 0.892621845006943 1 1 0.989175647497177 0.989175647497177 1 1 1 1 1 1 1 1 1 1 1 1 1 1 1 1 1 1 1 1 1 1 1 -9999 1 1 1 1 1 1 1 -9999 -9999 -9999 -9999 -9999 -9999 -9999 1 1 1 -9999 -9999 -9999 -9999 -9999 -9999 -9999 -9999 -9999 -9999 -9999 -9999 -9999 -9999
0.892621845006943 0.892621845006943 0.892621845006943 0.892621845006943 0.892621845006943 1 1 0.989175647497177 0.989175647497177 1 1 1 1 1 1 1 1 1 1 1 1 1 1 1 1 1 1 1 -9999 1 1 1 -9999 1 1 1 1 1 -9999 -9999 -9999 -9999 -9999 1 1 -9999 1 -9999 1 -9999 -9999 -9999 -9999 -9999 -9999 -9999 -9999 -9999 -9999 -9999 -9999 -9999 -9999 -9999
1 0.914240181446075 0.903370261192322 0.903370261192322 1 1 1 0.989175647497177 0.989175647497177 1 1 1 1 1 1 1 1 1 1 1 1 1 1 1 1 1 1 1 -9999 1 -9999 -9999 1 1 1 1 1 1 -9999 -9999 -9999 -9999 -9999 1 1 -9999 1 -9999 1 -9999 -9999 -9999 -9999 -9999 -9999 -9999 -9999 -9999 -9999 -9999 -9999 -9999 -9999 -9999
1 1 1 1 0.978730827569962 1 1 1 0.978336125612259 0.989175647497177 0.989175647497177 1 1 1 1 1 1 1 1 1 1 1 1 1 1 1 1 -9999 -9999 -9999 -9999 -9999 1 1 -9999 1 1 1 -9999 -9999 -9999 -9999 -9999 -9999 1 -9999 -9999 -9999 -9999 -9999 -9999 -9999 -9999 -9999 -9999 -9999 -9999 -9999 -9999 -9999 -9999 -9999 -9999 -9999
1 1 0.989342629909515 0.989342629909515 1 0.978730827569962 1 1 0.989175647497177 0.989175647497177 0.989175647497177 1 1 1 1 1 1 1 1 1 1 1 1 1 1 1 1 -9999 -9999 -9999 -9999 -9999 -9999 1 -9999 1 1 -9999 -9999 -9999 -9999 -9999 -9999 -9999 1 -9999 -9999 -9999 -9999 -9999 -9999 -9999 -9999 -9999 -9999 -9999 -9999 -9999 -9999 -9999 -9999 -9999 -9999 -9999
